mature.neutrophil	CD14.pos.CD16.neg.classical.monocyte	macrophage	memory.CD4.pos.AB.T.cell	cytotoxic.CD56.dim.NK.cell
V1	0.26576	0.21761	0.21934	0.18229	0.115
V2	0.05388	0.69001	0.0806	0.12834	0.04718
V3	0.05724	0.15965	0.3473	0.40276	0.03306
V4	0.01814	0.12765	0.21281	0.1087	0.53271
V5	0.02338	0.08039	0.07	0.15723	0.66901
V6	0.26852	0.1478	0.23064	0.25531	0.09772
V7	0.01369	0.17819	0.35205	0.11887	0.33721
V8	0.01574	0.24059	0.61618	0.1102	0.01729
V9	0.05122	0.11202	0.21887	0.58372	0.03417
V10	0.35999	0.19376	0.35339	0.05923	0.03363
V11	0.03917	0.10531	0.10629	0.12354	0.62569
V12	0.0733	0.11925	0.19506	0.3213	0.29109
V13	0.11693	0.10406	0.04877	0.4383	0.29194
V14	0.13682	0.07374	0.07445	0.61922	0.09577
V15	0.02595	0.06125	0.01397	0.84448	0.05435
V16	0.4574	0.13246	0.02581	0.35347	0.03085
V17	0.06548	0.25883	0.03595	0.12247	0.51728
V18	0.07536	0.41454	0.23411	0.2503	0.02569
V19	0.03592	0.07467	0.01775	0.17541	0.69626
V20	0.00775	0.20183	0.53108	0.23247	0.02687
V21	0.02335	0.28686	0.1345	0.21011	0.34519
V22	0.64374	0.16761	0.06954	0.07946	0.03965
V23	0.07724	0.08524	0.03731	0.18887	0.61134
V24	0.38834	0.17456	0.03513	0.11518	0.2868
V25	0.0282	0.08025	0.02912	0.44883	0.4136
V26	0.39714	0.24259	0.07019	0.10968	0.1804
V27	0.10998	0.4782	0.18391	0.07418	0.15373
V28	0.02955	0.1481	0.17802	0.59164	0.0527
V29	0.00977	0.1187	0.27115	0.56115	0.03924
V30	0.59039	0.17339	0.03897	0.1007	0.09655
V31	0.35458	0.18297	0.02851	0.27735	0.1566
V32	0.72753	0.10091	0.02023	0.09143	0.0599
V33	0.02795	0.2186	0.03518	0.17491	0.54336
V34	0.11738	0.74086	0.03939	0.08731	0.01506
V35	0.08601	0.56393	0.244	0.09208	0.01398
V36	0.03012	0.23345	0.16356	0.14421	0.42866
V37	0.60695	0.09215	0.01333	0.09408	0.1935
V38	0.10089	0.18086	0.37719	0.22001	0.12105
V39	0.26439	0.17176	0.27334	0.07468	0.21582
V40	0.20304	0.53841	0.04348	0.17214	0.04294
V41	0.05117	0.74679	0.04683	0.08098	0.07423
V42	0.67932	0.12815	0.03164	0.0919	0.06899
V43	0.37515	0.23695	0.27788	0.08599	0.02403
V44	0.03355	0.36851	0.4465	0.05944	0.09199
V45	0.03694	0.59571	0.11433	0.20375	0.04927
V46	0.10808	0.66882	0.09392	0.10236	0.02682
V47	0.009	0.25282	0.66403	0.0521	0.02204
V48	0.13966	0.20331	0.19584	0.34381	0.11738
V49	0.36743	0.22473	0.19388	0.1865	0.02746
V50	0.02495	0.25982	0.64792	0.05123	0.01608
V51	0.09304	0.30506	0.18665	0.12027	0.29498
V52	0.05678	0.79707	0.04242	0.08917	0.01456
V53	0.02926	0.17401	0.02434	0.73146	0.04093
V54	0.18661	0.06282	0.02535	0.55438	0.17085
V55	0.06881	0.04915	0.01297	0.82215	0.04692
V56	0.06756	0.04472	0.01921	0.74525	0.12327
V57	0.12728	0.26452	0.43115	0.07871	0.09833
V58	0.06882	0.08916	0.13267	0.24531	0.46404
V59	0.66305	0.13108	0.08567	0.09034	0.02986
V60	0.34948	0.24915	0.12047	0.17911	0.10178
V61	0.17474	0.08015	0.04104	0.27059	0.43348
V62	0.05584	0.14719	0.26006	0.17638	0.36052
V63	0.33696	0.28158	0.07301	0.1048	0.20366
V64	0.7284	0.11646	0.0327	0.08926	0.03319
V65	0.07822	0.12023	0.04921	0.61349	0.13885
V66	0.0288	0.08034	0.12176	0.72256	0.04654
V67	0.0147	0.14683	0.29023	0.14311	0.40512
V68	0.35853	0.16538	0.30779	0.09394	0.07437
V69	0.46383	0.21038	0.17381	0.08771	0.06427
V70	0.05833	0.61847	0.07011	0.2223	0.03078
V71	0.09091	0.68068	0.07251	0.13455	0.02135
V72	0.04189	0.38189	0.04785	0.10562	0.42275
V73	0.05613	0.07808	0.09945	0.57142	0.19491
V74	0.01739	0.09181	0.02164	0.77195	0.0972
V75	0.37163	0.27102	0.25349	0.07514	0.02872
V76	0.01581	0.05101	0.02777	0.81926	0.08616
V77	0.02342	0.24165	0.635	0.08323	0.0167
V78	0.00903	0.2551	0.65564	0.05832	0.02191
V79	0.0748	0.38095	0.0605	0.19998	0.28376
V80	0.11807	0.64071	0.03453	0.12501	0.08168
V81	0.01676	0.25271	0.6625	0.05168	0.01635
V82	0.20006	0.18298	0.04279	0.53439	0.03978
V83	0.08909	0.11756	0.03515	0.55462	0.20359
V84	0.09159	0.19452	0.02655	0.12732	0.56002
V85	0.00907	0.25246	0.66328	0.05857	0.01663
V86	0.02545	0.29373	0.26152	0.38791	0.03139
V87	0.37137	0.08846	0.05024	0.44546	0.04446
V88	0.26343	0.20156	0.0644	0.24504	0.22558
V89	0.04166	0.28021	0.57875	0.08338	0.016
V90	0.02565	0.21329	0.07166	0.16888	0.52052
V91	0.01377	0.06588	0.0784	0.79768	0.04426
V92	0.21363	0.1073	0.04236	0.12743	0.50929
V93	0.01481	0.14935	0.14988	0.51572	0.17024
V94	0.04162	0.19345	0.04006	0.29505	0.42983
V95	0.06342	0.24441	0.04209	0.17316	0.47693
V96	0.62616	0.10636	0.03634	0.10479	0.12636
V97	0.14805	0.10023	0.05701	0.1808	0.51391
V98	0.05109	0.37891	0.17641	0.17775	0.21584
V99	0.42312	0.17347	0.02137	0.26903	0.113
V100	0.43899	0.21124	0.06132	0.12278	0.16567
V101	0.06486	0.78389	0.04899	0.08788	0.01438
V102	0.26029	0.27712	0.13283	0.16358	0.16618
V103	0.1251	0.06484	0.02292	0.13293	0.65422
V104	0.04801	0.39906	0.09997	0.10197	0.35099
V105	0.02411	0.0834	0.05497	0.16679	0.67073
V106	0.05092	0.67084	0.1628	0.07727	0.03817
V107	0.04638	0.33383	0.50586	0.09292	0.02101
V108	0.02192	0.3281	0.58225	0.05263	0.0151
V109	0.05838	0.23467	0.06973	0.32212	0.3151
V110	0.15355	0.47035	0.17982	0.1672	0.02908
V111	0.22946	0.31922	0.37145	0.06358	0.01628
V112	0.156	0.08021	0.10412	0.47697	0.1827
V113	0.20831	0.09589	0.10523	0.20945	0.38113
V114	0.46078	0.1464	0.05786	0.22496	0.11001
V115	0.68656	0.09524	0.01913	0.09625	0.10282
V116	0.02815	0.06978	0.01874	0.15069	0.73264
V117	0.04597	0.22704	0.57721	0.11622	0.03356
V118	0.04265	0.04784	0.01322	0.83572	0.06058
V119	0.25497	0.16324	0.30468	0.25328	0.02383
V120	0.01513	0.2208	0.58501	0.13887	0.04019
V121	0.18245	0.62987	0.0342	0.08677	0.06671
V122	0.03536	0.37249	0.09819	0.28505	0.20891
V123	0.40091	0.12384	0.07827	0.23775	0.15923
V124	0.18636	0.1628	0.07192	0.27183	0.30709
V125	0.04102	0.46861	0.40664	0.06426	0.01946
V126	0.1346	0.24687	0.19922	0.16799	0.25132
V127	0.21466	0.19908	0.4664	0.09677	0.02308
V128	0.19243	0.65914	0.0427	0.07786	0.02786
V129	0.21771	0.15299	0.22877	0.21167	0.18885
V130	0.03166	0.4582	0.06393	0.28398	0.16222
V131	0.01892	0.1026	0.19616	0.64572	0.0366
V132	0.30175	0.0811	0.01303	0.37701	0.22711
V133	0.01118	0.208	0.43852	0.13063	0.21167
V134	0.06248	0.22948	0.56274	0.07294	0.07236
V135	0.02616	0.26793	0.53849	0.07604	0.09138
V136	0.74591	0.10459	0.0213	0.0934	0.0348
V137	0.69888	0.12011	0.02017	0.11215	0.04869
V138	0.21519	0.19342	0.08705	0.19585	0.3085
V139	0.10587	0.08478	0.14105	0.62566	0.04264
V140	0.03646	0.09665	0.1508	0.11776	0.59833
V141	0.02213	0.32835	0.49172	0.13554	0.02227
V142	0.17647	0.13722	0.27483	0.17486	0.23662
V143	0.02227	0.29018	0.39185	0.17675	0.11895
V144	0.41265	0.24958	0.07635	0.17938	0.08205
V145	0.00871	0.2517	0.64731	0.06481	0.02746
V146	0.03652	0.32346	0.03017	0.36455	0.24529
V147	0.08059	0.23898	0.50129	0.13937	0.03977
V148	0.14785	0.6742	0.04313	0.10672	0.02811
V149	0.01714	0.0471	0.01386	0.84065	0.08125
V150	0.12041	0.30948	0.44712	0.05699	0.06599
V151	0.35969	0.08039	0.0246	0.42171	0.11361
V152	0.02069	0.0687	0.10696	0.71086	0.09278
V153	0.14165	0.28217	0.36638	0.10206	0.10775
V154	0.11097	0.53314	0.05169	0.10764	0.19656
V155	0.03717	0.08065	0.12129	0.71483	0.04606
V156	0.08688	0.16721	0.32745	0.18847	0.22999
V157	0.0853	0.13079	0.15625	0.31127	0.31638
V158	0.16198	0.1618	0.35453	0.10411	0.21758
V159	0.10254	0.22043	0.03176	0.58524	0.06003
V160	0.37722	0.21486	0.09699	0.11581	0.19512
V161	0.19315	0.10104	0.07067	0.11192	0.52322
V162	0.00952	0.259	0.66276	0.05225	0.01647
V163	0.06133	0.07111	0.03125	0.16	0.67631
V164	0.71378	0.13644	0.02751	0.09447	0.0278
V165	0.48651	0.25155	0.08798	0.11907	0.05489
V166	0.05157	0.10218	0.20567	0.54982	0.09077
V167	0.03851	0.56948	0.04676	0.20156	0.1437
V168	0.00952	0.259	0.66276	0.05225	0.01647
V169	0.05448	0.6082	0.16739	0.14284	0.02708
V170	0.21265	0.36495	0.07135	0.24418	0.10687
V171	0.24491	0.20064	0.29071	0.20776	0.05599
V172	0.16281	0.25353	0.08394	0.11258	0.38714
V173	0.18129	0.15763	0.09255	0.41665	0.15187
V174	0.17492	0.14024	0.28987	0.22874	0.16623
V175	0.07349	0.19806	0.12167	0.23652	0.37026
V176	0.30749	0.07356	0.01859	0.56269	0.03767
V177	0.15623	0.199	0.42281	0.19607	0.0259
V178	0.22111	0.19189	0.35479	0.15464	0.07757
V179	0.09875	0.07805	0.02368	0.1345	0.66501
V180	0.03121	0.15097	0.29563	0.0938	0.42838
V181	0.06638	0.27777	0.02254	0.15184	0.48146
V182	0.46057	0.2441	0.02393	0.21763	0.05377
V183	0.07424	0.78251	0.0414	0.08089	0.02096
V184	0.25405	0.1352	0.24208	0.3252	0.04348
V185	0.0964	0.44048	0.04811	0.21064	0.20437
V186	0.12341	0.20576	0.04578	0.30425	0.32079
V187	0.07708	0.58881	0.03292	0.27414	0.02704
V188	0.64816	0.12082	0.04273	0.1562	0.03208
V189	0.37438	0.25102	0.05025	0.29231	0.03205
V190	0.33675	0.1709	0.18927	0.0912	0.21189
V191	0.18829	0.22612	0.0247	0.44406	0.11682
V192	0.26777	0.23437	0.12327	0.25368	0.12091
V193	0.06343	0.30649	0.41458	0.0951	0.1204
V194	0.22991	0.12894	0.09153	0.17841	0.37121
V195	0.44712	0.24936	0.20063	0.07818	0.02471
V196	0.02332	0.07337	0.06995	0.15828	0.67508
V197	0.07139	0.7569	0.04002	0.11021	0.02147
V198	0.20081	0.24269	0.0529	0.25882	0.24477
V199	0.58701	0.14202	0.17889	0.06984	0.02225
V200	0.60772	0.09405	0.04188	0.1052	0.15115
V201	0.04088	0.04857	0.03347	0.69908	0.178
V202	0.71477	0.13915	0.01615	0.09643	0.03349
V203	0.44095	0.26847	0.04382	0.12797	0.11879
V204	0.29598	0.14135	0.04897	0.10391	0.40978
V205	0.10796	0.11662	0.11723	0.15937	0.49881
V206	0.04465	0.1199	0.01531	0.75162	0.06852
V207	0.02595	0.06125	0.01397	0.84448	0.05435
V208	0.13288	0.30688	0.37919	0.09976	0.08129
V209	0.14481	0.10723	0.10057	0.13092	0.51647
V210	0.00882	0.25054	0.66025	0.05837	0.02203
V211	0.13986	0.1317	0.18479	0.1178	0.42585
V212	0.0607	0.66672	0.10182	0.11109	0.05967
V213	0.09796	0.07041	0.0706	0.31509	0.44593
V214	0.02879	0.52646	0.33867	0.07486	0.03123
V215	0.21439	0.26216	0.13389	0.14797	0.24159
V216	0.05632	0.16203	0.28163	0.11716	0.38286
V217	0.01529	0.04628	0.0346	0.7984	0.10543
V218	0.0669	0.25056	0.24715	0.34653	0.08885
V219	0.11023	0.32322	0.31725	0.22374	0.02556
V220	0.179	0.63587	0.08391	0.08043	0.02078
V221	0.0444	0.20754	0.40074	0.08072	0.26661
V222	0.03583	0.07054	0.02539	0.15293	0.7153
V223	0.40314	0.14864	0.2491	0.16635	0.03278
V224	0.0444	0.49685	0.05131	0.15929	0.24816
V225	0.55721	0.2269	0.11658	0.07273	0.02658
V226	0.40103	0.46539	0.0281	0.08006	0.02543
V227	0.08595	0.24908	0.02627	0.57895	0.05974
V228	0.44774	0.15639	0.21907	0.12868	0.04812
V229	0.22493	0.39963	0.23174	0.10427	0.03943
V230	0.03589	0.06347	0.0254	0.15455	0.72068
V231	0.06212	0.53818	0.08142	0.23267	0.08561
V232	0.6108	0.13532	0.15339	0.07751	0.02298
V233	0.06152	0.11414	0.14193	0.17602	0.50639
V234	0.02262	0.3714	0.19735	0.36597	0.04265
V235	0.73699	0.10661	0.01542	0.11104	0.02994
V236	0.07071	0.19462	0.47415	0.20623	0.05429
V237	0.10912	0.17382	0.22779	0.32905	0.16023
V238	0.0218	0.06101	0.02298	0.35563	0.53857
V239	0.06488	0.38231	0.06787	0.23822	0.24672
V240	0.06851	0.73034	0.0459	0.09456	0.06068
V241	0.05676	0.79835	0.04235	0.08157	0.02097
V242	0.03622	0.34464	0.25867	0.29486	0.06561
V243	0.37461	0.15244	0.26087	0.0931	0.11898
V244	0.03465	0.40367	0.18557	0.1473	0.22882
V245	0.05293	0.76884	0.06314	0.10098	0.0141
V246	0.49935	0.28004	0.04403	0.0861	0.09048
V247	0.15741	0.25083	0.45376	0.0993	0.0387
V248	0.09326	0.54095	0.05241	0.09473	0.21866
V249	0.21411	0.16288	0.18333	0.16227	0.27741
V250	0.02508	0.21361	0.49192	0.09074	0.17865
V251	0.18289	0.09578	0.08859	0.56043	0.07231
V252	0.02726	0.25013	0.43124	0.18014	0.11122
V253	0.25891	0.502	0.09738	0.11308	0.02863
V254	0.43628	0.35368	0.02273	0.15361	0.0337
V255	0.64246	0.15026	0.01516	0.10583	0.08629
V256	0.04493	0.66863	0.05035	0.091	0.14508
V257	0.3635	0.31841	0.13609	0.10426	0.07774
V258	0.14175	0.30439	0.06273	0.4558	0.03534
V259	0.42623	0.30555	0.15858	0.07458	0.03506
V260	0.22799	0.11905	0.10563	0.16312	0.3842
V261	0.02451	0.17446	0.40108	0.28977	0.11019
V262	0.69356	0.12454	0.05547	0.09507	0.03136
V263	0.61849	0.15055	0.0264	0.17747	0.02709
V264	0.07067	0.75034	0.04708	0.117	0.01491
V265	0.63193	0.16753	0.07552	0.0958	0.02922
V266	0.0307	0.0796	0.09153	0.14465	0.65352
V267	0.05926	0.06509	0.02271	0.24976	0.60317
V268	0.17188	0.40428	0.14037	0.22631	0.05716
V269	0.0785	0.35589	0.30025	0.22221	0.04315
V270	0.04918	0.05619	0.04083	0.80849	0.04531
V271	0.20837	0.61155	0.04011	0.09911	0.04085
V272	0.10281	0.70038	0.05865	0.09153	0.04663
V273	0.2394	0.11568	0.15589	0.34314	0.14589
V274	0.09264	0.101	0.05059	0.27129	0.48447
V275	0.046	0.61478	0.1606	0.15127	0.02735
V276	0.0154	0.20199	0.50981	0.23478	0.03802
V277	0.28127	0.19268	0.42571	0.06209	0.03826
V278	0.01115	0.15123	0.2802	0.43771	0.1197
V279	0.12915	0.05718	0.02543	0.70819	0.08006
V280	0.16733	0.08066	0.0461	0.59661	0.1093
V281	0.0294	0.22232	0.05419	0.65137	0.04272
V282	0.06566	0.79022	0.0418	0.08131	0.021
V283	0.30749	0.10422	0.10904	0.11615	0.36309
V284	0.02933	0.25678	0.42276	0.06981	0.22131
V285	0.4331	0.40917	0.02525	0.1059	0.02658
V286	0.06957	0.23965	0.58698	0.08208	0.02171
V287	0.20568	0.14985	0.152	0.31705	0.17542
V288	0.16305	0.20034	0.46218	0.06539	0.10903
V289	0.1382	0.22377	0.03836	0.55983	0.03984
V290	0.35731	0.42208	0.13301	0.07004	0.01756
V291	0.33859	0.21837	0.02362	0.38379	0.03563
V292	0.1048	0.17207	0.33139	0.10474	0.287
V293	0.01116	0.28669	0.58329	0.09165	0.0272
V294	0.02728	0.07142	0.02616	0.14798	0.72716
V295	0.01836	0.14106	0.26977	0.4836	0.08722
V296	0.66589	0.17099	0.01647	0.09916	0.04748
V297	0.02292	0.21844	0.55871	0.15358	0.04635
V298	0.24924	0.06428	0.01848	0.5476	0.1204
V299	0.22629	0.05663	0.0247	0.65223	0.04014
V300	0.74518	0.10838	0.01591	0.10041	0.03012
V301	0.72933	0.10104	0.02038	0.11488	0.03437
V302	0.02002	0.05722	0.02202	0.46161	0.43913
V303	0.09783	0.2348	0.19252	0.22559	0.24926
V304	0.15024	0.23263	0.52694	0.05827	0.03192
V305	0.18275	0.32153	0.09998	0.1729	0.22282
V306	0.29078	0.5555	0.03138	0.09267	0.02967
V307	0.1915	0.12382	0.22203	0.43274	0.02989
V308	0.18398	0.20448	0.47186	0.11627	0.02341
V309	0.51446	0.14227	0.05665	0.17982	0.1068
V310	0.04282	0.08101	0.02408	0.20615	0.64593
V311	0.02286	0.05021	0.04882	0.82562	0.05248
V312	0.08218	0.29834	0.2253	0.08421	0.30996
V313	0.06184	0.28586	0.03533	0.36378	0.25319
V314	0.08155	0.06591	0.02076	0.42752	0.40426
V315	0.73084	0.10321	0.02611	0.09062	0.04923
V316	0.10028	0.51235	0.22938	0.09408	0.06392
V317	0.29842	0.22984	0.37512	0.06361	0.03301
V318	0.70544	0.09804	0.01951	0.09072	0.0863
V319	0.08709	0.25705	0.57669	0.06312	0.01605
V320	0.07649	0.04454	0.0193	0.80741	0.05225
V321	0.11561	0.35544	0.26062	0.23083	0.0375
V322	0.0163	0.3465	0.44949	0.10006	0.08764
V323	0.2025	0.30027	0.3426	0.0805	0.07413
V324	0.04104	0.08646	0.04885	0.77426	0.04939
V325	0.49559	0.17619	0.0843	0.1747	0.06922
V326	0.05608	0.08412	0.06642	0.22308	0.57031
V327	0.28139	0.44553	0.11613	0.09209	0.06486
V328	0.04592	0.29634	0.15442	0.46276	0.04056
V329	0.01068	0.16636	0.31175	0.47567	0.03554
V330	0.06971	0.24115	0.58919	0.05167	0.04828
V331	0.12686	0.10313	0.09363	0.17633	0.50005
V332	0.35701	0.20112	0.33685	0.06585	0.03916
V333	0.31951	0.15614	0.24742	0.19608	0.08085
V334	0.04082	0.35689	0.43243	0.12494	0.04492
V335	0.56087	0.14601	0.08147	0.10934	0.10231
V336	0.14464	0.52642	0.23912	0.06431	0.02552
V337	0.02339	0.06684	0.03126	0.25503	0.62347
V338	0.55168	0.13566	0.13282	0.09161	0.08823
V339	0.1829	0.49243	0.17939	0.06909	0.07618
V340	0.04061	0.21236	0.11608	0.14512	0.48584
V341	0.02559	0.48437	0.36692	0.06754	0.05559
V342	0.2308	0.25682	0.34257	0.15049	0.01932
V343	0.52238	0.15213	0.22722	0.07709	0.02118
V344	0.09833	0.65186	0.07084	0.09891	0.08006
V345	0.19465	0.10096	0.02086	0.33797	0.34557
V346	0.03543	0.33856	0.27226	0.30712	0.04663
V347	0.07697	0.45297	0.04814	0.36512	0.05679
V348	0.02096	0.24302	0.3622	0.2568	0.11703
V349	0.05864	0.37061	0.41819	0.07247	0.08009
V350	0.09985	0.38884	0.09686	0.283	0.13145
V351	0.14337	0.17186	0.33629	0.31261	0.03586
V352	0.09788	0.51065	0.30425	0.06788	0.01934
V353	0.22308	0.32365	0.05607	0.1262	0.27099
V354	0.43018	0.17839	0.31079	0.0612	0.01943
V355	0.0758	0.13762	0.27229	0.47836	0.03593
V356	0.07751	0.23739	0.57764	0.06993	0.03752
V357	0.04351	0.19522	0.40778	0.09337	0.26012
V358	0.03252	0.07656	0.04184	0.79825	0.05082
V359	0.0533	0.12952	0.02233	0.75276	0.0421
V360	0.54471	0.13886	0.08736	0.2033	0.02577
V361	0.29111	0.44262	0.10156	0.07451	0.09021
V362	0.6294	0.11761	0.09155	0.07854	0.0829
V363	0.04184	0.08629	0.02369	0.24264	0.60554
V364	0.04176	0.2754	0.0419	0.46949	0.17145
V365	0.01646	0.04892	0.02092	0.84568	0.06801
V366	0.16553	0.21301	0.43815	0.10897	0.07435
V367	0.19085	0.26726	0.18864	0.21301	0.14024
V368	0.57647	0.17548	0.11412	0.08542	0.04852
V369	0.04262	0.57806	0.22591	0.13857	0.01484
V370	0.02696	0.19951	0.12212	0.39089	0.26052
V371	0.06235	0.76828	0.07842	0.07735	0.0136
V372	0.50066	0.16303	0.12934	0.16757	0.0394
V373	0.10733	0.57209	0.14132	0.15729	0.02197
V374	0.08503	0.16902	0.30318	0.41498	0.02779
V375	0.2327	0.19812	0.4331	0.11727	0.01881
V376	0.02151	0.14902	0.33938	0.09593	0.39416
V377	0.08005	0.46637	0.19856	0.23026	0.02476
V378	0.12102	0.50497	0.17628	0.07258	0.12515
V379	0.03702	0.09079	0.1125	0.17278	0.58691
V380	0.02215	0.12985	0.15689	0.49914	0.19198
V381	0.1434	0.10672	0.0234	0.12521	0.60127
V382	0.35361	0.06662	0.01831	0.3392	0.22225
V383	0.0345	0.11327	0.22667	0.59122	0.03433
V384	0.23765	0.13237	0.14778	0.41604	0.06616
V385	0.09053	0.14246	0.02525	0.1268	0.61496
V386	0.52042	0.08905	0.01822	0.34047	0.03185
V387	0.22914	0.07538	0.01894	0.61953	0.057
V388	0.05719	0.71697	0.06726	0.13723	0.02135
V389	0.1187	0.66416	0.04963	0.10713	0.06038
V390	0.15737	0.05753	0.01874	0.65438	0.11198
V391	0.57007	0.19652	0.0163	0.14747	0.06963
V392	0.728	0.1247	0.02165	0.09687	0.02878
V393	0.09122	0.10598	0.13736	0.51748	0.14797
V394	0.56171	0.09859	0.03572	0.21418	0.0898
V395	0.00975	0.13484	0.30099	0.51696	0.03747
V396	0.4164	0.185	0.31354	0.06099	0.02407
V397	0.53344	0.19162	0.0458	0.17675	0.05238
V398	0.06174	0.08578	0.15107	0.60752	0.09389
V399	0.04892	0.08047	0.01573	0.34247	0.51241
V400	0.14588	0.47838	0.15817	0.19931	0.01826
V401	0.24571	0.19842	0.45353	0.08433	0.018
V402	0.28909	0.18374	0.33838	0.11922	0.06956
V403	0.1426	0.12294	0.0163	0.22404	0.49412
V404	0.01008	0.18726	0.38221	0.36509	0.05536
V405	0.29073	0.2731	0.08022	0.26236	0.09359
V406	0.02444	0.25655	0.64111	0.05104	0.02686
V407	0.67875	0.13109	0.04368	0.11977	0.02671
V408	0.03805	0.34972	0.03121	0.31399	0.26703
V409	0.10108	0.06922	0.06811	0.65057	0.11102
V410	0.11109	0.22929	0.2749	0.11315	0.27157
V411	0.02786	0.06929	0.01854	0.15786	0.72645
V412	0.03145	0.20046	0.13146	0.1239	0.51274
V413	0.02856	0.27762	0.1484	0.38683	0.15858
V414	0.04671	0.11891	0.01587	0.50053	0.31797
V415	0.15973	0.06577	0.02224	0.12874	0.62353
V416	0.10487	0.13514	0.03744	0.23091	0.49165
V417	0.01556	0.21611	0.55463	0.15544	0.05827
V418	0.45696	0.36726	0.0419	0.09093	0.04295
V419	0.22229	0.08886	0.03416	0.20607	0.44862
V420	0.20767	0.0906	0.10483	0.13929	0.45761
V421	0.02022	0.09589	0.12902	0.15116	0.60371
V422	0.02313	0.0679	0.05608	0.69672	0.15617
V423	0.23538	0.25748	0.24217	0.22617	0.03881
V424	0.01264	0.17209	0.3989	0.08194	0.33443
V425	0.29811	0.35468	0.02314	0.09762	0.22646
V426	0.20382	0.19928	0.03668	0.47067	0.08955
V427	0.18754	0.5642	0.15956	0.06843	0.02026
V428	0.09106	0.57266	0.09703	0.15734	0.08191
V429	0.11976	0.67073	0.03588	0.13829	0.03534
V430	0.03513	0.15883	0.33638	0.22261	0.24704
V431	0.10224	0.36938	0.18746	0.28182	0.05908
V432	0.25317	0.14072	0.11888	0.36142	0.12581
V433	0.15766	0.17547	0.39151	0.23669	0.03866
V434	0.1994	0.34129	0.30957	0.07551	0.07423
V435	0.41796	0.18636	0.27845	0.09222	0.02501
V436	0.06104	0.53647	0.1196	0.12325	0.15965
V437	0.17543	0.08775	0.04145	0.24723	0.44814
V438	0.11815	0.32212	0.18509	0.30761	0.06704
V439	0.48569	0.08526	0.05457	0.33317	0.04131
V440	0.0278	0.40875	0.4437	0.07055	0.0492
V441	0.03666	0.51819	0.33708	0.08835	0.01971
V442	0.06553	0.78996	0.04948	0.08069	0.01433
V443	0.72402	0.09995	0.02017	0.12643	0.02943
V444	0.13827	0.39065	0.05172	0.36871	0.05065
V445	0.06308	0.3724	0.05935	0.46423	0.04094
V446	0.10184	0.10171	0.09886	0.55501	0.14258
V447	0.0708	0.05896	0.02718	0.49074	0.35232
V448	0.15846	0.07527	0.03577	0.13807	0.59242
V449	0.00952	0.259	0.66276	0.05225	0.01647
V450	0.17574	0.18472	0.21784	0.1872	0.2345
V451	0.23307	0.22243	0.07229	0.36663	0.10558
V452	0.01983	0.08733	0.14452	0.67802	0.0703
V453	0.02834	0.06088	0.01461	0.50709	0.38907
V454	0.01678	0.20673	0.51635	0.08356	0.17657
V455	0.06235	0.28854	0.24968	0.11608	0.28335
V456	0.72223	0.10394	0.01462	0.10934	0.04988
V457	0.53296	0.23892	0.04806	0.1294	0.05067
V458	0.02812	0.40864	0.41301	0.10598	0.04424
V459	0.12444	0.11491	0.06298	0.49631	0.20137
V460	0.51402	0.15631	0.16757	0.12431	0.03779
V461	0.16407	0.33824	0.2215	0.08782	0.18836
V462	0.05398	0.11478	0.02896	0.52993	0.27235
V463	0.18556	0.10256	0.02656	0.64085	0.04447
V464	0.13499	0.30771	0.47028	0.06622	0.0208
V465	0.05343	0.14341	0.03284	0.14385	0.62647
V466	0.04338	0.05801	0.01666	0.21979	0.66215
V467	0.05794	0.24744	0.0403	0.55397	0.10035
V468	0.45529	0.31942	0.11173	0.07228	0.04128
V469	0.02568	0.32259	0.07383	0.32611	0.2518
V470	0.64276	0.1374	0.03752	0.15051	0.03181
V471	0.33126	0.29337	0.04592	0.20415	0.12529
V472	0.02517	0.09935	0.05578	0.13626	0.68345
V473	0.03435	0.26652	0.21903	0.33335	0.14675
V474	0.24598	0.17329	0.0696	0.44937	0.06176
V475	0.13179	0.20563	0.44425	0.08689	0.13144
V476	0.13716	0.10269	0.09746	0.58291	0.07978
V477	0.05685	0.79772	0.05011	0.08104	0.01427
V478	0.16899	0.07266	0.02224	0.12722	0.6089
V479	0.64235	0.13923	0.0436	0.14342	0.0314
V480	0.12869	0.56953	0.08104	0.17845	0.04229
V481	0.21177	0.35295	0.07803	0.2363	0.12095
V482	0.10858	0.60514	0.19391	0.06711	0.02526
V483	0.28008	0.4633	0.0272	0.17275	0.05667
V484	0.19327	0.46422	0.12655	0.18567	0.03029
V485	0.51111	0.16371	0.10913	0.17609	0.03996
V486	0.06759	0.18534	0.25926	0.09098	0.39683
V487	0.11312	0.23029	0.328	0.29963	0.02897
V488	0.34759	0.11795	0.01381	0.37408	0.14656
V489	0.015	0.33853	0.50409	0.11507	0.02731
V490	0.01543	0.21078	0.53771	0.21019	0.02588
V491	0.04055	0.43068	0.07057	0.1761	0.28211
V492	0.03565	0.15916	0.04434	0.70205	0.05879
V493	0.02497	0.04197	0.02055	0.85739	0.05513
V494	0.27503	0.06277	0.03087	0.53899	0.09234
V495	0.26891	0.26773	0.18998	0.21016	0.06322
V496	0.13066	0.10411	0.06545	0.11876	0.58102
V497	0.0972	0.1223	0.14064	0.18517	0.45469
V498	0.07839	0.74247	0.0611	0.08467	0.03336
V499	0.04539	0.28383	0.23527	0.13389	0.30163
V500	0.1008	0.44667	0.1217	0.26539	0.06544
V501	0.07623	0.3163	0.03762	0.11594	0.45391
V502	0.12833	0.68053	0.07235	0.10401	0.01478
V503	0.35547	0.13184	0.17987	0.19093	0.14188
V504	0.40839	0.22739	0.02414	0.09868	0.2414
V505	0.50578	0.09065	0.03664	0.16247	0.20446
V506	0.03415	0.48205	0.08814	0.09827	0.29739
V507	0.64947	0.09693	0.04153	0.1637	0.04838
V508	0.03363	0.57726	0.21302	0.10466	0.07143
V509	0.05375	0.43235	0.14657	0.24602	0.12132
V510	0.35044	0.44407	0.06592	0.11497	0.0246
V511	0.05886	0.37602	0.41151	0.09161	0.06199
V512	0.13547	0.44015	0.17391	0.11562	0.13484
V513	0.15744	0.59023	0.09649	0.11572	0.04012
V514	0.02541	0.11058	0.2043	0.13705	0.52267
V515	0.07225	0.14304	0.01593	0.72737	0.04141
V516	0.1412	0.34668	0.11571	0.35933	0.03708
V517	0.02333	0.08075	0.05668	0.78904	0.0502
V518	0.32359	0.1525	0.2588	0.21985	0.04526
V519	0.61322	0.13519	0.01997	0.1984	0.03322
V520	0.07714	0.72426	0.05275	0.13063	0.01521
V521	0.178	0.08524	0.1239	0.57188	0.04099
V522	0.04542	0.30214	0.43869	0.1671	0.04664
V523	0.11935	0.24222	0.52714	0.08933	0.02196
V524	0.26118	0.20734	0.41343	0.05788	0.06018
V525	0.02816	0.22404	0.05028	0.12859	0.56893
V526	0.03922	0.24999	0.60264	0.07034	0.03781
V527	0.07677	0.47738	0.34121	0.07338	0.03126
V528	0.13657	0.05257	0.032	0.73644	0.04242
V529	0.16596	0.23113	0.51791	0.0584	0.0266
V530	0.02343	0.24437	0.609	0.09015	0.03306
V531	0.16058	0.47647	0.10669	0.09305	0.16321
V532	0.06317	0.3144	0.26494	0.07968	0.27781
V533	0.24893	0.074	0.01489	0.12082	0.54137
V534	0.11473	0.10105	0.01409	0.70998	0.06015
V535	0.64283	0.18885	0.05842	0.08041	0.02948
V536	0.10973	0.27129	0.31981	0.09818	0.20099
V537	0.03552	0.08679	0.033	0.14076	0.70392
V538	0.50944	0.16538	0.02125	0.11539	0.18854
V539	0.01995	0.28757	0.49087	0.13797	0.06364
V540	0.1497	0.4403	0.10551	0.12369	0.1808
V541	0.04144	0.38254	0.0477	0.1263	0.40202
V542	0.04012	0.32868	0.11813	0.44001	0.07306
V543	0.05846	0.26501	0.50104	0.09546	0.08003
V544	0.28254	0.24901	0.16764	0.1312	0.16961
V545	0.51911	0.34313	0.02901	0.08665	0.02211
V546	0.07108	0.67945	0.11	0.08085	0.05862
V547	0.09124	0.6665	0.03564	0.17041	0.03621
V548	0.01756	0.09164	0.02193	0.81662	0.05225
V549	0.02251	0.06788	0.03826	0.26813	0.60322
V550	0.04802	0.73116	0.1211	0.0804	0.01932
V551	0.02586	0.04022	0.01366	0.87067	0.04959
V552	0.20393	0.08317	0.03489	0.14576	0.53226
V553	0.60437	0.10036	0.0298	0.20495	0.06053
V554	0.09116	0.19291	0.37793	0.30305	0.03495
V555	0.05457	0.78247	0.0488	0.08027	0.03389
V556	0.0757	0.1007	0.06266	0.68304	0.0779
V557	0.26187	0.25198	0.0517	0.36944	0.06502
V558	0.01573	0.22371	0.55754	0.16755	0.03547
V559	0.09026	0.44188	0.36562	0.06528	0.03696
V560	0.50021	0.28068	0.12771	0.0711	0.0203
V561	0.55299	0.11543	0.12543	0.08809	0.11806
V562	0.11582	0.14029	0.14849	0.17309	0.42231
V563	0.18335	0.29937	0.19026	0.16781	0.15922
V564	0.29109	0.09784	0.0663	0.36845	0.17632
V565	0.02562	0.0711	0.03275	0.17417	0.69636
V566	0.25256	0.17577	0.04231	0.35861	0.17075
V567	0.02408	0.24911	0.65416	0.05106	0.0216
V568	0.03124	0.2957	0.34874	0.30189	0.02243
V569	0.49167	0.17478	0.10401	0.17827	0.05128
V570	0.11364	0.13775	0.23759	0.43219	0.07884
V571	0.21554	0.12172	0.20333	0.34303	0.11638
V572	0.66605	0.097	0.01353	0.09751	0.12592
V573	0.07026	0.17802	0.28175	0.36715	0.10283
V574	0.4237	0.29986	0.08474	0.1535	0.0382
V575	0.30878	0.11973	0.11687	0.13325	0.32137
V576	0.05143	0.75325	0.04704	0.08758	0.0607
V577	0.35078	0.4425	0.05919	0.12257	0.02497
V578	0.02838	0.27055	0.40782	0.2375	0.05574
V579	0.02736	0.49557	0.29299	0.08736	0.09672
V580	0.19009	0.47025	0.04101	0.25836	0.04029
V581	0.05053	0.47424	0.32314	0.13101	0.02108
V582	0.01021	0.27026	0.6449	0.05845	0.01618
V583	0.46191	0.16623	0.26485	0.08652	0.02049
V584	0.19589	0.46154	0.11959	0.10302	0.11996
V585	0.0515	0.66626	0.09459	0.12726	0.06039
V586	0.04305	0.68143	0.17833	0.08405	0.01314
V587	0.06002	0.59889	0.04068	0.10991	0.1905
V588	0.19294	0.41954	0.30644	0.06055	0.02052
V589	0.09	0.36886	0.06608	0.42888	0.04617
V590	0.05563	0.67806	0.03622	0.09222	0.13787
V591	0.39053	0.44371	0.05908	0.08219	0.02449
V592	0.02333	0.21206	0.55734	0.08446	0.12281
V593	0.34572	0.06999	0.01817	0.49449	0.07164
V594	0.0117	0.2717	0.49038	0.17324	0.05298
V595	0.41942	0.11893	0.07038	0.33357	0.05769
V596	0.36296	0.25018	0.18177	0.16738	0.0377
V597	0.03627	0.20767	0.02733	0.20554	0.52319
V598	0.48641	0.0866	0.01935	0.09998	0.30765
V599	0.07002	0.37349	0.10394	0.40132	0.05122
V600	0.22791	0.11685	0.16345	0.38003	0.11176
V601	0.12801	0.13119	0.02185	0.49421	0.22474
V602	0.65522	0.20783	0.01836	0.0925	0.02609
V603	0.1242	0.17652	0.04536	0.2154	0.43852
V604	0.02364	0.21387	0.52271	0.13869	0.1011
V605	0.03751	0.13897	0.12891	0.16457	0.53004
V606	0.66523	0.09139	0.01337	0.09825	0.13175
V607	0.15274	0.15478	0.03796	0.1227	0.53183
V608	0.58942	0.11011	0.04225	0.15314	0.10508
V609	0.16246	0.29133	0.03411	0.42452	0.08758
V610	0.08412	0.56036	0.03858	0.28946	0.02748
V611	0.2111	0.21265	0.44674	0.07465	0.05485
V612	0.30119	0.17498	0.25643	0.08543	0.18198
V613	0.35072	0.46789	0.06051	0.10215	0.01874
V614	0.44499	0.1056	0.0318	0.15468	0.26295
V615	0.01538	0.14875	0.12664	0.55918	0.15005
V616	0.50732	0.11911	0.13384	0.18821	0.05152
V617	0.18123	0.21221	0.36099	0.13633	0.10925
V618	0.56778	0.16923	0.06995	0.09136	0.10167
V619	0.43397	0.14596	0.1401	0.08601	0.19396
V620	0.0421	0.14715	0.28798	0.48671	0.03605
V621	0.1235	0.28624	0.25997	0.07754	0.25275
V622	0.02678	0.28439	0.30306	0.08751	0.29826
V623	0.06835	0.05271	0.01952	0.68192	0.1775
V624	0.70085	0.09656	0.01923	0.10761	0.07573
V625	0.01469	0.11368	0.09442	0.73041	0.04681
V626	0.06425	0.19037	0.42086	0.28461	0.03991
V627	0.1028	0.20843	0.12118	0.12364	0.44394
V628	0.72407	0.11188	0.0208	0.11422	0.02902
V629	0.10463	0.33823	0.46325	0.07329	0.0206
V630	0.02801	0.20608	0.04237	0.13856	0.58499
V631	0.01692	0.12886	0.243	0.11115	0.50008
V632	0.05405	0.66614	0.04274	0.11296	0.12411
V633	0.05723	0.07667	0.0925	0.5266	0.247
V634	0.33972	0.42044	0.14729	0.07515	0.0174
V635	0.04571	0.1837	0.1763	0.11734	0.47695
V636	0.16531	0.24876	0.26457	0.21873	0.10263
V637	0.17218	0.16375	0.32493	0.25615	0.08299
V638	0.07796	0.4249	0.04798	0.16137	0.28778
V639	0.4343	0.37882	0.08864	0.07354	0.02469
V640	0.10263	0.22027	0.09078	0.28222	0.30411
V641	0.09576	0.61399	0.05461	0.19883	0.03682
V642	0.57294	0.11213	0.01897	0.26616	0.0298
V643	0.05813	0.73337	0.09835	0.09661	0.01355
V644	0.04614	0.38412	0.04568	0.46973	0.05434
V645	0.1532	0.6313	0.04824	0.15037	0.01689
V646	0.12417	0.46712	0.05515	0.27992	0.07363
V647	0.7144	0.09855	0.01985	0.13782	0.02937
V648	0.36918	0.15077	0.02089	0.31518	0.14397
V649	0.2319	0.15588	0.08524	0.18368	0.3433
V650	0.03072	0.05489	0.06289	0.80655	0.04494
V651	0.1292	0.2071	0.01796	0.60949	0.03624
V652	0.29977	0.07471	0.04408	0.53387	0.04756
V653	0.28424	0.08533	0.05822	0.50736	0.06484
V654	0.0446	0.1236	0.0182	0.17915	0.63446
V655	0.13076	0.16378	0.25061	0.42058	0.03427
V656	0.1143	0.07287	0.01553	0.20455	0.59275
V657	0.03934	0.43446	0.05526	0.3646	0.10635
V658	0.03361	0.0799	0.04191	0.60909	0.23549
V659	0.02229	0.0806	0.07826	0.73161	0.08724
V660	0.06645	0.32686	0.04498	0.13583	0.42589
V661	0.04718	0.56686	0.04637	0.23875	0.10084
V662	0.04276	0.40745	0.04857	0.10279	0.39843
V663	0.74897	0.10542	0.02161	0.09407	0.02993
V664	0.03158	0.07821	0.11682	0.42303	0.35036
V665	0.03287	0.56778	0.21232	0.14091	0.04613
V666	0.09612	0.73118	0.07564	0.08315	0.01391
V667	0.03699	0.50834	0.24828	0.15336	0.05304
V668	0.50821	0.26351	0.06212	0.12744	0.03871
V669	0.39146	0.30584	0.04574	0.15578	0.10117
V670	0.09207	0.55486	0.07446	0.11144	0.16718
V671	0.57655	0.13417	0.1618	0.09975	0.02772
V672	0.089	0.13376	0.09505	0.3451	0.33709
V673	0.02566	0.07942	0.01755	0.21996	0.65741
V674	0.28417	0.2413	0.37247	0.05836	0.0437
V675	0.5408	0.095	0.04819	0.20806	0.10795
V676	0.20448	0.24144	0.38122	0.06224	0.11063
V677	0.04444	0.298	0.20252	0.38478	0.07026
V678	0.05745	0.30784	0.0375	0.13252	0.46469
V679	0.01696	0.16029	0.36206	0.42693	0.03376
V680	0.15316	0.06674	0.03327	0.39058	0.35625
V681	0.42341	0.10623	0.05027	0.32486	0.09523
V682	0.00952	0.259	0.66276	0.05225	0.01647
V683	0.06184	0.30858	0.48048	0.05798	0.09112
V684	0.05947	0.05054	0.01979	0.82362	0.04659
V685	0.01586	0.23692	0.59303	0.13099	0.0232
V686	0.25229	0.53444	0.09231	0.09295	0.028
V687	0.00837	0.1799	0.44529	0.33047	0.03596
V688	0.0089	0.25333	0.65203	0.05832	0.02742
V689	0.3914	0.15901	0.17118	0.15968	0.11873
V690	0.10523	0.72153	0.05248	0.09964	0.02112
V691	0.125	0.16168	0.05698	0.59584	0.06051
V692	0.06792	0.06767	0.02658	0.72951	0.10832
V693	0.02649	0.49569	0.37106	0.08687	0.01988
V694	0.08228	0.20502	0.05225	0.5738	0.08666
V695	0.11882	0.18483	0.14226	0.11433	0.43977
V696	0.1017	0.21162	0.53527	0.06187	0.08954
V697	0.09024	0.20517	0.26712	0.33575	0.10172
V698	0.02763	0.11452	0.16694	0.12152	0.56939
V699	0.04058	0.0696	0.05565	0.64247	0.1917
V700	0.06382	0.69897	0.10386	0.07459	0.05876
V701	0.02853	0.20406	0.03523	0.13311	0.59907
V702	0.02783	0.13856	0.02292	0.66184	0.14885
V703	0.02404	0.06009	0.03474	0.82835	0.05278
V704	0.04706	0.18927	0.32784	0.09709	0.33874
V705	0.72228	0.10988	0.01487	0.10332	0.04965
V706	0.13203	0.20277	0.14825	0.43027	0.08669
V707	0.12858	0.17017	0.08068	0.31624	0.30432
V708	0.031	0.55088	0.3365	0.06827	0.01335
V709	0.02549	0.08323	0.04828	0.14	0.703
V710	0.11072	0.18636	0.37996	0.07292	0.25004
V711	0.06973	0.06642	0.03819	0.15122	0.67444
V712	0.05449	0.21115	0.50811	0.19535	0.0309
V713	0.2124	0.42536	0.27184	0.07483	0.01557
V714	0.06376	0.06915	0.01739	0.14362	0.70607
V715	0.01685	0.36111	0.46207	0.13784	0.02213
V716	0.585	0.22065	0.02913	0.12486	0.04036
V717	0.33107	0.22213	0.12009	0.10302	0.22369
V718	0.50958	0.14823	0.21748	0.07273	0.05198
V719	0.33397	0.26839	0.10738	0.17438	0.11589
V720	0.11919	0.1183	0.09471	0.14021	0.52759
V721	0.04136	0.07878	0.06162	0.14859	0.66965
V722	0.02995	0.24276	0.06992	0.50065	0.15672
V723	0.09899	0.24103	0.11225	0.49852	0.04921
V724	0.11964	0.56237	0.06668	0.22623	0.02508
V725	0.04511	0.0708	0.0252	0.14392	0.71497
V726	0.19857	0.45169	0.07537	0.13016	0.14421
V727	0.01644	0.25149	0.64717	0.05773	0.02717
V728	0.59349	0.13158	0.1111	0.13462	0.02921
V729	0.48528	0.16543	0.03903	0.27688	0.03338
V730	0.10216	0.15842	0.30687	0.36382	0.06873
V731	0.01445	0.06843	0.06412	0.80812	0.04487
V732	0.0251	0.04202	0.02064	0.86335	0.04889
V733	0.03246	0.25941	0.63048	0.05094	0.02672
V734	0.38344	0.21037	0.27744	0.09885	0.02989
V735	0.07201	0.22936	0.20029	0.11385	0.38448
V736	0.02743	0.09966	0.02626	0.14198	0.70467
V737	0.74509	0.11024	0.02168	0.09338	0.02961
V738	0.03472	0.4209	0.04205	0.11063	0.3917
V739	0.02598	0.05421	0.01387	0.85734	0.04859
V740	0.19302	0.15559	0.10815	0.11532	0.42791
V741	0.41388	0.08898	0.01846	0.3487	0.12998
V742	0.06532	0.18997	0.41584	0.19594	0.13293
V743	0.03883	0.11746	0.08293	0.20388	0.5569
V744	0.16404	0.14283	0.15105	0.48025	0.06182
V745	0.1464	0.08059	0.05335	0.67427	0.0454
V746	0.32045	0.48857	0.06155	0.08249	0.04694
V747	0.03208	0.25663	0.62159	0.05747	0.03224
V748	0.14194	0.27527	0.24485	0.12419	0.21375
V749	0.16096	0.16362	0.11563	0.42958	0.1302
V750	0.59963	0.2253	0.02394	0.12619	0.02494
V751	0.0371	0.42152	0.44533	0.07611	0.01995
V752	0.03594	0.16792	0.04123	0.13466	0.62026
V753	0.42467	0.17079	0.20246	0.09512	0.10695
V754	0.10682	0.2965	0.028	0.53034	0.03833
V755	0.22282	0.61222	0.06835	0.07509	0.02153
V756	0.03462	0.15133	0.04033	0.17242	0.6013
V757	0.15239	0.07392	0.09518	0.63492	0.04359
V758	0.06564	0.38154	0.02481	0.49178	0.03623
V759	0.09227	0.11352	0.10345	0.11569	0.57508
V760	0.07483	0.13254	0.18826	0.29102	0.31334
V761	0.05669	0.36038	0.50284	0.06003	0.02007
V762	0.02286	0.12488	0.1575	0.41315	0.2816
V763	0.03988	0.27228	0.03006	0.11906	0.53873
V764	0.10226	0.11623	0.08426	0.64757	0.04969
V765	0.13853	0.2143	0.47258	0.09507	0.07952
V766	0.0706	0.46582	0.23126	0.1126	0.11971
V767	0.24272	0.43546	0.08097	0.11993	0.12093
V768	0.06557	0.71183	0.08174	0.12017	0.0207
V769	0.57484	0.1387	0.15624	0.0769	0.05331
V770	0.24003	0.17754	0.37283	0.18318	0.02642
V771	0.06955	0.6267	0.04123	0.16522	0.0973
V772	0.04749	0.25275	0.6271	0.05672	0.01594
V773	0.04176	0.06268	0.01612	0.27053	0.60891
V774	0.13335	0.18354	0.41047	0.06829	0.20435
V775	0.6969	0.09912	0.03065	0.13491	0.03842
V776	0.30082	0.40851	0.15601	0.09474	0.03992
V777	0.18292	0.38574	0.22059	0.15712	0.05364
V778	0.43752	0.12069	0.02557	0.2634	0.15282
V779	0.06397	0.44037	0.39952	0.07075	0.0254
V780	0.02413	0.2488	0.65332	0.05744	0.01631
V781	0.15943	0.33271	0.16848	0.08221	0.25717
V782	0.21193	0.25633	0.04038	0.10845	0.38291
V783	0.01012	0.19712	0.48549	0.08849	0.21879
V784	0.03708	0.53532	0.03103	0.30703	0.08953
V785	0.56956	0.18288	0.01569	0.16737	0.0645
V786	0.14709	0.20691	0.03079	0.56231	0.0529
V787	0.12885	0.51809	0.02974	0.25039	0.07293
V788	0.32668	0.39457	0.08453	0.07722	0.117
V789	0.02267	0.17542	0.02509	0.44304	0.33378
V790	0.24647	0.25133	0.07392	0.18327	0.24501
V791	0.16101	0.24443	0.08278	0.25094	0.26084
V792	0.72465	0.11594	0.03241	0.08881	0.03818
V793	0.28532	0.27969	0.06697	0.16407	0.20396
V794	0.02765	0.0999	0.10486	0.2559	0.51169
V795	0.13149	0.70504	0.05182	0.08434	0.0273
V796	0.25342	0.38687	0.11441	0.20124	0.04406
V797	0.14258	0.06274	0.01559	0.14643	0.63266
V798	0.12637	0.45893	0.03484	0.16418	0.21568
V799	0.0357	0.1797	0.05951	0.64909	0.07601
V800	0.04137	0.07464	0.03073	0.22749	0.62577
V801	0.30834	0.09839	0.11366	0.42518	0.05444
V802	0.04645	0.22023	0.03517	0.12896	0.5692
V803	0.25713	0.0841	0.01911	0.58389	0.05577
V804	0.16795	0.22105	0.17824	0.36923	0.06352
V805	0.12319	0.2466	0.34738	0.19623	0.0866
V806	0.3822	0.13143	0.17078	0.13029	0.1853
V807	0.56905	0.10412	0.06695	0.12603	0.13385
V808	0.6525	0.10824	0.05429	0.08913	0.09584
V809	0.18546	0.53326	0.0506	0.10898	0.12169
V810	0.03518	0.10712	0.05059	0.48937	0.31774
V811	0.06007	0.14282	0.0389	0.20618	0.55203
V812	0.03429	0.58697	0.19746	0.14154	0.03975
V813	0.03919	0.27452	0.20316	0.09284	0.3903
V814	0.17869	0.48556	0.08394	0.21411	0.0377
V815	0.21341	0.57974	0.05932	0.12477	0.02276
V816	0.03209	0.44272	0.03431	0.4377	0.05318
V817	0.60493	0.14516	0.13025	0.09633	0.02333
V818	0.04286	0.28554	0.30328	0.10488	0.26343
V819	0.71931	0.11292	0.02639	0.11281	0.02858
V820	0.06763	0.3481	0.12575	0.4072	0.05132
V821	0.02815	0.06978	0.01874	0.15069	0.73264
V822	0.16494	0.06605	0.02554	0.70217	0.0413
V823	0.05273	0.17812	0.20585	0.09971	0.46358
V824	0.07946	0.09551	0.03864	0.13144	0.65496
V825	0.11949	0.19733	0.46923	0.19362	0.02033
V826	0.03909	0.24643	0.62874	0.06952	0.01622
V827	0.29579	0.17361	0.01592	0.4073	0.10738
V828	0.21386	0.20099	0.10936	0.14293	0.33286
V829	0.08287	0.191	0.26193	0.21954	0.24467
V830	0.12011	0.21483	0.49897	0.07556	0.09053
V831	0.04056	0.62943	0.07808	0.21511	0.03682
V832	0.19014	0.07659	0.0755	0.29941	0.35836
V833	0.1834	0.64982	0.0421	0.0781	0.04658
V834	0.58717	0.19451	0.04597	0.1048	0.06755
V835	0.21616	0.29279	0.09708	0.30551	0.08846
V836	0.28815	0.20911	0.33497	0.14266	0.02511
V837	0.04707	0.70845	0.05211	0.11751	0.07487
V838	0.01356	0.05891	0.07823	0.79838	0.05093
V839	0.04931	0.10651	0.08343	0.12562	0.63514
V840	0.71054	0.10924	0.03722	0.11019	0.03281
V841	0.17294	0.22654	0.52082	0.05813	0.02158
V842	0.40745	0.1523	0.17472	0.23006	0.03546
V843	0.37652	0.11441	0.13532	0.14405	0.22969
V844	0.02099	0.31902	0.55552	0.07255	0.03192
V845	0.03498	0.05118	0.01365	0.62845	0.27174
V846	0.10918	0.11932	0.10245	0.16148	0.50758
V847	0.19241	0.08178	0.06201	0.21214	0.45166
V848	0.58402	0.11479	0.01897	0.16404	0.11819
V849	0.11252	0.23781	0.51045	0.06165	0.07757
V850	0.18048	0.15647	0.2463	0.19861	0.21814
V851	0.74599	0.10276	0.01555	0.10042	0.03528
V852	0.21216	0.1316	0.08465	0.23834	0.33325
V853	0.03503	0.26601	0.46028	0.16765	0.07103
V854	0.04857	0.36787	0.23054	0.14208	0.21095
V855	0.09736	0.36326	0.10301	0.34591	0.09046
V856	0.14949	0.37666	0.07383	0.09176	0.30826
V857	0.07457	0.12658	0.15568	0.4305	0.21267
V858	0.03143	0.35442	0.18389	0.25594	0.17431
V859	0.12041	0.06529	0.03248	0.71506	0.06675
V860	0.04323	0.16979	0.07359	0.63132	0.08207
V861	0.12574	0.10055	0.11921	0.61243	0.04207
V862	0.07668	0.07058	0.03684	0.20577	0.61012
V863	0.05309	0.77105	0.05558	0.08646	0.03381
V864	0.03816	0.23314	0.60944	0.10217	0.01708
V865	0.07043	0.19266	0.46794	0.24716	0.02182
V866	0.0321	0.21926	0.47422	0.23658	0.03784
V867	0.48092	0.10557	0.01988	0.09862	0.29501
V868	0.18685	0.299	0.32453	0.15441	0.03521
V869	0.03454	0.06673	0.04016	0.14977	0.7088
V870	0.23357	0.20709	0.08641	0.29017	0.18276
V871	0.04653	0.12448	0.10523	0.19023	0.53353
V872	0.32241	0.09759	0.02536	0.48387	0.07077
V873	0.05666	0.32437	0.14899	0.39202	0.07796
V874	0.0987	0.10576	0.02408	0.13715	0.63432
V875	0.02132	0.19337	0.03931	0.51845	0.22754
V876	0.40106	0.13621	0.0663	0.10587	0.29056
V877	0.21079	0.54141	0.06455	0.15367	0.02959
V878	0.03847	0.58721	0.06916	0.27255	0.0326
V879	0.70173	0.12801	0.02642	0.11108	0.03275
V880	0.08121	0.12235	0.0429	0.45937	0.29417
V881	0.01928	0.18056	0.42586	0.07681	0.29748
V882	0.04809	0.41001	0.03979	0.47353	0.02857
V883	0.42444	0.20461	0.02875	0.23725	0.10493
V884	0.02804	0.06236	0.01861	0.15948	0.73151
V885	0.14132	0.19698	0.31698	0.16096	0.18377
V886	0.02102	0.0609	0.04498	0.31257	0.56053
V887	0.09757	0.73702	0.04613	0.07908	0.0402
V888	0.05975	0.13755	0.06447	0.65506	0.08316
V889	0.11954	0.68455	0.07227	0.09668	0.02696
V890	0.03745	0.09183	0.13	0.61749	0.12322
V891	0.00996	0.26893	0.63998	0.06487	0.01625
V892	0.49396	0.25832	0.03691	0.08874	0.12208
V893	0.12183	0.28998	0.39942	0.12541	0.06336
V894	0.09484	0.462	0.06997	0.31212	0.06107
V895	0.51199	0.14974	0.22282	0.08923	0.02623
V896	0.17614	0.2659	0.20859	0.31919	0.03018
V897	0.01476	0.051	0.04891	0.74798	0.13735
V898	0.34687	0.08126	0.02644	0.12859	0.41684
V899	0.46712	0.31982	0.09161	0.07405	0.04741
V900	0.21103	0.28515	0.23747	0.2278	0.03855
