mature.neutrophil	CD14.pos.CD16.neg.classical.monocyte	macrophage	memory.CD4.pos.AB.T.cell	cytotoxic.CD56.dim.NK.cell
V1	0.28633	0.2054	0.21118	0.17522	0.12187
V2	0.07341	0.69399	0.0862	0.11115	0.03524
V3	0.05405	0.15232	0.33764	0.43703	0.01896
V4	0.01338	0.09816	0.19632	0.10073	0.59142
V5	0.01808	0.0467	0.06059	0.15346	0.72117
V6	0.28481	0.13756	0.21938	0.25942	0.09883
V7	0.00885	0.15615	0.33788	0.11226	0.38486
V8	0.0095	0.24598	0.63322	0.09735	0.01396
V9	0.04466	0.10399	0.20709	0.63182	0.01243
V10	0.39694	0.19067	0.35249	0.02753	0.03238
V11	0.03553	0.07192	0.095	0.11689	0.68066
V12	0.07039	0.09864	0.18115	0.33577	0.31405
V13	0.11504	0.08278	0.04095	0.45777	0.30346
V14	0.13491	0.06342	0.06647	0.65509	0.08011
V15	0.01414	0.05088	0.0089	0.90178	0.0243
V16	0.48969	0.11996	0.01894	0.35772	0.01369
V17	0.06869	0.21676	0.03069	0.1116	0.57227
V18	0.08594	0.40698	0.23658	0.26044	0.01005
V19	0.0303	0.03871	0.01203	0.17121	0.74775
V20	0	0.1997	0.53379	0.2458	0.02072
V21	0.0233	0.25572	0.12722	0.21172	0.38205
V22	0.71138	0.15578	0.06122	0.03763	0.03399
V23	0.07405	0.05331	0.03031	0.18514	0.65719
V24	0.4135	0.14907	0.02819	0.09245	0.31679
V25	0.02093	0.05512	0.02284	0.4659	0.43522
V26	0.43227	0.22056	0.06378	0.0855	0.1979
V27	0.12996	0.46332	0.18494	0.04951	0.17226
V28	0.02262	0.13597	0.16846	0.64056	0.03239
V29	0	0.11081	0.2594	0.61012	0.01967
V30	0.64763	0.15615	0.03117	0.06593	0.09912
V31	0.37668	0.16291	0.02194	0.2771	0.16136
V32	0.79579	0.08898	0.01143	0.04666	0.05714
V33	0.02709	0.17801	0.0298	0.17097	0.59413
V34	0.15091	0.7576	0.04203	0.04946	0
V35	0.10629	0.57005	0.25635	0.06731	0
V36	0.02945	0.20134	0.15405	0.13863	0.47652
V37	0.65356	0.07375	0.0052	0.05916	0.20833
V38	0.10565	0.17059	0.3664	0.22623	0.13112
V39	0.28403	0.15744	0.26227	0.05253	0.24373
V40	0.23947	0.53061	0.04211	0.15873	0.02907
V41	0.07252	0.75758	0.05068	0.04931	0.06991
V42	0.74238	0.11521	0.02342	0.05127	0.06773
V43	0.41684	0.23375	0.27405	0.05747	0.0179
V44	0.03665	0.36746	0.45478	0.03636	0.10475
V45	0.04884	0.58946	0.11914	0.2059	0.03665
V46	0.13805	0.67549	0.09953	0.07644	0.01049
V47	0.0013	0.26024	0.69117	0.02527	0.02202
V48	0.14762	0.18772	0.18583	0.3626	0.11623
V49	0.40219	0.21677	0.18786	0.17598	0.0172
V50	0.02068	0.26698	0.67396	0.02409	0.01429
V51	0.10177	0.27819	0.17947	0.1078	0.33277
V52	0.07996	0.8224	0.04668	0.05097	0
V53	0.02241	0.15833	0.01986	0.7883	0.0111
V54	0.18676	0.04927	0.01876	0.5801	0.16511
V55	0.05991	0.04026	0.00768	0.87557	0.01657
V56	0.05925	0.03396	0.01363	0.78745	0.10572
V57	0.14055	0.26067	0.42885	0.05859	0.11135
V58	0.06493	0.06429	0.12016	0.24916	0.50147
V59	0.72866	0.12116	0.07705	0.05021	0.02292
V60	0.38009	0.23327	0.11463	0.16761	0.10439
V61	0.17521	0.05634	0.03329	0.27252	0.46264
V62	0.05385	0.12409	0.24561	0.17574	0.40071
V63	0.36914	0.25807	0.06693	0.08125	0.22461
V64	0.80232	0.10512	0.0241	0.04293	0.02554
V65	0.07454	0.10392	0.04264	0.65133	0.12758
V66	0.01897	0.072	0.11275	0.77522	0.02106
V67	0.00973	0.12173	0.27438	0.13938	0.45478
V68	0.39097	0.15912	0.29989	0.06985	0.08017
V69	0.51137	0.20095	0.16518	0.05739	0.06512
V70	0.07519	0.61445	0.07279	0.22611	0.01146
V71	0.11739	0.688	0.0769	0.11603	0.00167
V72	0.04748	0.34132	0.04379	0.09172	0.47569
V73	0.04915	0.06391	0.08943	0.60472	0.1928
V74	0.00712	0.07779	0.01655	0.82343	0.0751
V75	0.41453	0.26841	0.24994	0.044	0.02311
V76	0.00354	0.04067	0.02204	0.8721	0.06166
V77	0.01858	0.24751	0.65502	0.0645	0.0144
V78	0.00171	0.26208	0.68116	0.03336	0.0217
V79	0.08338	0.34873	0.05601	0.19781	0.31407
V80	0.14691	0.63551	0.03513	0.10444	0.07801
V81	0.01053	0.26008	0.69021	0.02431	0.01487
V82	0.21007	0.16779	0.03681	0.56841	0.01691
V83	0.08586	0.09804	0.02872	0.58562	0.20176
V84	0.09423	0.154	0.02095	0.11643	0.61439
V85	0.00122	0.26014	0.69079	0.0329	0.01495
V86	0.02357	0.28273	0.25872	0.42111	0.01387
V87	0.3879	0.07919	0.04272	0.46247	0.02772
V88	0.28062	0.17828	0.05686	0.24314	0.24109
V89	0.04174	0.28553	0.59664	0.06404	0.01205
V90	0.02475	0.17498	0.06434	0.16513	0.57081
V91	0.00185	0.05707	0.07097	0.8547	0.01542
V92	0.2175	0.0782	0.0347	0.11352	0.55609
V93	0.00777	0.1305	0.13993	0.55253	0.16926
V94	0.04007	0.15873	0.03384	0.30413	0.46324
V95	0.06589	0.20493	0.03621	0.16858	0.52438
V96	0.67683	0.0915	0.02799	0.07066	0.13302
V97	0.14895	0.07199	0.04864	0.17497	0.55544
V98	0.05707	0.35503	0.17311	0.17528	0.23951
V99	0.45331	0.15474	0.01481	0.26521	0.11192
V100	0.47695	0.19021	0.05443	0.0986	0.17981
V101	0.08993	0.80651	0.05345	0.05012	0
V102	0.2832	0.25773	0.12675	0.15245	0.17987
V103	0.12203	0.03283	0.01635	0.12304	0.70575
V104	0.05511	0.36417	0.09582	0.08705	0.39785
V105	0.01888	0.04899	0.04671	0.16358	0.72184
V106	0.07014	0.68034	0.17398	0.04813	0.02741
V107	0.04951	0.34119	0.51781	0.0754	0.0161
V108	0.01982	0.33639	0.60817	0.0248	0.01082
V109	0.05896	0.2036	0.06256	0.33583	0.33905
V110	0.17831	0.46504	0.18213	0.1586	0.01592
V111	0.25723	0.32154	0.3785	0.03359	0.00914
V112	0.15638	0.06695	0.09374	0.49993	0.18301
V113	0.21275	0.07418	0.09428	0.20546	0.41333
V114	0.49259	0.13038	0.05048	0.21515	0.11139
V115	0.74502	0.08147	0.01056	0.05649	0.10646
V116	0.02177	0.03222	0.0127	0.1437	0.78961
V117	0.04512	0.22882	0.58646	0.10572	0.03387
V118	0.03175	0.03839	0.00803	0.88993	0.0319
V119	0.27298	0.16027	0.29729	0.25694	0.01251
V120	0.00883	0.22252	0.59376	0.13343	0.04146
V121	0.22289	0.62804	0.03388	0.05446	0.06074
V122	0.03839	0.34481	0.09391	0.29898	0.22392
V123	0.42264	0.10863	0.07014	0.23167	0.16691
V124	0.19466	0.13709	0.06302	0.27522	0.33
V125	0.04872	0.47646	0.42669	0.03696	0.01117
V126	0.14476	0.22476	0.19007	0.16158	0.27884
V127	0.23501	0.19762	0.4711	0.0764	0.01986
V128	0.23602	0.66864	0.04355	0.04062	0.01117
V129	0.23152	0.13694	0.21614	0.21029	0.20512
V130	0.03783	0.43311	0.06119	0.29846	0.16941
V131	0.00899	0.09386	0.18486	0.69928	0.01301
V132	0.31134	0.06461	0.00643	0.38461	0.233
V133	0.00591	0.19397	0.42969	0.12478	0.24565
V134	0.0652	0.22806	0.56986	0.05395	0.08294
V135	0.02382	0.26861	0.54295	0.05829	0.10633
V136	0.82216	0.09339	0.01214	0.04551	0.0268
V137	0.76464	0.10845	0.01171	0.07213	0.04306
V138	0.22804	0.16685	0.07839	0.18911	0.33761
V139	0.10286	0.0764	0.13085	0.66987	0.02001
V140	0.03223	0.06606	0.1365	0.11037	0.65484
V141	0.02066	0.3341	0.50135	0.12781	0.01608
V142	0.18547	0.12075	0.26006	0.16991	0.26381
V143	0.02074	0.28094	0.38974	0.17737	0.13121
V144	0.45079	0.23295	0.07049	0.16497	0.0808
V145	0.00164	0.25731	0.67042	0.04214	0.0285
V146	0.03779	0.29135	0.02583	0.38534	0.25968
V147	0.08599	0.23998	0.50221	0.13257	0.03925
V148	0.18511	0.68164	0.04449	0.07838	0.01038
V149	0.00414	0.03659	0.00862	0.89583	0.05483
V150	0.13449	0.31082	0.45042	0.03147	0.07281
V151	0.37279	0.06878	0.01753	0.434	0.10689
V152	0.01024	0.05879	0.09776	0.75927	0.07394
V153	0.15701	0.27443	0.36398	0.08476	0.11983
V154	0.13292	0.51101	0.0499	0.08778	0.21839
V155	0.02807	0.07229	0.11231	0.76661	0.02072
V156	0.08881	0.15047	0.31208	0.18982	0.25882
V157	0.08386	0.10744	0.1442	0.32316	0.34134
V158	0.17263	0.14832	0.3419	0.08939	0.24776
V159	0.10494	0.20148	0.02675	0.62916	0.03767
V160	0.4075	0.19304	0.0903	0.09412	0.21505
V161	0.19639	0.07243	0.06107	0.09807	0.57205
V162	0.00199	0.26656	0.69199	0.02469	0.01477
V163	0.05703	0.03739	0.02452	0.15542	0.72564
V164	0.78884	0.12469	0.01896	0.04914	0.01838
V165	0.54084	0.23687	0.08127	0.09052	0.0505
V166	0.045	0.09147	0.19279	0.59168	0.07906
V167	0.05024	0.54947	0.04624	0.20173	0.15231
V168	0.00199	0.26656	0.69199	0.02469	0.01477
V169	0.07082	0.61002	0.17639	0.13078	0.012
V170	0.23761	0.34541	0.06707	0.24464	0.10527
V171	0.26403	0.1958	0.28313	0.20505	0.05199
V172	0.1746	0.22011	0.07637	0.09767	0.43126
V173	0.18897	0.13941	0.08396	0.43673	0.15094
V174	0.18464	0.12657	0.27537	0.23241	0.18101
V175	0.07469	0.16828	0.11239	0.24068	0.40395
V176	0.31772	0.06495	0.01194	0.59086	0.01452
V177	0.16979	0.19656	0.41888	0.19588	0.01889
V178	0.23952	0.187	0.34702	0.14498	0.08148
V179	0.0959	0.04397	0.01732	0.1255	0.71732
V180	0.02777	0.12529	0.27917	0.08373	0.48405
V181	0.07013	0.23566	0.01818	0.14326	0.53277
V182	0.50619	0.22744	0.01767	0.20439	0.04431
V183	0.10135	0.81006	0.04552	0.04308	0
V184	0.26935	0.12762	0.23154	0.33877	0.03272
V185	0.1109	0.41323	0.04469	0.20955	0.22163
V186	0.12786	0.17569	0.03875	0.31216	0.34555
V187	0.09579	0.5811	0.03269	0.28613	0.00429
V188	0.70742	0.11019	0.03429	0.12556	0.02254
V189	0.40832	0.23573	0.04471	0.29521	0.01602
V190	0.36196	0.1537	0.1786	0.06918	0.23655
V191	0.19991	0.20433	0.0191	0.46845	0.10822
V192	0.28838	0.21668	0.11675	0.25495	0.12323
V193	0.06906	0.29948	0.41479	0.07947	0.1372
V194	0.23786	0.10457	0.08177	0.17012	0.40567
V195	0.50077	0.24253	0.19472	0.0445	0.01749
V196	0.0177	0.0401	0.06031	0.15423	0.72765
V197	0.09723	0.77653	0.04366	0.08258	0
V198	0.21618	0.21482	0.04607	0.26054	0.26238
V199	0.65042	0.1334	0.1698	0.03046	0.01591
V200	0.65436	0.07858	0.03317	0.07266	0.16123
V201	0.03133	0.03584	0.0272	0.73739	0.16824
V202	0.79019	0.12704	0.00749	0.05063	0.02465
V203	0.48641	0.24797	0.03775	0.10297	0.1249
V204	0.30904	0.11409	0.04094	0.08367	0.45227
V205	0.10833	0.0877	0.10596	0.15333	0.54468
V206	0.03726	0.1054	0.01062	0.80395	0.04277
V207	0.01414	0.05088	0.0089	0.90178	0.0243
V208	0.14819	0.30232	0.37943	0.08225	0.08781
V209	0.14592	0.07875	0.08972	0.12	0.56561
V210	0.00123	0.25738	0.68613	0.03342	0.02184
V211	0.14381	0.10638	0.17092	0.10683	0.47206
V212	0.08134	0.6679	0.10775	0.09055	0.05245
V213	0.09417	0.04764	0.06103	0.32288	0.47429
V214	0.03634	0.53386	0.35585	0.04992	0.02403
V215	0.23284	0.2383	0.12688	0.13502	0.26697
V216	0.05533	0.1378	0.26629	0.10862	0.43195
V217	0.00315	0.03585	0.02847	0.84847	0.08406
V218	0.06912	0.23581	0.24061	0.37052	0.08395
V219	0.12224	0.31923	0.31629	0.22863	0.01361
V220	0.21887	0.64397	0.08724	0.04629	0.00365
V221	0.04354	0.19059	0.39005	0.0663	0.30951
V222	0.03023	0.03441	0.01902	0.14696	0.76938
V223	0.43782	0.14225	0.24135	0.15225	0.02633
V224	0.05511	0.46817	0.04879	0.15074	0.27719
V225	0.62624	0.21377	0.10873	0.03259	0.01866
V226	0.46541	0.46103	0.02432	0.03867	0.01058
V227	0.08834	0.22924	0.02171	0.62354	0.03717
V228	0.48872	0.14812	0.21119	0.10631	0.04567
V229	0.25574	0.39622	0.23299	0.0819	0.03314
V230	0.02993	0.02784	0.01893	0.14824	0.77506
V231	0.07643	0.52243	0.08197	0.23898	0.0802
V232	0.67604	0.1261	0.14338	0.0383	0.01617
V233	0.05896	0.08521	0.1295	0.17373	0.55261
V234	0.0232	0.35754	0.19632	0.39668	0.02627
V235	0.81169	0.09553	0.00628	0.06636	0.02014
V236	0.07231	0.19061	0.46975	0.21308	0.05425
V237	0.11245	0.15715	0.2163	0.34648	0.16762
V238	0.01428	0.03298	0.01687	0.3645	0.57138
V239	0.0722	0.352	0.06353	0.24264	0.26964
V240	0.09307	0.73922	0.04933	0.06622	0.05216
V241	0.08072	0.8287	0.04698	0.0436	0
V242	0.03794	0.33314	0.25716	0.3139	0.05786
V243	0.40419	0.14218	0.252	0.06914	0.13249
V244	0.04003	0.37882	0.18356	0.13988	0.2577
V245	0.07439	0.78751	0.06894	0.06916	0
V246	0.55836	0.26023	0.03776	0.05102	0.09263
V247	0.17376	0.25155	0.45505	0.08135	0.03829
V248	0.11318	0.51669	0.05081	0.07315	0.24617
V249	0.22693	0.14223	0.17145	0.15284	0.30655
V250	0.02146	0.20494	0.48542	0.07752	0.21066
V251	0.1857	0.08555	0.07996	0.59358	0.05521
V252	0.02487	0.24267	0.42737	0.18207	0.12302
V253	0.30102	0.49912	0.09741	0.08724	0.0152
V254	0.49455	0.33825	0.01752	0.12903	0.02065
V255	0.70304	0.13527	0.00719	0.06807	0.08642
V256	0.06137	0.6604	0.05255	0.0664	0.15928
V257	0.40349	0.30663	0.13227	0.07859	0.07902
V258	0.15356	0.28686	0.05822	0.48818	0.01317
V259	0.47956	0.29741	0.15402	0.04012	0.02889
V260	0.23505	0.09515	0.0952	0.15301	0.42158
V261	0.0186	0.16368	0.39101	0.3104	0.11631
V262	0.76164	0.11402	0.04703	0.05336	0.02396
V263	0.67981	0.13765	0.01828	0.1493	0.01496
V264	0.09501	0.76475	0.05099	0.08925	0
V265	0.69929	0.15564	0.06703	0.05698	0.02106
V266	0.02574	0.04744	0.0806	0.14091	0.70531
V267	0.05391	0.03501	0.01667	0.2512	0.64322
V268	0.19471	0.39157	0.1389	0.22711	0.04772
V269	0.08795	0.34859	0.30002	0.22895	0.03448
V270	0.03976	0.04772	0.03476	0.86198	0.01578
V271	0.25175	0.61197	0.03981	0.06841	0.02806
V272	0.13299	0.70763	0.0622	0.06218	0.03499
V273	0.24987	0.10249	0.14356	0.3551	0.14899
V274	0.09039	0.07304	0.04285	0.2758	0.51792
V275	0.0608	0.61683	0.1695	0.14109	0.01177
V276	0.00865	0.1994	0.50888	0.24897	0.03411
V277	0.30947	0.19079	0.42659	0.03393	0.03922
V278	0.00316	0.13707	0.26857	0.47314	0.11806
V279	0.12534	0.04751	0.01939	0.74925	0.0585
V280	0.16816	0.06869	0.03882	0.62867	0.09567
V281	0.02475	0.20499	0.04929	0.70519	0.01578
V282	0.09136	0.81906	0.04618	0.0434	0
V283	0.31971	0.08306	0.09828	0.09824	0.4007
V284	0.02831	0.24339	0.41736	0.05244	0.25849
V285	0.49821	0.39861	0.02028	0.07053	0.01237
V286	0.07313	0.24323	0.6005	0.0631	0.02004
V287	0.21633	0.13284	0.14076	0.32745	0.18262
V288	0.17839	0.19438	0.4591	0.04279	0.12534
V289	0.14448	0.20626	0.03323	0.60078	0.01525
V290	0.40966	0.42112	0.13196	0.03264	0.00463
V291	0.36463	0.20292	0.01779	0.39777	0.01689
V292	0.10972	0.15441	0.31664	0.09281	0.32642
V293	0.00611	0.29221	0.60079	0.07515	0.02574
V294	0.02124	0.03433	0.01966	0.14137	0.7834
V295	0.01031	0.1298	0.25854	0.52321	0.07814
V296	0.73658	0.15671	0.00846	0.05707	0.04119
V297	0.01824	0.21761	0.56424	0.15159	0.04831
V298	0.25364	0.05316	0.01194	0.57243	0.10884
V299	0.22934	0.04849	0.01828	0.68917	0.01472
V300	0.82296	0.09702	0.00668	0.0528	0.02054
V301	0.79976	0.09008	0.01144	0.07272	0.026
V302	0.01139	0.03305	0.01597	0.47799	0.4616
V303	0.10326	0.21151	0.18286	0.22854	0.27384
V304	0.16504	0.23426	0.5356	0.0326	0.0325
V305	0.20209	0.29582	0.0941	0.16421	0.24378
V306	0.34204	0.55692	0.0295	0.05725	0.01429
V307	0.19974	0.11639	0.21176	0.45938	0.01273
V308	0.20156	0.2033	0.47472	0.10088	0.01954
V309	0.55463	0.12685	0.04877	0.16085	0.10889
V310	0.03806	0.04727	0.01809	0.20413	0.69245
V311	0.01107	0.04183	0.04237	0.88081	0.02393
V312	0.08933	0.27344	0.21769	0.0672	0.35234
V313	0.06436	0.25435	0.03018	0.38323	0.26788
V314	0.07561	0.04307	0.01476	0.44186	0.4247
V315	0.80086	0.09175	0.0173	0.04529	0.0448
V316	0.12085	0.50739	0.23638	0.07262	0.06276
V317	0.33059	0.22873	0.37505	0.03429	0.03133
V318	0.76752	0.08523	0.01088	0.04844	0.08793
V319	0.09399	0.26105	0.59327	0.03875	0.01294
V320	0.06823	0.03625	0.01371	0.85834	0.02347
V321	0.12944	0.3484	0.25952	0.23612	0.02652
V322	0.01585	0.34379	0.4562	0.08607	0.09808
V323	0.22589	0.29578	0.34202	0.05688	0.07943
V324	0.03238	0.07613	0.04292	0.82715	0.02142
V325	0.54044	0.16157	0.07632	0.1556	0.06606
V326	0.05178	0.05479	0.05744	0.22406	0.61193
V327	0.32085	0.43894	0.11465	0.0637	0.06185
V328	0.04675	0.28009	0.15014	0.50255	0.02048
V329	0.00211	0.15749	0.30264	0.51942	0.01835
V330	0.07337	0.24362	0.6014	0.02735	0.05426
V331	0.12721	0.0756	0.08337	0.17104	0.54278
V332	0.39363	0.1977	0.33412	0.03581	0.03873
V333	0.34318	0.14748	0.23742	0.18989	0.08203
V334	0.04429	0.35804	0.43983	0.11463	0.0432
V335	0.61191	0.13029	0.07235	0.07873	0.10671
V336	0.17341	0.52965	0.24894	0.0327	0.0153
V337	0.01694	0.03525	0.02459	0.25716	0.66605
V338	0.60344	0.12213	0.12235	0.05979	0.0923
V339	0.21485	0.48612	0.18162	0.03965	0.07777
V340	0.04045	0.17741	0.1073	0.13955	0.53529
V341	0.03102	0.48731	0.38229	0.04294	0.05643
V342	0.25429	0.25588	0.34141	0.13816	0.01026
V343	0.57898	0.14487	0.2189	0.04209	0.01516
V344	0.12481	0.64886	0.07397	0.07431	0.07805
V345	0.19778	0.07745	0.01434	0.34368	0.36675
V346	0.0367	0.32874	0.2713	0.32848	0.03478
V347	0.08865	0.43464	0.0458	0.39126	0.03966
V348	0.01727	0.23194	0.35404	0.272	0.12474
V349	0.06641	0.36945	0.42515	0.05093	0.08805
V350	0.1123	0.36669	0.09311	0.29466	0.13324
V351	0.15159	0.16716	0.32688	0.32947	0.02491
V352	0.1179	0.51769	0.31685	0.03891	0.00865
V353	0.2463	0.2939	0.05051	0.10835	0.30094
V354	0.47899	0.17391	0.30608	0.02661	0.01441
V355	0.07357	0.12915	0.26156	0.51708	0.01864
V356	0.08244	0.23945	0.58897	0.04895	0.04019
V357	0.04221	0.17828	0.39695	0.08109	0.30147
V358	0.02269	0.06628	0.03605	0.85281	0.02216
V359	0.04692	0.11556	0.01741	0.80765	0.01246
V360	0.59583	0.12697	0.07863	0.18441	0.01415
V361	0.33085	0.43432	0.09948	0.04281	0.09254
V362	0.68616	0.10468	0.08251	0.04093	0.08572
V363	0.03686	0.05343	0.01781	0.24406	0.64785
V364	0.04161	0.24896	0.03679	0.50224	0.17041
V365	0.00361	0.03904	0.01544	0.90194	0.03998
V366	0.18139	0.20902	0.43431	0.09378	0.08149
V367	0.20796	0.2504	0.18122	0.21129	0.14912
V368	0.63751	0.16246	0.10522	0.0494	0.04541
V369	0.0545	0.58184	0.23792	0.12574	0
V370	0.02328	0.17392	0.11335	0.41398	0.27546
V371	0.08624	0.79011	0.08525	0.0384	0
V372	0.54874	0.15136	0.12013	0.14765	0.03212
V373	0.13174	0.57004	0.14657	0.14653	0.00512
V374	0.08581	0.16159	0.2933	0.4479	0.01139
V375	0.25394	0.19836	0.43415	0.10016	0.01338
V376	0.01691	0.12614	0.32183	0.08657	0.44855
V377	0.09415	0.45986	0.20135	0.23624	0.0084
V378	0.14392	0.49407	0.17846	0.0464	0.13716
V379	0.03253	0.06057	0.10084	0.17049	0.63557
V380	0.01523	0.11159	0.14595	0.53237	0.19486
V381	0.1439	0.07272	0.0171	0.11283	0.65345
V382	0.36346	0.05193	0.01125	0.34338	0.22998
V383	0.02633	0.10537	0.21515	0.64067	0.01249
V384	0.24932	0.1219	0.13757	0.43693	0.05427
V385	0.0908	0.10434	0.01945	0.11662	0.6688
V386	0.5591	0.07709	0.01067	0.33748	0.01566
V387	0.23327	0.06555	0.01265	0.65369	0.03483
V388	0.07854	0.72855	0.07253	0.11977	0.00061
V389	0.14927	0.66438	0.05168	0.08239	0.05227
V390	0.15584	0.04642	0.01264	0.68903	0.09607
V391	0.62957	0.17811	0.00903	0.11795	0.06533
V392	0.80456	0.11276	0.01282	0.05055	0.0193
V393	0.08825	0.09143	0.12677	0.5501	0.14346
V394	0.60344	0.08465	0.02786	0.19628	0.08777
V395	0.00011	0.12594	0.29017	0.56439	0.0194
V396	0.46295	0.1808	0.3091	0.02715	0.02001
V397	0.58534	0.1759	0.03873	0.15485	0.04517
V398	0.05542	0.07523	0.1403	0.64965	0.0794
V399	0.04319	0.05179	0.01042	0.35157	0.54303
V400	0.17018	0.47269	0.16031	0.19611	0.00072
V401	0.26946	0.19774	0.45857	0.06053	0.01369
V402	0.3149	0.17932	0.33108	0.10123	0.07347
V403	0.14396	0.09181	0.01076	0.22135	0.53212
V404	0.00225	0.17904	0.37438	0.39729	0.04704
V405	0.31569	0.25518	0.07452	0.26451	0.09011
V406	0.0205	0.26202	0.66413	0.0252	0.02814
V407	0.74454	0.1207	0.03544	0.08215	0.01716
V408	0.0406	0.31652	0.02715	0.32816	0.28758
V409	0.09678	0.05842	0.06047	0.68808	0.09626
V410	0.11908	0.20975	0.26389	0.10023	0.30705
V411	0.02145	0.03206	0.01254	0.15166	0.78228
V412	0.03037	0.16515	0.1216	0.1157	0.56718
V413	0.02743	0.25497	0.14182	0.4144	0.16138
V414	0.04081	0.09345	0.01082	0.52508	0.32984
V415	0.15797	0.03532	0.01552	0.1172	0.67399
V416	0.10505	0.10344	0.03069	0.2315	0.52933
V417	0.00996	0.21364	0.55915	0.15432	0.06294
V418	0.52129	0.35272	0.03691	0.0545	0.03458
V419	0.22548	0.06362	0.02668	0.19987	0.48435
V420	0.21111	0.06648	0.09359	0.12802	0.50081
V421	0.01514	0.06466	0.11635	0.14754	0.65631
V422	0.0134	0.05452	0.04891	0.7384	0.14477
V423	0.25664	0.25196	0.23626	0.2259	0.02924
V424	0.00739	0.15182	0.38575	0.07009	0.38495
V425	0.33295	0.32694	0.01818	0.07172	0.2502
V426	0.21539	0.18089	0.0307	0.49634	0.07668
V427	0.22657	0.5686	0.16471	0.03393	0.00618
V428	0.11187	0.56197	0.09942	0.14772	0.07903
V429	0.15064	0.67469	0.03721	0.11899	0.01847
V430	0.03083	0.14085	0.31988	0.23047	0.27797
V431	0.11448	0.35565	0.18505	0.29581	0.04902
V432	0.2652	0.12656	0.10993	0.37414	0.12416
V433	0.16926	0.1714	0.38428	0.24267	0.03239
V434	0.2245	0.33688	0.30941	0.0504	0.07882
V435	0.46236	0.18154	0.27234	0.0641	0.01967
V436	0.07545	0.51898	0.12107	0.1085	0.17601
V437	0.1766	0.0626	0.03375	0.24685	0.48021
V438	0.12963	0.30828	0.18064	0.32357	0.05789
V439	0.51781	0.0746	0.04649	0.33294	0.02816
V440	0.03123	0.41363	0.45707	0.04785	0.05022
V441	0.04538	0.52643	0.35345	0.06603	0.00871
V442	0.09068	0.81497	0.05406	0.04028	0
V443	0.79388	0.08908	0.01128	0.08606	0.01969
V444	0.15512	0.37243	0.04833	0.39109	0.03304
V445	0.06899	0.35368	0.05608	0.50298	0.01826
V446	0.09903	0.08752	0.08931	0.58944	0.13469
V447	0.06381	0.03891	0.02073	0.5104	0.36616
V448	0.15779	0.04547	0.02833	0.12652	0.64189
V449	0.00199	0.26656	0.69199	0.02469	0.01477
V450	0.18686	0.16555	0.20661	0.18266	0.25833
V451	0.24933	0.2034	0.06536	0.3824	0.09951
V452	0.00979	0.07761	0.13422	0.72837	0.05001
V453	0.01969	0.03794	0.00922	0.52619	0.40696
V454	0.01193	0.19754	0.51158	0.06926	0.20968
V455	0.06668	0.2653	0.24203	0.1043	0.32169
V456	0.79028	0.09252	0.00576	0.06704	0.0444
V457	0.59268	0.22169	0.04145	0.09976	0.04442
V458	0.03165	0.41077	0.42476	0.0908	0.04203
V459	0.1239	0.09721	0.05507	0.52141	0.20241
V460	0.56616	0.1462	0.15729	0.09773	0.03262
V461	0.18284	0.32222	0.21668	0.06705	0.21121
V462	0.04833	0.09242	0.02304	0.55798	0.27823
V463	0.18876	0.09133	0.02051	0.67983	0.01956
V464	0.15164	0.31103	0.48022	0.04065	0.01646
V465	0.05179	0.10473	0.02673	0.13724	0.6795
V466	0.03731	0.02553	0.01093	0.21835	0.70787
V467	0.05783	0.22503	0.03526	0.5963	0.08558
V468	0.51411	0.30828	0.10693	0.03523	0.03547
V469	0.026	0.29231	0.06836	0.34313	0.27021
V470	0.70375	0.12614	0.02938	0.11868	0.02205
V471	0.36335	0.27187	0.04031	0.19501	0.12948
V472	0.02063	0.06244	0.04762	0.13054	0.73877
V473	0.0335	0.24684	0.2115	0.35585	0.15232
V474	0.25984	0.15853	0.06253	0.47283	0.04627
V475	0.14326	0.1982	0.43777	0.06918	0.1516
V476	0.13706	0.09162	0.08849	0.61975	0.06309
V477	0.08046	0.82412	0.05499	0.04044	0
V478	0.16826	0.042	0.0156	0.11431	0.65982
V479	0.70385	0.12792	0.03536	0.11092	0.02195
V480	0.15525	0.56303	0.08262	0.17053	0.02857
V481	0.2355	0.33303	0.07335	0.23574	0.12239
V482	0.13621	0.61281	0.20355	0.03469	0.01275
V483	0.32056	0.45222	0.02392	0.15677	0.04652
V484	0.22279	0.4569	0.12664	0.17793	0.01574
V485	0.55975	0.15097	0.10057	0.15663	0.03208
V486	0.06879	0.15911	0.24597	0.07815	0.44799
V487	0.12081	0.22528	0.32169	0.31601	0.01621
V488	0.36244	0.10177	0.0074	0.3827	0.14569
V489	0.01272	0.345	0.51582	0.10329	0.02318
V490	0.00897	0.20932	0.54182	0.21941	0.02048
V491	0.04765	0.39838	0.06706	0.17126	0.31565
V492	0.02918	0.14376	0.03915	0.75446	0.03346
V493	0.01234	0.03324	0.01503	0.91422	0.02518
V494	0.28068	0.05322	0.02382	0.56386	0.07841
V495	0.29301	0.25829	0.18383	0.20647	0.0584
V496	0.13109	0.07259	0.05647	0.10738	0.63246
V497	0.09717	0.09473	0.12842	0.18229	0.49739
V498	0.10519	0.75906	0.06631	0.05215	0.01729
V499	0.04762	0.25848	0.22717	0.1254	0.34134
V500	0.11637	0.43125	0.12097	0.2759	0.05552
V501	0.08244	0.27543	0.0329	0.10306	0.50616
V502	0.16165	0.6884	0.07579	0.07416	0
V503	0.37819	0.11826	0.16826	0.18282	0.15246
V504	0.44364	0.20056	0.0179	0.07204	0.26585
V505	0.53625	0.07306	0.02864	0.14282	0.21923
V506	0.04326	0.45138	0.08561	0.0807	0.33904
V507	0.70322	0.08672	0.03301	0.13512	0.04194
V508	0.0444	0.57532	0.223	0.08641	0.07087
V509	0.06204	0.41329	0.1455	0.25478	0.12438
V510	0.40025	0.43964	0.06384	0.08598	0.0103
V511	0.06673	0.37623	0.41844	0.07366	0.06494
V512	0.1563	0.42572	0.17303	0.09818	0.14677
V513	0.19153	0.5877	0.09923	0.0932	0.02834
V514	0.02057	0.08265	0.18806	0.13217	0.57655
V515	0.06824	0.12843	0.01123	0.78016	0.01194
V516	0.15586	0.33154	0.11242	0.38124	0.01894
V517	0.01295	0.07071	0.05033	0.84406	0.02195
V518	0.34766	0.14661	0.24965	0.21703	0.03905
V519	0.67038	0.12253	0.01197	0.17361	0.0215
V520	0.10177	0.73459	0.05639	0.10725	0
V521	0.18052	0.07736	0.11437	0.60814	0.0196
V522	0.04758	0.30137	0.44131	0.16552	0.04422
V523	0.13029	0.2439	0.53657	0.07027	0.01896
V524	0.28637	0.20494	0.41304	0.03002	0.06563
V525	0.02785	0.18216	0.0441	0.12071	0.62518
V526	0.03801	0.25422	0.61693	0.05001	0.04083
V527	0.09244	0.4813	0.35345	0.04794	0.02487
V528	0.13287	0.04487	0.02573	0.78175	0.01479
V529	0.18279	0.23278	0.5266	0.03196	0.02587
V530	0.01921	0.24848	0.62378	0.07419	0.03434
V531	0.18697	0.45833	0.10533	0.06962	0.17976
V532	0.06903	0.29092	0.25928	0.06251	0.31825
V533	0.25166	0.04528	0.00838	0.10411	0.59056
V534	0.11237	0.08806	0.00891	0.7559	0.03476
V535	0.71516	0.17604	0.05051	0.03718	0.02111
V536	0.12006	0.25725	0.31107	0.08234	0.22928
V537	0.03073	0.04976	0.02625	0.13486	0.7584
V538	0.55011	0.14401	0.01421	0.08763	0.20404
V539	0.01744	0.28828	0.49388	0.13231	0.06809
V540	0.17241	0.41836	0.10293	0.10742	0.19888
V541	0.04719	0.343	0.04353	0.11502	0.45126
V542	0.04142	0.30905	0.11396	0.47711	0.05847
V543	0.06156	0.26549	0.50165	0.08074	0.09057
V544	0.30691	0.2307	0.1608	0.11499	0.1866
V545	0.59693	0.32743	0.02272	0.04446	0.00847
V546	0.09442	0.68377	0.11713	0.0523	0.05238
V547	0.11605	0.66828	0.0372	0.15993	0.01855
V548	0.00655	0.07934	0.01688	0.87475	0.02248
V549	0.01601	0.03724	0.03114	0.27119	0.64443
V550	0.06827	0.75122	0.13144	0.04846	0.00061
V551	0.01274	0.03139	0.00831	0.92959	0.01798
V552	0.2056	0.05516	0.02744	0.13379	0.57802
V553	0.65397	0.08789	0.02168	0.18252	0.05393
V554	0.09482	0.18725	0.37163	0.32177	0.02453
V555	0.07768	0.80703	0.05384	0.04474	0.01671
V556	0.07096	0.08885	0.05582	0.72743	0.05693
V557	0.28296	0.23312	0.04601	0.38589	0.05203
V558	0.00989	0.22371	0.56435	0.16817	0.03389
V559	0.10569	0.44487	0.37733	0.03873	0.03338
V560	0.56623	0.26953	0.12211	0.03174	0.0104
V561	0.60068	0.10179	0.11444	0.05665	0.12644
V562	0.11826	0.11247	0.13694	0.16836	0.46396
V563	0.20159	0.28123	0.18396	0.16007	0.17316
V564	0.30135	0.08411	0.05733	0.37775	0.17947
V565	0.01963	0.03577	0.02585	0.1707	0.74805
V566	0.26555	0.1553	0.03536	0.37014	0.17365
V567	0.0194	0.25583	0.67841	0.02463	0.02174
V568	0.02995	0.29069	0.34757	0.32421	0.00758
V569	0.53692	0.16137	0.09602	0.16037	0.04531
V570	0.11553	0.1269	0.22608	0.46163	0.06987
V571	0.22525	0.10971	0.19135	0.35762	0.11608
V572	0.72195	0.0821	0.00505	0.05874	0.13215
V573	0.06965	0.1653	0.27039	0.39368	0.10098
V574	0.47143	0.2871	0.07981	0.13292	0.02875
V575	0.32307	0.09912	0.10627	0.1169	0.35463
V576	0.07285	0.76676	0.05114	0.05716	0.05209
V577	0.40037	0.4375	0.05679	0.095	0.01034
V578	0.02646	0.26589	0.40601	0.24972	0.05193
V579	0.03486	0.48967	0.30247	0.06739	0.10562
V580	0.21973	0.45622	0.03856	0.2621	0.02339
V581	0.06059	0.47724	0.33365	0.1191	0.00942
V582	0.0036	0.27777	0.67199	0.03275	0.01389
V583	0.51113	0.16098	0.25769	0.05569	0.0145
V584	0.22583	0.44747	0.11851	0.0804	0.1278
V585	0.07005	0.66622	0.10026	0.11084	0.05263
V586	0.0607	0.69526	0.19076	0.05328	0
V587	0.07686	0.57889	0.04037	0.09051	0.21336
V588	0.22344	0.42294	0.31274	0.02908	0.01181
V589	0.09934	0.34966	0.06279	0.46219	0.02602
V590	0.07427	0.67108	0.03794	0.06655	0.15017
V591	0.44987	0.43883	0.05617	0.04427	0.01086
V592	0.01918	0.20734	0.55923	0.06961	0.14464
V593	0.35789	0.06041	0.01136	0.51386	0.05648
V594	0.00698	0.27163	0.49261	0.17537	0.05341
V595	0.44463	0.10744	0.06262	0.33829	0.04703
V596	0.39916	0.24166	0.17554	0.15374	0.0299
V597	0.03556	0.16825	0.02219	0.20444	0.56956
V598	0.5136	0.06455	0.01173	0.07149	0.33864
V599	0.07711	0.35647	0.1009	0.43196	0.03356
V600	0.23794	0.10524	0.15166	0.39653	0.10863
V601	0.12796	0.1102	0.01601	0.51834	0.22749
V602	0.73372	0.19364	0.01043	0.04741	0.01481
V603	0.12818	0.1436	0.03843	0.2141	0.47568
V604	0.01944	0.20864	0.52115	0.13461	0.11616
V605	0.03461	0.10691	0.1177	0.16185	0.57892
V606	0.72026	0.0764	0.00486	0.05964	0.13885
V607	0.15685	0.11972	0.03107	0.10944	0.58292
V608	0.63653	0.09542	0.03386	0.12674	0.10746
V609	0.17537	0.26979	0.02908	0.45045	0.07531
V610	0.10198	0.55	0.03818	0.30474	0.00509
V611	0.23163	0.21096	0.447	0.05111	0.0593
V612	0.3243	0.16205	0.24577	0.06303	0.20484
V613	0.40436	0.46528	0.05857	0.0691	0.00269
V614	0.46946	0.08547	0.02425	0.13546	0.28536
V615	0.00817	0.13027	0.1176	0.6001	0.14386
V616	0.55038	0.10788	0.12361	0.17183	0.0463
V617	0.19671	0.20585	0.3526	0.12466	0.12016
V618	0.62222	0.15296	0.06132	0.05739	0.10611
V619	0.46621	0.1286	0.1301	0.06021	0.21488
V620	0.03643	0.13821	0.27715	0.52967	0.01854
V621	0.13497	0.26679	0.25279	0.05798	0.28747
V622	0.02713	0.26124	0.2955	0.07353	0.3426
V623	0.06083	0.03944	0.01391	0.7175	0.16833
V624	0.76205	0.08413	0.01067	0.06807	0.07508
V625	0.0049	0.10265	0.08729	0.7851	0.02005
V626	0.06388	0.18559	0.41516	0.30296	0.03241
V627	0.10745	0.17589	0.1118	0.11334	0.49153
V628	0.79602	0.10104	0.01188	0.07168	0.01938
V629	0.11804	0.34339	0.47343	0.04968	0.01547
V630	0.02709	0.1645	0.03643	0.13103	0.64096
V631	0.01194	0.10164	0.22639	0.10277	0.55727
V632	0.07191	0.6582	0.04456	0.09278	0.13255
V633	0.05041	0.06032	0.08258	0.5553	0.25139
V634	0.3891	0.41955	0.14683	0.03994	0.00458
V635	0.04467	0.15245	0.16423	0.10871	0.52994
V636	0.18009	0.23772	0.25643	0.22002	0.10573
V637	0.18369	0.15568	0.31312	0.26439	0.08312
V638	0.0897	0.39277	0.04423	0.15201	0.32131
V639	0.49753	0.36959	0.08488	0.03459	0.01342
V640	0.10693	0.19117	0.08239	0.29028	0.32922
V641	0.11973	0.60886	0.05599	0.19574	0.01969
V642	0.62261	0.09952	0.01111	0.25121	0.01556
V643	0.07971	0.74828	0.106	0.06601	0
V644	0.05021	0.36384	0.04253	0.50985	0.03356
V645	0.18788	0.63168	0.04897	0.13147	0
V646	0.14375	0.44991	0.0528	0.29027	0.06328
V647	0.78133	0.0883	0.01102	0.10006	0.01929
V648	0.38842	0.13319	0.01442	0.31831	0.14566
V649	0.24252	0.13066	0.07613	0.17555	0.37514
V650	0.01983	0.04676	0.05597	0.86155	0.01589
V651	0.13309	0.18997	0.01321	0.65469	0.00904
V652	0.30941	0.06627	0.03668	0.56004	0.02759
V653	0.29345	0.07637	0.05038	0.53128	0.04852
V654	0.04143	0.0859	0.01296	0.17501	0.6847
V655	0.13572	0.15497	0.24143	0.44981	0.01807
V656	0.11121	0.04252	0.00978	0.20013	0.63636
V657	0.0448	0.41178	0.05248	0.39179	0.09915
V658	0.02542	0.06238	0.03512	0.64277	0.23431
V659	0.01241	0.06946	0.07088	0.78073	0.06652
V660	0.07198	0.28732	0.04017	0.12614	0.4744
V661	0.05982	0.54968	0.04609	0.24641	0.098
V662	0.04977	0.36886	0.04461	0.08764	0.44912
V663	0.827	0.0944	0.0124	0.0454	0.0208
V664	0.02416	0.05824	0.10496	0.44193	0.37072
V665	0.04286	0.56733	0.22182	0.13053	0.03746
V666	0.12559	0.74667	0.08092	0.04681	0
V667	0.04592	0.50401	0.25656	0.14654	0.04697
V668	0.56799	0.24774	0.0559	0.09826	0.03011
V669	0.43212	0.28702	0.04062	0.13692	0.10331
V670	0.11263	0.53582	0.07443	0.09242	0.1847
V671	0.63615	0.12447	0.15153	0.06637	0.02149
V672	0.08742	0.10875	0.08509	0.3582	0.36054
V673	0.01987	0.04447	0.012	0.21897	0.70469
V674	0.31534	0.23924	0.37257	0.02854	0.04432
V675	0.57764	0.08135	0.03995	0.19181	0.10925
V676	0.22534	0.23584	0.37662	0.03687	0.12533
V677	0.04539	0.28291	0.19739	0.41511	0.0592
V678	0.06159	0.26688	0.03277	0.12216	0.5166
V679	0.00893	0.15222	0.35326	0.46658	0.01901
V680	0.15074	0.04625	0.02599	0.40199	0.37503
V681	0.4463	0.09351	0.04238	0.32762	0.09019
V682	0.00199	0.26656	0.69199	0.02469	0.01477
V683	0.06772	0.30752	0.48487	0.03495	0.10493
V684	0.05016	0.04175	0.01432	0.87733	0.01644
V685	0.00987	0.24076	0.60574	0.12319	0.02043
V686	0.29657	0.53387	0.09307	0.06208	0.01441
V687	0	0.17521	0.44079	0.3577	0.0263
V688	0.00175	0.25959	0.67606	0.03395	0.02865
V689	0.41999	0.14595	0.1612	0.14564	0.12722
V690	0.13711	0.73621	0.05604	0.06983	0.00082
V691	0.12669	0.14662	0.05062	0.63688	0.03919
V692	0.06101	0.05581	0.02088	0.77262	0.08968
V693	0.0323	0.50368	0.38904	0.06504	0.00994
V694	0.08252	0.18605	0.04648	0.61556	0.0694
V695	0.1235	0.15472	0.13174	0.10252	0.48752
V696	0.10908	0.20952	0.53734	0.04038	0.10368
V697	0.09341	0.19172	0.25797	0.3567	0.1002
V698	0.02335	0.08337	0.15273	0.11468	0.62586
V699	0.0322	0.05517	0.04827	0.67781	0.18654
V700	0.0867	0.7063	0.11106	0.04365	0.05229
V701	0.02768	0.16135	0.02956	0.12481	0.65659
V702	0.02069	0.1195	0.01792	0.70495	0.13694
V703	0.01264	0.05061	0.02902	0.88391	0.02382
V704	0.04598	0.16813	0.3136	0.08613	0.38616
V705	0.79191	0.09818	0.00602	0.05971	0.04418
V706	0.13816	0.18771	0.14028	0.45719	0.07667
V707	0.13208	0.14386	0.0716	0.3267	0.32576
V708	0.03939	0.56354	0.35737	0.03939	0.00031
V709	0.02021	0.04694	0.04032	0.13383	0.75869
V710	0.11733	0.17097	0.36884	0.05511	0.28775
V711	0.06555	0.03369	0.03088	0.14579	0.72409
V712	0.05433	0.20946	0.50851	0.20109	0.02662
V713	0.24571	0.42646	0.2779	0.04536	0.00457
V714	0.0591	0.03363	0.0115	0.13636	0.75941
V715	0.01592	0.36541	0.47359	0.13045	0.01464
V716	0.65191	0.20397	0.02177	0.0906	0.03175
V717	0.35799	0.20021	0.11259	0.08128	0.24793
V718	0.56103	0.13921	0.20849	0.03903	0.05225
V719	0.36408	0.25086	0.10177	0.16235	0.12094
V720	0.12013	0.08774	0.0846	0.13133	0.57621
V721	0.03681	0.04549	0.05291	0.14395	0.72084
V722	0.02727	0.21866	0.06389	0.53732	0.15287
V723	0.10325	0.22482	0.10605	0.53646	0.02943
V724	0.1438	0.55552	0.06753	0.22806	0.00509
V725	0.03992	0.03483	0.0188	0.1372	0.76925
V726	0.22821	0.43229	0.07279	0.11176	0.15494
V727	0.01085	0.25705	0.67009	0.03354	0.02848
V728	0.65127	0.12136	0.10128	0.10487	0.02122
V729	0.52701	0.15131	0.03211	0.27033	0.01924
V730	0.10483	0.14897	0.29487	0.38972	0.06162
V731	0.00266	0.05917	0.05724	0.8654	0.01553
V732	0.01231	0.03349	0.0151	0.92128	0.01783
V733	0.03031	0.26418	0.65269	0.02505	0.02777
V734	0.42275	0.20655	0.27218	0.07335	0.02516
V735	0.07524	0.20035	0.18981	0.10327	0.43133
V736	0.02261	0.06079	0.02004	0.13594	0.76063
V737	0.82325	0.09877	0.01252	0.04498	0.02048
V738	0.04146	0.3819	0.03846	0.09636	0.44182
V739	0.01363	0.04446	0.00871	0.91582	0.01738
V740	0.20139	0.1268	0.09821	0.10093	0.47267
V741	0.43265	0.0753	0.01141	0.35238	0.12825
V742	0.0655	0.18022	0.40655	0.20011	0.14763
V743	0.03514	0.08549	0.07353	0.20452	0.60133
V744	0.17011	0.13116	0.14148	0.51055	0.0467
V745	0.14548	0.07135	0.04634	0.71649	0.02034
V746	0.3697	0.48398	0.05998	0.04786	0.03849
V747	0.02982	0.26164	0.64024	0.03378	0.03452
V748	0.15501	0.25744	0.23708	0.11096	0.23951
V749	0.16759	0.14662	0.10706	0.4527	0.12603
V750	0.67072	0.21014	0.01643	0.08996	0.01275
V751	0.04232	0.42972	0.46226	0.05292	0.01278
V752	0.03421	0.12711	0.03492	0.12746	0.6763
V753	0.46091	0.15856	0.19479	0.06928	0.11646
V754	0.11364	0.27736	0.02381	0.57205	0.01314
V755	0.26858	0.61929	0.06964	0.03781	0.00468
V756	0.03219	0.11271	0.03389	0.16914	0.65205
V757	0.15217	0.06616	0.08634	0.67493	0.02039
V758	0.07165	0.362	0.0218	0.5339	0.01065
V759	0.09163	0.08174	0.09276	0.10629	0.62758
V760	0.07283	0.10999	0.1749	0.30186	0.34043
V761	0.06271	0.36883	0.5192	0.03387	0.01539
V762	0.01649	0.10311	0.14574	0.43626	0.29839
V763	0.04183	0.22823	0.02535	0.10832	0.59627
V764	0.10006	0.10508	0.07693	0.69189	0.02603
V765	0.15141	0.21045	0.47074	0.07821	0.08919
V766	0.08421	0.45333	0.23491	0.09697	0.13058
V767	0.27585	0.41986	0.0783	0.09846	0.12753
V768	0.08871	0.72413	0.08792	0.09843	0.00081
V769	0.63356	0.12714	0.14555	0.04117	0.05257
V770	0.25958	0.17576	0.36722	0.17798	0.01945
V771	0.089	0.6164	0.04199	0.15622	0.09639
V772	0.04732	0.25812	0.64926	0.03134	0.01396
V773	0.03552	0.03191	0.01058	0.27234	0.64965
V774	0.14261	0.17189	0.40091	0.04894	0.23564
V775	0.75902	0.08906	0.02207	0.0991	0.03075
V776	0.34042	0.40388	0.15589	0.06694	0.03287
V777	0.20703	0.37862	0.21996	0.14632	0.04807
V778	0.46305	0.10296	0.01852	0.25794	0.15753
V779	0.07526	0.44511	0.41523	0.04543	0.01897
V780	0.01932	0.25579	0.67798	0.03212	0.01479
V781	0.17704	0.30868	0.16267	0.06125	0.29036
V782	0.22755	0.22151	0.03416	0.09027	0.4265
V783	0.00445	0.18421	0.47769	0.0758	0.25785
V784	0.04593	0.51717	0.02994	0.32632	0.08065
V785	0.62669	0.16491	0.00844	0.14107	0.05889
V786	0.15321	0.18927	0.02542	0.60168	0.03042
V787	0.15189	0.50235	0.0278	0.25526	0.0627
V788	0.36726	0.38146	0.08079	0.04595	0.12454
V789	0.01802	0.14543	0.01983	0.4653	0.35143
V790	0.26628	0.22534	0.06688	0.17382	0.26767
V791	0.17223	0.21751	0.07525	0.25311	0.2819
V792	0.79656	0.10482	0.02383	0.04317	0.03163
V793	0.31087	0.25496	0.06094	0.15125	0.22198
V794	0.02239	0.07171	0.09394	0.26141	0.55056
V795	0.16696	0.71822	0.05478	0.05032	0.00972
V796	0.28404	0.37636	0.11223	0.1945	0.03287
V797	0.14016	0.03167	0.00952	0.13634	0.68231
V798	0.14598	0.43243	0.03151	0.15353	0.23656
V799	0.03043	0.16273	0.05382	0.6979	0.05512
V800	0.03612	0.04265	0.02419	0.22727	0.66978
V801	0.32105	0.08987	0.10468	0.44367	0.04073
V802	0.04694	0.17818	0.02971	0.11964	0.62554
V803	0.26367	0.07432	0.0127	0.61485	0.03447
V804	0.17977	0.20727	0.17024	0.3904	0.05233
V805	0.13405	0.2386	0.34083	0.19653	0.08999
V806	0.40803	0.11588	0.15928	0.11242	0.2044
V807	0.61377	0.0887	0.05751	0.09832	0.1417
V808	0.70792	0.09537	0.04533	0.05187	0.09952
V809	0.21902	0.51874	0.04889	0.08545	0.12789
V810	0.02877	0.08414	0.04317	0.51392	0.33
V811	0.05822	0.10748	0.03239	0.20526	0.59666
V812	0.04509	0.58771	0.20732	0.13097	0.02891
V813	0.04114	0.24327	0.19435	0.07908	0.44216
V814	0.20696	0.4754	0.08334	0.21173	0.02257
V815	0.2552	0.57997	0.05937	0.10027	0.0052
V816	0.0364	0.42355	0.03192	0.47597	0.03215
V817	0.66819	0.13528	0.12076	0.0603	0.01548
V818	0.04485	0.26503	0.29525	0.09285	0.30201
V819	0.79038	0.10202	0.01765	0.07084	0.01911
V820	0.07303	0.33076	0.12259	0.43936	0.03426
V821	0.02177	0.03222	0.0127	0.1437	0.78961
V822	0.16451	0.05711	0.0194	0.74465	0.01433
V823	0.05196	0.14871	0.19237	0.08884	0.51811
V824	0.07701	0.0608	0.03156	0.1234	0.70723
V825	0.12831	0.19567	0.46801	0.19502	0.013
V826	0.03736	0.25155	0.64954	0.04749	0.01408
V827	0.31204	0.15599	0.00994	0.42261	0.09942
V828	0.22734	0.17386	0.10054	0.13008	0.36818
V829	0.08524	0.16961	0.25061	0.22367	0.27086
V830	0.13043	0.21044	0.49966	0.05583	0.10363
V831	0.05442	0.62564	0.08172	0.21887	0.01936
V832	0.19218	0.0566	0.06556	0.30312	0.38254
V833	0.22449	0.65449	0.0428	0.04281	0.0354
V834	0.64847	0.17806	0.03838	0.0699	0.06518
V835	0.2362	0.27404	0.09175	0.31575	0.08225
V836	0.3161	0.20718	0.33026	0.12808	0.01838
V837	0.06499	0.71174	0.05589	0.09718	0.0702
V838	0.00143	0.05044	0.07057	0.85428	0.02328
V839	0.04624	0.07222	0.07353	0.11894	0.68908
V840	0.77796	0.09885	0.02866	0.06965	0.02488
V841	0.19056	0.22879	0.52987	0.03112	0.01967
V842	0.43898	0.14378	0.16553	0.22552	0.02618
V843	0.397	0.09849	0.125	0.12822	0.25129
V844	0.01909	0.32518	0.57288	0.05133	0.03152
V845	0.0255	0.03372	0.00839	0.65955	0.27285
V846	0.10958	0.08968	0.09221	0.15531	0.55322
V847	0.19435	0.05778	0.05276	0.20787	0.48724
V848	0.63037	0.09876	0.01114	0.13838	0.12136
V849	0.12242	0.23599	0.51427	0.03901	0.08831
V850	0.19085	0.13955	0.23305	0.19635	0.2402
V851	0.82189	0.09162	0.00631	0.05323	0.02694
V852	0.2195	0.1082	0.07508	0.23732	0.3599
V853	0.03422	0.26361	0.45906	0.16772	0.07539
V854	0.05383	0.34628	0.22814	0.134	0.23774
V855	0.10812	0.34332	0.09907	0.36717	0.08232
V856	0.16736	0.34501	0.06892	0.0708	0.34791
V857	0.07168	0.10774	0.14439	0.45612	0.22008
V858	0.03353	0.33204	0.18011	0.267	0.18732
V859	0.11656	0.05562	0.02632	0.75831	0.04319
V860	0.03833	0.15348	0.06723	0.678	0.06296
V861	0.12479	0.09125	0.11005	0.65464	0.01926
V862	0.07271	0.04013	0.02974	0.20376	0.65365
V863	0.07568	0.79222	0.06119	0.05396	0.01695
V864	0.03569	0.23807	0.62432	0.08789	0.01404
V865	0.07148	0.1902	0.46565	0.25983	0.01285
V866	0.02851	0.2165	0.47226	0.24999	0.03273
V867	0.50973	0.08299	0.01245	0.07053	0.32431
V868	0.20825	0.29537	0.32322	0.14456	0.0286
V869	0.029	0.03178	0.03266	0.14399	0.76257
V870	0.2494	0.1849	0.07844	0.2962	0.19106
V871	0.04364	0.09315	0.09494	0.1896	0.57868
V872	0.33468	0.08633	0.01867	0.50456	0.05576
V873	0.05992	0.30602	0.14511	0.4221	0.06685
V874	0.09737	0.07048	0.01798	0.1278	0.68637
V875	0.01645	0.16771	0.03358	0.55122	0.23104
V876	0.42442	0.11437	0.0577	0.08273	0.32079
V877	0.24841	0.53663	0.06448	0.13677	0.01372
V878	0.04954	0.57949	0.07101	0.28761	0.01234
V879	0.77133	0.11639	0.01794	0.07019	0.02415
V880	0.07804	0.09906	0.03593	0.48123	0.30575
V881	0.0147	0.16299	0.41366	0.06336	0.3453
V882	0.05321	0.3923	0.03718	0.51518	0.00212
V883	0.45818	0.18599	0.02229	0.22953	0.10401
V884	0.02124	0.02552	0.01247	0.15279	0.78799
V885	0.1514	0.18398	0.30427	0.15528	0.20507
V886	0.01396	0.03292	0.03719	0.3192	0.59673
V887	0.12871	0.75182	0.04943	0.04404	0.02601
V888	0.05528	0.12273	0.05794	0.70046	0.06358
V889	0.15218	0.69374	0.07626	0.06779	0.01002
V890	0.02934	0.07963	0.11992	0.65938	0.11173
V891	0.00336	0.27638	0.66561	0.04092	0.01373
V892	0.54766	0.23692	0.0305	0.05524	0.12968
V893	0.13508	0.28663	0.39988	0.11272	0.0657
V894	0.1101	0.44527	0.06815	0.32934	0.04714
V895	0.56518	0.14219	0.21474	0.05702	0.02087
V896	0.19202	0.25598	0.2026	0.33477	0.01463
V897	0.00344	0.03927	0.04198	0.79344	0.12188
V898	0.3572	0.05754	0.01891	0.10927	0.45709
V899	0.52894	0.30564	0.08634	0.03674	0.04234
V900	0.23131	0.27898	0.23251	0.22878	0.02842
V901	0.5756	0.10758	0.01169	0.22414	0.08099
V902	0.71775	0.11907	0.02332	0.08554	0.0543
