mature.neutrophil	CD14.pos.CD16.neg.classical.monocyte	macrophage	memory.CD4.pos.AB.T.cell	cytotoxic.CD56.dim.NK.cell
V1	0.26646	0.22217	0.22602	0.17792	0.10744
V2	0.05021	0.70555	0.06945	0.12521	0.04958
V3	0.05708	0.15918	0.35854	0.40825	0.01695
V4	0.01399	0.14788	0.2239	0.07025	0.54399
V5	0.01832	0.11229	0.0759	0.10834	0.68514
V6	0.27035	0.15082	0.23958	0.25322	0.08602
V7	0.01071	0.18685	0.36586	0.09649	0.34009
V8	0.01364	0.22844	0.62967	0.11408	0.01417
V9	0.05166	0.11748	0.22784	0.59205	0.01097
V10	0.35838	0.18873	0.36097	0.06217	0.02975
V11	0.03478	0.13261	0.11335	0.07716	0.64211
V12	0.07287	0.13181	0.20599	0.30554	0.28378
V13	0.11818	0.12378	0.05246	0.4251	0.28047
V14	0.13933	0.08632	0.07937	0.62443	0.07055
V15	0.02661	0.07769	0.01532	0.85952	0.02086
V16	0.45854	0.14237	0.02812	0.3559	0.01507
V17	0.062	0.28983	0.03558	0.08478	0.52781
V18	0.0743	0.41918	0.23481	0.25291	0.0188
V19	0.03082	0.11079	0.02134	0.12454	0.7125
V20	0.00643	0.19367	0.54405	0.23732	0.01852
V21	0.02066	0.30753	0.13759	0.18721	0.34702
V22	0.6383	0.17314	0.07254	0.08202	0.03401
V23	0.0742	0.11466	0.04153	0.14521	0.62441
V24	0.39011	0.19153	0.03736	0.09711	0.28388
V25	0.0262	0.10547	0.03222	0.42766	0.40845
V26	0.39745	0.25434	0.07141	0.09973	0.17707
V27	0.10779	0.48841	0.18191	0.06466	0.15722
V28	0.02951	0.15673	0.18487	0.59909	0.0298
V29	0.00941	0.12309	0.2813	0.56878	0.01742
V30	0.58812	0.18232	0.04138	0.09773	0.09044
V31	0.35722	0.19764	0.02984	0.26997	0.14533
V32	0.71859	0.11028	0.0248	0.09315	0.05318
V33	0.0239	0.25074	0.03565	0.13548	0.55423
V34	0.11243	0.75473	0.02649	0.08662	0.01974
V35	0.08255	0.56888	0.24016	0.09303	0.01538
V36	0.02704	0.2541	0.16978	0.11363	0.43545
V37	0.60504	0.10556	0.01748	0.08431	0.18761
V38	0.10052	0.18087	0.38912	0.2165	0.11299
V39	0.26417	0.17604	0.28292	0.06293	0.21395
V40	0.2009	0.55234	0.03566	0.17061	0.04049
V41	0.04646	0.76493	0.03347	0.07514	0.08
V42	0.6734	0.1365	0.03543	0.09234	0.06233
V43	0.37399	0.23468	0.28257	0.08913	0.01963
V44	0.03104	0.36584	0.45354	0.05601	0.09356
V45	0.03444	0.60958	0.1063	0.20222	0.04746
V46	0.10428	0.68149	0.08375	0.10118	0.0293
V47	0.00641	0.23918	0.67679	0.05586	0.02176
V48	0.14075	0.21071	0.20271	0.34159	0.10424
V49	0.36802	0.2262	0.19793	0.18889	0.01896
V50	0.02244	0.24643	0.66012	0.05535	0.01566
V51	0.09116	0.31964	0.19098	0.10077	0.29744
V52	0.05147	0.8121	0.02789	0.08809	0.02046
V53	0.02946	0.19124	0.02356	0.7426	0.01314
V54	0.19031	0.07918	0.02867	0.5519	0.14993
V55	0.0704	0.06462	0.0148	0.83639	0.01379
V56	0.06894	0.06147	0.02176	0.75319	0.09464
V57	0.12597	0.26065	0.44109	0.07562	0.09667
V58	0.06717	0.10882	0.14195	0.21455	0.46752
V59	0.65733	0.13572	0.08977	0.09394	0.02325
V60	0.35048	0.25701	0.12303	0.17518	0.0943
V61	0.17659	0.10257	0.04562	0.24247	0.43275
V62	0.05379	0.15921	0.2725	0.15272	0.36178
V63	0.33721	0.29481	0.07334	0.09275	0.20188
V64	0.71861	0.1244	0.03689	0.09317	0.02693
V65	0.07959	0.13688	0.05176	0.61576	0.11601
V66	0.02919	0.09076	0.12786	0.73465	0.01755
V67	0.01146	0.1595	0.30354	0.11571	0.40979
V68	0.3588	0.16357	0.31549	0.09321	0.06894
V69	0.46295	0.21269	0.1777	0.08755	0.05912
V70	0.05582	0.63386	0.0601	0.22204	0.02818
V71	0.08717	0.69494	0.0614	0.13366	0.02282
V72	0.03828	0.41123	0.04452	0.07438	0.43159
V73	0.0566	0.09291	0.1061	0.56946	0.17493
V74	0.01743	0.1095	0.02278	0.78245	0.06784
V75	0.36997	0.27016	0.25698	0.07771	0.02517
V76	0.01601	0.06743	0.0301	0.83208	0.05438
V77	0.02118	0.22885	0.64804	0.08733	0.01461
V78	0.00654	0.24178	0.66838	0.06196	0.02133
V79	0.07286	0.40427	0.05742	0.1813	0.28414
V80	0.11476	0.65844	0.02354	0.11949	0.08377
V81	0.01422	0.23886	0.67505	0.05589	0.01599
V82	0.20272	0.19599	0.0434	0.53915	0.01875
V83	0.09019	0.13686	0.03735	0.55058	0.18501
V84	0.08839	0.22537	0.02744	0.08686	0.57194
V85	0.00651	0.23883	0.67578	0.06281	0.01607
V86	0.02463	0.2985	0.26647	0.39242	0.01797
V87	0.37522	0.09806	0.05394	0.44815	0.02463
V88	0.26618	0.21759	0.06654	0.23212	0.21757
V89	0.03929	0.26946	0.59015	0.08695	0.01415
V90	0.02182	0.24211	0.07407	0.13126	0.53075
V91	0.01407	0.07842	0.08248	0.81259	0.01245
V92	0.21395	0.13163	0.04646	0.09212	0.51585
V93	0.01386	0.16316	0.15674	0.51359	0.15266
V94	0.03934	0.22111	0.04128	0.26751	0.43075
V95	0.06066	0.27354	0.04225	0.13899	0.48456
V96	0.62402	0.11632	0.04056	0.10008	0.11901
V97	0.14752	0.12458	0.06196	0.14498	0.52095
V98	0.04901	0.39343	0.17777	0.1645	0.21529
V99	0.42509	0.18626	0.02285	0.26482	0.10097
V100	0.43978	0.22232	0.06317	0.11407	0.16067
V101	0.05958	0.79855	0.03507	0.08686	0.01994
V102	0.26088	0.28739	0.13537	0.15465	0.16172
V103	0.12227	0.09591	0.02729	0.0854	0.66912
V104	0.04493	0.42188	0.09799	0.07692	0.35827
V105	0.01905	0.11613	0.06007	0.11774	0.68701
V106	0.04698	0.6817	0.1542	0.07497	0.04214
V107	0.04399	0.32663	0.51419	0.09578	0.01941
V108	0.01924	0.3176	0.59165	0.05597	0.01554
V109	0.05721	0.25684	0.07096	0.30402	0.31098
V110	0.15213	0.47706	0.1771	0.16796	0.02576
V111	0.22675	0.3152	0.37627	0.06711	0.01468
V112	0.15884	0.09301	0.11107	0.47185	0.16523
V113	0.21041	0.11275	0.11263	0.18481	0.3794
V114	0.46323	0.15616	0.06111	0.22064	0.09887
V115	0.6808	0.10563	0.02366	0.09406	0.09585
V116	0.02241	0.10832	0.02261	0.09592	0.75075
V117	0.04389	0.21698	0.59088	0.11863	0.02963
V118	0.04369	0.06394	0.01498	0.85028	0.02711
V119	0.25562	0.16154	0.31302	0.25738	0.01243
V120	0.01314	0.21086	0.59919	0.14106	0.03575
V121	0.17874	0.64509	0.02392	0.08265	0.06959
V122	0.0336	0.39187	0.09656	0.2738	0.20417
V123	0.40395	0.13439	0.08291	0.23033	0.14841
V124	0.18807	0.18109	0.0755	0.25312	0.30222
V125	0.03812	0.46626	0.40887	0.06587	0.02088
V126	0.13421	0.25823	0.2058	0.1527	0.24905
V127	0.21314	0.19062	0.47763	0.10022	0.01839
V128	0.18777	0.67201	0.03203	0.07705	0.03113
V129	0.21932	0.15878	0.23878	0.20219	0.18093
V130	0.02988	0.47861	0.05809	0.27564	0.15778
V131	0.01888	0.1097	0.20433	0.65587	0.01122
V132	0.30718	0.09816	0.01594	0.36625	0.21247
V133	0.00877	0.20896	0.4522	0.11916	0.21092
V134	0.06017	0.2205	0.57681	0.07202	0.07051
V135	0.02382	0.26151	0.55069	0.07326	0.09071
V136	0.73445	0.11362	0.0259	0.09755	0.02848
V137	0.69161	0.1288	0.02406	0.11423	0.0413
V138	0.21625	0.21062	0.09044	0.17653	0.30615
V139	0.1078	0.09312	0.14816	0.634	0.01692
V140	0.03225	0.12072	0.16009	0.07417	0.61277
V141	0.02015	0.32188	0.50034	0.13856	0.01907
V142	0.17663	0.143	0.28675	0.16172	0.23189
V143	0.02056	0.29094	0.4012	0.17246	0.11485
V144	0.41343	0.25824	0.07728	0.17672	0.07433
V145	0.0063	0.23844	0.66077	0.06795	0.02654
V146	0.03498	0.34802	0.0269	0.35208	0.23802
V147	0.07906	0.23125	0.51336	0.14155	0.03477
V148	0.14371	0.68844	0.03187	0.10544	0.03053
V149	0.01747	0.0645	0.01561	0.85364	0.04878
V150	0.11837	0.30456	0.45532	0.05628	0.06547
V151	0.3647	0.0933	0.0279	0.41919	0.09491
V152	0.02067	0.08119	0.11315	0.72017	0.06483
V153	0.14071	0.28136	0.37453	0.09802	0.10537
V154	0.10865	0.55335	0.04401	0.09376	0.20023
V155	0.03776	0.09088	0.12733	0.72663	0.0174
V156	0.08586	0.1722	0.34012	0.17596	0.22586
V157	0.08489	0.14574	0.16502	0.29325	0.31111
V158	0.1615	0.1641	0.36684	0.0919	0.21567
V159	0.10363	0.2369	0.03067	0.59046	0.03833
V160	0.3783	0.22559	0.09993	0.10485	0.19133
V161	0.19298	0.12401	0.07605	0.07572	0.53123
V162	0.00696	0.24511	0.67513	0.05649	0.01632
V163	0.05706	0.10414	0.03572	0.11025	0.69283
V164	0.70462	0.14415	0.03111	0.09848	0.02163
V165	0.48508	0.25779	0.0891	0.11893	0.04909
V166	0.05196	0.1098	0.21547	0.5537	0.06907
V167	0.03592	0.59038	0.03726	0.19264	0.1438
V168	0.00696	0.24511	0.67513	0.05649	0.01632
V169	0.05165	0.6182	0.16045	0.14233	0.02737
V170	0.21285	0.3793	0.06902	0.23929	0.09954
V171	0.24524	0.20094	0.29864	0.20843	0.04675
V172	0.16178	0.27432	0.08566	0.08585	0.39239
V173	0.18379	0.17127	0.09678	0.41195	0.13622
V174	0.17571	0.14375	0.30109	0.22194	0.1575
V175	0.07201	0.21773	0.12709	0.21261	0.37056
V176	0.31182	0.08578	0.02139	0.56717	0.01384
V177	0.1558	0.19335	0.43342	0.19983	0.01761
V178	0.22093	0.18958	0.36478	0.15391	0.07081
V179	0.09537	0.11027	0.0277	0.08572	0.68094
V180	0.0279	0.16399	0.30888	0.06419	0.43504
V181	0.06335	0.30875	0.02082	0.11706	0.49002
V182	0.46031	0.25441	0.02378	0.2171	0.0444
V183	0.06899	0.79752	0.02732	0.07937	0.0268
V184	0.25593	0.13641	0.25075	0.32813	0.02878
V185	0.09495	0.46197	0.04267	0.19769	0.20272
V186	0.12338	0.22791	0.04688	0.28503	0.31679
V187	0.07489	0.60549	0.0225	0.2748	0.02231
V188	0.64391	0.12804	0.04646	0.15878	0.0228
V189	0.37507	0.26061	0.05008	0.29407	0.02017
V190	0.33825	0.17762	0.19612	0.0794	0.20862
V191	0.19046	0.24348	0.02396	0.44142	0.10068
V192	0.26958	0.24376	0.12652	0.24913	0.11102
V193	0.06161	0.30511	0.42354	0.08999	0.11976
V194	0.23188	0.14642	0.09725	0.15382	0.37063
V195	0.44494	0.24969	0.20349	0.08127	0.02061
V196	0.01821	0.10541	0.07598	0.10901	0.6914
V197	0.06667	0.77266	0.02633	0.10878	0.02556
V198	0.2024	0.26122	0.05344	0.24475	0.23819
V199	0.58322	0.14211	0.1836	0.07432	0.01675
V200	0.60717	0.1041	0.04643	0.09845	0.14384
V201	0.04109	0.06648	0.03679	0.70251	0.15313
V202	0.70534	0.14764	0.01965	0.09999	0.02738
V203	0.44073	0.27952	0.04367	0.12242	0.11367
V204	0.29732	0.16203	0.0524	0.07614	0.41212
V205	0.10633	0.13765	0.12499	0.12448	0.50655
V206	0.0453	0.1372	0.01555	0.76234	0.03961
V207	0.02661	0.07769	0.01532	0.85952	0.02086
V208	0.13175	0.30501	0.38669	0.09763	0.07892
V209	0.14362	0.1289	0.10742	0.09493	0.52512
V210	0.00629	0.23699	0.67325	0.06206	0.02141
V211	0.13898	0.14728	0.19478	0.08876	0.4302
V212	0.05718	0.68149	0.09194	0.10697	0.06242
V213	0.09781	0.09225	0.077	0.28727	0.44566
V214	0.02579	0.52765	0.33846	0.07483	0.03327
V215	0.21475	0.2754	0.13711	0.13319	0.23955
V216	0.05367	0.1737	0.29389	0.09117	0.38758
V217	0.01538	0.06272	0.03745	0.80962	0.07483
V218	0.0665	0.25656	0.2541	0.34634	0.0765
V219	0.10962	0.32285	0.32261	0.22679	0.01813
V220	0.17479	0.64707	0.07465	0.08009	0.0234
V221	0.04181	0.21165	0.41342	0.06445	0.26867
V222	0.03048	0.10703	0.02959	0.09988	0.73303
V223	0.40382	0.14771	0.25595	0.16875	0.02377
V224	0.04176	0.52037	0.04435	0.14205	0.25148
V225	0.55388	0.22969	0.11836	0.07583	0.02224
V226	0.39623	0.47464	0.0227	0.08122	0.02521
V227	0.08657	0.26659	0.0242	0.58378	0.03887
V228	0.44772	0.15656	0.2252	0.12999	0.04053
V229	0.22301	0.40281	0.23227	0.10465	0.03725
V230	0.0305	0.10031	0.0298	0.10089	0.73851
V231	0.06013	0.55469	0.07398	0.22881	0.08239
V232	0.60662	0.13658	0.15798	0.08181	0.017
V233	0.0589	0.13496	0.15084	0.14067	0.51464
V234	0.02154	0.38029	0.19825	0.36865	0.03126
V235	0.72633	0.11576	0.01979	0.11519	0.02293
V236	0.06976	0.18854	0.48746	0.20793	0.04632
V237	0.10944	0.18144	0.23721	0.32329	0.14862
V238	0.01839	0.09074	0.02658	0.32207	0.54222
V239	0.06309	0.40458	0.06494	0.2229	0.24449
V240	0.06413	0.74772	0.03287	0.09003	0.06525
V241	0.05137	0.81365	0.02783	0.07998	0.02717
V242	0.03503	0.3503	0.26236	0.29561	0.0567
V243	0.37518	0.15334	0.26899	0.08884	0.11365
V244	0.03224	0.41797	0.1865	0.13252	0.23076
V245	0.04795	0.78356	0.04962	0.10008	0.01879
V246	0.49713	0.28924	0.04364	0.08312	0.08688
V247	0.15607	0.24406	0.4638	0.10111	0.03496
V248	0.09059	0.5621	0.04447	0.079	0.22383
V249	0.21504	0.17368	0.19149	0.14528	0.27451
V250	0.02272	0.21047	0.50621	0.08154	0.17907
V251	0.1862	0.10644	0.09364	0.56453	0.04919
V252	0.02563	0.2487	0.4427	0.17688	0.10609
V253	0.25557	0.51186	0.09195	0.11305	0.02756
V254	0.43416	0.36302	0.01973	0.15439	0.02871
V255	0.63752	0.16039	0.01813	0.10429	0.07966
V256	0.04104	0.6894	0.03913	0.07979	0.15064
V257	0.36283	0.32451	0.13667	0.10185	0.07414
V258	0.14254	0.31782	0.06083	0.45979	0.01902
V259	0.42424	0.30818	0.15939	0.07634	0.03185
V260	0.22969	0.13564	0.11225	0.13755	0.38486
V261	0.02321	0.17437	0.41413	0.28865	0.09964
V262	0.68674	0.13065	0.05947	0.0986	0.02454
V263	0.61444	0.15852	0.02912	0.18005	0.01788
V264	0.06597	0.7656	0.03365	0.11617	0.01861
V265	0.62712	0.17262	0.07842	0.09888	0.02295
V266	0.02594	0.10913	0.09858	0.09651	0.66984
V267	0.05616	0.09583	0.02665	0.2076	0.61376
V268	0.17161	0.41369	0.13886	0.22528	0.05057
V269	0.07759	0.35749	0.30471	0.22361	0.03661
V270	0.05034	0.06995	0.04367	0.82363	0.01241
V271	0.2044	0.62519	0.03071	0.09734	0.04236
V272	0.09869	0.71568	0.04688	0.08838	0.05037
V273	0.24223	0.12426	0.16366	0.33806	0.13179
V274	0.09172	0.12603	0.05512	0.23922	0.48792
V275	0.04316	0.62532	0.15324	0.15078	0.02749
V276	0.01406	0.19482	0.52312	0.23847	0.02952
V277	0.27994	0.18554	0.43532	0.06467	0.03453
V278	0.01019	0.15719	0.29166	0.43738	0.10358
V279	0.13195	0.07195	0.02824	0.71651	0.05135
V280	0.17074	0.09469	0.04962	0.59974	0.08521
V281	0.02936	0.23808	0.05351	0.6603	0.01874
V282	0.06034	0.80541	0.02752	0.07973	0.02701
V283	0.30944	0.11943	0.11599	0.09206	0.36308
V284	0.02678	0.25846	0.43394	0.05688	0.22395
V285	0.42956	0.41786	0.02107	0.10721	0.02429
V286	0.06746	0.22787	0.60005	0.08551	0.0191
V287	0.20793	0.15985	0.15908	0.30993	0.16321
V288	0.16178	0.19485	0.47441	0.062	0.10695
V289	0.13943	0.2385	0.03754	0.56565	0.01888
V290	0.35348	0.4271	0.1303	0.07231	0.01682
V291	0.34047	0.23032	0.02346	0.38549	0.02027
V292	0.10336	0.17823	0.3438	0.08704	0.28756
V293	0.00888	0.27647	0.59508	0.09416	0.02541
V294	0.02155	0.10899	0.03035	0.09372	0.74539
V295	0.01772	0.14643	0.2806	0.4864	0.06884
V296	0.6589	0.17971	0.01899	0.10093	0.04147
V297	0.02115	0.20943	0.57241	0.15568	0.04133
V298	0.254	0.0791	0.02156	0.5474	0.09793
V299	0.23018	0.06944	0.02774	0.65969	0.01295
V300	0.73321	0.11778	0.02034	0.10489	0.02378
V301	0.7201	0.10972	0.02486	0.11845	0.02687
V302	0.01753	0.084	0.02533	0.43941	0.43373
V303	0.09709	0.24731	0.1995	0.21131	0.24479
V304	0.14801	0.22317	0.53842	0.0609	0.0295
V305	0.18278	0.3375	0.10027	0.15903	0.22043
V306	0.28588	0.5676	0.02348	0.09253	0.03052
V307	0.19309	0.12697	0.23041	0.43788	0.01165
V308	0.18288	0.19629	0.48298	0.11971	0.01814
V309	0.51561	0.15129	0.06007	0.17577	0.09726
V310	0.03857	0.11373	0.02769	0.1601	0.65991
V311	0.02345	0.06409	0.05197	0.84131	0.01919
V312	0.07961	0.31153	0.23081	0.06368	0.31437
V313	0.06091	0.30957	0.03351	0.35075	0.24526
V314	0.08119	0.09014	0.02401	0.40597	0.39869
V315	0.72161	0.11191	0.03066	0.09325	0.04256
V316	0.09789	0.51839	0.22746	0.0913	0.06495
V317	0.29693	0.22449	0.38255	0.06635	0.02968
V318	0.6984	0.10792	0.02406	0.09017	0.07945
V319	0.08498	0.24535	0.58824	0.06708	0.01436
V320	0.07832	0.05942	0.02163	0.82115	0.01948
V321	0.11492	0.35868	0.26372	0.23244	0.03024
V322	0.0142	0.34325	0.45797	0.09732	0.08726
V323	0.20097	0.29906	0.34886	0.07908	0.07204
V324	0.04187	0.1004	0.05129	0.78807	0.01837
V325	0.49639	0.18254	0.08738	0.17361	0.06009
V326	0.05321	0.11094	0.07204	0.1829	0.58091
V327	0.27895	0.45441	0.11291	0.08969	0.06404
V328	0.04559	0.30611	0.15603	0.46784	0.02442
V329	0.01018	0.16831	0.32164	0.4825	0.01737
V330	0.06734	0.2303	0.60239	0.05285	0.04711
V331	0.12603	0.12485	0.10035	0.14197	0.5068
V332	0.3559	0.19709	0.34376	0.06822	0.03502
V333	0.3209	0.15764	0.25541	0.19485	0.07121
V334	0.03888	0.35327	0.43949	0.12573	0.04264
V335	0.56022	0.15316	0.08534	0.10595	0.09533
V336	0.14186	0.52942	0.2367	0.06478	0.02725
V337	0.01905	0.099	0.03545	0.21191	0.63458
V338	0.55105	0.13947	0.13785	0.08984	0.08179
V339	0.18068	0.49984	0.17636	0.06552	0.0776
V340	0.03732	0.23704	0.1209	0.10992	0.49482
V341	0.02265	0.48514	0.3687	0.06572	0.05778
V342	0.22986	0.2536	0.34924	0.15402	0.01328
V343	0.52001	0.15076	0.23232	0.0813	0.0156
V344	0.09481	0.66812	0.06064	0.09322	0.08322
V345	0.19731	0.12228	0.02362	0.31791	0.33889
V346	0.03438	0.34307	0.27638	0.30937	0.03681
V347	0.0761	0.47018	0.04169	0.36556	0.04647
V348	0.01947	0.24578	0.37208	0.25378	0.10889
V349	0.05631	0.36824	0.42481	0.07003	0.08062
V350	0.09923	0.40507	0.09458	0.2769	0.12422
V351	0.14378	0.17083	0.34631	0.31633	0.02275
V352	0.09472	0.51212	0.3032	0.06904	0.02092
V353	0.22296	0.34257	0.05471	0.10817	0.27159
V354	0.42791	0.17444	0.31675	0.0657	0.01519
V355	0.07635	0.14022	0.2822	0.48445	0.01678
V356	0.07544	0.22624	0.59113	0.07196	0.03524
V357	0.041	0.19859	0.42118	0.07783	0.2614
V358	0.03327	0.09088	0.04417	0.81294	0.01874
V359	0.05424	0.1456	0.02264	0.76472	0.0128
V360	0.54416	0.14388	0.09111	0.20573	0.01512
V361	0.28845	0.45289	0.09819	0.07008	0.09039
V362	0.626	0.12363	0.0963	0.07758	0.07649
V363	0.03812	0.11781	0.02707	0.1999	0.6171
V364	0.04105	0.29662	0.04011	0.46472	0.1575
V365	0.01682	0.06537	0.02289	0.86031	0.03461
V366	0.16473	0.20753	0.44972	0.10802	0.07
V367	0.19121	0.27563	0.19327	0.20651	0.13339
V368	0.57402	0.17896	0.11743	0.0869	0.04269
V369	0.03969	0.5848	0.22116	0.13945	0.01491
V370	0.02556	0.21765	0.12709	0.37889	0.25081
V371	0.05715	0.78162	0.06536	0.07659	0.01928
V372	0.50075	0.16621	0.13354	0.16919	0.03031
V373	0.1048	0.58186	0.13491	0.15765	0.02078
V374	0.08532	0.16996	0.31276	0.42063	0.01132
V375	0.23149	0.19035	0.44363	0.12124	0.01329
V376	0.01824	0.15937	0.35379	0.06941	0.3992
V377	0.07875	0.47274	0.19669	0.23244	0.01937
V378	0.11866	0.51491	0.17316	0.06506	0.12821
V379	0.0332	0.11627	0.12047	0.13066	0.59941
V380	0.02121	0.14348	0.16483	0.49497	0.17552
V381	0.14146	0.1364	0.02672	0.08172	0.6137
V382	0.35919	0.08244	0.02211	0.32796	0.2083
V383	0.03462	0.11875	0.23567	0.59994	0.01102
V384	0.24018	0.1396	0.15403	0.41793	0.04826
V385	0.08699	0.17419	0.02749	0.0816	0.62973
V386	0.52128	0.09878	0.02163	0.34243	0.01588
V387	0.23311	0.08909	0.02143	0.62496	0.0314
V388	0.05312	0.73217	0.05506	0.1361	0.02355
V389	0.11513	0.68025	0.0386	0.10304	0.06298
V390	0.16058	0.07332	0.02149	0.65886	0.08575
V391	0.56773	0.2063	0.01775	0.14617	0.06206
V392	0.71773	0.13314	0.02557	0.10108	0.02248
V393	0.09256	0.11774	0.14498	0.51641	0.12831
V394	0.56287	0.10791	0.03965	0.21144	0.07813
V395	0.00928	0.13731	0.31172	0.52427	0.01742
V396	0.41459	0.18103	0.31956	0.06494	0.01988
V397	0.53254	0.19965	0.0476	0.17677	0.04344
V398	0.06272	0.0957	0.15921	0.61261	0.06976
V399	0.04664	0.10946	0.0185	0.31014	0.51526
V400	0.14439	0.486	0.15464	0.20104	0.01393
V401	0.24401	0.1899	0.46385	0.08846	0.01377
V402	0.28907	0.18122	0.34734	0.11875	0.06362
V403	0.1422	0.15055	0.01856	0.19022	0.49848
V404	0.00911	0.18688	0.39377	0.36854	0.0417
V405	0.29261	0.28381	0.08057	0.25951	0.0835
V406	0.02194	0.24354	0.654	0.05417	0.02636
V407	0.67251	0.13771	0.04738	0.12324	0.01915
V408	0.03627	0.37511	0.02739	0.29846	0.26277
V409	0.1033	0.0828	0.07284	0.65579	0.08527
V410	0.10981	0.23762	0.28418	0.09636	0.27203
V411	0.0222	0.10757	0.0224	0.10385	0.74397
V412	0.02765	0.22495	0.13711	0.08657	0.52372
V413	0.02743	0.29175	0.15154	0.38206	0.14723
V414	0.04588	0.14354	0.01709	0.48708	0.30641
V415	0.15814	0.09512	0.02663	0.08385	0.63627
V416	0.10374	0.16212	0.04042	0.19723	0.49649
V417	0.01376	0.2074	0.56864	0.15671	0.05348
V418	0.45405	0.37524	0.03912	0.09134	0.04025
V419	0.22462	0.11144	0.0383	0.17603	0.4496
V420	0.20878	0.10918	0.1123	0.1083	0.46144
V421	0.01569	0.12181	0.13749	0.10737	0.61765
V422	0.02294	0.08452	0.05997	0.70153	0.13104
V423	0.2355	0.25953	0.24735	0.228	0.02963
V424	0.00944	0.17897	0.41307	0.0602	0.33832
V425	0.29714	0.37274	0.02018	0.08311	0.22683
V426	0.20663	0.21434	0.03702	0.47052	0.0715
V427	0.18417	0.57082	0.15377	0.06903	0.02221
V428	0.08883	0.58742	0.08952	0.1525	0.08173
V429	0.11631	0.68646	0.02426	0.13633	0.03665
V430	0.03332	0.16471	0.34985	0.20955	0.24256
V431	0.10183	0.37734	0.18823	0.28226	0.05034
V432	0.25622	0.15088	0.12445	0.3578	0.11065
V433	0.15775	0.17154	0.40242	0.23985	0.02844
V434	0.19769	0.34149	0.31408	0.07376	0.07298
V435	0.41661	0.18398	0.28437	0.09557	0.01948
V436	0.05865	0.55247	0.114	0.11251	0.16239
V437	0.17699	0.11069	0.04591	0.21772	0.4487
V438	0.11822	0.33013	0.18713	0.30774	0.05677
V439	0.48845	0.09309	0.05878	0.33463	0.02504
V440	0.02518	0.4056	0.4489	0.07026	0.05005
V441	0.03375	0.51933	0.33676	0.08931	0.02086
V442	0.06023	0.80432	0.03533	0.07977	0.02035
V443	0.71509	0.10853	0.02457	0.1303	0.0215
V444	0.13813	0.40617	0.04747	0.36941	0.03882
V445	0.06261	0.38872	0.05538	0.46754	0.02575
V446	0.10368	0.11491	0.10472	0.55541	0.12128
V447	0.07062	0.08144	0.03076	0.47517	0.342
V448	0.15735	0.10262	0.04049	0.09569	0.60386
V449	0.00696	0.24511	0.67513	0.05649	0.01632
V450	0.17612	0.19356	0.22679	0.17386	0.22968
V451	0.23539	0.23511	0.07362	0.36437	0.09151
V452	0.01977	0.09774	0.15168	0.68728	0.04353
V453	0.0265	0.0865	0.01722	0.48945	0.38033
V454	0.01441	0.20267	0.53124	0.07456	0.17713
V455	0.05995	0.3003	0.25632	0.09773	0.28571
V456	0.71353	0.11335	0.01898	0.11159	0.04255
V457	0.53085	0.24663	0.04877	0.12954	0.04422
V458	0.02573	0.40651	0.418	0.10621	0.04355
V459	0.12614	0.13176	0.06688	0.49088	0.18434
V460	0.51336	0.15758	0.17243	0.12643	0.03021
V461	0.16268	0.34676	0.225	0.07658	0.18897
V462	0.05375	0.13704	0.03096	0.52096	0.25729
V463	0.18869	0.11632	0.02844	0.64791	0.01864
V464	0.13271	0.30042	0.47835	0.06928	0.01923
V465	0.0493	0.17595	0.03535	0.0977	0.6417
V466	0.03905	0.09195	0.02048	0.1729	0.67562
V467	0.05811	0.26599	0.03889	0.55593	0.08108
V468	0.45271	0.32406	0.11138	0.07347	0.03838
V469	0.02385	0.34472	0.07268	0.31257	0.24618
V470	0.63814	0.14483	0.0408	0.15315	0.02307
V471	0.33231	0.3066	0.0449	0.19792	0.11827
V472	0.01987	0.13288	0.06052	0.08545	0.70128
V473	0.0332	0.27608	0.22517	0.3288	0.13675
V474	0.24871	0.18477	0.07183	0.45135	0.04334
V475	0.1308	0.20152	0.45667	0.08159	0.12942
V476	0.13937	0.11394	0.10271	0.58781	0.05617
V477	0.0514	0.81225	0.03573	0.08011	0.02051
V478	0.16778	0.10157	0.02649	0.08331	0.62085
V479	0.63802	0.14616	0.04688	0.14601	0.02294
V480	0.12632	0.58344	0.07312	0.17685	0.04027
V481	0.21216	0.36719	0.07627	0.23048	0.11391
V482	0.10494	0.61221	0.18785	0.0668	0.0282
V483	0.27822	0.47682	0.02105	0.17077	0.05314
V484	0.19186	0.47328	0.12278	0.18608	0.026
V485	0.51122	0.16793	0.11278	0.17753	0.03055
V486	0.06486	0.19896	0.26977	0.0638	0.40262
V487	0.11302	0.23028	0.33595	0.30339	0.01737
V488	0.35179	0.1332	0.01596	0.36789	0.13116
V489	0.01286	0.33197	0.51258	0.11736	0.02522
V490	0.01398	0.20215	0.55093	0.21454	0.0184
V491	0.03799	0.45424	0.06633	0.15688	0.28456
V492	0.03605	0.1752	0.045	0.71195	0.03179
V493	0.02563	0.05769	0.02265	0.87312	0.02091
V494	0.27963	0.07583	0.03444	0.54059	0.06951
V495	0.26969	0.27202	0.19365	0.20978	0.05486
V496	0.12846	0.13036	0.0706	0.07697	0.59361
V497	0.09582	0.14128	0.14927	0.15412	0.4595
V498	0.07357	0.75773	0.04835	0.08226	0.03808
V499	0.04297	0.2968	0.24189	0.11426	0.30407
V500	0.09988	0.45887	0.11831	0.26423	0.05871
V501	0.07304	0.34605	0.03588	0.08275	0.46228
V502	0.12435	0.69305	0.06145	0.10376	0.01739
V503	0.35794	0.13704	0.18733	0.1849	0.13279
V504	0.40844	0.24379	0.02484	0.08399	0.23894
V505	0.50781	0.10344	0.04096	0.15148	0.19631
V506	0.03091	0.50464	0.08303	0.077	0.30442
V507	0.6461	0.10485	0.04593	0.16481	0.03831
V508	0.03065	0.58648	0.20862	0.10064	0.07361
V509	0.0524	0.4457	0.14472	0.24071	0.11647
V510	0.34726	0.45303	0.06151	0.11584	0.02236
V511	0.05673	0.37347	0.41766	0.09063	0.06151
V512	0.13396	0.45071	0.17272	0.10768	0.13493
V513	0.15456	0.60221	0.08853	0.11402	0.04067
V514	0.02163	0.13013	0.21573	0.09985	0.53266
V515	0.0735	0.15981	0.01573	0.73782	0.01314
V516	0.1415	0.35731	0.11466	0.36172	0.0248
V517	0.02375	0.09443	0.05954	0.80366	0.01861
V518	0.32514	0.15262	0.26629	0.2215	0.03445
V519	0.60955	0.14409	0.02296	0.20045	0.02295
V520	0.07273	0.73944	0.04014	0.1299	0.0178
V521	0.18066	0.09361	0.1303	0.57823	0.0172
V522	0.04395	0.29837	0.44754	0.16834	0.04181
V523	0.1173	0.23275	0.53879	0.09252	0.01865
V524	0.25962	0.20138	0.42319	0.05858	0.05723
V525	0.02374	0.25579	0.05131	0.08602	0.58314
V526	0.03682	0.23877	0.61615	0.0722	0.03606
V527	0.07388	0.47752	0.34239	0.07389	0.03232
V528	0.1393	0.06578	0.03502	0.74765	0.01226
V529	0.16378	0.22171	0.52882	0.06157	0.02412
V530	0.02124	0.23305	0.62251	0.09258	0.03062
V531	0.15874	0.49079	0.10249	0.08236	0.16561
V532	0.0605	0.32475	0.27094	0.06198	0.28183
V533	0.24939	0.1002	0.01876	0.08313	0.54852
V534	0.11703	0.11699	0.0151	0.71884	0.03204
V535	0.63671	0.19454	0.06073	0.08374	0.02428
V536	0.10823	0.2762	0.32793	0.08655	0.20109
V537	0.03023	0.12198	0.03709	0.08858	0.72212
V538	0.50894	0.17915	0.0236	0.10518	0.18314
V539	0.01814	0.28212	0.50148	0.13786	0.0604
V540	0.14825	0.4559	0.10241	0.11178	0.18166
V541	0.03808	0.4108	0.04423	0.0969	0.40999
V542	0.03958	0.34193	0.11787	0.44199	0.05863
V543	0.05642	0.25922	0.51265	0.09371	0.078
V544	0.28328	0.25706	0.17182	0.12212	0.16573
V545	0.51425	0.35021	0.0268	0.08921	0.01953
V546	0.06718	0.69328	0.09997	0.07673	0.06283
V547	0.08798	0.68319	0.0239	0.16855	0.03638
V548	0.01788	0.10804	0.0229	0.83105	0.02012
V549	0.0184	0.09881	0.04273	0.22674	0.61331
V550	0.04342	0.74333	0.10984	0.07929	0.02412
V551	0.02662	0.05649	0.01548	0.88638	0.01503
V552	0.204	0.10819	0.03925	0.10863	0.53993
V553	0.60325	0.10922	0.03372	0.20477	0.04904
V554	0.09098	0.19079	0.38839	0.30698	0.02286
V555	0.0494	0.79843	0.03471	0.07764	0.03982
V556	0.07729	0.11451	0.066	0.69142	0.0508
V557	0.26404	0.26416	0.05125	0.36984	0.05071
V558	0.014	0.21473	0.57079	0.17058	0.0299
V559	0.08759	0.44056	0.36853	0.06561	0.03772
V560	0.49697	0.28325	0.12822	0.07447	0.01708
V561	0.55288	0.12056	0.131	0.08406	0.11151
V562	0.11502	0.15808	0.157	0.14451	0.42539
V563	0.18315	0.30805	0.19389	0.1596	0.1553
V564	0.29606	0.11081	0.07093	0.36116	0.16104
V565	0.02029	0.10637	0.03715	0.12344	0.71274
V566	0.25554	0.19188	0.04393	0.35131	0.15734
V567	0.02156	0.23546	0.66719	0.05477	0.02102
V568	0.03029	0.29555	0.3555	0.30641	0.01225
V569	0.49207	0.1797	0.10749	0.17872	0.04201
V570	0.11475	0.14276	0.24765	0.43358	0.06126
V571	0.21782	0.12752	0.2126	0.3406	0.10145
V572	0.66155	0.10839	0.01784	0.09328	0.11895
V573	0.07019	0.18265	0.29179	0.36666	0.08871
V574	0.42317	0.30631	0.08439	0.15422	0.03192
V575	0.31107	0.13355	0.12345	0.11232	0.31962
V576	0.04671	0.77098	0.03353	0.08277	0.06601
V577	0.34778	0.45162	0.05467	0.12349	0.02244
V578	0.02712	0.26862	0.41726	0.239	0.04801
V579	0.02483	0.50046	0.29319	0.08223	0.09929
V580	0.18945	0.48441	0.03453	0.25807	0.03354
V581	0.04837	0.47509	0.32413	0.13255	0.01986
V582	0.00765	0.25722	0.65683	0.06252	0.01578
V583	0.46018	0.16383	0.27059	0.09055	0.01485
V584	0.1942	0.47363	0.11623	0.09586	0.12007
V585	0.048	0.68178	0.08439	0.12325	0.06258
V586	0.03893	0.69045	0.16972	0.08397	0.01694
V587	0.05668	0.62107	0.03071	0.09592	0.19562
V588	0.19015	0.41904	0.30755	0.06264	0.02062
V589	0.08969	0.38457	0.06272	0.43107	0.03195
V590	0.0517	0.69913	0.02447	0.08151	0.14319
V591	0.38656	0.45188	0.05472	0.08336	0.02348
V592	0.02101	0.20534	0.57212	0.07974	0.1218
V593	0.35051	0.0827	0.02133	0.49544	0.05003
V594	0.00998	0.26629	0.50124	0.17446	0.04803
V595	0.42239	0.1272	0.07428	0.33412	0.04201
V596	0.36351	0.25258	0.18486	0.16889	0.03017
V597	0.03271	0.23905	0.02762	0.16846	0.53216
V598	0.48735	0.10343	0.02357	0.08138	0.30427
V599	0.06951	0.38759	0.10179	0.40299	0.03812
V600	0.23085	0.12457	0.1713	0.37791	0.09538
V601	0.12935	0.15184	0.02335	0.48689	0.20857
V602	0.64717	0.2157	0.01995	0.096	0.02118
V603	0.12351	0.20228	0.04768	0.18567	0.44086
V604	0.0219	0.20699	0.53761	0.13607	0.09742
V605	0.03409	0.16263	0.13643	0.12688	0.53996
V606	0.66082	0.10292	0.01782	0.09359	0.12485
V607	0.15108	0.18205	0.0406	0.08505	0.54122
V608	0.5891	0.11932	0.04627	0.14952	0.09579
V609	0.16373	0.30779	0.03188	0.42374	0.07285
V610	0.08215	0.57674	0.02908	0.29036	0.02167
V611	0.20948	0.20601	0.45758	0.07547	0.05144
V612	0.30123	0.17852	0.26503	0.0762	0.17902
V613	0.3466	0.47695	0.05544	0.10352	0.01749
V614	0.44773	0.12067	0.03558	0.13904	0.25697
V615	0.01456	0.1631	0.13238	0.5595	0.13045
V616	0.50808	0.1225	0.1395	0.18899	0.04093
V617	0.18075	0.21138	0.37102	0.13274	0.10411
V618	0.56627	0.17668	0.07303	0.08825	0.09577
V619	0.43432	0.15359	0.14616	0.07607	0.18986
V620	0.04203	0.14931	0.29817	0.49358	0.01692
V621	0.12141	0.29525	0.26635	0.06194	0.25505
V622	0.02387	0.29447	0.31149	0.06806	0.30211
V623	0.06943	0.0711	0.02217	0.68415	0.15315
V624	0.69429	0.10621	0.02375	0.10761	0.06814
V625	0.01476	0.12635	0.09831	0.74245	0.01813
V626	0.06369	0.18642	0.43289	0.28825	0.02876
V627	0.1008	0.23009	0.12633	0.09224	0.45054
V628	0.71479	0.12034	0.02495	0.11816	0.02176
V629	0.10238	0.33186	0.47025	0.07614	0.01937
V630	0.02348	0.23868	0.04359	0.09534	0.59891
V631	0.01294	0.14673	0.25484	0.07565	0.50985
V632	0.05035	0.68677	0.03128	0.10345	0.12815
V633	0.05747	0.09331	0.09911	0.51951	0.2306
V634	0.33632	0.42501	0.14493	0.07735	0.01639
V635	0.04243	0.20409	0.18442	0.08321	0.48585
V636	0.16557	0.25272	0.27169	0.21564	0.09439
V637	0.17282	0.1638	0.33529	0.25598	0.0721
V638	0.07563	0.44899	0.04325	0.14152	0.29061
V639	0.43122	0.38405	0.08614	0.07566	0.02293
V640	0.10233	0.23932	0.09371	0.26438	0.30025
V641	0.09317	0.62976	0.04452	0.19761	0.03494
V642	0.5717	0.12126	0.02215	0.26814	0.01675
V643	0.05355	0.74639	0.08648	0.09589	0.01768
V644	0.04543	0.4023	0.0409	0.47195	0.03942
V645	0.14979	0.64489	0.03793	0.15047	0.01692
V646	0.1233	0.48342	0.04901	0.27755	0.06672
V647	0.70619	0.1071	0.02426	0.14155	0.02091
V648	0.37208	0.16512	0.02277	0.3093	0.13073
V649	0.2338	0.17353	0.08982	0.16124	0.34161
V650	0.03148	0.06763	0.06659	0.82199	0.01231
V651	0.13057	0.22337	0.01666	0.61595	0.01345
V652	0.30428	0.08554	0.04764	0.5381	0.02444
V653	0.28877	0.09617	0.06226	0.51003	0.04277
V654	0.04037	0.15724	0.02037	0.13325	0.64876
V655	0.13172	0.16638	0.25926	0.4255	0.01713
V656	0.11241	0.10248	0.01904	0.16277	0.6033
V657	0.03807	0.45395	0.04962	0.3615	0.09686
V658	0.03317	0.09941	0.0451	0.60597	0.21635
V659	0.02234	0.09432	0.08259	0.74211	0.05863
V660	0.06348	0.35579	0.04323	0.10497	0.43253
V661	0.04489	0.58621	0.03684	0.23369	0.09837
V662	0.03917	0.43563	0.04456	0.07355	0.40709
V663	0.73686	0.11449	0.02622	0.09868	0.02375
V664	0.03002	0.09659	0.12501	0.40556	0.34282
V665	0.03022	0.57625	0.20793	0.13933	0.04627
V666	0.09148	0.74406	0.06338	0.08268	0.01841
V667	0.03472	0.51455	0.24673	0.15207	0.05193
V668	0.50608	0.27029	0.06223	0.12861	0.03279
V669	0.3913	0.31743	0.04454	0.1512	0.09554
V670	0.08961	0.57324	0.06669	0.09972	0.17073
V671	0.57404	0.13539	0.16671	0.10312	0.02074
V672	0.08865	0.15289	0.10071	0.32632	0.33144
V673	0.02089	0.11404	0.02081	0.17331	0.67094
V674	0.28271	0.2368	0.37965	0.06005	0.04079
V675	0.54236	0.10431	0.05259	0.20399	0.09674
V676	0.20316	0.23913	0.39017	0.05851	0.10903
V677	0.04377	0.30688	0.20615	0.38604	0.05716
V678	0.05403	0.33829	0.03589	0.09879	0.473
V679	0.01627	0.15997	0.37353	0.433	0.01724
V680	0.15509	0.08753	0.0374	0.37149	0.34848
V681	0.42684	0.11664	0.05399	0.32275	0.07978
V682	0.00696	0.24511	0.67513	0.05649	0.01632
V683	0.05954	0.30359	0.49023	0.0551	0.09155
V684	0.06084	0.06558	0.02188	0.83841	0.01329
V685	0.01382	0.22653	0.60626	0.13429	0.0191
V686	0.24867	0.5442	0.08581	0.09299	0.02834
V687	0.00733	0.17616	0.45765	0.33531	0.02356
V688	0.00642	0.24013	0.66527	0.06142	0.02676
V689	0.39329	0.16366	0.17746	0.15495	0.11064
V690	0.10071	0.73589	0.04015	0.0985	0.02475
V691	0.12676	0.17549	0.05865	0.60183	0.03726
V692	0.0693	0.08382	0.02893	0.73789	0.08006
V693	0.02357	0.49517	0.37227	0.0881	0.02089
V694	0.08319	0.22126	0.05252	0.57749	0.06555
V695	0.11705	0.20462	0.14903	0.08369	0.44561
V696	0.09974	0.20372	0.54899	0.05972	0.08783
V697	0.09029	0.21022	0.27597	0.33454	0.08898
V698	0.02351	0.13736	0.1766	0.08028	0.58225
V699	0.04069	0.0869	0.05978	0.64337	0.16926
V700	0.05963	0.7132	0.0932	0.07038	0.06359
V701	0.0239	0.23763	0.03618	0.08854	0.61374
V702	0.02756	0.15876	0.02342	0.66466	0.1256
V703	0.02463	0.0749	0.03704	0.84391	0.01951
V704	0.04429	0.19816	0.34075	0.07475	0.34205
V705	0.71342	0.11922	0.01909	0.1056	0.04268
V706	0.13335	0.21233	0.15325	0.43074	0.07032
V707	0.12899	0.18889	0.08448	0.29918	0.29846
V708	0.02769	0.55202	0.33478	0.06958	0.01593
V709	0.02006	0.11786	0.05314	0.08803	0.72091
V710	0.10903	0.18922	0.39233	0.05836	0.25105
V711	0.06584	0.09865	0.04316	0.10132	0.69102
V712	0.05331	0.20297	0.5211	0.19912	0.0235
V713	0.20968	0.42552	0.27239	0.07735	0.01506
V714	0.05921	0.10488	0.02129	0.09103	0.7236
V715	0.0148	0.3563	0.46885	0.14068	0.01937
V716	0.58132	0.22846	0.03017	0.12605	0.034
V717	0.33227	0.23303	0.12352	0.08967	0.22151
V718	0.50819	0.1479	0.22333	0.07422	0.04636
V719	0.33501	0.27763	0.10905	0.16918	0.10913
V720	0.11735	0.14128	0.10091	0.10306	0.5374
V721	0.03678	0.11042	0.06725	0.09941	0.68614
V722	0.02921	0.26165	0.07029	0.49822	0.14063
V723	0.09978	0.25244	0.11396	0.50333	0.03049
V724	0.11759	0.57648	0.05826	0.22655	0.02112
V725	0.03994	0.10675	0.02942	0.09081	0.73307
V726	0.19748	0.46716	0.07088	0.12099	0.14349
V727	0.01395	0.23834	0.66046	0.06084	0.0264
V728	0.59116	0.1353	0.11538	0.13733	0.02082
V729	0.48621	0.17398	0.041	0.2783	0.0205
V730	0.10278	0.16011	0.31762	0.36559	0.05391
V731	0.01477	0.08174	0.06745	0.82342	0.01263
V732	0.02583	0.05763	0.02272	0.87951	0.01431
V733	0.03	0.24674	0.64312	0.05401	0.02612
V734	0.38252	0.20854	0.28296	0.10151	0.02446
V735	0.06966	0.24569	0.20812	0.08716	0.38937
V736	0.02189	0.13613	0.02965	0.08963	0.7227
V737	0.7334	0.1191	0.02613	0.0979	0.02347
V738	0.03111	0.44964	0.03731	0.0819	0.40004
V739	0.02669	0.07051	0.01536	0.87292	0.01451
V740	0.19341	0.17454	0.11398	0.08553	0.43253
V741	0.41745	0.10199	0.02171	0.34442	0.11444
V742	0.0643	0.18905	0.42868	0.19138	0.12659
V743	0.03534	0.14389	0.08849	0.16453	0.56776
V744	0.16612	0.15086	0.15734	0.48345	0.04223
V745	0.14893	0.0929	0.05671	0.68374	0.01772
V746	0.3164	0.49947	0.05603	0.0813	0.0468
V747	0.02964	0.24423	0.63488	0.05997	0.03129
V748	0.14084	0.28387	0.25155	0.1114	0.21234
V749	0.16316	0.17565	0.12053	0.42714	0.11352
V750	0.59422	0.2332	0.02485	0.12887	0.01887
V751	0.03438	0.41751	0.44959	0.07821	0.0203
V752	0.0314	0.20071	0.04345	0.08874	0.63569
V753	0.42493	0.1733	0.20867	0.09175	0.10136
V754	0.10715	0.31346	0.0249	0.53486	0.01963
V755	0.2183	0.62321	0.05944	0.07507	0.02399
V756	0.0305	0.183	0.04287	0.12885	0.61477
V757	0.15498	0.08403	0.10063	0.64305	0.0173
V758	0.06514	0.40006	0.01931	0.495	0.02049
V759	0.08942	0.13792	0.11012	0.07437	0.58816
V760	0.07406	0.14601	0.19869	0.27291	0.30834
V761	0.05384	0.35344	0.51014	0.06258	0.02
V762	0.02136	0.14053	0.16616	0.40034	0.27162
V763	0.03588	0.30505	0.0289	0.07893	0.55124
V764	0.10419	0.12803	0.08805	0.65603	0.02369
V765	0.13745	0.20779	0.48484	0.09384	0.07608
V766	0.06882	0.47321	0.23131	0.10591	0.12074
V767	0.24125	0.44897	0.07719	0.11293	0.11966
V768	0.06146	0.72613	0.0701	0.11895	0.02336
V769	0.57289	0.14051	0.16118	0.07831	0.04712
V770	0.23978	0.17283	0.38258	0.18694	0.01788
V771	0.06682	0.64569	0.03038	0.15889	0.09821
V772	0.04513	0.23986	0.63921	0.06088	0.01492
V773	0.03812	0.09471	0.01964	0.22879	0.61874
V774	0.13195	0.18358	0.42307	0.05736	0.20404
V775	0.69022	0.10724	0.03508	0.13767	0.0298
V776	0.29847	0.41425	0.15447	0.09488	0.03793
V777	0.18187	0.39043	0.2217	0.15655	0.04944
V778	0.4405	0.13381	0.02849	0.25648	0.14072
V779	0.0612	0.43786	0.40273	0.07218	0.02603
V780	0.02165	0.23504	0.66624	0.06162	0.01545
V781	0.15774	0.34588	0.17073	0.06568	0.25996
V782	0.21155	0.27927	0.04046	0.08198	0.38674
V783	0.00749	0.19562	0.50033	0.07633	0.22022
V784	0.0351	0.55545	0.02169	0.30387	0.08389
V785	0.5673	0.19276	0.01739	0.16657	0.05599
V786	0.14859	0.22238	0.03023	0.56721	0.0316
V787	0.12737	0.53576	0.02142	0.24737	0.06808
V788	0.32464	0.40569	0.08209	0.07118	0.11641
V789	0.02072	0.20162	0.02545	0.42623	0.32598
V790	0.24801	0.26749	0.07519	0.16819	0.24112
V791	0.16189	0.26221	0.0847	0.23565	0.25555
V792	0.71543	0.12387	0.03662	0.09226	0.03182
V793	0.28703	0.294	0.06699	0.15192	0.20007
V794	0.02435	0.12389	0.11223	0.22106	0.51847
V795	0.12717	0.71867	0.03998	0.08296	0.03122
V796	0.25237	0.39594	0.11273	0.20119	0.03778
V797	0.14047	0.09329	0.0196	0.10097	0.64567
V798	0.12471	0.48092	0.02865	0.14952	0.2162
V799	0.0359	0.19562	0.06045	0.65623	0.0518
V800	0.03742	0.10604	0.03481	0.18302	0.63871
V801	0.3125	0.10554	0.11937	0.42725	0.03535
V802	0.0424	0.25246	0.0357	0.08671	0.58274
V803	0.26107	0.09749	0.02152	0.58859	0.03133
V804	0.16945	0.22745	0.18321	0.37103	0.04886
V805	0.12283	0.24675	0.35614	0.19463	0.07965
V806	0.38453	0.1377	0.17795	0.12064	0.17918
V807	0.56968	0.11258	0.07161	0.12027	0.12586
V808	0.64861	0.11642	0.05881	0.08724	0.08893
V809	0.18337	0.54936	0.04316	0.10107	0.12304
V810	0.0341	0.12896	0.05398	0.47654	0.30642
V811	0.05702	0.172	0.04155	0.16708	0.56235
V812	0.03154	0.59609	0.1921	0.14029	0.03998
V813	0.03611	0.29197	0.2091	0.06566	0.39716
V814	0.17745	0.49773	0.07828	0.21386	0.03268
V815	0.20989	0.59176	0.051	0.1247	0.02266
V816	0.03089	0.46233	0.02753	0.43879	0.04047
V817	0.60146	0.14744	0.13427	0.10015	0.01668
V818	0.04031	0.2943	0.31152	0.08829	0.26559
V819	0.71045	0.12098	0.03053	0.11672	0.02132
V820	0.06725	0.36039	0.12519	0.40949	0.03768
V821	0.02241	0.10832	0.02261	0.09592	0.75075
V822	0.16786	0.07962	0.0281	0.71189	0.01254
V823	0.04949	0.19595	0.21513	0.0671	0.47232
V824	0.07571	0.1272	0.04284	0.08327	0.67099
V825	0.11883	0.18966	0.48116	0.19791	0.01243
V826	0.03677	0.23348	0.64148	0.07364	0.01463
V827	0.299	0.18919	0.01663	0.4043	0.09089
V828	0.21453	0.21752	0.11369	0.12093	0.33333
V829	0.08198	0.19982	0.27244	0.2059	0.23987
V830	0.11863	0.2075	0.51227	0.07338	0.08823
V831	0.03771	0.64513	0.06802	0.21421	0.03493
V832	0.19284	0.09457	0.08172	0.2781	0.35276
V833	0.17913	0.6638	0.03167	0.07562	0.04978
V834	0.58428	0.20231	0.04793	0.10412	0.06136
V835	0.21742	0.30398	0.09727	0.30372	0.0776
V836	0.28792	0.20543	0.34247	0.14578	0.01839
V837	0.04315	0.72669	0.03971	0.11188	0.07856
V838	0.01382	0.0716	0.0825	0.81316	0.01893
V839	0.04515	0.13539	0.08931	0.07866	0.65149
V840	0.7029	0.11662	0.04154	0.11364	0.02531
V841	0.17075	0.21703	0.53139	0.0618	0.01904
V842	0.40894	0.15459	0.18043	0.23202	0.02403
V843	0.37923	0.12381	0.14226	0.13065	0.22404
V844	0.01852	0.31037	0.56543	0.07442	0.03127
V845	0.03443	0.07331	0.01608	0.62323	0.25295
V846	0.10742	0.14147	0.10925	0.12605	0.51581
V847	0.19426	0.10299	0.06761	0.18211	0.45304
V848	0.58346	0.12593	0.02248	0.15925	0.10888
V849	0.11058	0.23039	0.52284	0.06027	0.07591
V850	0.18121	0.16313	0.25683	0.18694	0.21188
V851	0.73438	0.11226	0.02013	0.10448	0.02876
V852	0.21419	0.14906	0.08977	0.21726	0.32973
V853	0.03352	0.26183	0.47126	0.16724	0.06615
V854	0.04633	0.37902	0.23378	0.12915	0.21172
V855	0.09722	0.37735	0.10137	0.34428	0.07978
V856	0.14744	0.3978	0.07174	0.07055	0.31247
V857	0.07475	0.13963	0.16414	0.4229	0.19858
V858	0.0297	0.36757	0.18608	0.24728	0.16937
V859	0.12302	0.07942	0.0353	0.72457	0.0377
V860	0.04346	0.1849	0.07567	0.63753	0.05844
V861	0.12783	0.10993	0.12485	0.62023	0.01717
V862	0.07375	0.10005	0.04143	0.16241	0.62236
V863	0.04807	0.78705	0.04183	0.08384	0.0392
V864	0.03608	0.22077	0.62304	0.10616	0.01395
V865	0.0697	0.18599	0.48014	0.25206	0.01211
V866	0.03093	0.21344	0.48645	0.23999	0.0292
V867	0.48168	0.12203	0.02366	0.0808	0.29183
V868	0.18605	0.29756	0.3303	0.15632	0.02976
V869	0.0293	0.10157	0.0451	0.0974	0.72663
V870	0.2359	0.22084	0.08916	0.28155	0.17255
V871	0.04339	0.14887	0.11186	0.1526	0.54329
V872	0.32682	0.11012	0.02797	0.48512	0.04997
V873	0.05614	0.33586	0.15029	0.39264	0.06508
V874	0.0955	0.13728	0.02735	0.09082	0.64904
V875	0.02016	0.21613	0.03967	0.5116	0.21244
V876	0.40348	0.15072	0.07043	0.08778	0.2876
V877	0.20791	0.55404	0.05728	0.15306	0.0277
V878	0.03603	0.60338	0.05985	0.27287	0.02787
V879	0.69417	0.13575	0.03015	0.11436	0.02556
V880	0.08146	0.14373	0.0457	0.44647	0.28264
V881	0.01622	0.18461	0.44034	0.05828	0.30055
V882	0.04724	0.42755	0.03395	0.47737	0.01389
V883	0.42598	0.21678	0.02965	0.23322	0.09438
V884	0.02237	0.10098	0.02265	0.10526	0.74873
V885	0.14098	0.20095	0.32711	0.15161	0.17935
V886	0.01739	0.08987	0.04989	0.27577	0.56708
V887	0.09282	0.75257	0.03333	0.07615	0.04513
V888	0.06066	0.15235	0.0669	0.66206	0.05803
V889	0.11552	0.698	0.06135	0.09521	0.02991
V890	0.03756	0.10404	0.13716	0.62156	0.09968
V891	0.00752	0.25609	0.65192	0.06894	0.01554
V892	0.4922	0.26916	0.03702	0.08328	0.11834
V893	0.1209	0.28687	0.40766	0.12494	0.05963
V894	0.09393	0.47736	0.06422	0.31173	0.05276
V895	0.51022	0.14868	0.22827	0.09277	0.02007
V896	0.17685	0.26976	0.21252	0.32281	0.01806
V897	0.01455	0.06751	0.05263	0.75585	0.10946
V898	0.34919	0.10185	0.03074	0.1004	0.41782
V899	0.46472	0.3254	0.09086	0.0746	0.04442
V900	0.21087	0.28796	0.24181	0.22953	0.02983
