mature.neutrophil	CD14.pos.CD16.neg.classical.monocyte	macrophage	memory.CD4.pos.AB.T.cell	cytotoxic.CD56.dim.NK.cell
V1	0.23536	0.19466	0.24791	0.2154	0.10667
V2	0.03388	0.5578	0.14839	0.18634	0.0736
V3	0.01976	0.13918	0.38436	0.4247	0.032
V4	0	0.18725	0.19741	0.1962	0.41913
V5	0	0.18093	0.03747	0.26106	0.52054
V6	0.23653	0.13819	0.25357	0.28145	0.09026
V7	0	0.18733	0.3591	0.17643	0.27714
V8	0	0.17143	0.74253	0.07861	0.00743
V9	0.0123	0.11302	0.23762	0.60192	0.03515
V10	0.37601	0.13935	0.43226	0.02175	0.03063
V11	0	0.19841	0.08181	0.22807	0.49171
V12	0.02386	0.15989	0.19779	0.38035	0.23811
V13	0.06831	0.15808	0.0434	0.49135	0.23885
V14	0.09664	0.10335	0.07776	0.63535	0.0869
V15	0	0.08902	0.00945	0.84884	0.05269
V16	0.45359	0.11893	0.0316	0.35909	0.0368
V17	0.00635	0.3119	0.03175	0.23034	0.41966
V18	0.04923	0.33571	0.28946	0.28533	0.04026
V19	0	0.1822	0	0.27758	0.54023
V20	0	0.14416	0.60611	0.23053	0.0192
V21	0	0.28596	0.14673	0.28621	0.28111
V22	0.71699	0.13058	0.07933	0.0369	0.0362
V23	0.00566	0.1999	0.0095	0.29596	0.48898
V24	0.3482	0.2008	0.03624	0.17238	0.24238
V25	0	0.15294	0.0101	0.50695	0.33
V26	0.37336	0.22863	0.08665	0.14979	0.16157
V27	0.08109	0.4047	0.23304	0.13194	0.14923
V28	0	0.14392	0.19512	0.60983	0.05112
V29	0	0.1028	0.29134	0.57089	0.03497
V30	0.62464	0.14978	0.04511	0.09031	0.09016
V31	0.31488	0.18714	0.03714	0.31874	0.1421
V32	0.82412	0.08092	0.00747	0.03501	0.05249
V33	0	0.27135	0.02398	0.27582	0.42885
V34	0.09966	0.60206	0.11254	0.13706	0.04868
V35	0.0649	0.45401	0.32272	0.12311	0.03525
V36	0	0.26006	0.16603	0.22993	0.34398
V37	0.6371	0.1039	0	0.09076	0.16824
V38	0.06405	0.16381	0.41422	0.24982	0.1081
V39	0.2337	0.17051	0.30252	0.10878	0.18449
V40	0.18184	0.43679	0.09459	0.22035	0.06642
V41	0.03005	0.60838	0.11644	0.14629	0.09884
V42	0.75244	0.10555	0.02772	0.05185	0.06244
V43	0.3869	0.18099	0.3403	0.06416	0.02765
V44	0	0.30999	0.52684	0.07368	0.08949
V45	0.0155	0.48129	0.1744	0.25896	0.06985
V46	0.0895	0.53979	0.16292	0.15171	0.05608
V47	0	0.17608	0.81431	0.00132	0.00829
V48	0.10453	0.19253	0.21833	0.37834	0.10627
V49	0.35962	0.18141	0.23001	0.19332	0.03564
V50	0	0.18976	0.80383	0.00179	0.00463
V51	0.04812	0.30016	0.21007	0.19245	0.24921
V52	0.03871	0.64815	0.12067	0.14312	0.04935
V53	0	0.17318	0.03366	0.74646	0.0467
V54	0.14032	0.11006	0.02003	0.58254	0.14705
V55	0.02733	0.08375	0.00899	0.8327	0.04722
V56	0.02439	0.09237	0.01085	0.76265	0.10973
V57	0.09939	0.22109	0.50074	0.08812	0.09066
V58	0.00713	0.1731	0.11952	0.33109	0.36916
V59	0.7448	0.09535	0.0952	0.03968	0.02496
V60	0.32543	0.21907	0.14457	0.2112	0.09973
V61	0.11311	0.16395	0.02586	0.35226	0.34482
V62	0.00015	0.19065	0.26454	0.24793	0.29673
V63	0.30736	0.26358	0.09222	0.15582	0.181
V64	0.83365	0.08739	0.02668	0.02582	0.02646
V65	0.03907	0.1476	0.05226	0.63865	0.12243
V66	0	0.09674	0.12871	0.73031	0.04424
V67	0	0.17723	0.28587	0.21211	0.32479
V68	0.35492	0.12958	0.36384	0.08283	0.06882
V69	0.48085	0.17044	0.20614	0.07898	0.06359
V70	0.04015	0.49909	0.12995	0.27414	0.05667
V71	0.07216	0.54857	0.14114	0.18683	0.05129
V72	0	0.38054	0.06147	0.20692	0.35107
V73	0.01137	0.12319	0.0973	0.60408	0.16407
V74	0	0.115	0.01814	0.779	0.08787
V75	0.38177	0.21058	0.31399	0.05998	0.03369
V76	0	0.08145	0.02049	0.82057	0.07749
V77	0	0.1747	0.77658	0.04294	0.00578
V78	0	0.17851	0.80134	0.01095	0.0092
V79	0.0349	0.35831	0.08356	0.27988	0.24336
V80	0.09702	0.52347	0.0913	0.18745	0.10077
V81	0	0.17873	0.81829	0	0.00298
V82	0.16436	0.17422	0.06004	0.55244	0.04894
V83	0.04679	0.15724	0.0335	0.59038	0.17209
V84	0.02706	0.27235	0.01309	0.23779	0.44971
V85	0	0.17468	0.81499	0.00739	0.00293
V86	0	0.24402	0.30187	0.416	0.03811
V87	0.34095	0.09527	0.05687	0.45793	0.04898
V88	0.22007	0.21284	0.07462	0.29984	0.19263
V89	0.0044	0.21881	0.71043	0.05591	0.01045
V90	0	0.26166	0.06239	0.26609	0.40986
V91	0	0.08208	0.07838	0.79844	0.04109
V92	0.14747	0.19458	0.02592	0.22299	0.40905
V93	0	0.15672	0.15637	0.54387	0.14303
V94	0	0.24383	0.03287	0.37808	0.34523
V95	0.00803	0.29353	0.03944	0.27317	0.38583
V96	0.6672	0.10133	0.03113	0.08891	0.11143
V97	0.08303	0.19252	0.03941	0.27622	0.40883
V98	0.01266	0.34215	0.20899	0.24458	0.19162
V99	0.39531	0.17015	0.02855	0.2992	0.1068
V100	0.42056	0.20211	0.07364	0.15508	0.14861
V101	0.04678	0.63722	0.12697	0.14053	0.0485
V102	0.22578	0.25389	0.15815	0.21297	0.14921
V103	0.04555	0.18707	0	0.24287	0.52451
V104	0.00316	0.38237	0.12345	0.19266	0.29835
V105	0	0.18465	0.02248	0.27108	0.52179
V106	0.02917	0.54374	0.23874	0.12497	0.06338
V107	0.01446	0.26796	0.61107	0.08528	0.02123
V108	0	0.25201	0.71839	0.01968	0.00991
V109	0.01234	0.2571	0.07595	0.39446	0.26015
V110	0.13368	0.37726	0.23735	0.20413	0.04759
V111	0.22392	0.24726	0.46214	0.04523	0.02145
V112	0.11091	0.11823	0.10642	0.51108	0.15336
V113	0.1509	0.16041	0.0989	0.28406	0.30574
V114	0.44455	0.14187	0.06558	0.24479	0.10322
V115	0.75543	0.08487	0.00664	0.06095	0.09212
V116	0	0.17838	0	0.25473	0.56689
V117	0.0092	0.17529	0.69106	0.09821	0.02624
V118	0.00026	0.08559	0.00718	0.84773	0.05924
V119	0.23564	0.12708	0.3536	0.25597	0.02771
V120	0	0.16115	0.68538	0.12339	0.03008
V121	0.16153	0.51615	0.09242	0.14105	0.08885
V122	0	0.33991	0.12525	0.34895	0.18589
V123	0.36637	0.13688	0.08525	0.27136	0.14014
V124	0.13786	0.19955	0.07375	0.3386	0.25024
V125	0.01169	0.38113	0.50668	0.07096	0.02954
V126	0.09189	0.24663	0.21967	0.22959	0.21223
V127	0.2063	0.14273	0.5641	0.0684	0.01846
V128	0.17651	0.53759	0.10665	0.12229	0.05696
V129	0.17827	0.16066	0.24474	0.25603	0.1603
V130	0.00087	0.39667	0.09951	0.34877	0.15418
V131	0	0.10061	0.20925	0.65633	0.03381
V132	0.25212	0.1283	0.00637	0.42036	0.19285
V133	0	0.18504	0.46915	0.16548	0.18033
V134	0.02752	0.18498	0.6665	0.05783	0.06316
V135	0	0.21915	0.62436	0.07422	0.08226
V136	0.86229	0.077	0.0091	0.02454	0.02707
V137	0.78256	0.09534	0.0127	0.06595	0.04346
V138	0.16745	0.22043	0.09344	0.26503	0.25365
V139	0.06839	0.09823	0.15323	0.63728	0.04286
V140	0	0.18531	0.1269	0.21656	0.47123
V141	0	0.25892	0.58061	0.13725	0.02321
V142	0.13305	0.15396	0.29112	0.22384	0.19804
V143	0	0.24581	0.43499	0.20996	0.10924
V144	0.39444	0.21686	0.09982	0.20436	0.08452
V145	0	0.17738	0.78538	0.0221	0.01515
V146	0	0.31396	0.04452	0.42923	0.21229
V147	0.05181	0.18902	0.58485	0.13789	0.03644
V148	0.1308	0.54586	0.10877	0.15665	0.05792
V149	0	0.07833	0.00544	0.84364	0.07259
V150	0.09612	0.2536	0.53055	0.0558	0.06394
V151	0.32016	0.10428	0.02396	0.44629	0.10531
V152	0	0.09218	0.10706	0.71932	0.08143
V153	0.11219	0.23865	0.4242	0.12463	0.10033
V154	0.07969	0.45534	0.0944	0.18465	0.18592
V155	0	0.09974	0.12963	0.72616	0.04447
V156	0.04166	0.1773	0.34722	0.23901	0.19481
V157	0.03529	0.17539	0.15666	0.37639	0.25627
V158	0.12164	0.16307	0.38763	0.14143	0.18623
V159	0.06989	0.20977	0.04821	0.6084	0.06373
V160	0.3491	0.21014	0.11229	0.15785	0.17061
V161	0.12667	0.19186	0.05377	0.20775	0.41995
V162	0	0.18028	0.81644	0.00029	0.00299
V163	0	0.19193	0	0.27146	0.53661
V164	0.81456	0.10415	0.02305	0.0357	0.02253
V165	0.50055	0.20719	0.11227	0.12087	0.05912
V166	0.01021	0.11588	0.2183	0.57501	0.08061
V167	0.01329	0.47566	0.09305	0.27212	0.14589
V168	0	0.18028	0.81644	0.00029	0.00299
V169	0.03346	0.48973	0.23682	0.18946	0.05053
V170	0.18027	0.31404	0.10555	0.29149	0.10865
V171	0.22163	0.16531	0.33533	0.22101	0.05673
V172	0.11291	0.28084	0.09131	0.19873	0.31622
V173	0.14056	0.17029	0.10461	0.45118	0.13336
V174	0.13579	0.14403	0.31073	0.26717	0.14227
V175	0.02226	0.23631	0.12487	0.3163	0.30027
V176	0.27104	0.08947	0.0204	0.57464	0.04445
V177	0.13138	0.15354	0.49105	0.19724	0.02679
V178	0.19803	0.15741	0.40858	0.16374	0.07224
V179	0.02053	0.19955	0	0.24668	0.53324
V180	0	0.18996	0.2956	0.167	0.34743
V181	0.01113	0.31954	0.02118	0.25521	0.39294
V182	0.45585	0.20722	0.04064	0.23467	0.06162
V183	0.05573	0.63734	0.11838	0.13415	0.05439
V184	0.22753	0.11754	0.26958	0.33974	0.04561
V185	0.06298	0.38887	0.08065	0.28097	0.18654
V186	0.07675	0.23547	0.04921	0.37507	0.26349
V187	0.05763	0.47747	0.08792	0.32461	0.05237
V188	0.71407	0.09126	0.0442	0.1222	0.02827
V189	0.35518	0.21316	0.07347	0.31373	0.04446
V190	0.30978	0.17287	0.20656	0.12908	0.18172
V191	0.15108	0.21967	0.03987	0.47862	0.11076
V192	0.23347	0.21559	0.14559	0.29198	0.11337
V193	0.02854	0.2629	0.47566	0.12077	0.11213
V194	0.1748	0.18285	0.08905	0.25343	0.29987
V195	0.47514	0.19266	0.2455	0.05768	0.02901
V196	0	0.17637	0.03605	0.26185	0.52573
V197	0.05455	0.61336	0.11324	0.1647	0.05416
V198	0.15819	0.24904	0.06516	0.31991	0.20771
V199	0.66067	0.09703	0.21124	0.01524	0.01581
V200	0.6396	0.09679	0.03528	0.09573	0.1326
V201	0	0.10278	0.02344	0.72188	0.1519
V202	0.81512	0.10829	0.00898	0.0393	0.02831
V203	0.4279	0.23713	0.06293	0.15667	0.11537
V204	0.24131	0.20019	0.0412	0.18279	0.3345
V205	0.04507	0.19888	0.10548	0.25252	0.39806
V206	0.00737	0.14036	0.01751	0.76647	0.06828
V207	0	0.08902	0.00945	0.84884	0.05269
V208	0.10595	0.25432	0.44359	0.11724	0.07891
V209	0.08034	0.19449	0.08662	0.22561	0.41294
V210	0	0.17414	0.8074	0.00987	0.00858
V211	0.08238	0.19152	0.18418	0.19796	0.34395
V212	0.03943	0.53932	0.16869	0.16966	0.0829
V213	0.03787	0.15851	0.05363	0.39588	0.35411
V214	0.00083	0.42887	0.4277	0.098	0.0446
V215	0.17395	0.25585	0.1545	0.20953	0.20618
V216	0	0.20378	0.28908	0.19012	0.31702
V217	0	0.07997	0.02593	0.80224	0.09186
V218	0.03174	0.22268	0.27784	0.3831	0.08465
V219	0.08402	0.26171	0.37318	0.24694	0.03415
V220	0.1643	0.51702	0.15008	0.12021	0.04839
V221	0	0.20915	0.43491	0.12622	0.22971
V222	0	0.18304	0	0.25988	0.55708
V223	0.40732	0.11175	0.29191	0.15453	0.03449
V224	0.00978	0.43815	0.08609	0.24184	0.22414
V225	0.61617	0.17471	0.14281	0.03876	0.02755
V226	0.41058	0.38361	0.06732	0.09422	0.04427
V227	0.05577	0.23118	0.04425	0.60429	0.06451
V228	0.46325	0.12042	0.25616	0.11327	0.04691
V229	0.20714	0.32139	0.28987	0.1287	0.0529
V230	0	0.17817	0	0.26064	0.56119
V231	0.03831	0.44185	0.13082	0.29151	0.09751
V232	0.68723	0.09342	0.17963	0.02374	0.01599
V233	0	0.19697	0.12999	0.26888	0.40416
V234	0	0.30579	0.23915	0.40226	0.0528
V235	0.84827	0.07897	0.00289	0.04765	0.02222
V236	0.03718	0.15763	0.53983	0.21632	0.04904
V237	0.06927	0.17667	0.24536	0.37064	0.13806
V238	0	0.15093	0	0.42808	0.42099
V239	0.02762	0.35318	0.09299	0.31057	0.21564
V240	0.04733	0.59238	0.11538	0.15742	0.08749
V241	0.03853	0.64996	0.12047	0.13587	0.05517
V242	0.00375	0.28938	0.30065	0.33613	0.07009
V243	0.3658	0.13192	0.30095	0.09552	0.10582
V244	0	0.36071	0.21953	0.21658	0.20317
V245	0.03563	0.62309	0.13883	0.15414	0.04831
V246	0.51168	0.23849	0.06594	0.09338	0.09052
V247	0.13849	0.19585	0.54085	0.08844	0.03637
V248	0.06068	0.46644	0.0944	0.17551	0.20298
V249	0.16853	0.18679	0.19276	0.223	0.22892
V250	0	0.18766	0.54749	0.11045	0.1544
V251	0.14275	0.11243	0.09908	0.5762	0.06953
V252	0	0.21202	0.47796	0.20858	0.10144
V253	0.24408	0.40538	0.15201	0.14761	0.05091
V254	0.43868	0.28854	0.05244	0.17177	0.04857
V255	0.70001	0.12786	0.0115	0.08146	0.07917
V256	0.01985	0.55651	0.1059	0.16576	0.15198
V257	0.35206	0.26519	0.17162	0.12848	0.08265
V258	0.11345	0.26148	0.09259	0.48321	0.04927
V259	0.44166	0.24382	0.20016	0.07	0.04436
V260	0.17163	0.17719	0.10201	0.23907	0.3101
V261	0	0.15192	0.43134	0.32157	0.09517
V262	0.78167	0.09404	0.05746	0.04088	0.02595
V263	0.67656	0.11614	0.02943	0.15133	0.02653
V264	0.05417	0.6073	0.12031	0.16988	0.04834
V265	0.70222	0.12853	0.08888	0.05451	0.02586
V266	0	0.1805	0.06028	0.2489	0.51033
V267	0	0.17625	0	0.34555	0.4782
V268	0.14674	0.3317	0.18481	0.26689	0.06986
V269	0.05003	0.29256	0.35261	0.25422	0.05058
V270	0.00866	0.08809	0.04044	0.81755	0.04526
V271	0.19087	0.49913	0.0983	0.1452	0.06649
V272	0.08374	0.56797	0.12633	0.14774	0.07422
V273	0.19883	0.13117	0.1672	0.3762	0.12659
V274	0.03137	0.18854	0.03358	0.36104	0.38547
V275	0.02464	0.49554	0.2295	0.19916	0.05117
V276	0	0.15134	0.57844	0.23941	0.0308
V277	0.28338	0.13768	0.51871	0.02771	0.03253
V278	0	0.14027	0.29403	0.46416	0.10154
V279	0.08883	0.09306	0.02289	0.72062	0.0746
V280	0.12533	0.1118	0.04789	0.61635	0.09862
V281	0	0.20745	0.07157	0.6722	0.04877
V282	0.04699	0.64307	0.11931	0.13561	0.05502
V283	0.25759	0.15735	0.10553	0.18248	0.29705
V284	0	0.23454	0.46354	0.10809	0.19383
V285	0.4468	0.3363	0.05827	0.11666	0.04197
V286	0.03782	0.18235	0.71518	0.05035	0.01431
V287	0.164	0.16356	0.16438	0.35785	0.1502
V288	0.13973	0.1649	0.53781	0.06112	0.09643
V289	0.10626	0.20689	0.05745	0.58128	0.04812
V290	0.36562	0.34024	0.18248	0.07711	0.03454
V291	0.31105	0.19529	0.04106	0.40351	0.04909
V292	0.05592	0.18904	0.35424	0.15891	0.24189
V293	0	0.21389	0.69698	0.06883	0.0203
V294	0	0.18166	0	0.25434	0.564
V295	0	0.13123	0.28837	0.50517	0.07522
V296	0.74366	0.13702	0.01513	0.05986	0.04432
V297	0	0.16519	0.65104	0.14594	0.03783
V298	0.20364	0.10083	0.01557	0.57116	0.1088
V299	0.18697	0.08161	0.02534	0.66179	0.04429
V300	0.86323	0.07968	0.00305	0.0318	0.02224
V301	0.83201	0.07532	0.00922	0.05623	0.02722
V302	0	0.13537	0	0.51666	0.34797
V303	0.0535	0.23993	0.20978	0.28703	0.20975
V304	0.13177	0.17633	0.64054	0.0257	0.02566
V305	0.14281	0.29973	0.12653	0.2376	0.19333
V306	0.28269	0.45441	0.08145	0.12748	0.05397
V307	0.15771	0.11264	0.24646	0.44793	0.03526
V308	0.16922	0.14985	0.56538	0.09598	0.01957
V309	0.51662	0.13401	0.06317	0.18835	0.09786
V310	0	0.18689	0	0.30652	0.50659
V311	0	0.07715	0.04577	0.82748	0.0496
V312	0.03582	0.29718	0.24937	0.15557	0.26205
V313	0.02257	0.28623	0.04708	0.42746	0.21666
V314	0.0252	0.15193	0.00171	0.49457	0.3266
V315	0.83208	0.07997	0.01566	0.03051	0.04177
V316	0.07598	0.41703	0.29524	0.13533	0.07643
V317	0.30038	0.17232	0.45809	0.03737	0.03185
V318	0.7851	0.08409	0.00684	0.04622	0.07774
V319	0.05918	0.1956	0.71104	0.02527	0.00892
V320	0.03481	0.0811	0.01552	0.81661	0.05197
V321	0.09031	0.29032	0.31053	0.26129	0.04755
V322	0	0.28149	0.51776	0.11746	0.08329
V323	0.18171	0.24509	0.40969	0.08991	0.0736
V324	0.003	0.11081	0.05141	0.78504	0.04973
V325	0.50433	0.1512	0.09827	0.17808	0.06812
V326	0	0.18568	0.04272	0.32122	0.45039
V327	0.26396	0.36576	0.16431	0.12794	0.07803
V328	0.01736	0.2546	0.18772	0.49124	0.04908
V329	0	0.13781	0.33872	0.4909	0.03257
V330	0.036	0.18878	0.71479	0.02009	0.04033
V331	0.0634	0.19012	0.07916	0.26885	0.39847
V332	0.36696	0.14888	0.41056	0.03654	0.03706
V333	0.29769	0.13503	0.27707	0.21266	0.07755
V334	0.00783	0.29267	0.51199	0.13946	0.04805
V335	0.58598	0.12905	0.09043	0.10149	0.09305
V336	0.1255	0.42467	0.31358	0.09195	0.0443
V337	0	0.16741	0	0.34533	0.48726
V338	0.5855	0.11299	0.14831	0.07361	0.07959
V339	0.16195	0.40275	0.23755	0.10983	0.08792
V340	0	0.25984	0.1125	0.24092	0.38674
V341	0	0.39507	0.45148	0.08982	0.06363
V342	0.21615	0.20015	0.4101	0.14834	0.02525
V343	0.58266	0.10343	0.27003	0.02817	0.0157
V344	0.0776	0.53124	0.13248	0.15965	0.09903
V345	0.13888	0.1647	0.01133	0.40434	0.28074
V346	0.00333	0.28238	0.31683	0.34367	0.05379
V347	0.05248	0.3752	0.08973	0.41116	0.07143
V348	0	0.20945	0.39179	0.2939	0.10486
V349	0.02625	0.30917	0.49613	0.08933	0.07911
V350	0.06854	0.33742	0.13122	0.33634	0.12647
V351	0.11343	0.14258	0.37828	0.32859	0.03711
V352	0.0767	0.41053	0.39136	0.08709	0.03432
V353	0.18203	0.31137	0.07575	0.19872	0.23214
V354	0.46834	0.12256	0.38194	0.01181	0.01535
V355	0.03926	0.12658	0.30028	0.49746	0.03642
V356	0.04707	0.18224	0.7005	0.04041	0.02978
V357	0	0.19742	0.4409	0.13819	0.2235
V358	0	0.10182	0.04244	0.80571	0.05003
V359	0.01765	0.14263	0.02777	0.76543	0.04651
V360	0.57895	0.10776	0.09828	0.18808	0.02693
V361	0.27287	0.369	0.14521	0.1139	0.09902
V362	0.68692	0.09712	0.09811	0.04484	0.07302
V363	0	0.18631	0	0.33787	0.47583
V364	0.00752	0.26583	0.05669	0.51572	0.15423
V365	0	0.07753	0.01399	0.84593	0.06255
V366	0.14118	0.17133	0.50776	0.11103	0.06869
V367	0.15634	0.24208	0.21636	0.25722	0.128
V368	0.62828	0.13725	0.13309	0.05526	0.04611
V369	0.0198	0.46587	0.30121	0.1763	0.03681
V370	0	0.2124	0.12925	0.44309	0.21526
V371	0.04422	0.62435	0.15633	0.12806	0.04704
V372	0.52299	0.12872	0.14791	0.15828	0.0421
V373	0.08884	0.4601	0.20432	0.20049	0.04625
V374	0.05111	0.14714	0.33654	0.43441	0.0308
V375	0.22624	0.1428	0.52106	0.0938	0.0161
V376	0	0.17536	0.34291	0.159	0.32273
V377	0.0567	0.37534	0.25502	0.27008	0.04286
V378	0.09446	0.42087	0.2298	0.12714	0.12773
V379	0	0.18246	0.08802	0.26984	0.45969
V380	0	0.14795	0.16096	0.53133	0.15976
V381	0.07099	0.21222	0	0.23449	0.48229
V382	0.30642	0.1122	0.01078	0.38152	0.18908
V383	0	0.11166	0.24609	0.60836	0.03388
V384	0.20191	0.13116	0.16479	0.43583	0.06631
V385	0.01955	0.24233	0.00336	0.24049	0.49427
V386	0.53852	0.07786	0.01545	0.33467	0.0335
V387	0.18977	0.09954	0.02019	0.63227	0.05823
V388	0.03775	0.57797	0.13875	0.19267	0.05286
V389	0.09861	0.53891	0.11232	0.16563	0.08454
V390	0.11534	0.0978	0.01407	0.67235	0.10044
V391	0.6017	0.1646	0.02255	0.1429	0.06825
V392	0.83503	0.09411	0.01369	0.03461	0.02256
V393	0.0512	0.13142	0.14427	0.54664	0.12647
V394	0.57954	0.09338	0.03376	0.21169	0.08163
V395	0	0.11255	0.32364	0.53056	0.03325
V396	0.44869	0.13059	0.38453	0.01626	0.01992
V397	0.5543	0.15836	0.05798	0.17483	0.05453
V398	0.02276	0.10732	0.15913	0.62685	0.08394
V399	0	0.17292	0	0.42161	0.40547
V400	0.12628	0.38314	0.21399	0.23614	0.04044
V401	0.24341	0.14005	0.55373	0.04964	0.01317
V402	0.27627	0.14531	0.39636	0.11698	0.06508
V403	0.08026	0.20742	0	0.31848	0.39384
V404	0	0.15116	0.41295	0.38704	0.04885
V405	0.25798	0.24137	0.1066	0.29927	0.09479
V406	0	0.18892	0.7881	0.00683	0.01615
V407	0.76057	0.09931	0.04495	0.07263	0.02253
V408	2e-05	0.33673	0.04727	0.38552	0.23046
V409	0.06028	0.10503	0.06925	0.66714	0.0983
V410	0.0659	0.23456	0.29727	0.173	0.22928
V411	0	0.17757	0	0.26046	0.56197
V412	0	0.24926	0.12527	0.21966	0.40581
V413	0	0.2558	0.17093	0.43284	0.14043
V414	0	0.17683	0.00526	0.55643	0.26149
V415	0.08326	0.18197	0	0.23516	0.49961
V416	0.04374	0.21638	0.02354	0.32619	0.39015
V417	0	0.1625	0.63849	0.15096	0.04805
V418	0.47294	0.30188	0.07298	0.0976	0.05461
V419	0.15924	0.17182	0.01849	0.29143	0.35902
V420	0.14513	0.16946	0.0936	0.22477	0.36704
V421	0	0.18001	0.10261	0.24813	0.46925
V422	0	0.10585	0.04987	0.712	0.13229
V423	0.21104	0.21202	0.28176	0.2482	0.04699
V424	0	0.17659	0.41436	0.13114	0.2779
V425	0.26571	0.327	0.04367	0.1611	0.20251
V426	0.16565	0.19428	0.05196	0.49957	0.08854
V427	0.17016	0.45676	0.22868	0.10025	0.04415
V428	0.06726	0.46632	0.15396	0.21607	0.09639
V429	0.10113	0.54209	0.09949	0.1936	0.06369
V430	0	0.16931	0.34918	0.27392	0.20759
V431	0.07469	0.30676	0.23024	0.32075	0.06756
V432	0.21315	0.14852	0.13317	0.39193	0.11322
V433	0.13033	0.14002	0.44811	0.24378	0.03776
V434	0.1787	0.27807	0.37566	0.09171	0.07586
V435	0.44086	0.13684	0.33641	0.06133	0.02456
V436	0.03261	0.45164	0.16822	0.19127	0.15626
V437	0.1138	0.17156	0.02614	0.33249	0.356
V438	0.08874	0.27324	0.22276	0.34275	0.07251
V439	0.48944	0.07726	0.05764	0.33236	0.0433
V440	0	0.33375	0.53345	0.07957	0.05323
V441	0.01036	0.41976	0.42656	0.10918	0.03414
V442	0.04734	0.64247	0.12816	0.13293	0.04909
V443	0.82463	0.07344	0.00974	0.06965	0.02255
V444	0.11279	0.32677	0.08945	0.40606	0.06492
V445	0.03719	0.31498	0.09432	0.49929	0.05422
V446	0.06186	0.12982	0.10376	0.5808	0.12377
V447	0.01724	0.13847	0.01027	0.54679	0.28723
V448	0.08678	0.18631	0.00903	0.24293	0.47495
V449	0	0.18028	0.81644	0.00029	0.00299
V450	0.13286	0.19474	0.23458	0.24148	0.19635
V451	0.1958	0.2089	0.09216	0.40069	0.10245
V452	0	0.09973	0.15108	0.68672	0.06247
V453	0	0.13381	0	0.55579	0.3104
V454	0	0.17709	0.5727	0.09793	0.15229
V455	0.01658	0.28415	0.27432	0.18306	0.24189
V456	0.81759	0.08192	0.00209	0.05564	0.04276
V457	0.55858	0.19689	0.06625	0.12429	0.05399
V458	0	0.33266	0.49485	0.12273	0.04976
V459	0.08179	0.15123	0.06393	0.53334	0.1697
V460	0.55033	0.11774	0.19318	0.10201	0.03674
V461	0.12905	0.30247	0.25911	0.14014	0.16923
V462	0.00884	0.16636	0.0222	0.57711	0.22549
V463	0.14699	0.11896	0.03265	0.65235	0.04904
V464	0.11595	0.24223	0.57335	0.04776	0.02071
V465	0	0.23706	0.01056	0.25641	0.49597
V466	0	0.16893	0	0.31516	0.51592
V467	0.02499	0.23533	0.05715	0.5857	0.09683
V468	0.47522	0.25774	0.14723	0.06952	0.05029
V469	0	0.30439	0.09116	0.38866	0.21578
V470	0.7082	0.10509	0.04021	0.11738	0.02913
V471	0.30106	0.26223	0.06825	0.24738	0.12107
V472	0	0.19761	0.02466	0.24523	0.53251
V473	0	0.24428	0.2437	0.38106	0.13095
V474	0.20983	0.16611	0.0872	0.47054	0.06633
V475	0.10137	0.17748	0.50643	0.09834	0.11638
V476	0.09977	0.12001	0.10682	0.59887	0.07452
V477	0.03895	0.64852	0.12916	0.13423	0.04914
V478	0.09473	0.18496	0	0.2317	0.48861
V479	0.70868	0.10605	0.04738	0.10928	0.02862
V480	0.10855	0.45964	0.13834	0.22862	0.06486
V481	0.17762	0.30695	0.11101	0.2856	0.11883
V482	0.08792	0.49019	0.27041	0.10316	0.04832
V483	0.26051	0.3839	0.06626	0.21513	0.07419
V484	0.17222	0.37385	0.17909	0.22453	0.05031
V485	0.53439	0.13042	0.1257	0.16755	0.04194
V486	0.00889	0.22699	0.26676	0.16824	0.32912
V487	0.08508	0.189	0.37332	0.32008	0.03251
V488	0.3053	0.14045	0.01429	0.40732	0.13264
V489	0	0.26366	0.59551	0.11376	0.02706
V490	0	0.15454	0.61944	0.20685	0.01917
V491	0.00252	0.39425	0.09878	0.25835	0.24611
V492	0	0.166	0.05341	0.71983	0.06076
V493	0	0.07315	0.0144	0.86028	0.05218
V494	0.23119	0.0928	0.031	0.5578	0.08722
V495	0.24265	0.22544	0.22533	0.23827	0.0683
V496	0.06054	0.20616	0.04438	0.22406	0.46486
V497	0.03719	0.19446	0.13311	0.27208	0.36316
V498	0.06027	0.60254	0.13362	0.13968	0.0639
V499	0	0.28427	0.25589	0.20545	0.25439
V500	0.07557	0.36637	0.16801	0.31273	0.07732
V501	0.02312	0.34284	0.04289	0.21813	0.37302
V502	0.11227	0.55106	0.14134	0.14949	0.04584
V503	0.32914	0.13066	0.1947	0.21984	0.12566
V504	0.37996	0.23019	0.03126	0.14916	0.20944
V505	0.49272	0.11285	0.03117	0.18795	0.17532
V506	0	0.43192	0.12189	0.18524	0.26094
V507	0.70961	0.07539	0.03952	0.13296	0.04252
V508	0.00577	0.47427	0.28037	0.15403	0.08555
V509	0.02363	0.36639	0.18632	0.30324	0.12042
V510	0.34651	0.36043	0.11024	0.13884	0.04398
V511	0.0278	0.30988	0.48939	0.10871	0.06421
V512	0.10572	0.3714	0.21945	0.17092	0.13251
V513	0.13797	0.47641	0.15746	0.1636	0.06457
V514	0	0.17743	0.18858	0.22249	0.4115
V515	0.03755	0.15188	0.02267	0.74118	0.04672
V516	0.11306	0.28965	0.15422	0.3918	0.05127
V517	0	0.09997	0.05758	0.79396	0.0485
V518	0.30736	0.12315	0.29794	0.22497	0.04657
V519	0.66588	0.10571	0.01935	0.17672	0.03234
V520	0.0577	0.58506	0.12468	0.18445	0.04812
V521	0.14012	0.09639	0.13684	0.58276	0.04389
V522	0.01221	0.24747	0.51054	0.18265	0.04713
V523	0.09847	0.18367	0.63624	0.06475	0.01686
V524	0.25526	0.15756	0.49746	0.03601	0.05371
V525	0	0.27718	0.03919	0.23624	0.44739
V526	0	0.19623	0.73261	0.04088	0.03028
V527	0.05125	0.3857	0.42866	0.09153	0.04287
V528	0.09674	0.08277	0.03133	0.74548	0.04368
V529	0.15102	0.17226	0.63207	0.02377	0.02088
V530	0	0.18195	0.73231	0.0622	0.02355
V531	0.13016	0.40473	0.1509	0.15675	0.15746
V532	0.01735	0.30325	0.29549	0.14513	0.23878
V533	0.17674	0.17244	0	0.21479	0.43604
V534	0.07759	0.12285	0.01569	0.72316	0.06071
V535	0.72125	0.14566	0.06885	0.03653	0.02771
V536	0.07079	0.2518	0.35703	0.14395	0.17642
V537	0	0.19626	0	0.25261	0.55113
V538	0.50373	0.16854	0.02157	0.14011	0.16604
V539	0	0.22976	0.56321	0.14777	0.05926
V540	0.11657	0.38058	0.14498	0.18906	0.16881
V541	0	0.37808	0.06249	0.2247	0.33473
V542	0.01092	0.2848	0.15043	0.47787	0.07599
V543	0.02357	0.22025	0.58193	0.10039	0.07385
V544	0.25043	0.23027	0.19209	0.17634	0.15087
V545	0.56309	0.27686	0.05561	0.07358	0.03087
V546	0.04886	0.55062	0.18003	0.13795	0.08253
V547	0.07306	0.53986	0.09751	0.22657	0.06299
V548	0	0.10843	0.02087	0.81945	0.05126
V549	0	0.16583	0.00628	0.35568	0.47221
V550	0.02668	0.59149	0.20005	0.13107	0.05071
V551	0	0.0709	0.00713	0.87487	0.0471
V552	0.13417	0.18165	0.0138	0.24369	0.42669
V553	0.64241	0.08507	0.02712	0.19019	0.05522
V554	0.0591	0.15874	0.42485	0.32217	0.03514
V555	0.03665	0.63684	0.12461	0.13637	0.06553
V556	0.03775	0.12431	0.06755	0.69686	0.07353
V557	0.22898	0.2239	0.07549	0.39825	0.07338
V558	0	0.16496	0.64892	0.15914	0.02699
V559	0.06545	0.35882	0.4537	0.07662	0.04541
V560	0.54425	0.21899	0.16194	0.04883	0.02598
V561	0.58168	0.10319	0.1361	0.07481	0.10423
V562	0.05894	0.20009	0.14649	0.25601	0.33847
V563	0.14795	0.26837	0.22158	0.21791	0.14419
V564	0.24585	0.12856	0.06889	0.40413	0.15258
V565	0	0.17964	0	0.27835	0.54201
V566	0.20838	0.1891	0.05224	0.39942	0.15086
V567	0	0.18066	0.8078	0.0022	0.00934
V568	0	0.24331	0.40087	0.32815	0.02766
V569	0.50291	0.14531	0.12155	0.17693	0.05331
V570	0.07701	0.13471	0.25853	0.4568	0.07296
V571	0.17841	0.12764	0.2192	0.37179	0.10297
V572	0.72531	0.0912	6e-04	0.07099	0.11191
V573	0.03073	0.16986	0.3057	0.40151	0.0922
V574	0.4212	0.24496	0.11653	0.16769	0.04961
V575	0.2621	0.16092	0.11831	0.19422	0.26445
V576	0.03003	0.61249	0.1186	0.15066	0.08822
V577	0.34663	0.3594	0.10278	0.14726	0.04393
V578	0	0.22244	0.4605	0.26199	0.05507
V579	0	0.41013	0.3613	0.129	0.09956
V580	0.16654	0.3842	0.08534	0.30322	0.06071
V581	0.02596	0.38338	0.40341	0.15352	0.03373
V582	0	0.19259	0.79047	0.01193	0.005
V583	0.50117	0.1161	0.32151	0.04391	0.01732
V584	0.16813	0.38533	0.16691	0.15637	0.12325
V585	0.03046	0.53948	0.1607	0.18641	0.08295
V586	0.02119	0.552	0.25998	0.12592	0.04091
V587	0.03068	0.50638	0.08762	0.18989	0.18543
V588	0.18103	0.33181	0.38979	0.0648	0.03257
V589	0.06368	0.31097	0.10168	0.46447	0.05919
V590	0.03188	0.56183	0.09299	0.1668	0.1465
V591	0.39896	0.3615	0.10135	0.09568	0.04251
V592	0	0.17319	0.63735	0.08344	0.10602
V593	0.30754	0.09043	0.01785	0.51194	0.07223
V594	0	0.21115	0.55878	0.182	0.04807
V595	0.3979	0.11446	0.08061	0.34768	0.05935
V596	0.35361	0.20282	0.21811	0.17934	0.04611
V597	0	0.26485	0.01608	0.30427	0.41481
V598	0.46689	0.1288	0.00565	0.13889	0.25976
V599	0.04274	0.3136	0.142	0.43886	0.0628
V600	0.18963	0.12669	0.17649	0.40678	0.10041
V601	0.0845	0.1694	0.02019	0.53686	0.18905
V602	0.74077	0.1636	0.02243	0.04787	0.02533
V603	0.06845	0.2353	0.04002	0.30577	0.35046
V604	0	0.17467	0.59024	0.14714	0.08795
V605	0	0.20947	0.1149	0.25883	0.41681
V606	0.72363	0.08779	0	0.07208	0.11649
V607	0.0893	0.23548	0.02374	0.22554	0.42594
V608	0.61547	0.10209	0.04154	0.14666	0.09423
V609	0.12986	0.26155	0.05771	0.46015	0.09073
V610	0.06521	0.45447	0.09085	0.3378	0.05167
V611	0.19909	0.16301	0.53188	0.05634	0.04967
V612	0.27723	0.16551	0.29045	0.11031	0.1565
V613	0.35082	0.37989	0.10628	0.12337	0.03964
V614	0.4125	0.14032	0.02594	0.19882	0.22242
V615	0	0.15579	0.13294	0.58309	0.12817
V616	0.52692	0.09458	0.14855	0.17977	0.05018
V617	0.15124	0.18109	0.41224	0.15594	0.09949
V618	0.59876	0.14606	0.07978	0.08173	0.09367
V619	0.42127	0.14931	0.15197	0.11	0.16744
V620	0.00403	0.13467	0.31742	0.50824	0.03565
V621	0.08187	0.275	0.28982	0.13653	0.21678
V622	0	0.27268	0.32504	0.15056	0.25172
V623	0.02291	0.10792	0.0097	0.70696	0.15252
V624	0.77843	0.08058	0.00739	0.06559	0.06801
V625	0	0.11878	0.1012	0.73448	0.04553
V626	0.02795	0.1566	0.47475	0.30333	0.03737
V627	0.04704	0.25643	0.12361	0.21398	0.35894
V628	0.82649	0.08381	0.01152	0.0559	0.02228
V629	0.08137	0.26921	0.56324	0.06258	0.0236
V630	0	0.26716	0.02802	0.24538	0.45945
V631	0	0.18143	0.231	0.19261	0.39495
V632	0.03045	0.54984	0.09915	0.18523	0.13532
V633	0.0102	0.13025	0.08726	0.56792	0.20437
V634	0.34206	0.33682	0.19967	0.08619	0.03527
V635	0	0.23639	0.17298	0.20908	0.38155
V636	0.13221	0.21856	0.29919	0.25314	0.09689
V637	0.13943	0.14417	0.35971	0.27958	0.07711
V638	0.0386	0.3921	0.07458	0.24506	0.24966
V639	0.45188	0.30697	0.12761	0.07489	0.03865
V640	0.05696	0.24204	0.09873	0.35176	0.25052
V641	0.07819	0.49482	0.1129	0.25226	0.06182
V642	0.60954	0.09114	0.01753	0.252	0.02979
V643	0.03794	0.5928	0.17553	0.14748	0.04624
V644	0.01994	0.32724	0.0786	0.50891	0.06531
V645	0.13504	0.50853	0.11076	0.19871	0.04696
V646	0.09886	0.38775	0.09798	0.32991	0.08549
V647	0.80996	0.07298	0.00956	0.08507	0.02243
V648	0.32818	0.16278	0.02605	0.3515	0.13149
V649	0.18019	0.19918	0.08624	0.25556	0.27884
V650	0	0.08162	0.06218	0.81304	0.04316
V651	0.09704	0.19648	0.03308	0.62849	0.04491
V652	0.26194	0.0903	0.049	0.54615	0.0526
V653	0.24553	0.10132	0.06514	0.5223	0.06571
V654	0	0.21732	0	0.28451	0.49818
V655	0.09677	0.14583	0.27889	0.43936	0.03914
V656	0.04266	0.18234	0	0.3036	0.4714
V657	0.01129	0.3706	0.09146	0.41768	0.10897
V658	0	0.13059	0.0328	0.64104	0.19557
V659	0	0.10362	0.07899	0.7388	0.0786
V660	0.01583	0.3446	0.05389	0.2344	0.35128
V661	0.0245	0.4672	0.09441	0.3027	0.11118
V662	0	0.39649	0.06579	0.20295	0.33476
V663	0.86975	0.0764	0.00936	0.0226	0.02188
V664	0	0.13838	0.10499	0.47777	0.27886
V665	0.00707	0.46325	0.27963	0.18635	0.0637
V666	0.07993	0.59471	0.14957	0.12995	0.04585
V667	0.00992	0.41471	0.31321	0.19592	0.06624
V668	0.53202	0.21316	0.08531	0.12425	0.04526
V669	0.37135	0.26487	0.07123	0.19005	0.1025
V670	0.06273	0.4672	0.12248	0.18365	0.16393
V671	0.63887	0.09294	0.1876	0.05748	0.02311
V672	0.03914	0.18444	0.092	0.41149	0.27293
V673	0	0.17748	0	0.31318	0.50934
V674	0.28156	0.18497	0.45346	0.03774	0.04227
V675	0.54952	0.09518	0.04725	0.21165	0.0964
V676	0.18248	0.20085	0.44868	0.06657	0.10143
V677	0.01258	0.25783	0.23607	0.42163	0.07189
V678	0.00362	0.33811	0.04105	0.2362	0.38101
V679	0	0.13044	0.39419	0.44504	0.03034
V680	0.09707	0.14218	0.01952	0.45337	0.28786
V681	0.39676	0.11248	0.05599	0.34534	0.08943
V682	0	0.18028	0.81644	0.00029	0.00299
V683	0.02832	0.25976	0.5634	0.0633	0.08522
V684	0.0182	0.08499	0.01658	0.83272	0.0475
V685	0	0.17161	0.70436	0.10932	0.01471
V686	0.23867	0.43194	0.14953	0.12831	0.05155
V687	0	0.1338	0.49359	0.34279	0.02982
V688	0	0.17841	0.79289	0.01383	0.01487
V689	0.37081	0.14744	0.18994	0.18208	0.10973
V690	0.08841	0.5848	0.12304	0.15117	0.05258
V691	0.09045	0.16382	0.07019	0.61342	0.06211
V692	0.02687	0.10716	0.02283	0.74432	0.09883
V693	0	0.40179	0.46365	0.10241	0.03214
V694	0.04842	0.20122	0.06725	0.5991	0.08402
V695	0.06127	0.23759	0.14445	0.2021	0.35458
V696	0.07288	0.1715	0.6285	0.04933	0.07778
V697	0.05343	0.18919	0.29349	0.37138	0.09251
V698	0	0.19017	0.14733	0.21574	0.44677
V699	0	0.11864	0.0495	0.66915	0.16271
V700	0.04135	0.56732	0.17546	0.13219	0.08368
V701	0	0.26761	0.01923	0.24144	0.47172
V702	0	0.16085	0.02296	0.68551	0.13068
V703	0	0.08655	0.03207	0.83049	0.05089
V704	0	0.21178	0.34382	0.16076	0.28364
V705	0.81875	0.0865	0.00296	0.04879	0.043
V706	0.09801	0.19055	0.17051	0.45823	0.0827
V707	0.08117	0.20577	0.08349	0.38038	0.24918
V708	0.00392	0.44643	0.43263	0.08731	0.02972
V709	0	0.18924	0.01281	0.24958	0.54837
V710	0.06421	0.19045	0.4167	0.11459	0.21404
V711	0	0.19268	0.00432	0.26417	0.53883
V712	0.0208	0.16541	0.58979	0.1973	0.02669
V713	0.20036	0.33559	0.3508	0.08347	0.02978
V714	0	0.18967	0	0.2531	0.55722
V715	0	0.28472	0.5464	0.14379	0.0251
V716	0.63299	0.17641	0.04127	0.10711	0.04222
V717	0.29767	0.2201	0.13674	0.15338	0.19211
V718	0.55275	0.10909	0.2538	0.03707	0.04729
V719	0.3055	0.2381	0.13322	0.21191	0.11127
V720	0.05448	0.20599	0.08095	0.23776	0.42082
V721	0	0.18771	0.03004	0.25709	0.52516
V722	0	0.23613	0.0844	0.53899	0.14048
V723	0.06735	0.21603	0.13859	0.52325	0.05477
V724	0.1004	0.45249	0.12346	0.27359	0.05005
V725	0	0.1868	0	0.25366	0.55955
V726	0.16773	0.38279	0.11629	0.19056	0.14263
V727	0	0.18066	0.79026	0.01382	0.01526
V728	0.65028	0.09697	0.12496	0.10192	0.02587
V729	0.49057	0.13981	0.04965	0.28041	0.03957
V730	0.06698	0.14474	0.33322	0.39108	0.06397
V731	0	0.08563	0.06357	0.80782	0.04297
V732	0	0.07197	0.01464	0.86676	0.04662
V733	0	0.19661	0.77773	0.00859	0.01707
V734	0.39286	0.16083	0.33453	0.0795	0.03227
V735	0.01787	0.26029	0.21087	0.19496	0.31601
V736	0	0.20035	0	0.25186	0.54779
V737	0.8634	0.08093	0.01034	0.0234	0.02193
V738	0	0.40213	0.05982	0.20936	0.32868
V739	0	0.08191	0.00897	0.86195	0.04717
V740	0.13575	0.213	0.10623	0.1996	0.34543
V741	0.38218	0.10989	0.01542	0.37542	0.11709
V742	0.02484	0.17299	0.45658	0.22719	0.11839
V743	0	0.20056	0.06375	0.30025	0.43544
V744	0.1291	0.14087	0.16872	0.50006	0.06125
V745	0.10834	0.10165	0.05856	0.68395	0.0475
V746	0.30996	0.39995	0.10928	0.11452	0.06628
V747	0	0.19522	0.76133	0.02016	0.02329
V748	0.10259	0.26018	0.27312	0.1789	0.18522
V749	0.12198	0.16963	0.13121	0.46103	0.11616
V750	0.66028	0.17768	0.03504	0.09906	0.02793
V751	0.00552	0.34293	0.54577	0.07845	0.02733
V752	0	0.24635	0.02184	0.24392	0.4879
V753	0.42327	0.14718	0.23626	0.09603	0.09726
V754	0.07902	0.26074	0.05262	0.55806	0.04956
V755	0.21073	0.49905	0.1298	0.11165	0.04877
V756	0	0.23178	0.01995	0.27692	0.47135
V757	0.11485	0.09204	0.104	0.64411	0.04501
V758	0.04028	0.3242	0.05712	0.52706	0.05135
V759	0.02325	0.2112	0.08592	0.22075	0.45889
V760	0.02411	0.17436	0.19093	0.35492	0.25568
V761	0.02642	0.29072	0.61608	0.04591	0.02087
V762	0	0.15618	0.15665	0.46005	0.22712
V763	0	0.31625	0.02484	0.22668	0.43223
V764	0.06616	0.12797	0.09518	0.65983	0.05087
V765	0.11317	0.17255	0.54838	0.09367	0.07223
V766	0.04119	0.38994	0.28511	0.16435	0.11941
V767	0.21498	0.36723	0.12198	0.17271	0.1231
V768	0.04585	0.57443	0.15417	0.17328	0.05227
V769	0.63186	0.10253	0.17969	0.0389	0.04701
V770	0.22621	0.13255	0.43706	0.17696	0.02722
V771	0.0477	0.5134	0.0956	0.2316	0.1117
V772	0.00896	0.19183	0.78131	0.01165	0.00625
V773	0	0.16554	0	0.35759	0.47687
V774	0.0953	0.17511	0.46152	0.09333	0.17474
V775	0.77988	0.07498	0.02395	0.0886	0.0326
V776	0.28889	0.33013	0.20688	0.11855	0.05554
V777	0.15897	0.31399	0.27135	0.19131	0.06438
V778	0.40748	0.13525	0.02626	0.29549	0.13552
V779	0.03603	0.35743	0.49347	0.0784	0.03466
V780	0	0.17928	0.80825	0.00843	0.00405
V781	0.11983	0.31168	0.19876	0.14805	0.22167
V782	0.16032	0.28344	0.04555	0.19558	0.31512
V783	0	0.17372	0.52808	0.11326	0.18494
V784	0.01278	0.44451	0.07528	0.367	0.10043
V785	0.59987	0.1531	0.02057	0.16284	0.06361
V786	0.11279	0.19798	0.04673	0.58413	0.05837
V787	0.1051	0.4274	0.07529	0.30417	0.08804
V788	0.30739	0.33511	0.12058	0.11812	0.11879
V789	0	0.20962	0.02039	0.4998	0.27019
V790	0.20493	0.25249	0.08848	0.24543	0.20866
V791	0.11929	0.25162	0.0964	0.31398	0.21872
V792	0.82615	0.08807	0.02613	0.02794	0.03171
V793	0.24819	0.26513	0.08668	0.22055	0.17946
V794	0	0.17594	0.0851	0.3402	0.39875
V795	0.11382	0.57299	0.12103	0.13407	0.05808
V796	0.23052	0.31588	0.15706	0.23669	0.05984
V797	0.0645	0.17992	0	0.2505	0.50508
V798	0.0934	0.40479	0.06717	0.23812	0.19653
V799	0.00095	0.18246	0.0717	0.66927	0.07562
V800	0	0.18093	0	0.32531	0.49375
V801	0.274	0.10227	0.12656	0.44027	0.05689
V802	0	0.28415	0.02353	0.23911	0.45321
V803	0.21618	0.10434	0.02191	0.5985	0.05907
V804	0.13599	0.19664	0.2053	0.39552	0.06655
V805	0.09262	0.2095	0.39208	0.22336	0.08244
V806	0.35699	0.13738	0.18485	0.16095	0.15983
V807	0.58762	0.1034	0.06747	0.12407	0.11744
V808	0.71008	0.0933	0.05262	0.05887	0.08513
V809	0.15843	0.44341	0.0979	0.17144	0.12882
V810	0	0.16131	0.04253	0.53879	0.25737
V811	0	0.23079	0.02184	0.30951	0.43786
V812	0.00966	0.47688	0.2658	0.18822	0.05944
V813	0	0.28794	0.2155	0.17486	0.32169
V814	0.15765	0.39202	0.13461	0.25743	0.0583
V815	0.196	0.4693	0.11777	0.16738	0.04954
V816	0.00738	0.37272	0.07227	0.48066	0.06696
V817	0.67419	0.10434	0.15079	0.05207	0.01861
V818	0	0.27583	0.33142	0.1651	0.22764
V819	0.81897	0.0844	0.01901	0.05555	0.02207
V820	0.03959	0.29402	0.16221	0.44299	0.06119
V821	0	0.17838	0	0.25473	0.56689
V822	0.12447	0.09191	0.02651	0.71303	0.04409
V823	0	0.23177	0.20531	0.18732	0.3756
V824	0.00329	0.21481	0.00945	0.24662	0.52582
V825	0.0941	0.14964	0.5481	0.19006	0.01809
V826	0	0.18596	0.7802	0.02729	0.00655
V827	0.25633	0.17771	0.02519	0.43651	0.10427
V828	0.1661	0.2286	0.11753	0.21503	0.27274
V829	0.03745	0.20308	0.27766	0.27631	0.20549
V830	0.09378	0.17365	0.58209	0.07027	0.08021
V831	0.01902	0.50697	0.14177	0.27033	0.06192
V832	0.13261	0.14524	0.06653	0.36776	0.28786
V833	0.16621	0.53014	0.10421	0.12687	0.07258
V834	0.62845	0.16046	0.05696	0.08933	0.0648
V835	0.1838	0.25569	0.1267	0.34282	0.09098
V836	0.27917	0.15813	0.39962	0.13386	0.02922
V837	0.0266	0.5759	0.11769	0.18244	0.09737
V838	0	0.07768	0.07685	0.79914	0.04633
V839	0	0.20658	0.05839	0.23327	0.50176
V840	0.80277	0.08213	0.03234	0.05621	0.02655
V841	0.16137	0.16556	0.63848	0.01904	0.01554
V842	0.40035	0.12523	0.19908	0.23494	0.04039
V843	0.34468	0.13564	0.14245	0.18462	0.19262
V844	0	0.24855	0.66889	0.05417	0.02839
V845	0	0.11485	0	0.66165	0.2235
V846	0.0463	0.20311	0.09003	0.25614	0.40442
V847	0.13022	0.16554	0.04728	0.297	0.35996
V848	0.60573	0.11139	0.01404	0.16264	0.10619
V849	0.08706	0.19191	0.60138	0.05061	0.06904
V850	0.13777	0.16862	0.262	0.24877	0.18283
V851	0.86223	0.07589	0.00179	0.03273	0.02737
V852	0.15982	0.17969	0.08338	0.30793	0.26918
V853	0	0.22141	0.52705	0.18487	0.06667
V854	0.00925	0.33257	0.26546	0.20533	0.18738
V855	0.0681	0.31213	0.13789	0.38891	0.09298
V856	0.10706	0.35769	0.09861	0.17409	0.26255
V857	0.03114	0.15543	0.16067	0.47488	0.17787
V858	0	0.31509	0.21401	0.31409	0.15681
V859	0.08118	0.09654	0.03208	0.72651	0.06369
V860	0.00782	0.17477	0.08561	0.65216	0.07965
V861	0.0899	0.11065	0.13223	0.62374	0.04348
V862	0.00451	0.18906	0.00712	0.31111	0.4882
V863	0.03555	0.6261	0.13035	0.14301	0.06499
V864	0	0.17547	0.74483	0.07122	0.00848
V865	0.03857	0.15027	0.53925	0.25263	0.01929
V866	0	0.1761	0.54093	0.24857	0.03439
V867	0.45987	0.14303	0.00917	0.13843	0.2495
V868	0.16541	0.23934	0.38771	0.16675	0.04079
V869	0	0.18212	0.00282	0.25946	0.5556
V870	0.19232	0.20987	0.1016	0.33634	0.15987
V871	0	0.2048	0.08957	0.28591	0.41972
V872	0.28325	0.11194	0.03	0.5023	0.0725
V873	0.02759	0.28016	0.18211	0.43061	0.07953
V874	0.02414	0.21735	0	0.24977	0.50874
V875	0	0.20788	0.04215	0.55807	0.19191
V876	0.36491	0.16826	0.06587	0.15734	0.24363
V877	0.19063	0.43702	0.12014	0.19798	0.05423
V878	0.01773	0.47533	0.12578	0.32482	0.05634
V879	0.79163	0.09825	0.02178	0.0602	0.02815
V880	0.03383	0.17342	0.03814	0.51303	0.24159
V881	0	0.17873	0.45169	0.11926	0.25032
V882	0.02291	0.34374	0.07739	0.51026	0.0457
V883	0.40059	0.19097	0.04012	0.26654	0.10176
V884	0	0.17264	0	0.26133	0.56602
V885	0.10238	0.18943	0.34592	0.20294	0.15933
V886	0	0.15418	0.0153	0.39253	0.438
V887	0.07921	0.59893	0.11683	0.13513	0.0699
V888	0.02285	0.15176	0.07224	0.67394	0.0792
V889	0.10094	0.55443	0.14098	0.14699	0.05666
V890	0	0.1183	0.13494	0.63929	0.10747
V891	0	0.19205	0.78256	0.02029	0.0051
V892	0.49718	0.22879	0.05298	0.10485	0.1162
V893	0.09532	0.23713	0.46609	0.13873	0.06272
V894	0.07076	0.38116	0.11319	0.35874	0.07615
V895	0.56469	0.1029	0.26282	0.04704	0.02255
V896	0.14883	0.22154	0.24597	0.34206	0.04161
V897	0	0.08762	0.03996	0.75596	0.11645
V898	0.28816	0.15516	0.01032	0.20389	0.34248
V899	0.48791	0.25963	0.12403	0.07318	0.05526
V900	0.18362	0.23484	0.2796	0.25363	0.04832
V901	0.54421	0.11566	0.01842	0.24244	0.07926
V902	0.72241	0.10613	0.03061	0.08829	0.05255
V903	0.19392	0.13542	0.08928	0.51631	0.06506
V904	0.62095	0.14357	0.16577	0.03471	0.03501
V905	0	0.29071	0.09977	0.42831	0.18121
V906	0.08963	0.18509	0.40452	0.16446	0.15629
V907	0.59227	0.14654	0.08353	0.12209	0.05557
V908	0.00325	0.27716	0.09026	0.54942	0.0799
V909	0	0.149	0.03149	0.72632	0.09319
V910	0.5636	0.17751	0.03796	0.14186	0.07908
V911	0.00305	0.29562	0.48988	0.09327	0.11817
V912	0	0.1941	0.13576	0.2541	0.41604
V913	0.08972	0.11137	0.08084	0.64227	0.07581
V914	0.63574	0.09935	0.02356	0.181	0.06036
V915	0.12839	0.26072	0.06778	0.19939	0.34372
V916	0.65649	0.10613	0.11685	0.05677	0.06376
V917	0.34386	0.16341	0.00185	0.18357	0.30731
V918	0.47301	0.17747	0.22517	0.08436	0.03999
V919	0.32561	0.18304	0.04042	0.35102	0.09991
V920	0.12368	0.09987	0.12204	0.60996	0.04445
V921	0.127	0.26209	0.12875	0.17598	0.30617
V922	0	0.18727	0.59229	0.07238	0.14806
V923	0.1065	0.38779	0.07798	0.21123	0.2165
V924	0.40311	0.15035	0.01826	0.3262	0.10208
V925	0.09178	0.19921	0.42783	0.21223	0.06894
V926	0	0.19235	0	0.2587	0.54895
V927	0.4303	0.2253	0.14289	0.15866	0.04284
V928	0.0726	0.27237	0.23214	0.27621	0.14668
V929	0.00789	0.32203	0.02643	0.22397	0.41967
V930	0.01041	0.19967	0.04781	0.23559	0.50652
V931	0.38365	0.19535	0.0309	0.18115	0.20895
V932	0.0051	0.2046	0.05502	0.44159	0.29369
V933	0.21178	0.12912	0.05421	0.37472	0.23018
V934	0.56047	0.13182	0.25316	0.03599	0.01857
V935	0.4616	0.16598	0.13778	0.13724	0.0974
V936	0.2232	0.13412	0.12703	0.45313	0.06253
