mature.neutrophil	CD14.pos.CD16.neg.classical.monocyte	macrophage	memory.CD4.pos.AB.T.cell	cytotoxic.CD56.dim.NK.cell
V1	0.26165	0.22152	0.21616	0.18052	0.12015
V2	0.05152	0.69027	0.06358	0.1323	0.06233
V3	0.05827	0.16735	0.34526	0.39017	0.03896
V4	0.01751	0.14838	0.21074	0.09451	0.52886
V5	0.02276	0.10616	0.07012	0.13809	0.66287
V6	0.26525	0.1537	0.22956	0.24984	0.10165
V7	0.01348	0.19195	0.34718	0.10998	0.3374
V8	0.01586	0.24366	0.60035	0.1124	0.02773
V9	0.0537	0.12119	0.21962	0.56715	0.03834
V10	0.35133	0.19271	0.34768	0.0677	0.04058
V11	0.03825	0.12829	0.1058	0.10649	0.62117
V12	0.07374	0.13416	0.1955	0.30455	0.29205
V13	0.11815	0.11894	0.04908	0.4199	0.29394
V14	0.13955	0.08405	0.07587	0.60277	0.09776
V15	0.0301	0.07272	0.01408	0.82647	0.05663
V16	0.45439	0.13477	0.02523	0.35091	0.03469
V17	0.06393	0.27561	0.03162	0.11002	0.51882
V18	0.07506	0.41439	0.22577	0.24863	0.03615
V19	0.03501	0.10174	0.01851	0.15554	0.68921
V20	0.00875	0.20757	0.52098	0.22722	0.03548
V21	0.02305	0.29944	0.12975	0.19785	0.34993
V22	0.63067	0.16498	0.06778	0.09156	0.04501
V23	0.07604	0.10796	0.03782	0.1698	0.60837
V24	0.38249	0.18206	0.03367	0.11348	0.28832
V25	0.02968	0.09998	0.02954	0.42586	0.41495
V26	0.39114	0.24512	0.06682	0.11198	0.18494
V27	0.1079	0.47798	0.1732	0.07624	0.16468
V28	0.03206	0.15756	0.17776	0.57546	0.05715
V29	0.01244	0.12898	0.27098	0.5435	0.04411
V30	0.58007	0.17296	0.03745	0.10879	0.10073
V31	0.352	0.18849	0.02671	0.27255	0.16025
V32	0.70993	0.10069	0.02104	0.10445	0.0639
V33	0.02709	0.23792	0.03193	0.15839	0.54467
V34	0.11364	0.73873	0.02099	0.09539	0.03125
V35	0.08326	0.56085	0.23051	0.09764	0.02775
V36	0.02947	0.24859	0.16002	0.13163	0.43029
V37	0.5951	0.09649	0.0143	0.09987	0.19423
V38	0.09983	0.18776	0.37335	0.21336	0.1257
V39	0.25843	0.1788	0.27026	0.07513	0.21738
V40	0.20102	0.53708	0.03096	0.17607	0.05487
V41	0.04812	0.74701	0.02795	0.08647	0.09046
V42	0.66513	0.12735	0.03151	0.10304	0.07296
V43	0.36769	0.23447	0.27264	0.09374	0.03146
V44	0.03255	0.36753	0.43482	0.06295	0.10214
V45	0.03607	0.59648	0.10025	0.20441	0.06278
V46	0.10513	0.66718	0.07763	0.10846	0.0416
V47	0.00907	0.25639	0.64279	0.05815	0.0336
V48	0.1393	0.21108	0.19391	0.3335	0.12219
V49	0.36242	0.22407	0.19039	0.18915	0.03397
V50	0.02438	0.26275	0.62766	0.05757	0.02765
V51	0.09137	0.31333	0.18102	0.11475	0.29953
V52	0.0532	0.7957	0.02214	0.09694	0.03201
V53	0.03238	0.18349	0.02149	0.71751	0.04513
V54	0.1889	0.07429	0.0264	0.53797	0.17244
V55	0.0731	0.05991	0.01357	0.80473	0.04869
V56	0.07132	0.05716	0.02021	0.7261	0.12522
V57	0.12445	0.26564	0.42289	0.08137	0.10565
V58	0.06869	0.10844	0.13357	0.22703	0.46227
V59	0.64905	0.12913	0.08475	0.10232	0.03475
V60	0.34512	0.25061	0.11698	0.1798	0.10749
V61	0.17425	0.09717	0.04211	0.25416	0.43231
V62	0.05527	0.16249	0.25833	0.16358	0.36033
V63	0.33181	0.28481	0.06859	0.10606	0.20873
V64	0.7105	0.11511	0.03284	0.10338	0.03817
V65	0.08101	0.13176	0.04881	0.59631	0.14211
V66	0.03228	0.09077	0.12295	0.7047	0.04929
V67	0.01455	0.16384	0.28761	0.13047	0.40353
V68	0.35066	0.16713	0.30389	0.09871	0.07962
V69	0.45549	0.20892	0.17046	0.09504	0.07009
V70	0.05727	0.61964	0.05492	0.22381	0.04435
V71	0.08842	0.68003	0.05571	0.13962	0.03622
V72	0.04041	0.39407	0.03988	0.09709	0.42856
V73	0.05862	0.09192	0.10107	0.55142	0.19697
V74	0.02104	0.10398	0.02112	0.75379	0.10008
V75	0.36451	0.26785	0.24755	0.08348	0.0366
V76	0.01985	0.06339	0.02842	0.7999	0.08845
V77	0.0232	0.24482	0.61727	0.08724	0.02748
V78	0.00914	0.25828	0.63541	0.06387	0.0333
V79	0.0739	0.38957	0.05281	0.19236	0.29136
V80	0.11566	0.64086	0.01877	0.12896	0.09574
V81	0.01648	0.25613	0.64131	0.05802	0.02807
V82	0.20194	0.18859	0.04054	0.5245	0.04443
V83	0.09134	0.1309	0.0347	0.53664	0.20642
V84	0.08951	0.21337	0.0241	0.11332	0.55971
V85	0.00921	0.25596	0.64214	0.06437	0.02831
V86	0.02654	0.29855	0.25664	0.37875	0.03952
V87	0.37105	0.09336	0.05098	0.43739	0.04722
V88	0.26202	0.20957	0.06236	0.23778	0.22827
V89	0.04072	0.28104	0.56392	0.08755	0.02677
V90	0.02495	0.23184	0.0687	0.15286	0.52166
V91	0.01776	0.07676	0.07936	0.77939	0.04673
V92	0.21058	0.1245	0.04265	0.11588	0.50639
V93	0.01687	0.16229	0.14944	0.49746	0.17393
V94	0.04177	0.21107	0.03769	0.27746	0.43202
V95	0.06241	0.26107	0.03826	0.15898	0.47929
V96	0.61435	0.10829	0.03677	0.11199	0.12859
V97	0.14639	0.11894	0.05754	0.16527	0.51186
V98	0.05049	0.38447	0.16897	0.17228	0.22379
V99	0.41929	0.17723	0.01984	0.26678	0.11686
V100	0.43252	0.21375	0.0589	0.12525	0.16958
V101	0.06103	0.78267	0.02927	0.09551	0.03153
V102	0.25693	0.28088	0.12852	0.16196	0.1717
V103	0.12232	0.08859	0.02414	0.11655	0.64839
V104	0.0466	0.40737	0.09162	0.09592	0.3585
V105	0.0235	0.10912	0.05512	0.1472	0.66505
V106	0.04813	0.66908	0.14639	0.08291	0.05348
V107	0.04529	0.33257	0.4933	0.09675	0.03209
V108	0.0212	0.32753	0.56508	0.05896	0.02723
V109	0.05867	0.24836	0.06649	0.30715	0.31934
V110	0.15182	0.46803	0.16984	0.16989	0.04042
V111	0.22395	0.31615	0.36239	0.07139	0.02612
V112	0.15745	0.09222	0.10577	0.46022	0.18434
V113	0.20647	0.11039	0.10612	0.19718	0.37984
V114	0.4558	0.14945	0.05728	0.22425	0.11322
V115	0.67152	0.09628	0.02009	0.10648	0.10562
V116	0.02726	0.09895	0.01965	0.13139	0.72274
V117	0.04524	0.23039	0.56417	0.11748	0.04271
V118	0.04691	0.05925	0.01378	0.8176	0.06246
V119	0.25143	0.16649	0.30221	0.25022	0.02966
V120	0.0154	0.22527	0.57183	0.13832	0.04918
V121	0.17919	0.62797	0.01892	0.09339	0.08053
V122	0.03537	0.38078	0.09101	0.27596	0.21687
V123	0.39649	0.12955	0.07853	0.23385	0.16158
V124	0.18539	0.17478	0.07096	0.25944	0.30944
V125	0.03949	0.46503	0.39264	0.07026	0.03257
V126	0.1329	0.25527	0.19546	0.16161	0.25477
V127	0.20932	0.20027	0.45795	0.10144	0.03101
V128	0.18843	0.65604	0.02662	0.08658	0.04232
V129	0.21494	0.16177	0.22776	0.20489	0.19063
V130	0.03182	0.46394	0.05357	0.2779	0.17277
V131	0.02187	0.11278	0.19705	0.6278	0.0405
V132	0.30199	0.09164	0.01369	0.36487	0.22781
V133	0.01129	0.2169	0.43158	0.12545	0.21477
V134	0.06087	0.23306	0.54987	0.07584	0.08036
V135	0.02563	0.27081	0.52595	0.07795	0.09966
V136	0.72633	0.10388	0.02203	0.10796	0.0398
V137	0.68374	0.11924	0.0204	0.12361	0.05302
V138	0.21294	0.20362	0.08518	0.18745	0.31081
V139	0.10863	0.09397	0.14253	0.60943	0.04545
V140	0.03564	0.11927	0.15015	0.10193	0.59301
V141	0.02198	0.32773	0.48041	0.1368	0.03308
V142	0.17363	0.14817	0.27326	0.16775	0.23718
V143	0.02227	0.29406	0.38492	0.17252	0.12624
V144	0.40793	0.24963	0.07272	0.18183	0.08789
V145	0.00885	0.25495	0.62821	0.0696	0.03839
V146	0.03699	0.33521	0.0237	0.35208	0.25202
V147	0.07912	0.24083	0.492	0.13967	0.04837
V148	0.1448	0.67245	0.0265	0.11349	0.04275
V149	0.02135	0.05977	0.01438	0.821	0.0835
V150	0.11735	0.3086	0.43672	0.06205	0.07528
V151	0.35956	0.08733	0.02539	0.41207	0.11565
V152	0.02399	0.08089	0.10844	0.69141	0.09527
V153	0.13888	0.28326	0.35959	0.10338	0.1149
V154	0.10918	0.53578	0.03911	0.10774	0.20819
V155	0.04059	0.09095	0.1225	0.69713	0.04883
V156	0.08582	0.17813	0.32459	0.17996	0.23151
V157	0.08547	0.14593	0.15637	0.29466	0.31757
V158	0.15867	0.17056	0.35059	0.10127	0.21891
V159	0.10487	0.2282	0.02803	0.57364	0.06526
V160	0.37147	0.2187	0.09444	0.11664	0.19875
V161	0.19004	0.11883	0.07111	0.10054	0.51949
V162	0.00961	0.26223	0.64122	0.05857	0.02837
V163	0.05993	0.0966	0.03209	0.14084	0.67053
V164	0.69707	0.13445	0.02715	0.10818	0.03315
V165	0.47926	0.24927	0.0841	0.12612	0.06125
V166	0.05385	0.11329	0.20698	0.53181	0.09407
V167	0.03769	0.57325	0.03272	0.19974	0.15661
V168	0.00961	0.26223	0.64122	0.05857	0.02837
V169	0.05279	0.60686	0.15296	0.1462	0.04119
V170	0.21142	0.36747	0.06442	0.2417	0.11498
V171	0.2411	0.20321	0.28754	0.2061	0.06205
V172	0.16018	0.2648	0.08016	0.10529	0.38958
V173	0.1819	0.16659	0.09193	0.4042	0.15538
V174	0.17279	0.14984	0.28808	0.22092	0.16837
V175	0.07301	0.21263	0.11968	0.22221	0.37247
V176	0.30914	0.07995	0.01924	0.55166	0.04001
V177	0.15364	0.20172	0.41687	0.19443	0.03335
V178	0.2165	0.19514	0.35061	0.15437	0.08338
V179	0.09644	0.10228	0.02447	0.11738	0.65942
V180	0.03055	0.16771	0.29247	0.08355	0.42573
V181	0.06512	0.29384	0.01761	0.13925	0.48418
V182	0.45569	0.24361	0.02032	0.22069	0.0597
V183	0.07051	0.78103	0.02165	0.08876	0.03805
V184	0.25192	0.14036	0.24152	0.31805	0.04814
V185	0.09563	0.44607	0.03837	0.20618	0.21374
V186	0.12308	0.21879	0.04325	0.29043	0.32445
V187	0.07643	0.59061	0.01824	0.27479	0.03993
V188	0.63659	0.11994	0.04258	0.16443	0.03646
V189	0.37198	0.25137	0.04638	0.29204	0.03824
V190	0.33053	0.17671	0.18726	0.09163	0.21387
V191	0.18945	0.23344	0.02118	0.43394	0.12198
V192	0.26556	0.23881	0.1203	0.24927	0.12606
V193	0.06202	0.30805	0.40604	0.09577	0.12812
V194	0.22745	0.14185	0.0915	0.16825	0.37095
V195	0.43868	0.24612	0.19568	0.08747	0.03204
V196	0.0227	0.09961	0.07023	0.13894	0.66852
V197	0.06815	0.75652	0.02086	0.1166	0.03786
V198	0.19972	0.25194	0.04956	0.25011	0.24867
V199	0.57388	0.14043	0.17631	0.08155	0.02784
V200	0.59665	0.09703	0.04262	0.11111	0.15258
V201	0.04424	0.06289	0.03464	0.67806	0.18018
V202	0.69785	0.13739	0.01592	0.11004	0.0388
V203	0.43505	0.26848	0.03961	0.13232	0.12454
V204	0.29138	0.15376	0.04842	0.09755	0.40889
V205	0.10647	0.13512	0.11728	0.14456	0.49657
V206	0.04822	0.13058	0.01396	0.73552	0.07172
V207	0.0301	0.07272	0.01408	0.82647	0.05663
V208	0.13022	0.30649	0.37158	0.10208	0.08963
V209	0.14259	0.12542	0.10079	0.11799	0.5132
V210	0.00895	0.25393	0.63982	0.06391	0.0334
V211	0.13758	0.14719	0.18401	0.10749	0.42372
V212	0.05838	0.66645	0.08572	0.11506	0.07438
V213	0.09825	0.08935	0.07219	0.29519	0.44502
V214	0.02732	0.5228	0.3251	0.07992	0.04486
V215	0.21133	0.26925	0.12999	0.14404	0.24539
V216	0.05524	0.1766	0.27882	0.10708	0.38227
V217	0.01922	0.05921	0.03553	0.77837	0.10767
V218	0.06741	0.2568	0.24351	0.33675	0.09553
V219	0.10928	0.32299	0.31088	0.22212	0.03473
V220	0.17536	0.63261	0.06873	0.0884	0.0349
V221	0.04334	0.21729	0.39419	0.07714	0.26805
V222	0.03479	0.09828	0.02621	0.13356	0.70716
V223	0.39598	0.14981	0.24678	0.16932	0.03811
V224	0.04325	0.50289	0.0397	0.15495	0.25921
V225	0.54636	0.2233	0.11288	0.08417	0.03328
V226	0.39449	0.46041	0.018	0.09074	0.03637
V227	0.08813	0.25696	0.02164	0.56771	0.06556
V228	0.43924	0.15679	0.21679	0.13388	0.05331
V229	0.22149	0.39596	0.22342	0.10958	0.04956
V230	0.03488	0.09176	0.02641	0.13503	0.71191
V231	0.06157	0.54004	0.06873	0.23172	0.09794
V232	0.59735	0.13371	0.15144	0.08915	0.02834
V233	0.06078	0.13378	0.14179	0.15972	0.50394
V234	0.0235	0.3753	0.19041	0.35882	0.05198
V235	0.71865	0.10592	0.01616	0.1244	0.03488
V236	0.07001	0.19931	0.46741	0.20189	0.06138
V237	0.10885	0.18393	0.22645	0.31694	0.16382
V238	0.02253	0.0846	0.02395	0.33201	0.5369
V239	0.06444	0.39057	0.06023	0.23025	0.25452
V240	0.06546	0.73056	0.02746	0.10002	0.0765
V241	0.0531	0.79705	0.02207	0.08937	0.03841
V242	0.03663	0.34757	0.25213	0.28896	0.07471
V243	0.36661	0.15586	0.25823	0.09665	0.12266
V244	0.03388	0.40891	0.17721	0.14261	0.23738
V245	0.04965	0.76814	0.04363	0.10766	0.03092
V246	0.49162	0.27778	0.03935	0.09431	0.09694
V247	0.15381	0.25086	0.44514	0.10293	0.04726
V248	0.09143	0.54425	0.03955	0.09442	0.23035
V249	0.21097	0.17322	0.1819	0.1553	0.2786
V250	0.02465	0.22077	0.4827	0.08893	0.18294
V251	0.18488	0.10423	0.08954	0.54626	0.07509
V252	0.02729	0.25487	0.42433	0.17563	0.11788
V253	0.25552	0.49832	0.08629	0.11971	0.04016
V254	0.43105	0.35028	0.01578	0.16068	0.0422
V255	0.62989	0.15005	0.01456	0.11524	0.09026
V256	0.04258	0.67073	0.03396	0.09301	0.15972
V257	0.35814	0.31649	0.13024	0.10974	0.08539
V258	0.14286	0.309	0.05715	0.44858	0.04242
V259	0.41888	0.30159	0.1527	0.0838	0.04303
V260	0.22529	0.13258	0.10577	0.15317	0.38319
V261	0.02528	0.18321	0.39686	0.27947	0.11518
V262	0.67843	0.12278	0.05507	0.10753	0.03619
V263	0.60844	0.14938	0.02554	0.18465	0.032
V264	0.06752	0.74991	0.02807	0.12329	0.03122
V265	0.6197	0.16487	0.07372	0.10699	0.03472
V266	0.03001	0.10442	0.09164	0.12605	0.64788
V267	0.05885	0.08899	0.02377	0.22815	0.60025
V268	0.1707	0.40461	0.13237	0.22561	0.0667
V269	0.078	0.35609	0.29309	0.22004	0.05278
V270	0.0533	0.06665	0.04164	0.79123	0.04717
V271	0.20483	0.60921	0.02551	0.10621	0.05423
V272	0.09974	0.69954	0.04124	0.09762	0.06187
V273	0.23853	0.12421	0.15643	0.33246	0.14836
V274	0.09248	0.12053	0.05105	0.25211	0.48383
V275	0.04446	0.61372	0.14594	0.15434	0.04154
V276	0.01617	0.20748	0.50102	0.22921	0.04612
V277	0.27385	0.19325	0.4182	0.06916	0.04554
V278	0.0129	0.16307	0.27928	0.42079	0.12395
V279	0.13284	0.06754	0.02634	0.69142	0.08185
V280	0.16996	0.09057	0.04686	0.58115	0.11146
V281	0.032	0.23063	0.05046	0.6388	0.04811
V282	0.06184	0.7889	0.02182	0.08915	0.03829
V283	0.30266	0.11626	0.10945	0.10978	0.36185
V284	0.02856	0.2634	0.41426	0.06833	0.22546
V285	0.42708	0.40456	0.01674	0.11533	0.03629
V286	0.06774	0.24214	0.57235	0.08614	0.03164
V287	0.20502	0.15895	0.15172	0.30656	0.17775
V288	0.15898	0.20377	0.454	0.06853	0.11471
V289	0.14029	0.22991	0.03469	0.54985	0.04526
V290	0.35142	0.41674	0.12379	0.08005	0.02799
V291	0.33803	0.22092	0.02047	0.37962	0.04095
V292	0.10278	0.18298	0.3275	0.09939	0.28735
V293	0.01122	0.28789	0.56826	0.09469	0.03794
V294	0.02642	0.10005	0.02693	0.12874	0.71785
V295	0.02027	0.15195	0.26946	0.46656	0.09176
V296	0.65232	0.16884	0.01526	0.11085	0.05273
V297	0.02311	0.22285	0.54692	0.15215	0.05497
V298	0.25133	0.07356	0.01943	0.53347	0.12221
V299	0.22921	0.06465	0.02574	0.63835	0.04205
V300	0.72556	0.10766	0.01662	0.11483	0.03533
V301	0.71211	0.10036	0.02116	0.12743	0.03894
V302	0.02156	0.07851	0.02298	0.43757	0.43937
V303	0.09698	0.24499	0.18944	0.21595	0.25263
V304	0.14589	0.23412	0.5149	0.06427	0.04082
V305	0.18073	0.32772	0.09447	0.16866	0.22841
V306	0.28639	0.55158	0.01851	0.10139	0.04213
V307	0.19146	0.13013	0.2222	0.4219	0.03431
V308	0.17974	0.2059	0.46342	0.11947	0.03146
V309	0.50726	0.14435	0.05617	0.18216	0.11007
V310	0.04219	0.10587	0.02464	0.18567	0.64162
V311	0.02692	0.06131	0.04979	0.80743	0.05454
V312	0.08027	0.30676	0.21916	0.07987	0.31394
V313	0.06238	0.29806	0.03018	0.35057	0.25882
V314	0.08282	0.08459	0.02166	0.4058	0.40513
V315	0.71304	0.1026	0.02677	0.10405	0.05354
V316	0.09814	0.50982	0.21787	0.09787	0.0763
V317	0.29135	0.22851	0.36822	0.07114	0.04077
V318	0.68931	0.09853	0.02041	0.10227	0.08948
V319	0.0845	0.25877	0.5614	0.06895	0.02638
V320	0.08076	0.05517	0.02019	0.79001	0.05387
V321	0.11463	0.35566	0.25382	0.22908	0.04682
V322	0.01611	0.3463	0.439	0.10123	0.09737
V323	0.19825	0.29863	0.33576	0.08486	0.0825
V324	0.04487	0.09661	0.04895	0.75772	0.05185
V325	0.48866	0.17654	0.08272	0.1783	0.07377
V326	0.05566	0.10621	0.06704	0.20269	0.56839
V327	0.27755	0.44224	0.10665	0.09833	0.07523
V328	0.04727	0.30229	0.14964	0.45276	0.04805
V329	0.0127	0.17558	0.30976	0.4604	0.04157
V330	0.06764	0.24391	0.57412	0.05676	0.05756
V331	0.12552	0.1215	0.09418	0.16125	0.49756
V332	0.34887	0.20008	0.33136	0.07369	0.04599
V333	0.31445	0.15992	0.24548	0.19485	0.0853
V334	0.04017	0.35541	0.42243	0.12653	0.05546
V335	0.55106	0.14681	0.08058	0.11573	0.10582
V336	0.14134	0.52199	0.22682	0.07137	0.03848
V337	0.02341	0.09225	0.03214	0.23274	0.61946
V338	0.54103	0.1363	0.13162	0.09901	0.09204
V339	0.1797	0.48934	0.16846	0.07465	0.08786
V340	0.03975	0.22947	0.11328	0.13105	0.48646
V341	0.02435	0.48146	0.35403	0.0719	0.06827
V342	0.2264	0.25623	0.33667	0.15319	0.02751
V343	0.51115	0.15082	0.22381	0.08722	0.02701
V344	0.09572	0.65173	0.055	0.10317	0.09439
V345	0.19447	0.11531	0.02099	0.32259	0.34663
V346	0.03592	0.34139	0.26585	0.30117	0.05567
V347	0.07742	0.45693	0.03775	0.36101	0.06689
V348	0.02146	0.24951	0.35713	0.2486	0.12329
V349	0.05721	0.36901	0.40769	0.07585	0.09024
V350	0.0995	0.3939	0.08928	0.27715	0.14017
V351	0.14236	0.17714	0.33376	0.30482	0.04193
V352	0.09507	0.50658	0.29149	0.07437	0.03249
V353	0.22008	0.33	0.05029	0.1231	0.27653
V354	0.41988	0.17728	0.30538	0.07117	0.02628
V355	0.07736	0.14597	0.27199	0.46379	0.04089
V356	0.07539	0.23986	0.56365	0.07427	0.04684
V357	0.04261	0.20531	0.40156	0.08915	0.26137
V358	0.03648	0.08706	0.04203	0.78126	0.05317
V359	0.05686	0.13913	0.02079	0.73779	0.04543
V360	0.53682	0.13861	0.08665	0.20758	0.03033
V361	0.28673	0.43987	0.09219	0.08086	0.10035
V362	0.61639	0.1178	0.09108	0.08828	0.08646
V363	0.04159	0.11003	0.02411	0.22096	0.6033
V364	0.04312	0.28622	0.03686	0.45593	0.17787
V365	0.02069	0.06103	0.02148	0.82673	0.07007
V366	0.16182	0.21522	0.43116	0.1107	0.08111
V367	0.18881	0.27181	0.18455	0.20864	0.14619
V368	0.56554	0.17363	0.11181	0.09523	0.05378
V369	0.04104	0.57607	0.2122	0.14197	0.02873
V370	0.02788	0.21354	0.12024	0.37439	0.26395
V371	0.05864	0.76656	0.05903	0.08518	0.03059
V372	0.49284	0.16286	0.12769	0.17223	0.04439
V373	0.10539	0.57047	0.12823	0.16079	0.03511
V374	0.08579	0.17621	0.30137	0.40295	0.03368
V375	0.22725	0.19882	0.4261	0.12123	0.02659
V376	0.02111	0.16486	0.3354	0.08669	0.39194
V377	0.07944	0.46562	0.18871	0.23008	0.03615
V378	0.11855	0.50387	0.16495	0.07582	0.13681
V379	0.03655	0.11318	0.11257	0.1543	0.5834
V380	0.02399	0.14364	0.15712	0.48025	0.195
V381	0.14066	0.12758	0.02354	0.11039	0.59783
V382	0.35279	0.07629	0.01954	0.32889	0.22249
V383	0.03714	0.12254	0.2273	0.5744	0.03863
V384	0.23755	0.13875	0.14782	0.40585	0.07003
V385	0.08844	0.16361	0.02422	0.11094	0.61279
V386	0.5159	0.09147	0.01889	0.33873	0.03501
V387	0.23194	0.08342	0.01942	0.60594	0.05929
V388	0.05447	0.71732	0.04936	0.14192	0.03694
V389	0.11612	0.66343	0.03329	0.11231	0.07485
V390	0.16064	0.06827	0.01965	0.63779	0.11365
V391	0.56118	0.19572	0.01427	0.1543	0.07452
V392	0.71008	0.12321	0.02174	0.11094	0.03402
V393	0.09323	0.11793	0.13837	0.49996	0.15052
V394	0.55436	0.10095	0.03631	0.21594	0.09245
V395	0.01215	0.14473	0.30017	0.50019	0.04275
V396	0.40667	0.18383	0.30813	0.07048	0.0309
V397	0.52603	0.19092	0.04375	0.18189	0.0574
V398	0.06448	0.09711	0.15264	0.5891	0.09666
V399	0.04955	0.10232	0.01622	0.32013	0.51179
V400	0.14438	0.47684	0.1479	0.20125	0.02963
V401	0.23934	0.19916	0.44509	0.09038	0.02604
V402	0.28279	0.18563	0.33431	0.12193	0.07533
V403	0.1415	0.14145	0.01594	0.208	0.49311
V404	0.01156	0.19538	0.37828	0.35293	0.06185
V405	0.28884	0.27563	0.07602	0.25979	0.09972
V406	0.02389	0.25951	0.62187	0.05687	0.03787
V407	0.66514	0.1293	0.04327	0.13068	0.03162
V408	0.03816	0.36121	0.02401	0.30232	0.27431
V409	0.10421	0.08051	0.06945	0.63273	0.1131
V410	0.10904	0.23796	0.27054	0.10835	0.27411
V411	0.02704	0.09826	0.01946	0.13826	0.71698
V412	0.03052	0.21832	0.12855	0.11011	0.51249
V413	0.02938	0.28711	0.14427	0.37432	0.16491
V414	0.04851	0.13587	0.01505	0.47984	0.32074
V415	0.15672	0.08779	0.02351	0.11363	0.61834
V416	0.10408	0.15384	0.0368	0.21386	0.49142
V417	0.01589	0.22102	0.54307	0.15351	0.06651
V418	0.45055	0.3627	0.03458	0.10049	0.05169
V419	0.2207	0.10512	0.03495	0.19276	0.44647
V420	0.20485	0.10673	0.10566	0.12822	0.45454
V421	0.01972	0.11921	0.12848	0.13338	0.5992
V422	0.02627	0.08152	0.05699	0.67633	0.15888
V423	0.23258	0.25845	0.23792	0.22506	0.04599
V424	0.0123	0.18617	0.39222	0.07559	0.33371
V425	0.29366	0.3582	0.01639	0.09881	0.23293
V426	0.20523	0.20588	0.03409	0.46046	0.09433
V427	0.18356	0.56017	0.14634	0.0765	0.03342
V428	0.08965	0.57277	0.08368	0.15904	0.09486
V429	0.11731	0.67017	0.01927	0.14338	0.04987
V430	0.03526	0.17164	0.33362	0.21122	0.24826
V431	0.10211	0.3711	0.18063	0.27799	0.06817
V432	0.25269	0.14782	0.11874	0.35168	0.12907
V433	0.15562	0.17963	0.38721	0.23243	0.04511
V434	0.19535	0.33881	0.30212	0.08036	0.08336
V435	0.40908	0.18529	0.27421	0.09991	0.03151
V436	0.05966	0.53818	0.1073	0.12307	0.17178
V437	0.17463	0.105	0.04233	0.2312	0.44684
V438	0.11802	0.3253	0.17961	0.30195	0.07512
V439	0.4817	0.08827	0.05549	0.33033	0.04422
V440	0.02685	0.40621	0.43119	0.07484	0.06091
V441	0.03507	0.51475	0.32383	0.09315	0.03319
V442	0.0617	0.78834	0.0295	0.08877	0.03169
V443	0.70743	0.09923	0.02096	0.13836	0.03402
V444	0.13853	0.39454	0.04361	0.36391	0.05942
V445	0.06416	0.37828	0.05164	0.45657	0.04936
V446	0.10419	0.11325	0.09983	0.53762	0.14511
V447	0.07258	0.07673	0.02829	0.46853	0.35387
V448	0.15584	0.09628	0.03679	0.12269	0.58839
V449	0.00961	0.26223	0.64122	0.05857	0.02837
V450	0.17331	0.19424	0.21585	0.18024	0.23636
V451	0.23314	0.22785	0.06959	0.35865	0.11077
V452	0.02294	0.09854	0.14571	0.65957	0.07324
V453	0.03024	0.08072	0.01536	0.48316	0.39052
V454	0.01649	0.21466	0.50572	0.08225	0.18087
V455	0.06109	0.29675	0.24391	0.1107	0.28755
V456	0.70534	0.10358	0.01542	0.12154	0.05412
V457	0.52485	0.23674	0.04463	0.13704	0.05674
V458	0.02739	0.40632	0.40196	0.10862	0.05571
V459	0.12611	0.12732	0.06318	0.47974	0.20366
V460	0.50464	0.15581	0.16561	0.13104	0.0429
V461	0.16103	0.34087	0.21479	0.08809	0.19523
V462	0.05602	0.1305	0.02841	0.51008	0.27498
V463	0.18844	0.11043	0.02629	0.62754	0.04731
V464	0.1313	0.3068	0.45861	0.07231	0.03097
V465	0.05212	0.16559	0.03169	0.12653	0.62406
V466	0.04278	0.08415	0.01784	0.19861	0.65661
V467	0.06003	0.2564	0.03592	0.54129	0.10636
V468	0.44802	0.31494	0.10558	0.08216	0.0493
V469	0.02608	0.33406	0.06798	0.3137	0.25819
V470	0.63151	0.13606	0.03694	0.15903	0.03647
V471	0.32805	0.29557	0.04097	0.20372	0.1317
V472	0.02429	0.12489	0.05546	0.1178	0.67756
V473	0.03497	0.27463	0.21503	0.32245	0.15292
V474	0.24686	0.17856	0.06817	0.4403	0.06612
V475	0.12885	0.20984	0.43703	0.08767	0.13661
V476	0.13944	0.11197	0.09824	0.5677	0.08265
V477	0.05318	0.79607	0.02981	0.08914	0.0318
V478	0.16597	0.09412	0.02337	0.11244	0.6041
V479	0.63112	0.13771	0.04291	0.15214	0.03612
V480	0.12699	0.56914	0.06776	0.18112	0.05498
V481	0.2104	0.35585	0.07152	0.23352	0.12872
V482	0.10545	0.60157	0.17933	0.07413	0.03951
V483	0.27753	0.46158	0.01688	0.1769	0.06711
V484	0.19141	0.46244	0.11665	0.18834	0.04117
V485	0.50347	0.1635	0.10761	0.18059	0.04483
V486	0.06606	0.19947	0.25579	0.08246	0.39622
V487	0.11254	0.23377	0.32395	0.29349	0.03626
V488	0.34675	0.12539	0.01355	0.36513	0.14919
V489	0.01494	0.33743	0.492	0.11727	0.03836
V490	0.01607	0.21563	0.52737	0.20623	0.0347
V491	0.03961	0.43873	0.0613	0.16943	0.29093
V492	0.03881	0.16871	0.0424	0.68733	0.06274
V493	0.02924	0.05351	0.02128	0.83887	0.05709
V494	0.27666	0.07104	0.03204	0.52596	0.0943
V495	0.26598	0.26854	0.18575	0.20962	0.07012
V496	0.12819	0.12434	0.06564	0.10407	0.57775
V497	0.09619	0.13992	0.14061	0.17006	0.45322
V498	0.07492	0.74177	0.04248	0.09133	0.04951
V499	0.04453	0.29324	0.2297	0.12688	0.30565
V500	0.10052	0.44807	0.11232	0.26324	0.07586
V501	0.07442	0.3305	0.03177	0.10602	0.45728
V502	0.12527	0.67851	0.05565	0.11092	0.02964
V503	0.3504	0.13722	0.17933	0.18841	0.14464
V504	0.40172	0.2324	0.02123	0.10003	0.24462
V505	0.49853	0.09666	0.03757	0.16233	0.20491
V506	0.03277	0.48822	0.07721	0.09441	0.3074
V507	0.63816	0.09721	0.04211	0.17065	0.05188
V508	0.03226	0.5758	0.19947	0.10743	0.08504
V509	0.05371	0.43526	0.1377	0.24182	0.1315
V510	0.34601	0.43996	0.05643	0.12265	0.03495
V511	0.0576	0.37389	0.40135	0.09458	0.07258
V512	0.13356	0.44046	0.16469	0.11651	0.14478
V513	0.15478	0.58833	0.08262	0.12097	0.05329
V514	0.02499	0.13127	0.20304	0.12162	0.51907
V515	0.07565	0.15248	0.01399	0.71298	0.0449
V516	0.14139	0.34953	0.10939	0.35433	0.04536
V517	0.02712	0.09133	0.057	0.77187	0.05268
V518	0.31882	0.15543	0.25677	0.21861	0.05037
V519	0.60372	0.13478	0.01958	0.2043	0.03763
V520	0.0742	0.724	0.03463	0.13626	0.03091
V521	0.17988	0.09341	0.12516	0.55759	0.04396
V522	0.04499	0.30289	0.43019	0.16594	0.056
V523	0.11619	0.2437	0.51542	0.09346	0.03123
V524	0.25434	0.20758	0.40637	0.06433	0.06737
V525	0.027	0.24333	0.04683	0.11344	0.5694
V526	0.03831	0.25249	0.58726	0.0743	0.04764
V527	0.07458	0.47382	0.32904	0.07875	0.04381
V528	0.14033	0.06196	0.03307	0.72045	0.04419
V529	0.16114	0.23235	0.50619	0.06481	0.03552
V530	0.02318	0.24738	0.59347	0.09298	0.04299
V531	0.15811	0.47706	0.09624	0.09467	0.17392
V532	0.06164	0.32111	0.25801	0.07663	0.28261
V533	0.24485	0.0925	0.01603	0.10983	0.53679
V534	0.11828	0.11077	0.01349	0.69459	0.06288
V535	0.62968	0.18561	0.05619	0.09312	0.0354
V536	0.10754	0.27653	0.31366	0.09652	0.20575
V537	0.03441	0.11314	0.03327	0.12217	0.69702
V538	0.50112	0.16894	0.02012	0.11867	0.19114
V539	0.01994	0.28907	0.48083	0.13738	0.07279
V540	0.14771	0.44242	0.09628	0.12311	0.19048
V541	0.04016	0.39413	0.03968	0.11758	0.40845
V542	0.04131	0.33491	0.11229	0.43038	0.0811
V543	0.05709	0.26731	0.49051	0.09692	0.08816
V544	0.27817	0.2528	0.16375	0.13083	0.17445
V545	0.5105	0.33796	0.02246	0.09825	0.03082
V546	0.06837	0.67828	0.0934	0.08616	0.0738
V547	0.08937	0.66675	0.01904	0.17419	0.05064
V548	0.02151	0.10262	0.02129	0.79951	0.05507
V549	0.02264	0.0927	0.03909	0.24565	0.59992
V550	0.04506	0.72935	0.10279	0.08714	0.03566
V551	0.03025	0.05193	0.01434	0.85178	0.0517
V552	0.20116	0.10171	0.03575	0.13255	0.52882
V553	0.59531	0.10152	0.03036	0.20911	0.06369
V554	0.09091	0.19801	0.37397	0.29536	0.04175
V555	0.05112	0.78173	0.02891	0.08734	0.0509
V556	0.07898	0.11101	0.0629	0.6664	0.08071
V557	0.26217	0.25541	0.04777	0.36372	0.07093
V558	0.01612	0.22808	0.54569	0.16569	0.04442
V559	0.08785	0.43844	0.35408	0.07082	0.04881
V560	0.49132	0.27594	0.12229	0.08235	0.02809
V561	0.54235	0.1174	0.12491	0.09465	0.12069
V562	0.11463	0.15634	0.1482	0.15985	0.42098
V563	0.18108	0.30283	0.1851	0.16528	0.1657
V564	0.29084	0.10695	0.06712	0.35732	0.17777
V565	0.02498	0.09835	0.03343	0.1541	0.68914
V566	0.25263	0.18364	0.0407	0.34885	0.17417
V567	0.02356	0.25253	0.63398	0.05712	0.03281
V568	0.0319	0.29803	0.34275	0.29599	0.03133
V569	0.48458	0.1748	0.10235	0.18213	0.05613
V570	0.1145	0.14642	0.23761	0.41838	0.08309
V571	0.21455	0.12999	0.2037	0.33242	0.11933
V572	0.652	0.09887	0.01444	0.10654	0.12815
V573	0.07083	0.18723	0.27977	0.35456	0.10761
V574	0.41853	0.29711	0.07954	0.15918	0.04564
V575	0.30424	0.13042	0.11683	0.12737	0.32114
V576	0.04837	0.75343	0.02796	0.09325	0.07698
V577	0.34668	0.43834	0.04967	0.13004	0.03526
V578	0.02871	0.27365	0.40115	0.23234	0.06415
V579	0.02632	0.49394	0.28116	0.08964	0.10893
V580	0.18941	0.47062	0.03032	0.25886	0.05079
V581	0.04932	0.47136	0.31203	0.13377	0.03352
V582	0.01019	0.27299	0.62462	0.06423	0.02796
V583	0.45189	0.16532	0.26087	0.09523	0.02669
V584	0.19303	0.46104	0.10974	0.10594	0.13026
V585	0.04934	0.66662	0.07835	0.13063	0.07505
V586	0.04038	0.67894	0.16139	0.09039	0.0289
V587	0.05811	0.60236	0.026	0.10991	0.20361
V588	0.18849	0.4154	0.29616	0.06815	0.03179
V589	0.09082	0.37402	0.05871	0.42193	0.05451
V590	0.05306	0.68003	0.01958	0.09476	0.15257
V591	0.38463	0.43879	0.04962	0.09203	0.03493
V592	0.02303	0.21831	0.54507	0.08472	0.12887
V593	0.34637	0.07653	0.01906	0.48426	0.07377
V594	0.01213	0.27416	0.48087	0.17081	0.06201
V595	0.41652	0.12236	0.07053	0.32952	0.06108
V596	0.35804	0.24888	0.17769	0.17087	0.04453
V597	0.03566	0.22669	0.02436	0.18835	0.52494
V598	0.4775	0.09531	0.02036	0.10003	0.3068
V599	0.07081	0.37812	0.09672	0.39449	0.05987
V600	0.2275	0.12495	0.16399	0.36889	0.11467
V601	0.12967	0.14426	0.02095	0.47778	0.22735
V602	0.64144	0.20442	0.01606	0.10559	0.03249
V603	0.12316	0.19306	0.04381	0.20087	0.43911
V604	0.02358	0.21955	0.51295	0.13619	0.10773
V605	0.03698	0.15879	0.12789	0.14808	0.52826
V606	0.65119	0.09353	0.01445	0.10706	0.13377
V607	0.1501	0.17242	0.03682	0.11019	0.53048
V608	0.57994	0.11197	0.04254	0.15782	0.10772
V609	0.16337	0.29716	0.02869	0.41644	0.09434
V610	0.08361	0.56223	0.02481	0.2896	0.03975
V611	0.20569	0.2136	0.4388	0.07958	0.06233
V612	0.29477	0.18021	0.25342	0.08679	0.1848
V613	0.3457	0.46349	0.05029	0.11088	0.02965
V614	0.43868	0.11338	0.03224	0.15241	0.2633
V615	0.01767	0.16122	0.12611	0.541	0.154
V616	0.49962	0.12034	0.13347	0.19113	0.05544
V617	0.17773	0.21581	0.35625	0.13562	0.11458
V618	0.55749	0.16923	0.06844	0.09915	0.10569
V619	0.42572	0.15059	0.13916	0.08862	0.1959
V620	0.04395	0.15577	0.28724	0.4717	0.04134
V621	0.12072	0.29266	0.254	0.0757	0.25692
V622	0.02589	0.29306	0.29646	0.08286	0.30173
V623	0.07161	0.06657	0.0204	0.66176	0.17965
V624	0.6855	0.09691	0.02015	0.11839	0.07905
V625	0.01813	0.12392	0.09431	0.71349	0.05015
V626	0.06432	0.19557	0.41611	0.2771	0.04691
V627	0.10102	0.22329	0.11867	0.11268	0.44435
V628	0.70721	0.11071	0.02124	0.12697	0.03386
V629	0.10177	0.33686	0.4512	0.07882	0.03136
V630	0.02687	0.22631	0.03944	0.12262	0.58475
V631	0.01641	0.1486	0.2406	0.09769	0.4967
V632	0.05175	0.66828	0.02633	0.11502	0.13861
V633	0.05941	0.09188	0.09408	0.50606	0.24857
V634	0.33425	0.41531	0.13813	0.08452	0.0278
V635	0.04466	0.20064	0.17368	0.10472	0.47631
V636	0.16352	0.25256	0.26058	0.21464	0.1087
V637	0.17013	0.16993	0.32237	0.24975	0.08783
V638	0.0767	0.43245	0.03879	0.15554	0.29653
V639	0.42745	0.37352	0.08078	0.08416	0.03409
V640	0.10226	0.23286	0.08822	0.26914	0.30752
V641	0.09442	0.61448	0.03955	0.20128	0.05028
V642	0.56582	0.11293	0.01911	0.26852	0.03362
V643	0.055	0.7321	0.08003	0.10309	0.02977
V644	0.04722	0.39084	0.0374	0.46151	0.06302
V645	0.15078	0.62982	0.0328	0.15594	0.03066
V646	0.12382	0.46936	0.04469	0.27791	0.08421
V647	0.69872	0.09799	0.02068	0.14877	0.03383
V648	0.36689	0.15677	0.01992	0.30936	0.14706
V649	0.22951	0.16756	0.08447	0.17432	0.34413
V650	0.03482	0.06545	0.06401	0.78874	0.04697
V651	0.1317	0.21432	0.01443	0.5984	0.04114
V652	0.30111	0.08116	0.04502	0.52277	0.04993
V653	0.28548	0.09231	0.05912	0.49576	0.06732
V654	0.04371	0.1469	0.01759	0.16017	0.63163
V655	0.13115	0.17036	0.2496	0.40923	0.03966
V656	0.1128	0.09519	0.01649	0.18587	0.58966
V657	0.03978	0.44041	0.04551	0.35799	0.11631
V658	0.03627	0.09518	0.04236	0.58833	0.23786
V659	0.02568	0.09215	0.07904	0.71323	0.08991
V660	0.06503	0.34045	0.03886	0.12575	0.42992
V661	0.04644	0.57001	0.03239	0.23746	0.1137
V662	0.0412	0.41806	0.03991	0.0954	0.40542
V663	0.72897	0.10468	0.02232	0.1089	0.03513
V664	0.03302	0.09614	0.11816	0.40126	0.35143
V665	0.03179	0.56643	0.19917	0.14302	0.05959
V666	0.09264	0.72918	0.05732	0.09084	0.03003
V667	0.03604	0.50712	0.23691	0.1544	0.06552
V668	0.50103	0.26027	0.05785	0.13538	0.04547
V669	0.3869	0.3056	0.0404	0.15913	0.10797
V670	0.09026	0.55693	0.06131	0.11198	0.17952
V671	0.56511	0.13304	0.16008	0.10906	0.03272
V672	0.08943	0.14907	0.09496	0.32782	0.33872
V673	0.02529	0.10543	0.01812	0.19867	0.65249
V674	0.2774	0.24008	0.36533	0.0657	0.0515
V675	0.53352	0.09827	0.04894	0.20912	0.11016
V676	0.19953	0.24268	0.37456	0.06622	0.11701
V677	0.04534	0.3035	0.19779	0.37541	0.07795
V678	0.05596	0.32288	0.03185	0.12142	0.46789
V679	0.01867	0.16899	0.35957	0.41284	0.03993
V680	0.15398	0.08278	0.03451	0.37198	0.35674
V681	0.42043	0.11092	0.05068	0.32013	0.09784
V682	0.00961	0.26223	0.64122	0.05857	0.02837
V683	0.06013	0.30904	0.4693	0.06151	0.10002
V684	0.06372	0.06117	0.02043	0.80632	0.04836
V685	0.01603	0.24041	0.5789	0.13157	0.03309
V686	0.24859	0.53053	0.08002	0.10059	0.04026
V687	0.00982	0.18719	0.43978	0.32009	0.04313
V688	0.009	0.25658	0.63235	0.06359	0.03849
V689	0.38532	0.16224	0.1699	0.16017	0.12237
V690	0.1019	0.72029	0.03454	0.10649	0.03678
V691	0.12742	0.16966	0.05552	0.58283	0.06457
V692	0.0715	0.07951	0.02707	0.71135	0.11057
V693	0.02515	0.49252	0.35759	0.09154	0.03321
V694	0.08461	0.21376	0.04942	0.56048	0.09173
V695	0.11671	0.19975	0.14036	0.10399	0.43919
V696	0.09893	0.21557	0.52387	0.06521	0.09643
V697	0.09033	0.21297	0.2645	0.32519	0.107
V698	0.02698	0.13605	0.16573	0.10599	0.56525
V699	0.04355	0.0838	0.05665	0.62201	0.19398
V700	0.06094	0.69794	0.08662	0.08022	0.07428
V701	0.02739	0.22495	0.03237	0.11698	0.59832
V702	0.03056	0.15146	0.02134	0.64393	0.15271
V703	0.02807	0.07111	0.03522	0.81058	0.05502
V704	0.04604	0.20149	0.32354	0.08994	0.33899
V705	0.70531	0.1093	0.01549	0.11588	0.05403
V706	0.13286	0.20999	0.14653	0.41874	0.09188
V707	0.12837	0.18317	0.07957	0.30174	0.30716
V708	0.02934	0.54671	0.32169	0.07452	0.02774
V709	0.02467	0.10998	0.04845	0.12128	0.69562
V710	0.10809	0.19555	0.37452	0.07078	0.25106
V711	0.06821	0.09183	0.03918	0.13227	0.66851
V712	0.0541	0.21511	0.49917	0.19241	0.03921
V713	0.20806	0.421	0.26206	0.08213	0.02676
V714	0.06208	0.09606	0.01841	0.12498	0.69847
V715	0.01678	0.3601	0.45054	0.13922	0.03336
V716	0.57549	0.2179	0.02627	0.134	0.04634
V717	0.32589	0.2272	0.11716	0.10284	0.2269
V718	0.49862	0.14797	0.21473	0.08164	0.05704
V719	0.32997	0.26997	0.10336	0.17493	0.12177
V720	0.11721	0.13709	0.09457	0.12607	0.52506
V721	0.04036	0.10401	0.06191	0.12978	0.66394
V722	0.03151	0.25374	0.06631	0.48596	0.16249
V723	0.10061	0.24727	0.10898	0.48793	0.0552
V724	0.11854	0.5625	0.0533	0.22817	0.0375
V725	0.04381	0.09811	0.02602	0.1252	0.70686
V726	0.19627	0.45265	0.06571	0.13138	0.15399
V727	0.01618	0.25482	0.62787	0.06303	0.03811
V728	0.58281	0.13065	0.11015	0.14252	0.03387
V729	0.48085	0.1662	0.03764	0.27742	0.03789
V730	0.10216	0.16657	0.30513	0.35231	0.07383
V731	0.01847	0.0793	0.06477	0.79012	0.04734
V732	0.02941	0.05343	0.02135	0.84491	0.0509
V733	0.0316	0.26235	0.61159	0.05682	0.03764
V734	0.37573	0.20903	0.27291	0.10562	0.03671
V735	0.07061	0.24214	0.19653	0.10484	0.38588
V736	0.02642	0.12609	0.02623	0.12332	0.69794
V737	0.72554	0.10928	0.02222	0.1081	0.03486
V738	0.03325	0.43172	0.03289	0.1032	0.39893
V739	0.03022	0.06567	0.01416	0.83913	0.05082
V740	0.19019	0.16953	0.10724	0.10605	0.42699
V741	0.41152	0.09516	0.0191	0.3421	0.13212
V742	0.06478	0.19684	0.41088	0.18983	0.13766
V743	0.03843	0.13869	0.08262	0.18493	0.55534
V744	0.16503	0.15031	0.15094	0.46777	0.06596
V745	0.14956	0.08931	0.05404	0.65945	0.04764
V746	0.31584	0.48465	0.05074	0.09077	0.058
V747	0.03133	0.25912	0.60426	0.06258	0.04271
V748	0.13956	0.28108	0.23987	0.12126	0.21823
V749	0.16175	0.17233	0.11481	0.41709	0.13402
V750	0.58921	0.22214	0.02098	0.1363	0.03136
V751	0.0358	0.41891	0.43171	0.08119	0.03238
V752	0.03479	0.18988	0.03937	0.11778	0.61818
V753	0.41655	0.17252	0.20003	0.0998	0.1111
V754	0.10848	0.30297	0.02206	0.52132	0.04517
V755	0.21876	0.60833	0.05378	0.08394	0.03519
V756	0.03383	0.17314	0.03892	0.15416	0.59995
V757	0.15508	0.08265	0.09663	0.61971	0.04593
V758	0.06684	0.38786	0.0163	0.48422	0.04478
V759	0.09035	0.13398	0.1031	0.10109	0.57147
V760	0.07492	0.1477	0.18825	0.27496	0.31418
V761	0.05486	0.35898	0.48852	0.06591	0.03174
V762	0.02419	0.14065	0.15776	0.39385	0.28355
V763	0.03853	0.28976	0.0252	0.10566	0.54086
V764	0.10525	0.12491	0.08433	0.63274	0.05277
V765	0.13537	0.21671	0.4644	0.09719	0.08632
V766	0.06932	0.46547	0.2209	0.11348	0.13084
V767	0.23975	0.43508	0.07187	0.12282	0.13048
V768	0.06277	0.71136	0.06412	0.12549	0.03626
V769	0.56298	0.13794	0.15447	0.08666	0.05795
V770	0.23537	0.17969	0.36857	0.18328	0.03308
V771	0.06813	0.62828	0.02565	0.16679	0.11115
V772	0.04619	0.2557	0.60842	0.06272	0.02696
V773	0.04172	0.08739	0.01716	0.24824	0.6055
V774	0.13006	0.19123	0.40422	0.06797	0.20652
V775	0.68257	0.0986	0.03133	0.145	0.04251
V776	0.29626	0.40482	0.14751	0.10159	0.04981
V777	0.18061	0.38403	0.21294	0.1591	0.06332
V778	0.43334	0.12611	0.0255	0.25985	0.1552
V779	0.06216	0.43679	0.38708	0.07624	0.03773
V780	0.02364	0.25223	0.6332	0.06327	0.02766
V781	0.15646	0.33802	0.16218	0.08054	0.2628
V782	0.20873	0.26695	0.03643	0.10226	0.38564
V783	0.01006	0.20657	0.47616	0.08565	0.22155
V784	0.037	0.53966	0.01782	0.30389	0.10162
V785	0.56091	0.18245	0.01402	0.17339	0.06922
V786	0.14922	0.21381	0.02759	0.55149	0.05788
V787	0.1281	0.52019	0.0174	0.24988	0.08443
V788	0.32164	0.39309	0.07669	0.08297	0.12561
V789	0.02392	0.1921	0.02278	0.42335	0.33785
V790	0.24408	0.2587	0.07046	0.17815	0.24862
V791	0.16007	0.25439	0.07959	0.24129	0.26466
V792	0.70721	0.11464	0.03258	0.10258	0.04299
V793	0.28225	0.28436	0.06252	0.16199	0.20888
V794	0.02786	0.12079	0.10514	0.23555	0.51066
V795	0.12816	0.70294	0.03434	0.09188	0.04267
V796	0.25104	0.38589	0.10687	0.20302	0.05318
V797	0.13981	0.08567	0.0169	0.13015	0.62748
V798	0.12504	0.46371	0.02447	0.16149	0.22529
V799	0.0385	0.18927	0.05727	0.63445	0.08051
V800	0.04101	0.09908	0.03148	0.20604	0.6224
V801	0.30806	0.10416	0.11451	0.4158	0.05747
V802	0.04508	0.23923	0.03187	0.11418	0.56964
V803	0.25937	0.09143	0.0194	0.57158	0.05822
V804	0.16783	0.22619	0.17583	0.36076	0.06938
V805	0.12168	0.24963	0.34253	0.1928	0.09336
V806	0.37583	0.13715	0.1701	0.12985	0.18707
V807	0.55932	0.10687	0.06735	0.13051	0.13595
V808	0.63905	0.10886	0.0545	0.09871	0.09888
V809	0.18302	0.53292	0.03822	0.11224	0.13361
V810	0.03694	0.12405	0.05058	0.46832	0.32012
V811	0.05928	0.16332	0.03786	0.18785	0.55168
V812	0.03307	0.5855	0.18385	0.14403	0.05355
V813	0.03804	0.28631	0.19761	0.08505	0.39299
V814	0.1774	0.48481	0.07324	0.21585	0.0487
V815	0.21034	0.57715	0.04569	0.1312	0.03562
V816	0.03293	0.44888	0.02403	0.43111	0.06305
V817	0.59281	0.14332	0.12846	0.10676	0.02864
V818	0.04192	0.29287	0.29707	0.10045	0.26769
V819	0.70287	0.11161	0.02673	0.12538	0.03341
V820	0.06853	0.35275	0.11942	0.39977	0.05954
V821	0.02726	0.09895	0.01965	0.13139	0.72274
V822	0.1685	0.07479	0.0262	0.68727	0.04323
V823	0.05149	0.19454	0.20305	0.08846	0.46246
V824	0.07754	0.11906	0.03882	0.11433	0.65024
V825	0.11763	0.20034	0.46209	0.19171	0.02823
V826	0.03821	0.24943	0.61075	0.07453	0.02707
V827	0.29597	0.17998	0.0141	0.39864	0.1113
V828	0.2109	0.21139	0.10718	0.13568	0.33485
V829	0.08212	0.20226	0.25934	0.20948	0.2468
V830	0.11731	0.21761	0.48951	0.07832	0.09725
V831	0.03942	0.63096	0.06266	0.21621	0.05075
V832	0.18959	0.09153	0.07696	0.28406	0.35785
V833	0.17963	0.64743	0.02632	0.08583	0.06079
V834	0.57727	0.19281	0.04379	0.11362	0.07251
V835	0.21532	0.29627	0.09232	0.30078	0.09532
V836	0.28255	0.20907	0.33023	0.14587	0.03228
V837	0.04477	0.7094	0.03435	0.12115	0.09034
V838	0.01755	0.07008	0.07936	0.77975	0.05325
V839	0.04813	0.12954	0.08311	0.10849	0.63072
V840	0.6948	0.10807	0.03751	0.12227	0.03735
V841	0.16786	0.22798	0.50869	0.06489	0.03058
V842	0.40216	0.15375	0.17356	0.23024	0.0403
V843	0.37082	0.12216	0.13544	0.14129	0.23029
V844	0.02048	0.31876	0.54099	0.07678	0.04298
V845	0.03779	0.06809	0.01449	0.60588	0.27375
V846	0.10762	0.13793	0.10239	0.14647	0.5056
V847	0.19097	0.09864	0.06321	0.19776	0.44941
V848	0.57481	0.11715	0.01921	0.16805	0.12078
V849	0.10954	0.23976	0.49979	0.06565	0.08526
V850	0.17806	0.16656	0.24474	0.19122	0.21941
V851	0.72655	0.10216	0.01643	0.11464	0.04022
V852	0.21054	0.1442	0.08458	0.22646	0.33422
V853	0.03487	0.26846	0.45226	0.16513	0.07928
V854	0.04784	0.37234	0.22284	0.13824	0.21874
V855	0.09763	0.36798	0.09619	0.33934	0.09886
V856	0.14681	0.38333	0.06649	0.08851	0.31487
V857	0.07589	0.13983	0.15621	0.4131	0.21498
V858	0.03143	0.36103	0.17723	0.24814	0.18217
V859	0.12406	0.07526	0.03324	0.69872	0.06872
V860	0.04592	0.17954	0.072	0.61615	0.08639
V861	0.12822	0.10905	0.12	0.59752	0.04521
V862	0.07567	0.09394	0.03778	0.18577	0.60683
V863	0.04978	0.77065	0.03593	0.09307	0.05058
V864	0.03759	0.23612	0.59412	0.10493	0.02723
V865	0.07005	0.19726	0.46121	0.24187	0.02961
V866	0.03244	0.22369	0.46687	0.23108	0.04592
V867	0.4722	0.11358	0.02038	0.099	0.29484
V868	0.18386	0.29769	0.3183	0.15625	0.04389
V869	0.0336	0.09407	0.0409	0.13046	0.70097
V870	0.23263	0.21467	0.08437	0.28199	0.18634
V871	0.04601	0.14485	0.10481	0.17251	0.53183
V872	0.32336	0.10391	0.02556	0.47376	0.07341
V873	0.05747	0.32984	0.14341	0.38328	0.086
V874	0.09651	0.12817	0.02413	0.12042	0.63077
V875	0.02315	0.20726	0.03663	0.50099	0.23196
V876	0.39474	0.14407	0.06604	0.10424	0.2909
V877	0.20835	0.53924	0.05209	0.15868	0.04165
V878	0.03787	0.58966	0.0549	0.27205	0.04551
V879	0.68651	0.12647	0.02632	0.12312	0.03757
V880	0.08271	0.13769	0.04255	0.44026	0.29678
V881	0.0188	0.19284	0.41845	0.07223	0.29767
V882	0.0491	0.41568	0.03051	0.467	0.0377
V883	0.42031	0.20711	0.02633	0.23683	0.10941
V884	0.02727	0.09175	0.01972	0.13987	0.7214
V885	0.13917	0.20436	0.31323	0.15626	0.18699
V886	0.02152	0.08483	0.04604	0.28926	0.55835
V887	0.09401	0.73594	0.02775	0.08611	0.05619
V888	0.06271	0.14768	0.06367	0.63907	0.08687
V889	0.11639	0.68294	0.05555	0.10321	0.04191
V890	0.0402	0.1042	0.1312	0.59854	0.12585
V891	0.00999	0.27165	0.62029	0.07018	0.02789
V892	0.48598	0.25773	0.03297	0.0957	0.12762
V893	0.11966	0.28991	0.39187	0.12663	0.07193
V894	0.09485	0.46471	0.05967	0.30927	0.07151
V895	0.50135	0.14882	0.21985	0.0982	0.03178
V896	0.17535	0.26826	0.20458	0.31434	0.03748
V897	0.01835	0.06468	0.05002	0.72724	0.1397
V898	0.3415	0.09487	0.0275	0.12134	0.41479
