mature.neutrophil	CD14.pos.CD16.neg.classical.monocyte	macrophage	memory.CD4.pos.AB.T.cell	cytotoxic.CD56.dim.NK.cell
V1	0.25044	0.19609	0.24946	0.19086	0.11315
V2	0.06296	0.64659	0.09908	0.13376	0.0576
V3	0.06984	0.13559	0.37577	0.382	0.0368
V4	0.03369	0.13815	0.23867	0.10716	0.48233
V5	0.04036	0.10423	0.08153	0.15087	0.62301
V6	0.25462	0.12741	0.26123	0.2592	0.09755
V7	0.02891	0.17138	0.38119	0.11872	0.2998
V8	0.02786	0.20169	0.63902	0.10967	0.02176
V9	0.0685	0.09506	0.24316	0.55542	0.03786
V10	0.32523	0.16297	0.39257	0.07663	0.04261
V11	0.05351	0.12433	0.12266	0.12077	0.57873
V12	0.0856	0.11542	0.22064	0.31452	0.26382
V13	0.12824	0.10506	0.06245	0.43255	0.2717
V14	0.147	0.06401	0.09039	0.60412	0.09448
V15	0.05319	0.05422	0.02249	0.81593	0.05416
V16	0.43196	0.11457	0.04227	0.36671	0.04448
V17	0.07774	0.27358	0.04739	0.12481	0.47648
V18	0.083	0.37878	0.25883	0.24464	0.03475
V19	0.0533	0.1021	0.02313	0.16873	0.65273
V20	0.02379	0.17055	0.55604	0.21983	0.0298
V21	0.04022	0.28377	0.15534	0.20841	0.31227
V22	0.59902	0.14512	0.09293	0.10688	0.05604
V23	0.08998	0.10494	0.04685	0.18689	0.57133
V24	0.36875	0.17176	0.05126	0.13186	0.27637
V25	0.04979	0.09076	0.03824	0.44005	0.38116
V26	0.37193	0.23137	0.09104	0.12753	0.17813
V27	0.11028	0.4506	0.20816	0.08462	0.14634
V28	0.05014	0.13251	0.19993	0.56319	0.05422
V29	0.03216	0.10147	0.29637	0.52861	0.04139
V30	0.55197	0.15728	0.05835	0.12533	0.10708
V31	0.33849	0.17299	0.04418	0.28805	0.15628
V32	0.68221	0.07945	0.03871	0.12163	0.07799
V33	0.04506	0.23537	0.04562	0.17275	0.50121
V34	0.11772	0.69154	0.05644	0.09981	0.0345
V35	0.08772	0.51747	0.26747	0.10027	0.02706
V36	0.04516	0.23572	0.18621	0.14442	0.38849
V37	0.57239	0.08191	0.02839	0.11848	0.19883
V38	0.10464	0.15807	0.40823	0.21662	0.11244
V39	0.24714	0.15561	0.30836	0.08765	0.20124
V40	0.19405	0.50852	0.06186	0.17993	0.05564
V41	0.06092	0.70149	0.06395	0.09085	0.0828
V42	0.63684	0.10832	0.05077	0.12003	0.08404
V43	0.34048	0.20556	0.31499	0.10294	0.03604
V44	0.04267	0.33027	0.47336	0.06634	0.08738
V45	0.04984	0.55749	0.13392	0.20152	0.05723
V46	0.10828	0.62567	0.11323	0.11187	0.04095
V47	0.02152	0.21261	0.68253	0.05733	0.02601
V48	0.14291	0.1848	0.22174	0.33719	0.11336
V49	0.33935	0.19824	0.22448	0.1986	0.03933
V50	0.0344	0.21898	0.668	0.05723	0.02139
V51	0.09867	0.29515	0.2122	0.12612	0.26785
V52	0.06678	0.73997	0.05914	0.09995	0.03415
V53	0.0539	0.16295	0.03543	0.70282	0.04491
V54	0.19232	0.05795	0.0372	0.54814	0.16439
V55	0.09054	0.04132	0.02182	0.7974	0.04892
V56	0.08842	0.04022	0.02845	0.72568	0.11723
V57	0.12271	0.23259	0.46425	0.08698	0.09346
V58	0.08195	0.0968	0.15347	0.24222	0.42556
V59	0.61716	0.10739	0.11092	0.11788	0.04665
V60	0.32737	0.23005	0.14527	0.19208	0.10524
V61	0.17947	0.08788	0.05384	0.27382	0.405
V62	0.06738	0.14374	0.28904	0.17542	0.32443
V63	0.3169	0.27104	0.0935	0.12081	0.19775
V64	0.68088	0.09306	0.05289	0.11982	0.05335
V65	0.09531	0.11365	0.06265	0.59579	0.1326
V66	0.05201	0.06843	0.13963	0.69271	0.04723
V67	0.03079	0.14684	0.3193	0.14137	0.3617
V68	0.3268	0.13973	0.34656	0.1092	0.07771
V69	0.42795	0.18647	0.20469	0.10811	0.07277
V70	0.06917	0.58023	0.08813	0.21971	0.04276
V71	0.09468	0.63678	0.091	0.14115	0.03639
V72	0.05565	0.38598	0.06189	0.10921	0.38728
V73	0.07458	0.07376	0.11704	0.55369	0.18093
V74	0.04403	0.08663	0.03115	0.74466	0.09353
V75	0.33785	0.23993	0.28848	0.09319	0.04055
V76	0.04366	0.04542	0.03733	0.79116	0.08244
V77	0.03357	0.2023	0.65725	0.08554	0.02133
V78	0.02154	0.2149	0.67502	0.06272	0.02581
V79	0.08573	0.37354	0.07716	0.20253	0.26105
V80	0.11918	0.60664	0.05148	0.13352	0.08917
V81	0.02778	0.21219	0.68135	0.05729	0.02139
V82	0.2008	0.16787	0.05829	0.52463	0.04841
V83	0.10484	0.11502	0.04738	0.54124	0.19152
V84	0.10157	0.21266	0.0366	0.13007	0.5191
V85	0.02174	0.21216	0.68141	0.06316	0.02152
V86	0.04284	0.266	0.28576	0.36822	0.03718
V87	0.35525	0.07246	0.06748	0.45106	0.05374
V88	0.25493	0.19466	0.08282	0.25299	0.2146
V89	0.0489	0.23851	0.6034	0.08716	0.02203
V90	0.04243	0.22684	0.08609	0.1668	0.47784
V91	0.04057	0.05659	0.09236	0.76604	0.04443
V92	0.21271	0.11927	0.05559	0.13564	0.47678
V93	0.03668	0.14168	0.17058	0.49364	0.15742
V94	0.05908	0.20362	0.05187	0.29034	0.39509
V95	0.07654	0.25606	0.05449	0.17401	0.4389
V96	0.58971	0.09035	0.05498	0.12994	0.13502
V97	0.15377	0.11226	0.07103	0.18429	0.47864
V98	0.06284	0.36081	0.19988	0.17839	0.19808
V99	0.39934	0.16119	0.03699	0.28398	0.11849
V100	0.4109	0.19962	0.0818	0.14193	0.16576
V101	0.07318	0.7286	0.06606	0.09864	0.03352
V102	0.24731	0.26035	0.15742	0.17424	0.16068
V103	0.13341	0.08703	0.03074	0.13326	0.61557
V104	0.06003	0.39379	0.11901	0.10715	0.32003
V105	0.04135	0.1078	0.06482	0.16043	0.6256
V106	0.05866	0.62251	0.1834	0.08661	0.04882
V107	0.05306	0.29033	0.53282	0.09646	0.02733
V108	0.03239	0.28347	0.60294	0.05917	0.02204
V109	0.07368	0.23466	0.08573	0.31745	0.28848
V110	0.1484	0.43486	0.20458	0.17211	0.04005
V111	0.21005	0.27969	0.40508	0.07757	0.0276
V112	0.16241	0.07291	0.12376	0.46854	0.17238
V113	0.20697	0.09785	0.12592	0.2159	0.35336
V114	0.43402	0.13124	0.0778	0.24169	0.11524
V115	0.64586	0.07748	0.03658	0.12416	0.11593
V116	0.04647	0.09987	0.02376	0.14283	0.68708
V117	0.05293	0.19062	0.60447	0.11609	0.0359
V118	0.06788	0.04113	0.02167	0.80926	0.06005
V119	0.23946	0.13478	0.33833	0.25478	0.03265
V120	0.02803	0.1856	0.61036	0.13523	0.04078
V121	0.17414	0.59601	0.05151	0.10057	0.07777
V122	0.05171	0.35834	0.11731	0.27894	0.19369
V123	0.38001	0.11155	0.09946	0.25109	0.15789
V124	0.18752	0.16186	0.08976	0.27533	0.28554
V125	0.04882	0.41935	0.43099	0.0722	0.02864
V126	0.13633	0.23424	0.22593	0.17303	0.23047
V127	0.19666	0.16519	0.50165	0.10598	0.03052
V128	0.18251	0.61825	0.06068	0.09319	0.04537
V129	0.20939	0.13845	0.25843	0.21688	0.17686
V130	0.04859	0.43823	0.08111	0.27764	0.15444
V131	0.04149	0.08834	0.21874	0.61266	0.03877
V132	0.29429	0.07762	0.02446	0.38376	0.21987
V133	0.02618	0.18905	0.46746	0.13022	0.18708
V134	0.06612	0.1954	0.59178	0.07797	0.06873
V135	0.03624	0.23283	0.56665	0.07976	0.08453
V136	0.69782	0.08097	0.04043	0.12459	0.05619
V137	0.65511	0.09893	0.03836	0.14122	0.06638
V138	0.21149	0.19076	0.10697	0.20392	0.28684
V139	0.11801	0.07081	0.16195	0.60263	0.04661
V140	0.05051	0.11307	0.17178	0.11553	0.5491
V141	0.03421	0.28586	0.51798	0.13397	0.02799
V142	0.1723	0.12481	0.30712	0.17968	0.21609
V143	0.03622	0.26114	0.41905	0.17376	0.10983
V144	0.38505	0.23153	0.0984	0.19527	0.08976
V145	0.02129	0.21192	0.66808	0.06835	0.03036
V146	0.05544	0.31815	0.04287	0.3555	0.22803
V147	0.08302	0.20345	0.53167	0.1396	0.04227
V148	0.14372	0.63312	0.06096	0.11796	0.04423
V149	0.04614	0.04231	0.0221	0.81087	0.07858
V150	0.11572	0.27132	0.4793	0.06706	0.06659
V151	0.34651	0.06947	0.0387	0.42917	0.11614
V152	0.04495	0.06033	0.12378	0.6826	0.08834
V153	0.13648	0.25276	0.39845	0.1096	0.10271
V154	0.11435	0.51298	0.06895	0.11623	0.18748
V155	0.05926	0.06864	0.13925	0.68573	0.04711
V156	0.0933	0.15304	0.35859	0.18818	0.20688
V157	0.0965	0.12937	0.17958	0.30663	0.28792
V158	0.15626	0.1449	0.38964	0.11157	0.19762
V159	0.11584	0.20757	0.04528	0.56618	0.06513
V160	0.35411	0.20364	0.12011	0.13237	0.18978
V161	0.1933	0.11292	0.08697	0.11937	0.48744
V162	0.0221	0.21815	0.6804	0.0577	0.02164
V163	0.07514	0.09558	0.03877	0.15555	0.63496
V164	0.66574	0.11375	0.04717	0.12487	0.04848
V165	0.45006	0.23122	0.11203	0.13974	0.06694
V166	0.06874	0.08913	0.22967	0.52512	0.08734
V167	0.05275	0.54329	0.06344	0.20105	0.13947
V168	0.0221	0.21815	0.6804	0.0577	0.02164
V169	0.06304	0.56468	0.1884	0.14562	0.03825
V170	0.20633	0.34537	0.09091	0.2485	0.10889
V171	0.2301	0.17299	0.32371	0.21238	0.06081
V172	0.16283	0.25562	0.1028	0.1211	0.35765
V173	0.18294	0.14765	0.11218	0.41135	0.14587
V174	0.17083	0.12327	0.32176	0.22987	0.15427
V175	0.08544	0.19934	0.142	0.23587	0.33735
V176	0.3002	0.06038	0.0317	0.56038	0.04734
V177	0.14885	0.16739	0.45616	0.19528	0.03233
V178	0.207	0.16364	0.39032	0.16101	0.07803
V179	0.10907	0.10157	0.03118	0.13331	0.62487
V180	0.04413	0.15195	0.32635	0.09512	0.38245
V181	0.07932	0.29	0.03273	0.15427	0.44368
V182	0.43068	0.22697	0.04117	0.23437	0.0668
V183	0.08105	0.72833	0.05831	0.09284	0.03947
V184	0.24133	0.11257	0.27256	0.32366	0.04988
V185	0.10445	0.42535	0.0647	0.21266	0.19284
V186	0.13206	0.20714	0.06022	0.30447	0.29611
V187	0.08694	0.55405	0.04906	0.26915	0.0408
V188	0.60766	0.09887	0.06284	0.18203	0.04861
V189	0.35206	0.23193	0.06936	0.30127	0.04538
V190	0.31444	0.15749	0.21973	0.10647	0.20187
V191	0.18986	0.21549	0.03851	0.43865	0.1175
V192	0.25573	0.21688	0.14701	0.2602	0.12018
V193	0.06923	0.27504	0.44442	0.09975	0.11156
V194	0.22592	0.13054	0.11154	0.18649	0.34551
V195	0.40827	0.22111	0.23346	0.09857	0.03859
V196	0.04045	0.09758	0.08145	0.1519	0.62861
V197	0.07903	0.70642	0.05691	0.11892	0.03872
V198	0.19897	0.23731	0.06966	0.26371	0.23035
V199	0.53918	0.11597	0.21266	0.09486	0.03734
V200	0.57327	0.0797	0.06077	0.12941	0.15685
V201	0.06369	0.04657	0.04366	0.67945	0.16663
V202	0.66708	0.11715	0.03449	0.12684	0.05444
V203	0.41064	0.25464	0.06295	0.14733	0.12443
V204	0.28551	0.14658	0.06485	0.11649	0.38658
V205	0.11554	0.12664	0.13743	0.16174	0.45866
V206	0.06798	0.11193	0.02485	0.72597	0.06928
V207	0.05319	0.05422	0.02249	0.81593	0.05416
V208	0.12832	0.27323	0.41085	0.10719	0.08041
V209	0.14921	0.11814	0.11967	0.13599	0.47698
V210	0.02137	0.21064	0.67942	0.06276	0.02582
V211	0.14206	0.13401	0.21143	0.12344	0.38906
V212	0.06839	0.62496	0.12119	0.11776	0.0677
V213	0.11007	0.0785	0.08574	0.31288	0.41281
V214	0.03912	0.47799	0.36185	0.08181	0.03923
V215	0.20718	0.25155	0.15793	0.15759	0.22576
V216	0.06641	0.15911	0.312	0.11915	0.34333
V217	0.04275	0.04158	0.04475	0.77097	0.09995
V218	0.07856	0.22807	0.27266	0.33391	0.0868
V219	0.11182	0.28857	0.34545	0.22061	0.03355
V220	0.16972	0.59469	0.10356	0.09462	0.03741
V221	0.05405	0.19262	0.43225	0.08486	0.23622
V222	0.05264	0.09878	0.03147	0.14599	0.67113
V223	0.37084	0.12258	0.28455	0.17924	0.04279
V224	0.05809	0.48165	0.06763	0.16223	0.23041
V225	0.51204	0.2036	0.14388	0.09769	0.04279
V226	0.36793	0.43906	0.04654	0.1013	0.04516
V227	0.10124	0.23523	0.03926	0.55927	0.065
V228	0.41239	0.13092	0.25339	0.14602	0.05728
V229	0.20861	0.36613	0.26028	0.11601	0.04896
V230	0.05289	0.09217	0.03139	0.14711	0.67643
V231	0.07285	0.50877	0.10017	0.2294	0.08881
V232	0.56292	0.11039	0.18476	0.1034	0.03854
V233	0.07364	0.12447	0.16336	0.1747	0.46383
V234	0.04031	0.34308	0.21981	0.34859	0.04821
V235	0.68939	0.08343	0.03377	0.14174	0.05167
V236	0.07684	0.16479	0.50398	0.19994	0.05446
V237	0.11581	0.15852	0.25462	0.32201	0.14904
V238	0.0431	0.0789	0.03011	0.34723	0.50067
V239	0.07759	0.37156	0.08507	0.2373	0.22849
V240	0.07572	0.68612	0.06321	0.10389	0.07106
V241	0.06653	0.74185	0.05903	0.09308	0.03951
V242	0.05061	0.31542	0.28337	0.28344	0.06716
V243	0.34429	0.13095	0.29785	0.10927	0.11764
V244	0.04788	0.38518	0.20904	0.1492	0.2087
V245	0.06273	0.71498	0.08051	0.10976	0.03202
V246	0.46252	0.26418	0.06389	0.10862	0.10079
V247	0.14709	0.21495	0.48813	0.10669	0.04315
V248	0.09895	0.52191	0.06939	0.10325	0.2065
V249	0.20766	0.15485	0.21098	0.17023	0.25629
V250	0.03654	0.18931	0.52316	0.09295	0.15803
V251	0.1863	0.08258	0.10704	0.54881	0.07526
V252	0.04026	0.22143	0.45911	0.17659	0.1026
V253	0.24127	0.47065	0.11881	0.12613	0.04314
V254	0.40312	0.33413	0.04047	0.17166	0.05062
V255	0.60224	0.13333	0.03213	0.13227	0.10004
V256	0.05605	0.63535	0.0676	0.09879	0.14221
V257	0.33619	0.29539	0.16221	0.12138	0.08483
V258	0.14708	0.28402	0.07983	0.44431	0.04475
V259	0.39038	0.27943	0.18671	0.09511	0.04836
V260	0.22376	0.12089	0.12691	0.17174	0.3567
V261	0.03991	0.15334	0.42852	0.2765	0.10173
V262	0.64749	0.1013	0.07776	0.12392	0.04954
V263	0.57864	0.13003	0.04482	0.20201	0.04448
V264	0.07827	0.69973	0.06429	0.12486	0.03285
V265	0.58735	0.14498	0.09936	0.12214	0.04616
V266	0.04648	0.10139	0.10579	0.13941	0.60694
V267	0.07502	0.08523	0.03001	0.24498	0.56477
V268	0.16728	0.37625	0.1637	0.22843	0.06433
V269	0.0847	0.32191	0.32716	0.21774	0.04849
V270	0.07208	0.04684	0.052	0.78295	0.04612
V271	0.19657	0.57667	0.05823	0.11313	0.0554
V272	0.10443	0.65793	0.07645	0.10224	0.05895
V273	0.23193	0.10324	0.18166	0.34325	0.13992
V274	0.10455	0.11254	0.06312	0.26915	0.45064
V275	0.05589	0.57095	0.18136	0.15333	0.03848
V276	0.03013	0.17134	0.53641	0.22268	0.03944
V277	0.25451	0.16056	0.46409	0.07641	0.04442
V278	0.03173	0.13536	0.30589	0.4156	0.11143
V279	0.1425	0.04886	0.03652	0.6915	0.08061
V280	0.17424	0.07183	0.06023	0.58615	0.10755
V281	0.05221	0.2087	0.06841	0.62321	0.04747
V282	0.0739	0.73498	0.05866	0.09293	0.03953
V283	0.29484	0.10384	0.1319	0.1289	0.34053
V284	0.04052	0.235	0.45273	0.07466	0.19708
V285	0.39776	0.3866	0.04362	0.12643	0.04559
V286	0.0719	0.20049	0.6144	0.08664	0.02657
V287	0.20225	0.1381	0.17705	0.31652	0.16607
V288	0.1523	0.17259	0.49772	0.07503	0.10236
V289	0.14668	0.20862	0.05306	0.54364	0.048
V290	0.32693	0.39154	0.15762	0.08947	0.03444
V291	0.32244	0.2013	0.03932	0.38884	0.0481
V292	0.10739	0.16049	0.36417	0.11017	0.25777
V293	0.02387	0.24508	0.60705	0.09306	0.03094
V294	0.04508	0.10082	0.03213	0.14031	0.68166
V295	0.03863	0.12424	0.2955	0.4581	0.08354
V296	0.62142	0.15114	0.03439	0.12747	0.06558
V297	0.03471	0.18517	0.58501	0.14893	0.04618
V298	0.24863	0.05622	0.03046	0.54431	0.12037
V299	0.22796	0.04486	0.03714	0.6424	0.04764
V300	0.69636	0.08503	0.03451	0.13162	0.05247
V301	0.68347	0.07791	0.03908	0.14503	0.05452
V302	0.043	0.0701	0.02968	0.45166	0.40556
V303	0.10498	0.22335	0.21827	0.22573	0.22767
V304	0.13938	0.19581	0.55956	0.06847	0.03678
V305	0.17947	0.30934	0.12101	0.18051	0.20966
V306	0.26959	0.52404	0.04941	0.10944	0.04753
V307	0.18834	0.103	0.24938	0.42206	0.03723
V308	0.17012	0.17081	0.5061	0.12268	0.03029
V309	0.4831	0.12628	0.07709	0.1999	0.11363
V310	0.05936	0.10454	0.03097	0.20061	0.60452
V311	0.04909	0.04178	0.06026	0.79751	0.05137
V312	0.08838	0.28777	0.25226	0.09106	0.28054
V313	0.07781	0.28229	0.04856	0.35605	0.2353
V314	0.09796	0.07463	0.02969	0.42241	0.3753
V315	0.68488	0.08074	0.04531	0.12103	0.06804
V316	0.10052	0.47431	0.254	0.10246	0.06871
V317	0.2695	0.19631	0.41379	0.07902	0.04138
V318	0.66295	0.07854	0.03732	0.11988	0.10131
V319	0.08619	0.21661	0.60407	0.07057	0.02256
V320	0.09687	0.03641	0.02895	0.78421	0.05356
V321	0.11736	0.32199	0.28771	0.22824	0.0447
V322	0.02921	0.30954	0.47572	0.10237	0.08315
V323	0.18758	0.26742	0.37691	0.09215	0.07593
V324	0.06416	0.07678	0.06095	0.74789	0.05023
V325	0.46253	0.15722	0.10778	0.19372	0.07875
V326	0.07065	0.10018	0.07938	0.21952	0.53027
V327	0.26213	0.41778	0.13916	0.10731	0.07362
V328	0.06245	0.27376	0.17573	0.44175	0.04631
V329	0.03155	0.1443	0.33757	0.4481	0.03848
V330	0.07152	0.20327	0.61742	0.05903	0.04876
V331	0.13338	0.11323	0.11177	0.17924	0.46238
V332	0.32309	0.17071	0.37597	0.08289	0.04734
V333	0.29747	0.13326	0.28071	0.20507	0.0835
V334	0.04989	0.31652	0.45949	0.12615	0.04796
V335	0.52352	0.12878	0.10534	0.13246	0.10989
V336	0.13773	0.48341	0.26454	0.07687	0.03746
V337	0.04277	0.08927	0.0388	0.24776	0.58139
V338	0.51192	0.11631	0.16155	0.11444	0.09578
V339	0.17227	0.45936	0.20452	0.08257	0.08128
V340	0.05486	0.22143	0.13487	0.14504	0.4438
V341	0.03631	0.43931	0.39098	0.0745	0.05891
V342	0.21419	0.22237	0.3768	0.15739	0.02926
V343	0.47694	0.12466	0.26425	0.09926	0.03488
V344	0.10064	0.61544	0.08949	0.10818	0.08625
V345	0.198	0.10507	0.03207	0.34187	0.32299
V346	0.04989	0.30788	0.29708	0.29426	0.05088
V347	0.08887	0.42763	0.06482	0.35447	0.06422
V348	0.03653	0.21894	0.38929	0.2469	0.10834
V349	0.06389	0.33198	0.44655	0.07946	0.07812
V350	0.10728	0.36873	0.11699	0.2792	0.1278
V351	0.14249	0.14447	0.36811	0.30382	0.0411
V352	0.097	0.4642	0.32998	0.07825	0.03057
V353	0.21571	0.31811	0.07371	0.1373	0.25517
V354	0.38894	0.14835	0.34995	0.08094	0.03182
V355	0.08785	0.11732	0.29953	0.45523	0.04008
V356	0.07838	0.1991	0.60676	0.07601	0.03975
V357	0.05342	0.18035	0.43922	0.09674	0.23027
V358	0.05733	0.06779	0.05308	0.77075	0.05105
V359	0.07523	0.11946	0.03303	0.72637	0.04591
V360	0.50777	0.11716	0.11153	0.22328	0.04025
V361	0.27123	0.41727	0.12395	0.09091	0.09665
V362	0.58722	0.09789	0.11705	0.10418	0.09366
V363	0.05904	0.10752	0.03108	0.23671	0.56564
V364	0.06098	0.26699	0.05573	0.45409	0.1622
V365	0.04518	0.04284	0.02993	0.81608	0.06597
V366	0.15508	0.18253	0.47304	0.11573	0.07362
V367	0.18498	0.24762	0.21541	0.21768	0.13432
V368	0.53351	0.15378	0.14129	0.11	0.06141
V369	0.05231	0.53176	0.24794	0.14087	0.02713
V370	0.04637	0.19537	0.14167	0.37845	0.23815
V371	0.07028	0.71254	0.0964	0.08877	0.03201
V372	0.46485	0.14041	0.15692	0.18655	0.05128
V373	0.10851	0.53253	0.16277	0.1615	0.03469
V374	0.09426	0.14475	0.33109	0.39652	0.03338
V375	0.21387	0.16383	0.46941	0.12559	0.02731
V376	0.03547	0.14691	0.37019	0.09664	0.35079
V377	0.0868	0.42939	0.22188	0.22708	0.03484
V378	0.11938	0.47419	0.20042	0.08373	0.12229
V379	0.05221	0.1077	0.12988	0.16893	0.54128
V380	0.04293	0.12354	0.17832	0.47908	0.17615
V381	0.14932	0.12623	0.0326	0.12843	0.56341
V382	0.34212	0.06162	0.03107	0.34899	0.2162
V383	0.05403	0.09674	0.25086	0.5609	0.03746
V384	0.23092	0.11508	0.17229	0.41142	0.07029
V385	0.10102	0.16362	0.03403	0.12748	0.57385
V386	0.49105	0.07134	0.03405	0.35737	0.04619
V387	0.23008	0.06433	0.03108	0.61131	0.0632
V388	0.06659	0.66923	0.08507	0.14254	0.03657
V389	0.11861	0.62636	0.06757	0.11689	0.07057
V390	0.16745	0.05073	0.02948	0.64223	0.11012
V391	0.53179	0.18042	0.03323	0.17132	0.08325
V392	0.67961	0.10191	0.0407	0.12768	0.0501
V393	0.10435	0.0969	0.15847	0.5009	0.13938
V394	0.52957	0.08226	0.0538	0.23539	0.09898
V395	0.03131	0.11599	0.32725	0.48561	0.03984
V396	0.37631	0.15476	0.35303	0.08027	0.03562
V397	0.49793	0.17311	0.06583	0.19754	0.0656
V398	0.0791	0.07453	0.17214	0.58372	0.09051
V399	0.0672	0.09613	0.02275	0.336	0.47793
V400	0.14288	0.44289	0.1816	0.20171	0.03092
V401	0.22348	0.16385	0.49009	0.09573	0.02685
V402	0.26578	0.1556	0.37597	0.13039	0.07226
V403	0.14995	0.13643	0.0254	0.22665	0.46156
V404	0.02879	0.16333	0.40869	0.34403	0.05516
V405	0.27713	0.255	0.10095	0.26915	0.09777
V406	0.03368	0.21667	0.66272	0.05677	0.03015
V407	0.63454	0.10813	0.06446	0.14752	0.04534
V408	0.05599	0.34441	0.04433	0.30828	0.24699
V409	0.11575	0.06107	0.08291	0.63342	0.10685
V410	0.11346	0.21585	0.30579	0.11936	0.24555
V411	0.04623	0.09924	0.02357	0.15019	0.68077
V412	0.04625	0.21131	0.15123	0.1242	0.46701
V413	0.04703	0.26295	0.16995	0.37185	0.14821
V414	0.06727	0.12484	0.02457	0.48855	0.29478
V415	0.16517	0.08556	0.03081	0.13156	0.5869
V416	0.11528	0.14783	0.04895	0.23076	0.45718
V417	0.02873	0.18404	0.5808	0.1503	0.05613
V418	0.42025	0.34687	0.06155	0.11258	0.05875
V419	0.22183	0.09725	0.04681	0.21285	0.42126
V420	0.20582	0.09707	0.12548	0.14687	0.42477
V421	0.03687	0.11339	0.14758	0.1471	0.55506
V422	0.04742	0.06435	0.06868	0.67368	0.14586
V423	0.22195	0.22875	0.27236	0.22997	0.04697
V424	0.02712	0.16441	0.42849	0.08352	0.29646
V425	0.28187	0.34718	0.03835	0.11324	0.21936
V426	0.2042	0.18634	0.05178	0.46468	0.093
V427	0.17554	0.5236	0.18294	0.08288	0.03504
V428	0.0956	0.53986	0.11691	0.16142	0.0862
V429	0.1205	0.63045	0.05299	0.14617	0.04989
V430	0.0491	0.14713	0.36633	0.2176	0.21984
V431	0.10753	0.34084	0.21185	0.27584	0.06394
V432	0.24537	0.12772	0.14158	0.36185	0.12347
V433	0.15208	0.14671	0.42471	0.23337	0.04314
V434	0.18503	0.30817	0.34222	0.08776	0.07682
V435	0.3802	0.15671	0.31658	0.10979	0.03672
V436	0.07001	0.5095	0.14022	0.1286	0.15167
V437	0.17976	0.09638	0.0543	0.25086	0.4187
V438	0.12212	0.29659	0.20967	0.30108	0.07055
V439	0.45793	0.06719	0.07384	0.34821	0.05284
V440	0.0377	0.36453	0.46908	0.07671	0.05198
V441	0.04594	0.46975	0.36044	0.09422	0.02965
V442	0.07372	0.73334	0.0666	0.09241	0.03393
V443	0.67844	0.0768	0.03873	0.15637	0.04965
V444	0.14234	0.36821	0.06897	0.36134	0.05914
V445	0.07854	0.35041	0.07574	0.4464	0.0489
V446	0.11477	0.0934	0.11725	0.53888	0.1357
V447	0.08873	0.06479	0.03675	0.48239	0.32734
V448	0.16343	0.0926	0.04651	0.14159	0.55588
V449	0.0221	0.21815	0.6804	0.0577	0.02164
V450	0.17257	0.17255	0.24647	0.19239	0.21602
V451	0.22782	0.20788	0.09134	0.36591	0.10705
V452	0.04335	0.07639	0.1642	0.64762	0.06844
V453	0.05135	0.07115	0.0217	0.49635	0.35945
V454	0.02936	0.18274	0.54644	0.08573	0.15574
V455	0.07133	0.27578	0.27717	0.1206	0.25511
V456	0.67729	0.08232	0.0324	0.13905	0.06895
V457	0.49463	0.22017	0.06863	0.15168	0.06489
V458	0.0388	0.36603	0.43849	0.10869	0.04799
V459	0.13508	0.11013	0.07841	0.48725	0.18914
V460	0.47447	0.13198	0.19906	0.14484	0.04964
V461	0.15832	0.3167	0.24983	0.09844	0.17671
V462	0.07342	0.11701	0.03949	0.51653	0.25355
V463	0.19036	0.09076	0.03928	0.62823	0.05137
V464	0.12711	0.26631	0.50184	0.07601	0.02873
V465	0.0674	0.16571	0.04182	0.14191	0.58316
V466	0.06081	0.08283	0.02219	0.21325	0.62093
V467	0.07624	0.23598	0.05416	0.53398	0.09964
V468	0.41847	0.29556	0.13676	0.09424	0.05497
V469	0.0445	0.31517	0.09063	0.31829	0.2314
V470	0.6021	0.11588	0.05715	0.17618	0.04869
V471	0.31293	0.279	0.06416	0.21623	0.12768
V472	0.04184	0.12488	0.0657	0.13075	0.63683
V473	0.05053	0.24841	0.24344	0.32129	0.13633
V474	0.24032	0.15747	0.08798	0.44609	0.06814
V475	0.12727	0.17933	0.47856	0.09403	0.12082
V476	0.14596	0.09019	0.11597	0.56717	0.0807
V477	0.06638	0.73999	0.06713	0.09257	0.03393
V478	0.17359	0.0918	0.03117	0.13094	0.5725
V479	0.6012	0.11769	0.06387	0.16904	0.0482
V480	0.12831	0.53556	0.10057	0.18248	0.05308
V481	0.20562	0.33382	0.09804	0.24152	0.12101
V482	0.10726	0.55934	0.21651	0.07901	0.03788
V483	0.26434	0.43831	0.04449	0.18405	0.06881
V484	0.18411	0.43277	0.14932	0.19148	0.04232
V485	0.47526	0.14205	0.13517	0.19524	0.05228
V486	0.07601	0.18359	0.2888	0.09487	0.35672
V487	0.11614	0.20089	0.35728	0.29024	0.03545
V488	0.33515	0.10928	0.02662	0.38202	0.14693
V489	0.02771	0.29514	0.52997	0.11496	0.03222
V490	0.02959	0.17831	0.56331	0.19977	0.02902
V491	0.05507	0.42079	0.08778	0.17807	0.25828
V492	0.05859	0.14823	0.05701	0.67561	0.06057
V493	0.05271	0.03502	0.02958	0.82862	0.05407
V494	0.27097	0.05231	0.04465	0.53671	0.09536
V495	0.25337	0.24207	0.21789	0.21741	0.06926
V496	0.13656	0.12058	0.07973	0.12206	0.54107
V497	0.10606	0.12875	0.16294	0.18621	0.41604
V498	0.08367	0.69408	0.07871	0.09541	0.04813
V499	0.05729	0.2735	0.26184	0.13662	0.27075
V500	0.1063	0.4184	0.14312	0.26148	0.0707
V501	0.08674	0.32471	0.05042	0.12024	0.4179
V502	0.12641	0.63559	0.09118	0.11487	0.03195
V503	0.33331	0.11576	0.20927	0.20295	0.13871
V504	0.38345	0.22328	0.03971	0.11724	0.23631
V505	0.47908	0.08123	0.05382	0.18215	0.20372
V506	0.04762	0.47013	0.10684	0.10382	0.2716
V507	0.6111	0.07572	0.06124	0.1889	0.06304
V508	0.04437	0.53597	0.23483	0.10995	0.07488
V509	0.066	0.40676	0.16844	0.24155	0.11725
V510	0.32365	0.41698	0.08655	0.13145	0.04138
V511	0.06441	0.33567	0.43981	0.09701	0.0631
V512	0.13329	0.41395	0.19867	0.12409	0.13
V513	0.15147	0.55442	0.11669	0.12554	0.05188
V514	0.04068	0.12057	0.22961	0.13498	0.47416
V515	0.09174	0.13269	0.02628	0.70281	0.04648
V516	0.14394	0.32183	0.13675	0.35149	0.04599
V517	0.04866	0.07149	0.06919	0.7603	0.05036
V518	0.30074	0.12718	0.29271	0.22692	0.05246
V519	0.57522	0.11523	0.0375	0.22214	0.0499
V520	0.08348	0.6762	0.07039	0.13743	0.03249
V521	0.18094	0.07001	0.14502	0.55693	0.04711
V522	0.05473	0.26513	0.4667	0.16451	0.04893
V523	0.11424	0.2042	0.55786	0.09558	0.02812
V524	0.23782	0.1759	0.45112	0.07184	0.06332
V525	0.04419	0.24179	0.06204	0.12761	0.52436
V526	0.0464	0.21082	0.62881	0.07469	0.03928
V527	0.07898	0.43255	0.36716	0.08203	0.03929
V528	0.14909	0.04205	0.04385	0.71837	0.04664
V529	0.15293	0.19405	0.55099	0.06925	0.03278
V530	0.03369	0.20579	0.63392	0.09167	0.03493
V531	0.156	0.45426	0.12814	0.10405	0.15754
V532	0.07095	0.30003	0.29262	0.08611	0.25029
V533	0.2468	0.08861	0.02416	0.12973	0.5107
V534	0.12927	0.09228	0.02428	0.69043	0.06374
V535	0.597	0.16648	0.08072	0.10809	0.04771
V536	0.11045	0.25024	0.3511	0.10512	0.18309
V537	0.0518	0.11392	0.0402	0.13494	0.65914
V538	0.47908	0.15622	0.03728	0.13702	0.1904
V539	0.03254	0.25113	0.51847	0.13579	0.06208
V540	0.14777	0.42081	0.12685	0.13228	0.17229
V541	0.05564	0.38483	0.06196	0.12942	0.36816
V542	0.05765	0.30804	0.13797	0.42113	0.07521
V543	0.06386	0.22995	0.53136	0.09871	0.07611
V544	0.26555	0.2323	0.19507	0.14378	0.1633
V545	0.47565	0.32255	0.04814	0.11135	0.04231
V546	0.07625	0.63643	0.12961	0.09049	0.06722
V547	0.09676	0.62649	0.05243	0.17444	0.04988
V548	0.04507	0.08403	0.0316	0.78668	0.05263
V549	0.04198	0.08885	0.04684	0.26078	0.56155
V550	0.05714	0.67776	0.14019	0.09027	0.03465
V551	0.05426	0.03387	0.02208	0.84009	0.0497
V552	0.20465	0.09665	0.04674	0.15249	0.49946
V553	0.56911	0.08161	0.04774	0.22828	0.07326
V554	0.0967	0.16474	0.40746	0.29184	0.03926
V555	0.06405	0.72957	0.0657	0.0911	0.04957
V556	0.09341	0.09096	0.07691	0.66125	0.07747
V557	0.25278	0.23553	0.06941	0.36974	0.07254
V558	0.02903	0.18947	0.58313	0.16129	0.03707
V559	0.09023	0.39781	0.39317	0.07497	0.04383
V560	0.45711	0.25612	0.15488	0.09474	0.03716
V561	0.51466	0.09796	0.15348	0.11075	0.12315
V562	0.12181	0.14439	0.17188	0.17569	0.38623
V563	0.17738	0.27941	0.21694	0.17483	0.15144
V564	0.28273	0.08878	0.08457	0.37312	0.1708
V565	0.04351	0.09823	0.03972	0.16687	0.65167
V566	0.24698	0.16735	0.05817	0.36143	0.16608
V567	0.03353	0.20916	0.67495	0.05675	0.02561
V568	0.04592	0.26305	0.3744	0.28763	0.029
V569	0.45784	0.15401	0.12945	0.19637	0.06233
V570	0.12036	0.11987	0.26402	0.41752	0.07823
V571	0.20974	0.10582	0.23059	0.34093	0.11293
V572	0.62643	0.08186	0.02978	0.12468	0.13725
V573	0.08169	0.15798	0.30943	0.35295	0.09795
V574	0.39272	0.27772	0.10758	0.17034	0.05163
V575	0.29525	0.11655	0.1407	0.14589	0.3016
V576	0.06121	0.70623	0.06401	0.0972	0.07134
V577	0.32425	0.41576	0.07944	0.13872	0.04182
V578	0.04194	0.23853	0.43458	0.22834	0.0566
V579	0.03894	0.45708	0.31697	0.09296	0.09405
V580	0.18463	0.44396	0.05876	0.2603	0.05235
V581	0.05871	0.4297	0.34783	0.13336	0.0304
V582	0.02268	0.22905	0.66359	0.06324	0.02143
V583	0.42013	0.13743	0.30334	0.10587	0.03323
V584	0.18615	0.43679	0.14251	0.11458	0.11998
V585	0.06071	0.62492	0.11361	0.13256	0.0682
V586	0.05262	0.62743	0.19884	0.09284	0.02828
V587	0.06992	0.57471	0.05705	0.11692	0.18141
V588	0.17828	0.37833	0.33671	0.07419	0.03248
V589	0.10105	0.34698	0.08334	0.41471	0.05392
V590	0.06564	0.6442	0.0526	0.10077	0.13678
V591	0.35849	0.41698	0.07968	0.10232	0.04253
V592	0.03425	0.18364	0.58551	0.0865	0.1101
V593	0.33456	0.05772	0.03146	0.49792	0.07834
V594	0.0262	0.23656	0.51698	0.16731	0.05295
V595	0.39632	0.10135	0.09104	0.34454	0.06675
V596	0.33511	0.22429	0.21147	0.18066	0.04847
V597	0.05321	0.22353	0.03703	0.203	0.48322
V598	0.46298	0.08414	0.03354	0.11952	0.29982
V599	0.08275	0.34926	0.12346	0.38717	0.05736
V600	0.22195	0.10222	0.18894	0.37729	0.10961
V601	0.13925	0.12963	0.03313	0.48625	0.21175
V602	0.60829	0.18681	0.03683	0.12101	0.04706
V603	0.13153	0.18586	0.05879	0.21787	0.40596
V604	0.03569	0.18484	0.55128	0.1361	0.09209
V605	0.05235	0.15162	0.14844	0.16242	0.48516
V606	0.62595	0.07636	0.02951	0.12537	0.14281
V607	0.15679	0.16993	0.05008	0.12849	0.49471
V608	0.55495	0.09376	0.06145	0.17601	0.11383
V609	0.16585	0.27574	0.04922	0.4176	0.09158
V610	0.09311	0.52753	0.05512	0.28372	0.04052
V611	0.19352	0.18008	0.48309	0.08582	0.05748
V612	0.28015	0.15683	0.29094	0.09956	0.17253
V613	0.323	0.43946	0.08086	0.11969	0.03699
V614	0.42236	0.10083	0.04766	0.17229	0.25686
V615	0.03791	0.14087	0.14567	0.53552	0.14003
V616	0.47205	0.09827	0.1618	0.20638	0.0615
V617	0.17167	0.1851	0.39571	0.14311	0.10442
V618	0.52944	0.15235	0.09261	0.11531	0.11029
V619	0.40493	0.13298	0.16813	0.10465	0.18931
V620	0.05871	0.12664	0.31493	0.46025	0.03947
V621	0.12332	0.2699	0.28993	0.08632	0.23053
V622	0.03956	0.27145	0.33163	0.09149	0.26587
V623	0.08851	0.05066	0.02873	0.66525	0.16685
V624	0.65889	0.0767	0.03701	0.13615	0.09125
V625	0.03984	0.10243	0.11008	0.69976	0.04788
V626	0.07337	0.16196	0.44968	0.27244	0.04254
V627	0.10944	0.21376	0.142	0.12794	0.40687
V628	0.67758	0.08884	0.03959	0.14436	0.04963
V629	0.10178	0.29542	0.49279	0.08158	0.02843
V630	0.04433	0.22539	0.05305	0.13697	0.54025
V631	0.03246	0.13655	0.27031	0.1102	0.45049
V632	0.06418	0.63199	0.05969	0.11985	0.1243
V633	0.07532	0.07517	0.10935	0.51191	0.22826
V634	0.31116	0.38926	0.17246	0.09345	0.03366
V635	0.05829	0.19014	0.19996	0.11875	0.43287
V636	0.16082	0.22386	0.29468	0.22027	0.10036
V637	0.16683	0.13996	0.35768	0.25346	0.08207
V638	0.08795	0.41661	0.06397	0.1659	0.26557
V639	0.39728	0.35394	0.11171	0.09522	0.04185
V640	0.11197	0.218	0.10959	0.28164	0.2788
V641	0.10069	0.57829	0.07233	0.19966	0.04903
V642	0.53834	0.09302	0.03573	0.28732	0.04559
V643	0.06627	0.68091	0.11716	0.10538	0.03028
V644	0.06408	0.36316	0.06106	0.451	0.0607
V645	0.14944	0.59252	0.06624	0.15807	0.03373
V646	0.1283	0.4416	0.0732	0.27725	0.07965
V647	0.67001	0.07565	0.03822	0.16701	0.04912
V648	0.35336	0.1403	0.03547	0.32595	0.14492
V649	0.22711	0.15601	0.10499	0.19238	0.31952
V650	0.05554	0.04536	0.07569	0.77828	0.04513
V651	0.14021	0.19362	0.03014	0.5911	0.04493
V652	0.29193	0.06099	0.05971	0.53203	0.05534
V653	0.27731	0.07169	0.07514	0.50552	0.07034
V654	0.06088	0.14688	0.02496	0.17558	0.5917
V655	0.13477	0.14079	0.27773	0.40632	0.04039
V656	0.12481	0.09186	0.02285	0.20464	0.55584
V657	0.05644	0.41341	0.07168	0.35222	0.10624
V658	0.0561	0.08032	0.0532	0.59152	0.21886
V659	0.04681	0.0725	0.0926	0.70461	0.08347
V660	0.07812	0.3324	0.05866	0.13926	0.39157
V661	0.06066	0.53823	0.06318	0.23517	0.10276
V662	0.05639	0.40797	0.06305	0.1071	0.36549
V663	0.69986	0.08149	0.04093	0.12558	0.05214
V664	0.05128	0.08153	0.13563	0.41188	0.31968
V665	0.04434	0.52518	0.23416	0.14317	0.05314
V666	0.0986	0.68043	0.09413	0.09495	0.0319
V667	0.04815	0.46854	0.27118	0.15406	0.05807
V668	0.47005	0.24336	0.08393	0.14893	0.05373
V669	0.36545	0.28986	0.06475	0.17207	0.10786
V670	0.097	0.53094	0.09294	0.11895	0.16018
V671	0.53199	0.10931	0.19387	0.12312	0.0417
V672	0.10124	0.13581	0.11351	0.34072	0.30872
V673	0.04456	0.10476	0.02319	0.2127	0.61478
V674	0.25705	0.20866	0.41024	0.07371	0.05033
V675	0.51031	0.0793	0.06741	0.22804	0.11494
V676	0.18927	0.21288	0.41726	0.07443	0.10616
V677	0.05977	0.27453	0.22593	0.36823	0.07154
V678	0.07041	0.31734	0.04994	0.13545	0.42686
V679	0.03575	0.13748	0.389	0.40123	0.03654
V680	0.16195	0.07131	0.04511	0.38989	0.33173
V681	0.40134	0.09198	0.06867	0.33754	0.10047
V682	0.0221	0.21815	0.6804	0.0577	0.02164
V683	0.06595	0.2722	0.51065	0.06527	0.08593
V684	0.08204	0.04235	0.02928	0.7983	0.04802
V685	0.02833	0.19945	0.61728	0.12818	0.02677
V686	0.23436	0.50149	0.11327	0.10778	0.0431
V687	0.02645	0.15346	0.47118	0.31086	0.03805
V688	0.02137	0.21347	0.67219	0.06263	0.03034
V689	0.36475	0.14048	0.20096	0.17467	0.11914
V690	0.10694	0.67483	0.07009	0.10995	0.0382
V691	0.13594	0.14866	0.07227	0.57855	0.06457
V692	0.08794	0.06152	0.0369	0.70951	0.10413
V693	0.03737	0.4469	0.39437	0.09206	0.0293
V694	0.09781	0.19297	0.06705	0.55457	0.08761
V695	0.1233	0.18917	0.16523	0.11946	0.40283
V696	0.09953	0.17977	0.56748	0.06937	0.08384
V697	0.09851	0.18412	0.29473	0.32497	0.09766
V698	0.04265	0.12867	0.18943	0.11962	0.51964
V699	0.06223	0.06711	0.06836	0.62425	0.17805
V700	0.07028	0.65407	0.12305	0.08486	0.06773
V701	0.04494	0.22471	0.04496	0.13137	0.55402
V702	0.05192	0.13462	0.0331	0.63929	0.14106
V703	0.05039	0.05187	0.04503	0.80075	0.05196
V704	0.05741	0.18142	0.35856	0.09999	0.30262
V705	0.67645	0.08852	0.03276	0.13341	0.06886
V706	0.13804	0.18484	0.17122	0.41862	0.08728
V707	0.13604	0.16929	0.09873	0.31547	0.28046
V708	0.04111	0.49879	0.35841	0.07641	0.02529
V709	0.04257	0.11021	0.05711	0.13389	0.65623
V710	0.11096	0.17064	0.41382	0.08025	0.22433
V711	0.08252	0.09014	0.04662	0.14737	0.63335
V712	0.06222	0.17832	0.5368	0.18843	0.03423
V713	0.19604	0.38589	0.30099	0.08842	0.02866
V714	0.0777	0.09647	0.02301	0.13871	0.66411
V715	0.03004	0.31803	0.48721	0.13621	0.02851
V716	0.54393	0.20146	0.04813	0.14957	0.05691
V717	0.31121	0.21167	0.14453	0.11821	0.21438
V718	0.46705	0.12318	0.25387	0.0945	0.0614
V719	0.31391	0.25014	0.13089	0.18744	0.11762
V720	0.12572	0.13057	0.1127	0.14366	0.48735
V721	0.05637	0.10213	0.07236	0.14362	0.62552
V722	0.05062	0.23347	0.08566	0.48247	0.14778
V723	0.10978	0.22239	0.13218	0.48087	0.05477
V724	0.12182	0.52796	0.08536	0.22631	0.03856
V725	0.06097	0.09858	0.03141	0.13775	0.67129
V726	0.19103	0.4315	0.09525	0.1405	0.14172
V727	0.02732	0.21181	0.66844	0.0623	0.03013
V728	0.55152	0.1084	0.13824	0.15802	0.04381
V729	0.45488	0.14697	0.05763	0.29309	0.04742
V730	0.10854	0.13627	0.33583	0.35067	0.06869
V731	0.04137	0.05939	0.07704	0.77717	0.04503
V732	0.05298	0.03487	0.02973	0.83385	0.04857
V733	0.04032	0.2198	0.65274	0.05698	0.03015
V734	0.34912	0.18047	0.31469	0.11505	0.04067
V735	0.08079	0.22709	0.22623	0.11785	0.34805
V736	0.04479	0.12776	0.03283	0.136	0.65862
V737	0.69591	0.08657	0.04101	0.12486	0.05164
V738	0.04962	0.42061	0.05595	0.11463	0.35918
V739	0.05372	0.04725	0.02239	0.82778	0.04886
V740	0.19069	0.16033	0.12909	0.12347	0.39641
V741	0.39574	0.07821	0.03256	0.36082	0.13268
V742	0.07348	0.16723	0.44523	0.19259	0.12147
V743	0.05462	0.13283	0.09797	0.20018	0.5144
V744	0.1665	0.1259	0.1745	0.46766	0.06544
V745	0.15611	0.0688	0.06767	0.65728	0.05015
V746	0.29576	0.46163	0.08163	0.10028	0.0607
V747	0.04007	0.21718	0.64549	0.06277	0.03448
V748	0.14029	0.25732	0.27402	0.1315	0.19686
V749	0.16441	0.15134	0.13653	0.42175	0.12597
V750	0.55712	0.20487	0.04267	0.15141	0.04393
V751	0.04535	0.37413	0.47028	0.08221	0.02803
V752	0.05145	0.18978	0.05117	0.13253	0.57507
V753	0.39232	0.14938	0.23588	0.11344	0.10899
V754	0.11845	0.27953	0.04194	0.51272	0.04736
V755	0.20825	0.57354	0.0879	0.0912	0.03911
V756	0.05084	0.17204	0.05022	0.1692	0.5577
V757	0.15984	0.0607	0.11301	0.61777	0.04868
V758	0.08195	0.36044	0.03849	0.47323	0.04588
V759	0.10095	0.12877	0.12124	0.11758	0.53147
V760	0.08661	0.12963	0.21363	0.28641	0.28372
V761	0.06095	0.31559	0.52852	0.06769	0.02725
V762	0.04263	0.12316	0.17934	0.39903	0.25584
V763	0.05496	0.28873	0.04041	0.11997	0.49592
V764	0.11593	0.10324	0.10064	0.62675	0.05343
V765	0.13159	0.18347	0.50647	0.1016	0.07687
V766	0.07656	0.43405	0.25597	0.11826	0.11516
V767	0.22948	0.41411	0.10181	0.13237	0.12223
V768	0.07305	0.66391	0.10021	0.12693	0.03589
V769	0.53103	0.11561	0.18776	0.10112	0.06448
V770	0.22312	0.14664	0.40893	0.18718	0.03413
V771	0.07832	0.5939	0.05809	0.16872	0.10098
V772	0.05297	0.21306	0.64941	0.06306	0.02151
V773	0.06006	0.0844	0.02213	0.26413	0.56928
V774	0.12963	0.16391	0.44523	0.0764	0.18482
V775	0.65388	0.07689	0.04989	0.16326	0.05607
V776	0.27752	0.37917	0.18149	0.11039	0.05144
V777	0.17385	0.35408	0.24805	0.1637	0.06032
V778	0.41462	0.11024	0.04127	0.27909	0.15477
V779	0.06786	0.39381	0.42608	0.07879	0.03346
V780	0.03374	0.20879	0.67375	0.06248	0.02124
V781	0.15543	0.31976	0.1942	0.09259	0.23802
V782	0.20776	0.2607	0.05509	0.11903	0.35742
V783	0.02431	0.17738	0.51529	0.09022	0.1928
V784	0.05362	0.50843	0.04618	0.29849	0.09327
V785	0.53205	0.16646	0.0324	0.19076	0.07832
V786	0.15483	0.19308	0.04466	0.54786	0.05956
V787	0.13194	0.49108	0.04585	0.25061	0.08051
V788	0.30392	0.37461	0.10634	0.09447	0.12066
V789	0.04456	0.18148	0.03519	0.43165	0.30712
V790	0.2384	0.24399	0.09335	0.19314	0.23111
V791	0.1631	0.23801	0.10194	0.25428	0.24267
V792	0.67805	0.09276	0.05243	0.11909	0.05766
V793	0.27161	0.26954	0.08632	0.17626	0.19627
V794	0.0453	0.11232	0.12189	0.2497	0.47079
V795	0.12939	0.66012	0.06968	0.09702	0.0438
V796	0.23948	0.36048	0.13718	0.20843	0.05442
V797	0.14978	0.08392	0.0228	0.14806	0.59544
V798	0.12993	0.44458	0.05056	0.17051	0.20443
V799	0.05778	0.1687	0.07379	0.62368	0.07606
V800	0.05832	0.09642	0.03852	0.22186	0.58488
V801	0.29602	0.08117	0.13616	0.4256	0.06105
V802	0.06086	0.2388	0.04559	0.12907	0.52569
V803	0.25518	0.07238	0.03178	0.57806	0.0626
V804	0.16729	0.19926	0.20362	0.36211	0.06772
V805	0.12301	0.21814	0.37822	0.19607	0.08456
V806	0.35661	0.11812	0.20066	0.14573	0.17888
V807	0.53452	0.08927	0.0886	0.14844	0.13917
V808	0.61234	0.08972	0.07545	0.11548	0.10701
V809	0.17809	0.50861	0.06904	0.12054	0.12373
V810	0.05573	0.11128	0.06296	0.47704	0.29298
V811	0.07432	0.16	0.04947	0.20431	0.5119
V812	0.0456	0.54342	0.21908	0.14373	0.04816
V813	0.05151	0.27265	0.2282	0.09643	0.35121
V814	0.17305	0.45559	0.10445	0.21766	0.04925
V815	0.20103	0.54508	0.07855	0.13637	0.03897
V816	0.05154	0.41897	0.04926	0.41961	0.06061
V817	0.55981	0.12075	0.1591	0.12133	0.03901
V818	0.05376	0.26961	0.33224	0.10885	0.23554
V819	0.67315	0.08965	0.04573	0.14273	0.04874
V820	0.08059	0.324	0.1463	0.3922	0.05691
V821	0.04647	0.09987	0.02376	0.14283	0.68708
V822	0.1735	0.05522	0.03734	0.6868	0.04714
V823	0.06404	0.18249	0.23216	0.10219	0.41912
V824	0.09094	0.11814	0.04791	0.12986	0.61315
V825	0.11737	0.16508	0.50044	0.1906	0.02651
V826	0.04623	0.20702	0.65134	0.07403	0.02139
V827	0.28686	0.16228	0.02912	0.41097	0.11077
V828	0.20907	0.19897	0.13111	0.1521	0.30875
V829	0.09118	0.17927	0.29056	0.21784	0.22115
V830	0.11573	0.18378	0.53217	0.08297	0.08535
V831	0.05342	0.59032	0.09632	0.2123	0.04764
V832	0.19225	0.07893	0.09325	0.30313	0.33243
V833	0.17464	0.61183	0.06008	0.09281	0.06064
V834	0.5471	0.17643	0.06639	0.1296	0.08047
V835	0.21025	0.27354	0.11813	0.30626	0.09182
V836	0.26419	0.17735	0.37171	0.15225	0.0345
V837	0.05763	0.66662	0.0696	0.12393	0.08223
V838	0.04043	0.04996	0.09211	0.76726	0.05025
V839	0.06267	0.12682	0.09772	0.12315	0.58964
V840	0.66529	0.08607	0.05756	0.13946	0.05162
V841	0.1588	0.18946	0.55378	0.06927	0.02869
V842	0.37897	0.12867	0.20474	0.24176	0.04587
V843	0.35529	0.10457	0.16164	0.15861	0.2199
V844	0.03159	0.27664	0.57948	0.07679	0.0355
V845	0.05878	0.0552	0.02113	0.61163	0.25326
V846	0.11697	0.13023	0.12104	0.16391	0.46785
V847	0.19404	0.08942	0.07754	0.21737	0.42163
V848	0.55055	0.10026	0.03537	0.18702	0.1268
V849	0.10876	0.20392	0.54258	0.06999	0.07475
V850	0.17658	0.14301	0.27691	0.2028	0.2007
V851	0.69813	0.07948	0.03395	0.13142	0.05702
V852	0.21038	0.1316	0.10389	0.24437	0.30976
V853	0.04604	0.23234	0.48881	0.16426	0.06855
V854	0.05966	0.3474	0.25576	0.14483	0.19235
V855	0.10586	0.34151	0.12306	0.33749	0.09208
V856	0.14932	0.37125	0.09219	0.10143	0.28581
V857	0.08838	0.12008	0.1782	0.41735	0.19599
V858	0.04683	0.33465	0.20703	0.25008	0.16141
V859	0.13432	0.05607	0.04431	0.69686	0.06845
V860	0.06385	0.15841	0.08902	0.60717	0.08156
V861	0.13547	0.08605	0.139	0.59248	0.047
V862	0.08981	0.09013	0.04613	0.20304	0.57089
V863	0.06246	0.7196	0.07268	0.09637	0.0489
V864	0.04615	0.19455	0.63421	0.10321	0.02188
V865	0.07723	0.16145	0.497	0.23744	0.02688
V866	0.04445	0.18758	0.50219	0.22574	0.04004
V867	0.45656	0.10273	0.03438	0.11816	0.28818
V868	0.17544	0.26534	0.35658	0.15995	0.04269
V869	0.05092	0.09386	0.04795	0.14294	0.66432
V870	0.22761	0.19656	0.10681	0.29382	0.1752
V871	0.06098	0.13776	0.12259	0.18748	0.49119
V872	0.31207	0.08501	0.03953	0.48618	0.07721
V873	0.0709	0.30209	0.17065	0.37698	0.07937
V874	0.10884	0.12759	0.03231	0.13735	0.59391
V875	0.04385	0.1919	0.05151	0.50139	0.21135
V876	0.3798	0.13208	0.08592	0.12274	0.27945
V877	0.19922	0.51001	0.0841	0.1627	0.04397
V878	0.05311	0.55097	0.08692	0.26529	0.04372
V879	0.65622	0.10577	0.04564	0.14043	0.05193
V880	0.09678	0.12411	0.05561	0.4507	0.2728
V881	0.03244	0.16855	0.45692	0.0795	0.2626
V882	0.06583	0.38636	0.05493	0.45419	0.03868
V883	0.3991	0.1913	0.04576	0.2527	0.11114
V884	0.04671	0.09266	0.02355	0.1515	0.68558
V885	0.13961	0.17746	0.34925	0.16512	0.16857
V886	0.04119	0.07895	0.05464	0.30395	0.52127
V887	0.10034	0.6906	0.06336	0.091	0.05469
V888	0.07869	0.12737	0.07913	0.63238	0.08243
V889	0.11859	0.64089	0.09097	0.10753	0.04202
V890	0.05827	0.08282	0.14931	0.59359	0.11601
V891	0.02251	0.22747	0.65969	0.06893	0.0214
V892	0.45938	0.24502	0.05565	0.11086	0.12909
V893	0.11896	0.25546	0.43117	0.13	0.06441
V894	0.10288	0.43554	0.08838	0.30534	0.06786
V895	0.46869	0.12272	0.2593	0.11035	0.03894
V896	0.17218	0.23861	0.23533	0.31482	0.03905
V897	0.04107	0.0475	0.06038	0.72248	0.12857
V898	0.33514	0.08646	0.03943	0.14199	0.39698
V899	0.42923	0.29804	0.11545	0.0963	0.06098
