mature.neutrophil	CD14.pos.CD16.neg.classical.monocyte	macrophage	memory.CD4.pos.AB.T.cell	cytotoxic.CD56.dim.NK.cell
V1	0.27357	0.18313	0.24683	0.17899	0.11747
V2	0.07226	0.64152	0.0942	0.13065	0.06137
V3	0.09884	0.12637	0.37318	0.37566	0.02595
V4	0.03583	0.1356	0.2277	0.08559	0.51529
V5	0.04264	0.12146	0.08858	0.11934	0.62799
V6	0.28101	0.11916	0.25941	0.24408	0.09634
V7	0.03373	0.15657	0.37201	0.10631	0.33138
V8	0.03798	0.17623	0.64683	0.11985	0.0191
V9	0.10665	0.09996	0.24094	0.52996	0.02248
V10	0.35517	0.1407	0.3856	0.07684	0.04169
V11	0.05447	0.13227	0.12299	0.09264	0.59762
V12	0.1039	0.11538	0.21715	0.28309	0.28048
V13	0.15201	0.11918	0.07029	0.38159	0.27692
V14	0.18573	0.08151	0.09717	0.55395	0.08163
V15	0.10731	0.0876	0.03631	0.73264	0.03615
V16	0.45843	0.12251	0.05333	0.33231	0.03342
V17	0.07952	0.26687	0.05405	0.09933	0.50023
V18	0.10435	0.36693	0.25577	0.24328	0.02967
V19	0.05572	0.12608	0.04035	0.1333	0.64455
V20	0.04044	0.14981	0.55758	0.22779	0.02438
V21	0.0491	0.27402	0.15196	0.18417	0.34075
V22	0.61084	0.13921	0.09954	0.09778	0.05262
V23	0.09329	0.12047	0.05775	0.14823	0.58027
V24	0.37242	0.16985	0.05996	0.1102	0.28757
V25	0.07114	0.11344	0.04962	0.37888	0.38692
V26	0.38455	0.22138	0.09475	0.11204	0.18729
V27	0.1209	0.43318	0.20248	0.07859	0.16484
V28	0.08626	0.13855	0.19857	0.53532	0.0413
V29	0.06689	0.10384	0.29245	0.50921	0.02761
V30	0.56178	0.15299	0.06827	0.11132	0.10563
V31	0.35687	0.1753	0.05329	0.25791	0.15663
V32	0.67798	0.08563	0.05544	0.10929	0.07166
V33	0.04946	0.23597	0.05353	0.14074	0.5203
V34	0.12843	0.68063	0.05595	0.09936	0.03563
V35	0.10057	0.50821	0.26243	0.10217	0.02662
V36	0.05052	0.22592	0.18071	0.122	0.42085
V37	0.56788	0.08997	0.04472	0.10086	0.19658
V38	0.1248	0.14037	0.40639	0.21033	0.1181
V39	0.26195	0.13874	0.30119	0.07834	0.21978
V40	0.21458	0.4963	0.06122	0.17242	0.05549
V41	0.06614	0.69399	0.06056	0.08847	0.09083
V42	0.63933	0.10968	0.06392	0.10761	0.07947
V43	0.37106	0.18694	0.30739	0.1016	0.03301
V44	0.04926	0.30984	0.47346	0.06917	0.09826
V45	0.06377	0.55167	0.12891	0.1971	0.05855
V46	0.1206	0.61742	0.10905	0.11002	0.04291
V47	0.02752	0.18641	0.69103	0.06855	0.02649
V48	0.16893	0.17887	0.22047	0.31871	0.11302
V49	0.3696	0.18577	0.22158	0.18979	0.03327
V50	0.04265	0.19277	0.67613	0.06779	0.02066
V51	0.10704	0.27808	0.20638	0.11092	0.29758
V52	0.07245	0.73294	0.05787	0.10064	0.0361
V53	0.09911	0.18198	0.04445	0.6459	0.02855
V54	0.22502	0.07984	0.049	0.48932	0.15682
V55	0.14352	0.07359	0.03594	0.71686	0.03009
V56	0.13358	0.07088	0.04162	0.65098	0.10294
V57	0.13899	0.20792	0.46299	0.08748	0.10263
V58	0.09182	0.10415	0.15181	0.2049	0.44731
V59	0.62884	0.10468	0.11605	0.10794	0.04248
V60	0.34927	0.22017	0.1458	0.17776	0.10701
V61	0.18973	0.10172	0.06326	0.22919	0.41609
V62	0.07653	0.13542	0.28103	0.15426	0.35276
V63	0.32894	0.25803	0.09611	0.10578	0.21114
V64	0.67948	0.09647	0.06701	0.10919	0.04785
V65	0.13188	0.13014	0.07015	0.54427	0.12357
V66	0.09658	0.08632	0.14151	0.64458	0.03101
V67	0.03625	0.1377	0.30825	0.12278	0.39502
V68	0.35361	0.1218	0.33921	0.10489	0.08049
V69	0.45057	0.17309	0.20173	0.10079	0.07383
V70	0.08491	0.57486	0.08417	0.2145	0.04156
V71	0.10721	0.63021	0.08722	0.13857	0.0368
V72	0.0582	0.37129	0.06391	0.09022	0.41637
V73	0.10736	0.08997	0.12051	0.5043	0.17787
V74	0.09123	0.11398	0.04257	0.67423	0.078
V75	0.36713	0.22059	0.28162	0.09159	0.03907
V76	0.0952	0.07837	0.04907	0.71176	0.0656
V77	0.04364	0.17576	0.6652	0.09598	0.01942
V78	0.02772	0.18908	0.68346	0.0737	0.02604
V79	0.0966	0.36229	0.07705	0.18017	0.2839
V80	0.13123	0.59655	0.04959	0.12732	0.09532
V81	0.03457	0.18595	0.69003	0.06845	0.02099
V82	0.23844	0.17667	0.06531	0.48521	0.03437
V83	0.13646	0.13198	0.05619	0.48704	0.18832
V84	0.10252	0.212	0.04623	0.10134	0.53791
V85	0.02813	0.18616	0.69014	0.07469	0.02087
V86	0.0676	0.25851	0.2835	0.36253	0.02786
V87	0.38742	0.08468	0.07643	0.41001	0.04146
V88	0.27205	0.1927	0.08703	0.22458	0.22363
V89	0.0604	0.21405	0.61006	0.09584	0.01965
V90	0.04706	0.22534	0.08904	0.13686	0.5017
V91	0.09084	0.08197	0.09809	0.70223	0.02686
V92	0.21161	0.12577	0.06425	0.10567	0.4927
V93	0.06551	0.14848	0.17001	0.45911	0.1569
V94	0.07188	0.2084	0.059	0.24919	0.41154
V95	0.0818	0.25168	0.06026	0.14371	0.46255
V96	0.5925	0.09426	0.06699	0.11337	0.13287
V97	0.15689	0.12091	0.07778	0.14862	0.4958
V98	0.07376	0.34686	0.19511	0.16531	0.21896
V99	0.41875	0.16392	0.0476	0.25475	0.11497
V100	0.42367	0.19218	0.08704	0.12479	0.17232
V101	0.07911	0.72208	0.06437	0.09916	0.03528
V102	0.26573	0.24812	0.15619	0.15888	0.17108
V103	0.13104	0.10589	0.04558	0.10152	0.61597
V104	0.06394	0.37685	0.11535	0.09095	0.35291
V105	0.04443	0.12598	0.0743	0.12711	0.62817
V106	0.06558	0.61711	0.17729	0.08643	0.05359
V107	0.06507	0.26985	0.53527	0.10408	0.02573
V108	0.03905	0.26117	0.61003	0.06849	0.02127
V109	0.09002	0.23357	0.08812	0.28208	0.30621
V110	0.17007	0.42197	0.19992	0.1695	0.03854
V111	0.23531	0.25776	0.40096	0.08056	0.0254
V112	0.19212	0.08479	0.12718	0.4249	0.17101
V113	0.21628	0.10226	0.12748	0.18237	0.3716
V114	0.45217	0.1325	0.08483	0.21764	0.11285
V115	0.64266	0.08438	0.05274	0.10951	0.1107
V116	0.04748	0.1269	0.04242	0.11168	0.67151
V117	0.06636	0.16514	0.60977	0.12386	0.03486
V118	0.12124	0.07497	0.03588	0.72601	0.04189
V119	0.27158	0.12146	0.33457	0.24846	0.02393
V120	0.03886	0.16167	0.61541	0.14345	0.04061
V121	0.18761	0.58191	0.05118	0.09622	0.08307
V122	0.0673	0.35063	0.11509	0.25907	0.20791
V123	0.39721	0.11399	0.10452	0.22475	0.15953
V124	0.20174	0.16343	0.09347	0.24064	0.30071
V125	0.05737	0.40628	0.42949	0.07786	0.029
V126	0.14942	0.22054	0.22199	0.15584	0.25221
V127	0.2235	0.13922	0.5009	0.10933	0.02705
V128	0.19686	0.60427	0.06033	0.09136	0.04717
V129	0.22938	0.12915	0.25596	0.19867	0.18685
V130	0.06459	0.4316	0.07894	0.26079	0.16409
V131	0.08153	0.09772	0.21644	0.58119	0.02313
V132	0.31506	0.09398	0.03835	0.33532	0.21729
V133	0.03336	0.16844	0.46297	0.1251	0.21012
V134	0.07817	0.16857	0.59558	0.08302	0.07465
V135	0.04402	0.20882	0.56875	0.08436	0.09404
V136	0.69131	0.08765	0.05774	0.11339	0.04992
V137	0.65627	0.10275	0.05385	0.12669	0.06043
V138	0.22236	0.18643	0.10857	0.17626	0.30637
V139	0.15919	0.08251	0.16334	0.56484	0.03012
V140	0.05201	0.11826	0.16634	0.08961	0.57378
V141	0.04527	0.26731	0.52013	0.14202	0.02527
V142	0.18805	0.11332	0.30122	0.16313	0.23428
V143	0.04785	0.24171	0.41917	0.17206	0.11921
V144	0.40687	0.22323	0.10181	0.17922	0.08887
V145	0.0278	0.18596	0.67608	0.07887	0.03128
V146	0.07444	0.31718	0.04726	0.32293	0.2382
V147	0.10081	0.17941	0.53388	0.14462	0.04128
V148	0.15797	0.62178	0.05938	0.11513	0.04574
V149	0.09975	0.07792	0.03659	0.72466	0.06108
V150	0.13143	0.24732	0.47843	0.06993	0.07289
V151	0.37292	0.08499	0.05079	0.38349	0.10781
V152	0.08716	0.08081	0.12701	0.63049	0.07453
V153	0.15344	0.23041	0.3966	0.10748	0.11206
V154	0.1232	0.49802	0.06697	0.10534	0.20647
V155	0.10346	0.08616	0.1413	0.63821	0.03087
V156	0.10776	0.13838	0.35289	0.1744	0.22657
V157	0.11369	0.13026	0.17714	0.2727	0.30621
V158	0.17052	0.12579	0.38262	0.10256	0.2185
V159	0.15325	0.21714	0.05178	0.52569	0.05215
V160	0.36664	0.19453	0.12191	0.11624	0.20068
V161	0.1917	0.11776	0.09137	0.09148	0.50769
V162	0.02843	0.19231	0.68886	0.06915	0.02125
V163	0.07667	0.11612	0.0523	0.12131	0.63359
V164	0.66725	0.11484	0.0615	0.11373	0.04268
V165	0.47119	0.22009	0.11469	0.12884	0.06519
V166	0.10309	0.09461	0.22828	0.49619	0.07783
V167	0.06455	0.53482	0.06037	0.18921	0.15104
V168	0.02843	0.19231	0.68886	0.06915	0.02125
V169	0.07464	0.55813	0.18292	0.14519	0.03912
V170	0.2282	0.33627	0.09157	0.23261	0.11135
V171	0.25798	0.15794	0.32055	0.20572	0.05782
V172	0.16757	0.24458	0.10328	0.09947	0.3851
V173	0.21093	0.15209	0.11547	0.3768	0.1447
V174	0.19202	0.11252	0.31701	0.21545	0.16301
V175	0.09712	0.19514	0.14094	0.20509	0.36171
V176	0.33801	0.07971	0.04467	0.50643	0.03119
V177	0.17595	0.14628	0.4549	0.19687	0.026
V178	0.23147	0.14435	0.38717	0.15713	0.07989
V179	0.1079	0.11956	0.04582	0.10148	0.62525
V180	0.04717	0.14047	0.31322	0.07952	0.41962
V181	0.08329	0.28368	0.04079	0.12619	0.46605
V182	0.45171	0.22261	0.05033	0.21401	0.06135
V183	0.08758	0.72053	0.05696	0.09303	0.04191
V184	0.27353	0.10603	0.27059	0.30842	0.04142
V185	0.11829	0.41477	0.06401	0.19468	0.20826
V186	0.14752	0.20785	0.06594	0.26612	0.31258
V187	0.1071	0.54759	0.04804	0.26028	0.03699
V188	0.61854	0.10158	0.07386	0.16377	0.04225
V189	0.38004	0.22794	0.07476	0.28042	0.03684
V190	0.32876	0.14546	0.21582	0.09343	0.21652
V191	0.22038	0.22043	0.0463	0.40122	0.11167
V192	0.27983	0.20992	0.14758	0.24079	0.12188
V193	0.08039	0.25205	0.44352	0.09977	0.12427
V194	0.23322	0.13137	0.11372	0.15682	0.36486
V195	0.43622	0.20461	0.22796	0.09514	0.03608
V196	0.0428	0.1161	0.08858	0.11991	0.63261
V197	0.08734	0.69951	0.05495	0.11762	0.04058
V198	0.21543	0.23351	0.07409	0.23484	0.24213
V199	0.56203	0.10646	0.2075	0.08987	0.03413
V200	0.57524	0.0846	0.07201	0.11189	0.15626
V201	0.10444	0.07529	0.05479	0.60861	0.15687
V202	0.66598	0.11923	0.05102	0.11519	0.04858
V203	0.42676	0.24488	0.06911	0.13225	0.12699
V204	0.28525	0.14701	0.07206	0.09249	0.40318
V205	0.12005	0.1285	0.13629	0.13077	0.4844
V206	0.11414	0.13585	0.03647	0.66051	0.05303
V207	0.10731	0.0876	0.03631	0.73264	0.03615
V208	0.1455	0.25097	0.40975	0.10698	0.08681
V209	0.1502	0.12091	0.12006	0.10678	0.50205
V210	0.02751	0.18451	0.68801	0.07388	0.02609
V211	0.14751	0.12816	0.20526	0.10094	0.41814
V212	0.07752	0.61867	0.11583	0.11478	0.0732
V213	0.1237	0.09378	0.09145	0.26537	0.4257
V214	0.04596	0.46739	0.35925	0.08539	0.04202
V215	0.22039	0.23884	0.15585	0.1398	0.24512
V216	0.07262	0.14678	0.30135	0.10218	0.37706
V217	0.092	0.07379	0.05574	0.69465	0.08382
V218	0.10227	0.21876	0.27108	0.32282	0.08506
V219	0.1352	0.27188	0.34406	0.22088	0.02798
V220	0.18499	0.58237	0.10119	0.09304	0.03841
V221	0.06008	0.17127	0.42393	0.07831	0.26641
V222	0.05339	0.1231	0.04765	0.11396	0.66191
V223	0.40038	0.11058	0.27958	0.172	0.03747
V224	0.06588	0.46874	0.06569	0.14658	0.25311
V225	0.53434	0.19035	0.14396	0.09137	0.03997
V226	0.38827	0.41932	0.05198	0.09682	0.0436
V227	0.13783	0.24415	0.04579	0.51962	0.0526
V228	0.43866	0.1193	0.24902	0.13804	0.05498
V229	0.23182	0.34818	0.25589	0.11434	0.04978
V230	0.0536	0.11807	0.04783	0.11495	0.66555
V231	0.0887	0.50141	0.09634	0.22097	0.09259
V232	0.58323	0.10286	0.18231	0.09671	0.03489
V233	0.07976	0.12648	0.15989	0.14379	0.49008
V234	0.06336	0.336	0.21645	0.34202	0.04217
V235	0.68473	0.09064	0.05179	0.12808	0.04476
V236	0.09664	0.14316	0.50499	0.20264	0.05257
V237	0.13917	0.15213	0.2526	0.30157	0.15452
V238	0.05822	0.10575	0.04448	0.29074	0.50082
V239	0.09094	0.36251	0.08447	0.21561	0.24647
V240	0.08318	0.67811	0.06005	0.10127	0.0774
V241	0.07196	0.73465	0.05764	0.09365	0.04209
V242	0.07031	0.30387	0.28055	0.27984	0.06543
V243	0.36642	0.11635	0.29119	0.10156	0.12448
V244	0.05613	0.36991	0.20324	0.1375	0.23322
V245	0.0697	0.7099	0.07732	0.10973	0.03334
V246	0.47741	0.25202	0.0704	0.0983	0.10188
V247	0.16972	0.19028	0.48712	0.10991	0.04297
V248	0.10583	0.50605	0.06716	0.09264	0.22832
V249	0.22029	0.1463	0.20723	0.14948	0.2767
V250	0.04339	0.16532	0.51961	0.0921	0.17958
V251	0.22397	0.09481	0.112	0.50708	0.06215
V252	0.05287	0.20083	0.46072	0.17552	0.11007
V253	0.26254	0.4555	0.11713	0.1222	0.04263
V254	0.42496	0.32109	0.04762	0.15986	0.04648
V255	0.60557	0.13371	0.04704	0.11781	0.09587
V256	0.06131	0.62509	0.06363	0.09243	0.15753
V257	0.35883	0.27934	0.16076	0.11322	0.08786
V258	0.18022	0.28375	0.08236	0.4201	0.03358
V259	0.41591	0.26159	0.18409	0.09084	0.04756
V260	0.2301	0.12125	0.12784	0.14289	0.37792
V261	0.05858	0.13816	0.42754	0.27166	0.10407
V262	0.65423	0.10145	0.08722	0.11264	0.04445
V263	0.59234	0.13089	0.0572	0.1818	0.03777
V264	0.08715	0.69361	0.06193	0.12375	0.03356
V265	0.60168	0.13902	0.10524	0.11216	0.04189
V266	0.0481	0.11569	0.10914	0.10918	0.61789
V267	0.08251	0.10788	0.04434	0.19899	0.56628
V268	0.19129	0.36443	0.16121	0.21986	0.06321
V269	0.10474	0.30649	0.32532	0.2175	0.04595
V270	0.12338	0.07568	0.06202	0.71122	0.0277
V271	0.21278	0.56259	0.05802	0.10892	0.05768
V272	0.11458	0.64884	0.07358	0.09961	0.06339
V273	0.25859	0.10435	0.18144	0.31507	0.14055
V274	0.11508	0.12508	0.07111	0.22473	0.46401
V275	0.06747	0.56525	0.17565	0.1525	0.03913
V276	0.047	0.15085	0.53773	0.22885	0.03557
V277	0.2822	0.13485	0.46	0.07832	0.04463
V278	0.05704	0.1326	0.3032	0.39802	0.10914
V279	0.18668	0.07489	0.04839	0.62586	0.06418
V280	0.21184	0.09053	0.06919	0.53263	0.0958
V281	0.09139	0.2197	0.07277	0.58338	0.03275
V282	0.07936	0.72784	0.05732	0.09344	0.04205
V283	0.29835	0.10396	0.13255	0.10491	0.36023
V284	0.04518	0.21145	0.44757	0.07128	0.22452
V285	0.41926	0.36893	0.04995	0.11919	0.04267
V286	0.08652	0.17352	0.62091	0.0946	0.02445
V287	0.22554	0.13681	0.17645	0.29061	0.17059
V288	0.16998	0.14643	0.49577	0.07535	0.11247
V289	0.18409	0.21624	0.05913	0.5066	0.03395
V290	0.35217	0.37215	0.15533	0.08732	0.03301
V291	0.35336	0.20399	0.04816	0.35664	0.03786
V292	0.11734	0.14271	0.35551	0.0984	0.28603
V293	0.03198	0.22208	0.61337	0.10214	0.03043
V294	0.04629	0.12621	0.0487	0.10958	0.66923
V295	0.06715	0.12277	0.29309	0.44049	0.0765
V296	0.62597	0.1491	0.04908	0.1151	0.06074
V297	0.04749	0.16129	0.58874	0.1563	0.04618
V298	0.28212	0.07726	0.04345	0.48823	0.10894
V299	0.27113	0.06834	0.04953	0.5814	0.02961
V300	0.68949	0.09199	0.05292	0.11977	0.04583
V301	0.68146	0.08469	0.05549	0.13043	0.04794
V302	0.06538	0.0982	0.04356	0.38639	0.40647
V303	0.1201	0.21289	0.21462	0.20544	0.24695
V304	0.15984	0.16785	0.56205	0.07346	0.0368
V305	0.19352	0.297	0.1203	0.16247	0.2267
V306	0.28897	0.50574	0.05189	0.10569	0.04771
V307	0.22384	0.10148	0.24826	0.40226	0.02415
V308	0.19603	0.14542	0.50589	0.12633	0.02634
V309	0.49851	0.12649	0.08473	0.17882	0.11144
V310	0.0641	0.12493	0.0454	0.16076	0.6048
V311	0.1012	0.07231	0.06931	0.72354	0.03364
V312	0.09441	0.26864	0.24484	0.07883	0.31328
V313	0.09741	0.28209	0.05331	0.32186	0.24534
V314	0.11807	0.09784	0.04252	0.3616	0.37996
V315	0.68131	0.08626	0.06104	0.1092	0.06219
V316	0.11385	0.46103	0.24973	0.10097	0.07442
V317	0.29861	0.17243	0.4079	0.08018	0.04088
V318	0.65885	0.08537	0.0537	0.10652	0.09555
V319	0.10184	0.18986	0.60953	0.07844	0.02033
V320	0.14868	0.06786	0.04193	0.7065	0.03502
V321	0.14005	0.30772	0.28495	0.22598	0.04129
V322	0.03684	0.2896	0.47625	0.10557	0.09174
V323	0.20885	0.2453	0.37303	0.09109	0.08173
V324	0.11245	0.101	0.06932	0.6842	0.03303
V325	0.48327	0.15253	0.1121	0.1765	0.07559
V326	0.0771	0.11455	0.08563	0.17876	0.54396
V327	0.28243	0.4006	0.13724	0.1019	0.07783
V328	0.09192	0.27169	0.17379	0.42621	0.03638
V329	0.06097	0.13984	0.33451	0.43793	0.02674
V330	0.0841	0.17526	0.62316	0.06553	0.05195
V331	0.13829	0.11856	0.11338	0.14554	0.48423
V332	0.35282	0.14948	0.36825	0.08229	0.04717
V333	0.32379	0.12211	0.27711	0.19411	0.08288
V334	0.06184	0.29791	0.46013	0.13079	0.04932
V335	0.53732	0.12498	0.11009	0.11799	0.10963
V336	0.15361	0.46965	0.25973	0.07773	0.03929
V337	0.05058	0.11371	0.05249	0.20231	0.58091
V338	0.52867	0.10976	0.16174	0.1035	0.09632
V339	0.18832	0.44352	0.19967	0.07949	0.08901
V340	0.0593	0.21566	0.13301	0.1188	0.47322
V341	0.04263	0.42578	0.38918	0.07759	0.06481
V342	0.24223	0.20294	0.37334	0.15754	0.02394
V343	0.50519	0.1119	0.25604	0.09544	0.03142
V344	0.11101	0.60591	0.08547	0.10353	0.09408
V345	0.21377	0.11872	0.04354	0.29281	0.33116
V346	0.07072	0.29682	0.29461	0.2917	0.04615
V347	0.11332	0.42425	0.06431	0.33876	0.05936
V348	0.05256	0.20364	0.38748	0.24277	0.11355
V349	0.07467	0.31108	0.44604	0.08167	0.08654
V350	0.12739	0.36064	0.11515	0.26385	0.13298
V351	0.1723	0.13159	0.3651	0.29824	0.03276
V352	0.1104	0.45109	0.32619	0.08102	0.0313
V353	0.22534	0.30434	0.07614	0.119	0.27517
V354	0.41971	0.12968	0.34071	0.08095	0.02895
V355	0.1214	0.1142	0.29677	0.44055	0.02708
V356	0.09272	0.17149	0.61241	0.08263	0.04075
V357	0.06046	0.15949	0.43114	0.08973	0.25917
V358	0.10735	0.09429	0.06235	0.70254	0.03346
V359	0.12268	0.14171	0.04335	0.66386	0.0284
V360	0.53104	0.11555	0.11611	0.20438	0.03291
V361	0.2892	0.39963	0.12257	0.08514	0.10347
V362	0.59725	0.0959	0.12153	0.09343	0.09189
V363	0.06603	0.12746	0.04478	0.19258	0.56915
V364	0.08729	0.27132	0.05983	0.41839	0.16317
V365	0.09937	0.07742	0.04294	0.73223	0.04804
V366	0.17672	0.15829	0.47182	0.11603	0.07714
V367	0.20585	0.23498	0.21326	0.20341	0.14251
V368	0.55249	0.14462	0.14231	0.10094	0.05964
V369	0.0635	0.52531	0.24278	0.14255	0.02586
V370	0.06622	0.19674	0.14159	0.34566	0.24978
V371	0.07601	0.70734	0.09288	0.08988	0.03388
V372	0.48872	0.13408	0.15778	0.17277	0.04665
V373	0.12536	0.52372	0.15817	0.1592	0.03355
V374	0.12558	0.13725	0.32868	0.38707	0.02142
V375	0.24225	0.13962	0.46714	0.12826	0.02273
V376	0.03862	0.13402	0.35807	0.08368	0.3856
V377	0.10697	0.41925	0.21803	0.22487	0.03088
V378	0.13088	0.45824	0.19501	0.07889	0.13698
V379	0.0566	0.11694	0.12969	0.13574	0.56103
V380	0.07056	0.13058	0.17737	0.44298	0.17851
V381	0.14735	0.13679	0.04539	0.09771	0.57275
V382	0.35859	0.07797	0.04457	0.30468	0.21419
V383	0.09201	0.10153	0.24813	0.53605	0.02228
V384	0.2635	0.11729	0.17281	0.38519	0.06121
V385	0.10061	0.17087	0.04574	0.09746	0.58532
V386	0.514	0.08306	0.04775	0.32005	0.03514
V387	0.27081	0.08553	0.04354	0.55291	0.04721
V388	0.07585	0.66525	0.08127	0.14025	0.03738
V389	0.13062	0.6165	0.06474	0.11269	0.07545
V390	0.20769	0.07612	0.04236	0.57748	0.09634
V391	0.54507	0.17667	0.0456	0.15357	0.0791
V392	0.67768	0.1053	0.05688	0.11614	0.044
V393	0.13612	0.10557	0.15964	0.46383	0.13484
V394	0.54319	0.0888	0.06509	0.20927	0.09364
V395	0.06332	0.11453	0.32314	0.47207	0.02694
V396	0.40718	0.13553	0.34402	0.08004	0.03323
V397	0.51676	0.16928	0.07385	0.17974	0.06038
V398	0.11658	0.08638	0.17289	0.54489	0.07926
V399	0.08194	0.11897	0.0373	0.28111	0.48068
V400	0.16564	0.43135	0.17753	0.19821	0.02728
V401	0.25205	0.13814	0.48727	0.09921	0.02333
V402	0.29165	0.13651	0.37098	0.12693	0.07393
V403	0.15616	0.1472	0.03806	0.18578	0.4728
V404	0.05164	0.15182	0.40692	0.34054	0.04908
V405	0.30151	0.24828	0.10324	0.25039	0.09658
V406	0.04148	0.18999	0.67076	0.06648	0.03128
V407	0.64243	0.10896	0.07568	0.13356	0.03936
V408	0.07196	0.3407	0.04783	0.27786	0.26165
V409	0.15532	0.08116	0.09	0.57863	0.09489
V410	0.12387	0.19755	0.29853	0.10693	0.27311
V411	0.04768	0.12599	0.04207	0.11779	0.66647
V412	0.04838	0.2054	0.14759	0.09971	0.49893
V413	0.06857	0.2595	0.16784	0.35096	0.15313
V414	0.09335	0.14414	0.03652	0.42878	0.29721
V415	0.1615	0.10281	0.04539	0.10004	0.59026
V416	0.12301	0.15628	0.05791	0.19121	0.47159
V417	0.04036	0.16099	0.58365	0.1572	0.0578
V418	0.44075	0.33005	0.06674	0.10516	0.0573
V419	0.22693	0.10836	0.057	0.17477	0.43294
V420	0.2089	0.10045	0.12598	0.11802	0.44664
V421	0.03982	0.12209	0.14506	0.11732	0.57572
V422	0.08743	0.08919	0.0765	0.61065	0.13623
V423	0.25064	0.2148	0.26933	0.22312	0.04211
V424	0.03025	0.14685	0.41795	0.07537	0.32958
V425	0.29096	0.33256	0.04469	0.09806	0.23374
V426	0.23666	0.1932	0.05895	0.42673	0.08447
V427	0.19312	0.51007	0.17795	0.08266	0.03619
V428	0.10941	0.53081	0.11238	0.15529	0.09212
V429	0.13476	0.62081	0.05149	0.14179	0.05115
V430	0.06218	0.13469	0.35952	0.20259	0.24102
V431	0.13092	0.33055	0.20845	0.26874	0.06134
V432	0.27299	0.12958	0.1438	0.33269	0.12094
V433	0.17946	0.12872	0.42285	0.23141	0.03757
V434	0.20524	0.28691	0.33828	0.08643	0.08313
V435	0.41053	0.14001	0.30855	0.10751	0.0334
V436	0.07905	0.49653	0.1351	0.12029	0.16903
V437	0.18823	0.10871	0.06348	0.20879	0.43078
V438	0.14764	0.28626	0.20715	0.29118	0.06777
V439	0.48386	0.07602	0.08255	0.31514	0.04242
V440	0.04513	0.34761	0.4693	0.08151	0.05644
V441	0.05486	0.45937	0.35786	0.09822	0.02969
V442	0.07929	0.72631	0.06501	0.09352	0.03586
V443	0.67789	0.08393	0.05513	0.14043	0.04263
V444	0.1702	0.36412	0.07019	0.34248	0.05301
V445	0.10797	0.35073	0.07645	0.42542	0.03943
V446	0.14862	0.10578	0.12098	0.4962	0.12842
V447	0.11388	0.08954	0.04863	0.41874	0.32921
V448	0.16147	0.10663	0.05772	0.10863	0.56555
V449	0.02843	0.19231	0.68886	0.06915	0.02125
V450	0.18815	0.16138	0.24288	0.17419	0.2334
V451	0.25544	0.20764	0.0951	0.33846	0.10336
V452	0.084	0.09134	0.16466	0.60545	0.05454
V453	0.07701	0.09943	0.03639	0.42727	0.35991
V454	0.03493	0.15856	0.54319	0.08589	0.17743
V455	0.07936	0.25717	0.26995	0.10795	0.28556
V456	0.67392	0.08901	0.04993	0.12486	0.06227
V457	0.5129	0.21166	0.0755	0.1387	0.06124
V458	0.04831	0.34916	0.4388	0.11334	0.05039
V459	0.16398	0.12308	0.08476	0.43954	0.18864
V460	0.49933	0.12297	0.19654	0.13505	0.04611
V461	0.17144	0.29706	0.24493	0.09028	0.19629
V462	0.10226	0.13579	0.04942	0.45925	0.25329
V463	0.23309	0.10953	0.05003	0.57254	0.03481
V464	0.14614	0.24298	0.50205	0.08139	0.02743
V465	0.06895	0.17388	0.05252	0.11009	0.59456
V466	0.06569	0.1091	0.03935	0.17165	0.61422
V467	0.10947	0.24375	0.0591	0.4964	0.09128
V468	0.44092	0.27877	0.13678	0.08887	0.05465
V469	0.06101	0.31099	0.09091	0.29083	0.24626
V470	0.61306	0.11679	0.06859	0.15888	0.04268
V471	0.33259	0.27116	0.06893	0.19692	0.1304
V472	0.0434	0.14	0.07472	0.1011	0.64078
V473	0.07046	0.24006	0.24077	0.30626	0.14244
V474	0.27309	0.1629	0.09319	0.41312	0.0577
V475	0.14287	0.15414	0.47642	0.0927	0.13387
V476	0.18365	0.10241	0.11997	0.52581	0.06816
V477	0.072	0.7328	0.06545	0.09387	0.03588
V478	0.16969	0.10739	0.04535	0.0994	0.57817
V479	0.61277	0.11757	0.07444	0.15274	0.04247
V480	0.14599	0.5262	0.09736	0.17676	0.05369
V481	0.22686	0.32448	0.09844	0.22522	0.12501
V482	0.11936	0.54956	0.21087	0.07955	0.04066
V483	0.2855	0.42537	0.04734	0.17345	0.06833
V484	0.20816	0.4197	0.14632	0.18586	0.03997
V485	0.49843	0.13689	0.13741	0.18002	0.04725
V486	0.08065	0.16973	0.27816	0.07941	0.39205
V487	0.14335	0.18653	0.35522	0.28774	0.02716
V488	0.35707	0.12148	0.03954	0.3392	0.14271
V489	0.03719	0.27655	0.53198	0.12303	0.03125
V490	0.04551	0.15679	0.56571	0.20793	0.02405
V491	0.06327	0.40834	0.08584	0.15892	0.28363
V492	0.10135	0.1656	0.06412	0.62366	0.04528
V493	0.1079	0.07047	0.04278	0.74289	0.03596
V494	0.30532	0.07181	0.05604	0.48406	0.08277
V495	0.27996	0.22922	0.21579	0.20732	0.06771
V496	0.1358	0.12726	0.08515	0.09269	0.55909
V497	0.11322	0.12907	0.15987	0.1553	0.44255
V498	0.09161	0.6873	0.07531	0.094	0.05179
V499	0.06477	0.25651	0.25461	0.12215	0.30196
V500	0.12783	0.40939	0.13986	0.25278	0.07015
V501	0.08928	0.31356	0.05517	0.09758	0.44442
V502	0.13969	0.62704	0.08807	0.11325	0.03196
V503	0.3538	0.11003	0.20791	0.18494	0.14332
V504	0.38955	0.21611	0.04929	0.09925	0.2458
V505	0.48432	0.08865	0.06476	0.15689	0.20538
V506	0.05161	0.45279	0.10259	0.09047	0.30253
V507	0.62005	0.08147	0.07291	0.16871	0.05685
V508	0.05304	0.52654	0.22958	0.10877	0.08207
V509	0.0822	0.397	0.16454	0.23177	0.12449
V510	0.34773	0.40005	0.08774	0.12572	0.03876
V511	0.07631	0.31616	0.43943	0.09999	0.06812
V512	0.1475	0.3979	0.19416	0.11667	0.14378
V513	0.16795	0.54246	0.11334	0.12183	0.05442
V514	0.04432	0.12046	0.22034	0.1101	0.50479
V515	0.13806	0.15348	0.03732	0.64206	0.02908
V516	0.17286	0.31513	0.13583	0.33771	0.03847
V517	0.09761	0.09652	0.07651	0.69632	0.03304
V518	0.33117	0.11578	0.28848	0.21739	0.04719
V519	0.58845	0.11896	0.05102	0.19908	0.04248
V520	0.0941	0.67056	0.06756	0.13553	0.03224
V521	0.22106	0.08096	0.14731	0.51956	0.03111
V522	0.06991	0.2452	0.46803	0.16832	0.04854
V523	0.13385	0.178	0.56135	0.10155	0.02525
V524	0.2629	0.15032	0.44727	0.0728	0.0667
V525	0.04593	0.23959	0.06805	0.10052	0.54591
V526	0.0568	0.18405	0.63559	0.08268	0.04088
V527	0.09109	0.41822	0.36433	0.0847	0.04166
V528	0.19631	0.06832	0.05502	0.65219	0.02816
V529	0.1753	0.16656	0.5522	0.07421	0.03173
V530	0.04353	0.17978	0.64066	0.10055	0.03549
V531	0.16815	0.43767	0.12449	0.0951	0.1746
V532	0.07708	0.27946	0.28502	0.07669	0.28175
V533	0.24099	0.10251	0.03938	0.09944	0.51768
V534	0.17421	0.11524	0.03661	0.62704	0.04691
V535	0.60862	0.15937	0.08877	0.09942	0.04382
V536	0.12262	0.22894	0.34523	0.09787	0.20535
V537	0.05259	0.13342	0.05391	0.10435	0.65573
V538	0.48355	0.15545	0.04921	0.11797	0.19382
V539	0.04276	0.22993	0.52049	0.1414	0.06542
V540	0.16032	0.40586	0.12361	0.12068	0.18954
V541	0.05938	0.37085	0.06361	0.10897	0.39719
V542	0.08422	0.30575	0.13652	0.40403	0.06947
V543	0.0759	0.20615	0.53264	0.1026	0.08272
V544	0.2839	0.2182	0.19257	0.13066	0.17467
V545	0.49506	0.30552	0.05641	0.10422	0.03879
V546	0.08458	0.62901	0.1242	0.08836	0.07385
V547	0.11125	0.61896	0.05055	0.16894	0.0503
V548	0.09662	0.11243	0.04307	0.71274	0.03514
V549	0.05085	0.11204	0.05892	0.21404	0.56416
V550	0.06342	0.67363	0.13466	0.09083	0.03746
V551	0.1109	0.07067	0.03684	0.75039	0.03119
V552	0.2034	0.10777	0.05711	0.11909	0.51263
V553	0.58165	0.08828	0.06032	0.20321	0.06654
V554	0.12298	0.14936	0.4065	0.2896	0.03156
V555	0.06942	0.72291	0.06328	0.09086	0.05353
V556	0.13526	0.10942	0.08375	0.60878	0.06279
V557	0.28298	0.2342	0.07444	0.34315	0.06523
V558	0.04201	0.1667	0.58653	0.16945	0.03531
V559	0.10369	0.38075	0.3913	0.07752	0.04675
V560	0.48243	0.23932	0.15367	0.09004	0.03453
V561	0.52848	0.09395	0.15428	0.09861	0.12469
V562	0.12984	0.14166	0.16861	0.14751	0.41238
V563	0.19518	0.26427	0.21407	0.16258	0.16391
V564	0.30687	0.09825	0.09091	0.33399	0.16998
V565	0.04639	0.12169	0.05406	0.13221	0.64565
V566	0.27103	0.17213	0.06533	0.32502	0.16649
V567	0.04158	0.18234	0.68329	0.0671	0.0257
V568	0.06726	0.2491	0.37355	0.28935	0.02074
V569	0.4805	0.14848	0.13198	0.1809	0.05815
V570	0.15189	0.11714	0.26345	0.39677	0.07075
V571	0.23776	0.10352	0.23026	0.31768	0.11077
V572	0.62225	0.08899	0.04675	0.10891	0.13309
V573	0.10712	0.15034	0.30706	0.33959	0.09589
V574	0.41736	0.2651	0.10988	0.1595	0.04816
V575	0.30196	0.11461	0.14062	0.1221	0.32071
V576	0.06679	0.69953	0.06093	0.09496	0.07779
V577	0.34818	0.39924	0.08107	0.13243	0.03908
V578	0.05902	0.22041	0.43558	0.23025	0.05475
V579	0.04546	0.44352	0.31318	0.09256	0.10528
V580	0.21	0.4345	0.05917	0.24774	0.04859
V581	0.07131	0.41679	0.34612	0.13673	0.02904
V582	0.02893	0.20402	0.67207	0.07419	0.02079
V583	0.45037	0.12213	0.29453	0.10336	0.02961
V584	0.20215	0.4209	0.13922	0.10704	0.13069
V585	0.06999	0.61939	0.10841	0.12897	0.07324
V586	0.05949	0.62392	0.19287	0.0946	0.02912
V587	0.07644	0.5617	0.05459	0.10683	0.20044
V588	0.19955	0.36047	0.33172	0.07624	0.03202
V589	0.13003	0.34532	0.08396	0.39506	0.04563
V590	0.07067	0.63388	0.05013	0.09447	0.15085
V591	0.38152	0.39791	0.082	0.09776	0.0408
V592	0.04161	0.15837	0.58632	0.08982	0.12389
V593	0.36644	0.07606	0.04466	0.44711	0.06572
V594	0.03834	0.21611	0.51879	0.17335	0.0534
V595	0.42339	0.10683	0.0972	0.31449	0.0581
V596	0.36397	0.2108	0.20843	0.17212	0.04468
V597	0.05932	0.22614	0.04615	0.16763	0.50076
V598	0.45611	0.09283	0.0478	0.09789	0.30537
V599	0.10955	0.34582	0.12201	0.37194	0.05068
V600	0.25157	0.10382	0.18909	0.34993	0.10559
V601	0.16698	0.14496	0.0436	0.43363	0.21082
V602	0.61548	0.18049	0.05093	0.11094	0.04216
V603	0.14022	0.18746	0.0655	0.18231	0.42451
V604	0.04603	0.16135	0.55311	0.13926	0.10025
V605	0.0572	0.15286	0.14576	0.13241	0.51177
V606	0.62116	0.08448	0.04661	0.10919	0.13856
V607	0.15619	0.17151	0.05848	0.0995	0.51431
V608	0.56502	0.09733	0.07182	0.15569	0.11014
V609	0.19591	0.27665	0.05416	0.38773	0.08554
V610	0.11446	0.52179	0.05384	0.27372	0.03619
V611	0.21719	0.15446	0.48081	0.08752	0.06003
V612	0.29682	0.14113	0.28485	0.09019	0.18702
V613	0.34646	0.42165	0.08226	0.11512	0.03451
V614	0.4262	0.10703	0.05857	0.14605	0.26215
V615	0.06923	0.15004	0.14661	0.49823	0.13588
V616	0.49541	0.09523	0.16293	0.18972	0.05672
V617	0.19258	0.16451	0.39299	0.13852	0.1114
V618	0.54201	0.14641	0.09862	0.10265	0.1103
V619	0.41569	0.12659	0.1671	0.09102	0.1996
V620	0.09067	0.12301	0.31181	0.44774	0.02677
V621	0.13246	0.24956	0.28272	0.077	0.25825
V622	0.04367	0.25164	0.32332	0.0821	0.29927
V623	0.12853	0.07964	0.04168	0.59297	0.15718
V624	0.65678	0.08382	0.05314	0.12122	0.08504
V625	0.08477	0.12034	0.11371	0.6492	0.03198
V626	0.09664	0.14449	0.44958	0.27287	0.03641
V627	0.1142	0.20569	0.13971	0.10439	0.436
V628	0.67703	0.09417	0.05557	0.13028	0.04295
V629	0.11856	0.27378	0.49304	0.08735	0.02727
V630	0.04616	0.22606	0.06066	0.10814	0.55899
V631	0.03501	0.13171	0.25802	0.08999	0.48527
V632	0.07126	0.62337	0.05643	0.11272	0.13622
V633	0.10459	0.09191	0.11337	0.46095	0.22919
V634	0.33664	0.36998	0.16986	0.09147	0.03204
V635	0.06175	0.1822	0.19308	0.09644	0.46653
V636	0.18413	0.20898	0.29157	0.21184	0.10348
V637	0.19318	0.12591	0.35406	0.24595	0.08091
V638	0.09627	0.40324	0.06377	0.14633	0.29038
V639	0.42105	0.33551	0.11284	0.09091	0.03969
V640	0.12744	0.21457	0.1104	0.24951	0.29808
V641	0.11735	0.57097	0.06947	0.19371	0.04851
V642	0.55611	0.10083	0.04949	0.25724	0.03632
V643	0.0737	0.67723	0.11236	0.10534	0.03138
V644	0.09287	0.36449	0.06229	0.42794	0.05241
V645	0.16728	0.58207	0.06453	0.15397	0.03214
V646	0.15021	0.43391	0.07219	0.26469	0.07901
V647	0.67073	0.08306	0.05457	0.14981	0.04183
V648	0.37283	0.14712	0.04643	0.29096	0.14267
V649	0.23603	0.15458	0.10738	0.16343	0.33858
V650	0.10652	0.07302	0.08288	0.71072	0.02686
V651	0.18025	0.20531	0.0393	0.54569	0.02945
V652	0.32898	0.07703	0.06923	0.48403	0.04073
V653	0.31273	0.08525	0.08321	0.4612	0.0576
V654	0.06404	0.16051	0.03905	0.1394	0.59699
V655	0.16781	0.13569	0.27652	0.39159	0.0284
V656	0.12831	0.11089	0.03793	0.16318	0.5597
V657	0.07791	0.41031	0.07085	0.33467	0.10626
V658	0.0894	0.10342	0.06242	0.5295	0.21526
V659	0.09049	0.09445	0.09827	0.64774	0.06905
V660	0.08249	0.32162	0.06212	0.11591	0.41785
V661	0.07554	0.53185	0.06017	0.22464	0.10781
V662	0.05885	0.39239	0.06435	0.08939	0.39502
V663	0.69314	0.0883	0.05832	0.11453	0.04571
V664	0.07176	0.09516	0.13651	0.36448	0.33209
V665	0.05517	0.51721	0.22911	0.14268	0.05584
V666	0.10845	0.67312	0.09062	0.0949	0.0329
V667	0.05973	0.458	0.26765	0.15387	0.06075
V668	0.49137	0.23214	0.08882	0.13755	0.05012
V669	0.38474	0.27933	0.06972	0.1571	0.10912
V670	0.10627	0.51715	0.08931	0.10964	0.17763
V671	0.55501	0.10201	0.19065	0.11463	0.03769
V672	0.11856	0.14153	0.11535	0.29984	0.32472
V673	0.05056	0.12816	0.03982	0.17172	0.60975
V674	0.28458	0.18464	0.40475	0.07438	0.05164
V675	0.52367	0.08559	0.07711	0.20281	0.11081
V676	0.20859	0.18866	0.41344	0.07289	0.11642
V677	0.08423	0.26805	0.22366	0.35718	0.06688
V678	0.07364	0.30771	0.05485	0.11095	0.45286
V679	0.06298	0.12905	0.38616	0.39608	0.02572
V680	0.1807	0.0898	0.05569	0.33561	0.3382
V681	0.42467	0.09995	0.07701	0.3043	0.09407
V682	0.02843	0.19231	0.68886	0.06915	0.02125
V683	0.07622	0.24879	0.51051	0.06833	0.09615
V684	0.13479	0.07408	0.04216	0.71976	0.02921
V685	0.03923	0.17552	0.62352	0.13761	0.02412
V686	0.25479	0.48588	0.11126	0.10452	0.04355
V687	0.04809	0.13806	0.47098	0.31219	0.03069
V688	0.02739	0.18754	0.68041	0.07313	0.03154
V689	0.38614	0.13193	0.1996	0.15995	0.12237
V690	0.11758	0.6666	0.06777	0.10863	0.03942
V691	0.17383	0.15983	0.07848	0.53687	0.05099
V692	0.13239	0.08842	0.04827	0.64104	0.08987
V693	0.04552	0.43586	0.39233	0.09717	0.02912
V694	0.13327	0.2022	0.07217	0.5153	0.07705
V695	0.12782	0.18124	0.16133	0.0972	0.43242
V696	0.1142	0.15221	0.56905	0.07247	0.09206
V697	0.12313	0.17465	0.29269	0.31271	0.09683
V698	0.04481	0.13049	0.18238	0.09422	0.5481
V699	0.0988	0.09049	0.07623	0.5626	0.17189
V700	0.0769	0.64739	0.11771	0.08302	0.07498
V701	0.04644	0.22619	0.05398	0.10298	0.57041
V702	0.08986	0.15484	0.04314	0.58033	0.13184
V703	0.10274	0.08259	0.05565	0.72475	0.03427
V704	0.06308	0.1648	0.34941	0.08792	0.33479
V705	0.67343	0.09421	0.05014	0.11975	0.06247
V706	0.16865	0.18368	0.17128	0.39517	0.08122
V707	0.15298	0.17121	0.10141	0.27839	0.29601
V708	0.04824	0.49016	0.35489	0.08123	0.02548
V709	0.04397	0.12925	0.06811	0.10372	0.65495
V710	0.12101	0.14871	0.40552	0.07321	0.25156
V711	0.08341	0.11009	0.05917	0.11378	0.63354
V712	0.08097	0.15564	0.53921	0.19458	0.0296
V713	0.21872	0.36781	0.29652	0.08953	0.02742
V714	0.07769	0.11957	0.04046	0.10671	0.65557
V715	0.04041	0.30152	0.48853	0.14364	0.0259
V716	0.55854	0.19444	0.05829	0.13598	0.05276
V717	0.32343	0.20024	0.1442	0.10286	0.22927
V718	0.49155	0.11103	0.24731	0.08902	0.06109
V719	0.33427	0.23989	0.13194	0.17263	0.12127
V720	0.12833	0.13339	0.11353	0.11331	0.51143
V721	0.05834	0.11914	0.08064	0.11185	0.63002
V722	0.07852	0.2388	0.08834	0.44731	0.14703
V723	0.14319	0.22347	0.13269	0.457	0.04365
V724	0.14227	0.52024	0.08257	0.2197	0.03523
V725	0.06083	0.12195	0.04749	0.10669	0.66304
V726	0.20626	0.41673	0.09378	0.12957	0.15367
V727	0.03429	0.18573	0.67647	0.07237	0.03114
V728	0.5716	0.10476	0.14001	0.1449	0.03872
V729	0.47984	0.14825	0.06647	0.26704	0.0384
V730	0.137	0.12736	0.3335	0.33945	0.06269
V731	0.09257	0.08612	0.08376	0.71032	0.02723
V732	0.10893	0.07031	0.04294	0.7477	0.03013
V733	0.04928	0.1929	0.66043	0.06633	0.03105
V734	0.37908	0.16298	0.3075	0.11258	0.03787
V735	0.08675	0.21367	0.21939	0.09961	0.38058
V736	0.04605	0.14636	0.04756	0.10554	0.65448
V737	0.69016	0.0926	0.05822	0.11366	0.04536
V738	0.05235	0.40526	0.05758	0.09654	0.38827
V739	0.10922	0.0818	0.03655	0.74183	0.0306
V740	0.19447	0.15584	0.12871	0.09912	0.42186
V741	0.4155	0.09151	0.04547	0.32064	0.12688
V742	0.0898	0.14717	0.44503	0.18784	0.13016
V743	0.06039	0.14156	0.10093	0.16365	0.53347
V744	0.20121	0.12907	0.17493	0.4399	0.05489
V745	0.19954	0.08826	0.07597	0.6032	0.03303
V746	0.31668	0.4434	0.08243	0.09535	0.06214
V747	0.04925	0.19027	0.65266	0.07163	0.0362
V748	0.15361	0.23916	0.26915	0.12052	0.21756
V749	0.19418	0.15439	0.13854	0.39055	0.12233
V750	0.57088	0.19796	0.05415	0.13824	0.03877
V751	0.05488	0.35888	0.47005	0.08859	0.02759
V752	0.05271	0.19471	0.06001	0.10278	0.58978
V753	0.41275	0.1371	0.23182	0.10449	0.11384
V754	0.1535	0.2842	0.04724	0.48046	0.03461
V755	0.22546	0.55864	0.08683	0.08928	0.03979
V756	0.05489	0.1796	0.05942	0.13499	0.5711
V757	0.20203	0.07652	0.11787	0.57206	0.03152
V758	0.11352	0.36266	0.04223	0.44623	0.03536
V759	0.10179	0.13191	0.12109	0.08981	0.5554
V760	0.10288	0.12811	0.20987	0.25576	0.30337
V761	0.07237	0.29477	0.5316	0.07453	0.02674
V762	0.06377	0.12912	0.17761	0.36173	0.26777
V763	0.05638	0.28237	0.04809	0.09476	0.51839
V764	0.15741	0.11689	0.10568	0.5823	0.03772
V765	0.15063	0.15809	0.50585	0.10315	0.08227
V766	0.08817	0.41889	0.25128	0.11394	0.12772
V767	0.24671	0.39893	0.10069	0.1226	0.13108
V768	0.0825	0.6593	0.09583	0.12531	0.03706
V769	0.55117	0.10766	0.18499	0.09316	0.06303
V770	0.25276	0.1278	0.40548	0.1859	0.02806
V771	0.09012	0.58604	0.05526	0.16068	0.10789
V772	0.06444	0.18564	0.65694	0.07263	0.02035
V773	0.06883	0.10989	0.03843	0.21561	0.56724
V774	0.14219	0.14016	0.43901	0.07195	0.20668
V775	0.65792	0.08275	0.06382	0.14594	0.04958
V776	0.30137	0.36095	0.17891	0.10639	0.05239
V777	0.19623	0.33816	0.24447	0.15998	0.06116
V778	0.42999	0.11759	0.05238	0.2471	0.15294
V779	0.07955	0.37794	0.42473	0.08327	0.03451
V780	0.0424	0.18209	0.68183	0.07326	0.02041
V781	0.1651	0.30037	0.18877	0.08096	0.26481
V782	0.21136	0.25082	0.06089	0.09693	0.38
V783	0.02883	0.15462	0.51003	0.08796	0.21855
V784	0.07255	0.50334	0.04544	0.28427	0.0944
V785	0.54569	0.16483	0.04519	0.17095	0.07333
V786	0.19195	0.20263	0.0521	0.50691	0.04641
V787	0.15234	0.48298	0.04613	0.23757	0.08099
V788	0.32161	0.35662	0.10646	0.08646	0.12885
V789	0.06644	0.19324	0.04439	0.38049	0.31543
V790	0.25166	0.23587	0.09564	0.17018	0.24665
V791	0.17876	0.23268	0.1035	0.22666	0.2584
V792	0.67699	0.09612	0.06648	0.10828	0.05212
V793	0.28678	0.25946	0.08912	0.15685	0.2078
V794	0.05457	0.12292	0.1229	0.20976	0.48985
V795	0.14126	0.64952	0.06772	0.09545	0.04606
V796	0.26427	0.34764	0.13606	0.19962	0.05241
V797	0.14762	0.10311	0.03899	0.11393	0.59634
V798	0.14159	0.43157	0.05113	0.15392	0.22179
V799	0.09635	0.18179	0.07876	0.57962	0.06348
V800	0.06406	0.11732	0.05156	0.17928	0.58777
V801	0.32939	0.0876	0.1394	0.39353	0.05007
V802	0.06193	0.23695	0.05364	0.10132	0.54615
V803	0.29325	0.09148	0.04408	0.52368	0.04751
V804	0.19781	0.19378	0.20231	0.34517	0.06093
V805	0.14417	0.19997	0.37624	0.19216	0.08747
V806	0.37283	0.11126	0.19825	0.12934	0.18832
V807	0.54367	0.09114	0.09583	0.13029	0.13907
V808	0.6166	0.0917	0.08538	0.1025	0.10382
V809	0.19238	0.49424	0.06767	0.11175	0.13396
V810	0.08089	0.1284	0.07047	0.42201	0.29823
V811	0.07968	0.16795	0.05832	0.16597	0.52808
V812	0.05655	0.53616	0.21358	0.14335	0.05035
V813	0.05477	0.25655	0.22047	0.08101	0.3872
V814	0.19646	0.44431	0.10208	0.20996	0.04718
V815	0.22061	0.53163	0.07742	0.13225	0.0381
V816	0.07834	0.419	0.0501	0.39885	0.05371
V817	0.57946	0.11402	0.15903	0.11262	0.03487
V818	0.06069	0.24959	0.32462	0.09937	0.26573
V819	0.67384	0.09437	0.06061	0.12902	0.04217
V820	0.10763	0.32005	0.14463	0.37772	0.04998
V821	0.04748	0.1269	0.04242	0.11168	0.67151
V822	0.21934	0.07942	0.04908	0.62338	0.02878
V823	0.06694	0.17235	0.22298	0.08273	0.455
V824	0.09084	0.13223	0.05906	0.09898	0.61889
V825	0.1422	0.1423	0.50124	0.19434	0.01991
V826	0.05734	0.17966	0.65941	0.08389	0.01969
V827	0.31492	0.17056	0.04027	0.37044	0.10381
V828	0.21715	0.19081	0.13085	0.129	0.33219
V829	0.10614	0.16761	0.28523	0.20042	0.2406
V830	0.13218	0.15717	0.53261	0.0849	0.09314
V831	0.06782	0.58578	0.09177	0.20709	0.04754
V832	0.20674	0.09013	0.0979	0.26021	0.34501
V833	0.18796	0.59828	0.05925	0.08993	0.06459
V834	0.56047	0.16998	0.07479	0.1167	0.07806
V835	0.23634	0.26667	0.11891	0.2879	0.09017
V836	0.29451	0.15844	0.36669	0.15076	0.0296
V837	0.06572	0.66019	0.06549	0.11968	0.08891
V838	0.09063	0.07639	0.0979	0.70212	0.03297
V839	0.06356	0.13596	0.10133	0.09405	0.6051
V840	0.66804	0.08978	0.07046	0.12602	0.04571
V841	0.18212	0.16167	0.55493	0.07453	0.02675
V842	0.40816	0.12225	0.20333	0.22733	0.03893
V843	0.36724	0.10223	0.16144	0.13808	0.23101
V844	0.03937	0.25445	0.58476	0.08466	0.03677
V845	0.09369	0.0861	0.03566	0.53797	0.24657
V846	0.12099	0.1331	0.12145	0.13198	0.49248
V847	0.20075	0.09947	0.08381	0.17953	0.43643
V848	0.55798	0.10571	0.04906	0.16413	0.12312
V849	0.12438	0.17702	0.54395	0.07314	0.08152
V850	0.19385	0.13264	0.27242	0.18511	0.21598
V851	0.69068	0.08726	0.05248	0.11933	0.05025
V852	0.22209	0.13412	0.1068	0.21031	0.32668
V853	0.05976	0.21095	0.49044	0.16719	0.07166
V854	0.06902	0.33076	0.2503	0.13475	0.21517
V855	0.13025	0.33555	0.1218	0.32171	0.09068
V856	0.15519	0.35375	0.09162	0.08604	0.3134
V857	0.11389	0.12483	0.17764	0.38297	0.20067
V858	0.06168	0.32404	0.20307	0.23683	0.17438
V859	0.1793	0.08082	0.05507	0.63321	0.0516
V860	0.10148	0.17066	0.09335	0.5651	0.06942
V861	0.17642	0.0976	0.14129	0.55384	0.03085
V862	0.09383	0.10853	0.0577	0.16211	0.57784
V863	0.0682	0.7142	0.06948	0.0956	0.05252
V864	0.05866	0.16807	0.64158	0.11272	0.01896
V865	0.10043	0.14114	0.49796	0.24128	0.01919
V866	0.06292	0.16713	0.50358	0.23046	0.0359
V867	0.45176	0.10883	0.04798	0.09718	0.29426
V868	0.2005	0.24603	0.35382	0.15927	0.04038
V869	0.05202	0.11657	0.06095	0.11145	0.65901
V870	0.24873	0.1944	0.10929	0.26701	0.18057
V871	0.06684	0.14269	0.12291	0.15382	0.51374
V872	0.34507	0.09974	0.05091	0.43891	0.06538
V873	0.09611	0.297	0.16876	0.36275	0.07538
V874	0.1085	0.14012	0.04541	0.10517	0.6008
V875	0.07184	0.20289	0.05823	0.45451	0.21253
V876	0.38362	0.13129	0.09149	0.102	0.2916
V877	0.22064	0.49679	0.08262	0.15702	0.04294
V878	0.07058	0.54706	0.08326	0.25814	0.04097
V879	0.65922	0.10819	0.05989	0.12675	0.04594
V880	0.12122	0.13851	0.06338	0.39883	0.27806
V881	0.03597	0.14831	0.44741	0.07309	0.29522
V882	0.09582	0.38723	0.05617	0.43244	0.02834
V883	0.41867	0.18999	0.05454	0.22801	0.10879
V884	0.04803	0.12109	0.04262	0.11925	0.66901
V885	0.15684	0.16041	0.34413	0.15444	0.18417
V886	0.05357	0.10296	0.06529	0.25335	0.52483
V887	0.10912	0.68123	0.06139	0.08951	0.05874
V888	0.11865	0.14219	0.08495	0.58471	0.0695
V889	0.13093	0.63205	0.0877	0.10535	0.04397
V890	0.09434	0.09695	0.15097	0.55099	0.10676
V891	0.02943	0.20267	0.66754	0.07988	0.02049
V892	0.4712	0.23473	0.06334	0.09868	0.13205
V893	0.13796	0.23327	0.43051	0.13084	0.06742
V894	0.12581	0.42917	0.08658	0.29335	0.06509
V895	0.49626	0.11083	0.25204	0.10538	0.03549
V896	0.20241	0.22896	0.23312	0.305	0.03052
V897	0.08585	0.07666	0.0697	0.65225	0.11554
V898	0.33145	0.09666	0.05197	0.11306	0.40686
V899	0.45099	0.28137	0.1169	0.09006	0.06068
