mature.neutrophil	CD14.pos.CD16.neg.classical.monocyte	macrophage	memory.CD4.pos.AB.T.cell	cytotoxic.CD56.dim.NK.cell
V1	0.06832	0.38988	0.37602	0	0.16578
V2	0	0.67731	0.25074	0.00732	0.06463
V3	0	0.1922	0.51331	0.29242	0.00208
V4	0	0.26284	0.16396	0.39341	0.1798
V5	0	0.22633	0	0.61931	0.15436
V6	0.06896	0.33355	0.38023	0.01582	0.20144
V7	0	0.24281	0.41685	0.21658	0.12377
V8	0	0.10134	0.89866	0	0
V9	0	0.16984	0.32813	0.50203	0
V10	0.3319	0.10814	0.55995	0	0
V11	0	0.28768	0	0.50784	0.20448
V12	0	0.24957	0.23016	0.39374	0.12653
V13	0	0.2976	0.02693	0.52474	0.15073
V14	0	0.23692	0.11808	0.58085	0.06415
V15	0	0.14929	0.00806	0.84265	0
V16	0.37067	0.30384	0.07811	0.07988	0.16749
V17	0	0.43593	0	0.37346	0.19061
V18	0	0.44311	0.41846	0.07863	0.05979
V19	0	0.20153	0	0.68274	0.11573
V20	0	0.1575	0.78499	0.05752	0
V21	0	0.37842	0.16509	0.33142	0.12507
V22	0.73511	0.14372	0.12117	0	0
V23	0	0.26228	0	0.56071	0.177
V24	0.20001	0.45447	0.02503	0.00697	0.31352
V25	0	0.21473	0	0.70857	0.0767
V26	0.25874	0.42433	0.13313	0	0.1838
V27	0	0.55155	0.32762	0	0.12083
V28	0	0.19806	0.27483	0.52711	0
V29	0	0.13763	0.38436	0.47801	0
V30	0.61749	0.23987	0.0826	0	0.06004
V31	0.15194	0.42965	0.06028	0.12146	0.23667
V32	0.88012	0.10546	0.01442	0	0
V33	0	0.35955	0	0.48931	0.15114
V34	0	0.74832	0.23508	0	0.01659
V35	0	0.54698	0.45302	0	0
V36	0	0.35351	0.1631	0.32869	0.1547
V37	0.6484	0.20975	0	0	0.14185
V38	0	0.2656	0.5418	0.07942	0.11318
V39	0.08163	0.33537	0.42269	0	0.16031
V40	0.01351	0.67622	0.20242	0	0.10785
V41	0	0.72035	0.21601	0	0.06364
V42	0.78887	0.15232	0.05727	0	0.00154
V43	0.32868	0.19604	0.47528	0	0
V44	0	0.33517	0.66483	0	0
V45	0	0.58623	0.27068	0.09828	0.04481
V46	0	0.67954	0.28348	0	0.03698
V47	0	0.05111	0.94889	0	0
V48	0	0.34372	0.31307	0.22703	0.11618
V49	0.26541	0.31058	0.36562	0	0.05839
V50	0	0.06658	0.93342	0	0
V51	0	0.43587	0.2617	0.1317	0.17073
V52	0	0.7473	0.23696	0	0.01574
V53	0	0.2511	0.06409	0.6848	0
V54	0	0.28922	0.01618	0.55353	0.14108
V55	0	0.16634	0.01191	0.82175	0
V56	0	0.17943	0.00728	0.81329	0
V57	0	0.30529	0.68063	0	0.01408
V58	0	0.26456	0.07938	0.47414	0.18192
V59	0.77226	0.09361	0.13412	0	0
V60	0.19584	0.41265	0.23478	0	0.15673
V61	0	0.33462	0	0.42371	0.24167
V62	0	0.2668	0.29256	0.29297	0.14767
V63	0.15948	0.49557	0.14142	0	0.20353
V64	0.8831	0.08637	0.03053	0	0
V65	0	0.25133	0.07775	0.64331	0.02762
V66	0	0.14782	0.17448	0.6777	0
V67	0	0.23292	0.31037	0.32596	0.13075
V68	0.28097	0.1911	0.52793	0	0
V69	0.44062	0.24306	0.31323	0	0.00309
V70	0	0.63082	0.22904	0.09139	0.04875
V71	0	0.69005	0.25657	0	0.05338
V72	0	0.50919	0.0435	0.26984	0.17747
V73	0	0.19808	0.11724	0.64601	0.03868
V74	0	0.1841	0.02173	0.79417	0
V75	0.31722	0.23755	0.44523	0	0
V76	0	0.13809	0.01661	0.84531	0
V77	0	0.08007	0.91993	0	0
V78	0	0.06225	0.93775	0	0
V79	0	0.49818	0.10918	0.2418	0.15084
V80	0	0.70883	0.18556	0	0.10562
V81	0	0.05109	0.94891	0	0
V82	0	0.3828	0.12413	0.39061	0.10246
V83	0	0.27663	0.03386	0.61669	0.07282
V84	0	0.38694	0	0.41038	0.20268
V85	0	0.05017	0.94983	0	0
V86	0	0.30207	0.41156	0.28637	0
V87	0.20364	0.28998	0.10423	0.24055	0.16159
V88	0.0221	0.48189	0.0994	0.14575	0.25086
V89	0	0.15021	0.84979	0	0
V90	0	0.37292	0.00037	0.45411	0.1726
V91	0	0.13168	0.10044	0.76789	0
V92	0	0.40149	0	0.27846	0.32005
V93	0	0.21637	0.20543	0.55991	0.01829
V94	0	0.34795	0	0.51209	0.13995
V95	0	0.4201	0	0.39079	0.18911
V96	0.6885	0.18065	0.0462	0	0.08465
V97	0	0.34686	0	0.39245	0.26068
V98	0	0.44158	0.27287	0.17469	0.11086
V99	0.2733	0.39566	0.05831	0.06875	0.20398
V100	0.3193	0.39622	0.11011	0	0.17437
V101	0	0.74396	0.2419	0	0.01414
V102	0.04529	0.49242	0.24506	0	0.21723
V103	0	0.26298	0	0.52184	0.21518
V104	0	0.4979	0.13928	0.19786	0.16496
V105	0	0.22203	0	0.63677	0.1412
V106	0	0.63315	0.35477	0	0.01208
V107	0	0.24191	0.75809	0	0
V108	0	0.15996	0.84004	0	0
V109	0	0.36832	0.08145	0.42371	0.12652
V110	0	0.55921	0.36792	0	0.07287
V111	0.12417	0.26606	0.60977	0	0
V112	0	0.26563	0.14196	0.456	0.13641
V113	0	0.37595	0.07631	0.25172	0.29602
V114	0.35487	0.33027	0.10624	0	0.20862
V115	0.80016	0.14666	0.0115	0	0.04167
V116	0	0.18556	0	0.69791	0.11653
V117	0	0.1444	0.8556	0	0
V118	0	0.15002	0.00461	0.84538	0
V119	0.0946	0.27186	0.53751	0	0.09603
V120	0	0.14155	0.85845	0	0
V121	0	0.72859	0.20301	0	0.0684
V122	0	0.43672	0.17503	0.29964	0.08861
V123	0.23639	0.34715	0.12199	0.05323	0.24125
V124	0	0.40951	0.07596	0.28022	0.2343
V125	0	0.37151	0.62849	0	0
V126	0	0.40625	0.28963	0.12446	0.17966
V127	0.10902	0.14438	0.7466	0	0
V128	0.02217	0.72651	0.23244	0	0.01888
V129	0	0.36914	0.34704	0.0539	0.22993
V130	0	0.49323	0.16052	0.27722	0.06903
V131	0	0.13948	0.28656	0.57396	0
V132	0.05832	0.37466	0	0.31895	0.24807
V133	0	0.22789	0.57108	0.12103	0.08
V134	0	0.16924	0.83076	0	0
V135	0	0.21885	0.78115	0	0
V136	0.92005	0.07388	0.00607	0	0
V137	0.82522	0.13899	0.0358	0	0
V138	0	0.4659	0.10675	0.1611	0.26625
V139	0	0.19906	0.2305	0.558	0.01244
V140	0	0.27379	0.04173	0.47645	0.20803
V141	0	0.2657	0.7343	0	0
V142	0	0.31996	0.3877	0.07477	0.21757
V143	0	0.2976	0.54442	0.10139	0.0566
V144	0.29505	0.39282	0.17196	0	0.14017
V145	0	0.07432	0.92568	0	0
V146	0	0.41952	0.06453	0.42612	0.08984
V147	0	0.22728	0.77272	0	0
V148	0	0.72769	0.22702	0	0.04529
V149	0	0.1329	0	0.8671	0
V150	0	0.30156	0.69844	0	0
V151	0.1672	0.3187	0.0333	0.28053	0.20026
V152	0	0.14192	0.13856	0.71952	0
V153	0	0.35389	0.59167	0	0.05444
V154	0	0.64363	0.15563	0.03969	0.16105
V155	0	0.15277	0.17737	0.66986	0
V156	0	0.27136	0.43357	0.14571	0.14936
V157	0	0.27976	0.17602	0.3963	0.14793
V158	0	0.30645	0.51973	0	0.17382
V159	0	0.34669	0.10062	0.52306	0.02964
V160	0.22663	0.41193	0.1609	0	0.20054
V161	0	0.39465	0	0.27721	0.32814
V162	0	0.0518	0.9482	0	0
V163	0	0.22452	0	0.62036	0.15512
V164	0.85686	0.10991	0.03323	0	0
V165	0.44685	0.31821	0.19369	0	0.04125
V166	0	0.17466	0.29773	0.52584	0.00177
V167	0	0.58814	0.16151	0.17347	0.07687
V168	0	0.0518	0.9482	0	0
V169	0	0.60096	0.34779	0	0.05124
V170	0	0.56438	0.18973	0.07034	0.17555
V171	0.0722	0.32476	0.50002	0	0.10302
V172	0	0.49156	0.08878	0.15886	0.26081
V173	0	0.36063	0.15724	0.3295	0.15263
V174	0	0.30484	0.42688	0.08793	0.18035
V175	0	0.35116	0.12683	0.35865	0.16336
V176	0.09671	0.30289	0.04904	0.41149	0.13986
V177	0	0.26101	0.7016	0	0.0374
V178	0.05768	0.28724	0.58942	0	0.06567
V179	0	0.25653	0	0.54412	0.19936
V180	0	0.25317	0.3191	0.26345	0.16428
V181	0	0.44519	0	0.37178	0.18302
V182	0.36596	0.39196	0.09426	0	0.14781
V183	0	0.75077	0.2342	0	0.01503
V184	0.05893	0.30235	0.41655	0.05398	0.16819
V185	0	0.54886	0.13048	0.18732	0.13333
V186	0	0.40505	0.04204	0.36791	0.18499
V187	0	0.62422	0.18173	0.14371	0.05034
V188	0.73533	0.15136	0.09231	0	0.021
V189	0.22894	0.42803	0.14723	0.02351	0.17229
V190	0.1761	0.34548	0.29601	0	0.1824
V191	0	0.43755	0.07904	0.3423	0.14111
V192	0.05324	0.45129	0.23147	0.05502	0.20898
V193	0	0.3287	0.61303	0	0.05827
V194	0	0.4279	0.07288	0.18887	0.31034
V195	0.43422	0.21682	0.34896	0	0
V196	0	0.21613	0	0.63236	0.15151
V197	0	0.73762	0.22642	0	0.03596
V198	0	0.4893	0.08916	0.19495	0.22659
V199	0.67001	0.05887	0.27112	0	0
V200	0.65172	0.18949	0.04568	0	0.11311
V201	0	0.17483	0.0153	0.80987	0
V202	0.85782	0.12246	0.01972	0	0
V203	0.33258	0.41419	0.11556	0	0.13767
V204	0.04271	0.49317	0	0.08118	0.38294
V205	0	0.33626	0.05045	0.36663	0.24666
V206	0	0.22282	0.03386	0.74331	0
V207	0	0.14929	0.00806	0.84265	0
V208	0	0.35756	0.61468	0	0.02776
V209	0	0.36551	0.01896	0.32144	0.29409
V210	0	0.05594	0.94406	0	0
V211	0	0.34603	0.18657	0.21511	0.25228
V212	0	0.66179	0.27009	0	0.06812
V213	0	0.2784	0	0.53632	0.18529
V214	0	0.44674	0.55326	0	0
V215	0	0.49817	0.21815	0.03805	0.24562
V216	0	0.27794	0.32701	0.22646	0.16859
V217	0	0.13598	0.02155	0.84247	0
V218	0	0.31417	0.37661	0.25724	0.05199
V219	0	0.38146	0.52398	0.01613	0.07842
V220	0.01177	0.69892	0.28111	0	0.0082
V221	0	0.27426	0.52591	0.06858	0.13125
V222	0	0.19762	0	0.67587	0.12652
V223	0.34531	0.19241	0.43563	0	0.02665
V224	0	0.55975	0.12735	0.19317	0.11973
V225	0.60311	0.18539	0.2115	0	0
V226	0.31973	0.51979	0.16048	0	0
V227	0	0.3589	0.09858	0.52572	0.0168
V228	0.4243	0.18104	0.38399	0	0.01068
V229	0.07553	0.46376	0.44356	0	0.01715
V230	0	0.18995	0	0.6853	0.12475
V231	0	0.56655	0.21543	0.15359	0.06442
V232	0.70092	0.06213	0.23696	0	0
V233	0	0.29307	0.08266	0.42549	0.19878
V234	0	0.37365	0.34284	0.27414	0.00937
V235	0.9022	0.09014	0.00767	0	0
V236	0	0.22296	0.71069	0.00113	0.06522
V237	0	0.29619	0.33288	0.26235	0.10858
V238	0	0.18286	0	0.73524	0.0819
V239	0	0.4805	0.13286	0.25981	0.12684
V240	0	0.7162	0.22	0	0.0638
V241	0	0.74849	0.23597	0	0.01554
V242	0	0.36048	0.40413	0.20332	0.03207
V243	0.28094	0.2289	0.4344	0	0.05575
V244	0	0.45153	0.28326	0.15393	0.11128
V245	0	0.72372	0.25366	0	0.02262
V246	0.45277	0.36411	0.12752	0	0.0556
V247	0.0101	0.25481	0.7351	0	0
V248	0	0.64206	0.14789	0.05415	0.1559
V249	0	0.4021	0.25639	0.07018	0.27133
V250	0	0.22628	0.6852	0.01067	0.07785
V251	0	0.28552	0.15691	0.45781	0.09975
V252	0	0.26167	0.59567	0.08857	0.05409
V253	0.10827	0.58202	0.27653	0	0.03318
V254	0.34366	0.45528	0.13316	0	0.0679
V255	0.72008	0.20186	0.03508	0	0.04299
V256	0	0.68422	0.17724	0.04359	0.09494
V257	0.25494	0.40174	0.2808	0	0.06253
V258	0	0.43695	0.1796	0.30593	0.07752
V259	0.38149	0.31319	0.30532	0	0
V260	0	0.41945	0.08417	0.16882	0.32755
V261	0	0.19355	0.54193	0.23368	0.03084
V262	0.81903	0.10002	0.08094	0	0
V263	0.68286	0.20132	0.07752	0	0.03829
V264	0	0.73063	0.23427	0	0.03511
V265	0.71213	0.14812	0.13975	0	0
V266	0	0.24265	0	0.5842	0.17315
V267	0	0.21599	0	0.65226	0.13175
V268	0	0.53696	0.30421	0.02424	0.13459
V269	0	0.39135	0.4821	0.06908	0.05748
V270	0	0.1549	0.05376	0.79134	0
V271	0.03525	0.70233	0.21431	0	0.04811
V272	0	0.71251	0.23863	0	0.04886
V273	0	0.34957	0.25038	0.20665	0.19341
V274	0	0.29831	0	0.52222	0.17947
V275	0	0.60023	0.33813	0.01468	0.04696
V276	0	0.1717	0.74692	0.07398	0.0074
V277	0.21544	0.11275	0.6718	0	0
V278	0	0.18138	0.3798	0.43154	0.00729
V279	0	0.22371	0.03992	0.72462	0.01175
V280	0	0.27535	0.0752	0.55505	0.0944
V281	0	0.28781	0.12416	0.58803	0
V282	0	0.7501	0.23425	0	0.01564
V283	0.07077	0.42018	0.09407	0.0506	0.36438
V284	0	0.29513	0.56716	0.02864	0.10908
V285	0.36241	0.48247	0.14591	0	0.00921
V286	0	0.12344	0.87656	0	0
V287	0	0.36511	0.23552	0.21227	0.1871
V288	0	0.25321	0.74679	0	0
V289	0	0.3702	0.12524	0.45052	0.05404
V290	0.27953	0.42835	0.29213	0	0
V291	0.15598	0.42274	0.09786	0.15125	0.17218
V292	0	0.30208	0.44105	0.06677	0.1901
V293	0	0.15736	0.84264	0	0
V294	0	0.19153	0	0.69046	0.11802
V295	0	0.17317	0.37996	0.44686	0
V296	0.76947	0.18546	0.04507	0	0
V297	0	0.1701	0.8299	0	0
V298	0	0.335	0.01692	0.47828	0.1698
V299	0	0.28461	0.05395	0.55976	0.10168
V300	0.9199	0.07957	0.00053	0	0
V301	0.88703	0.0943	0.01867	0	0
V302	0	0.17733	0	0.76646	0.05621
V303	0	0.36641	0.26976	0.2223	0.14154
V304	0.02739	0.1547	0.81791	0	0
V305	0	0.52028	0.18852	0.08988	0.20131
V306	0.15325	0.63189	0.19053	0	0.02432
V307	0	0.27934	0.3842	0.22453	0.11194
V308	0.05427	0.18226	0.76347	0	0
V309	0.46119	0.28894	0.09709	0	0.15279
V310	0	0.22033	0	0.65182	0.12785
V311	0	0.13104	0.05458	0.81438	0
V312	0	0.42058	0.30521	0.09427	0.17995
V313	0	0.41061	0.06118	0.41875	0.10946
V314	0	0.23568	0	0.65433	0.10999
V315	0.88726	0.09286	0.01988	0	0
V316	0	0.5397	0.41421	0	0.0461
V317	0.22441	0.16949	0.6061	0	0
V318	0.8372	0.13245	0.01342	0	0.01694
V319	0	0.13135	0.86865	0	0
V320	0	0.1679	0.02155	0.81055	0
V321	0	0.42893	0.44451	0.03468	0.09188
V322	0	0.31825	0.65634	0	0.02541
V323	0.05165	0.35642	0.59038	0	0.00155
V324	0	0.17918	0.07327	0.74755	0
V325	0.44529	0.29114	0.1613	0	0.10228
V326	0	0.25833	0	0.56969	0.17198
V327	0.13148	0.53685	0.28362	0	0.04805
V328	0	0.33889	0.2824	0.37521	0.0035
V329	0	0.17457	0.44638	0.37905	0
V330	0	0.12806	0.87194	0	0
V331	0	0.34517	0.01287	0.38255	0.2594
V332	0.31317	0.14259	0.54425	0	0
V333	0.16972	0.28476	0.41254	0	0.13299
V334	0	0.33331	0.66422	0	0.00246
V335	0.5699	0.21885	0.14075	0	0.0705
V336	0	0.54693	0.45307	0	0
V337	0	0.19264	0	0.70048	0.10688
V338	0.57285	0.17612	0.22664	0	0.02438
V339	0.01314	0.57843	0.36466	0	0.04377
V340	0	0.36734	0.07757	0.38102	0.17407
V341	0	0.41883	0.58117	0	0
V342	0.09542	0.3011	0.60348	0	0
V343	0.57844	0.06976	0.3518	0	0
V344	0	0.69108	0.22799	0	0.08093
V345	0	0.3571	0	0.41214	0.23076
V346	0	0.34734	0.42723	0.20023	0.0252
V347	0	0.50712	0.17459	0.26871	0.04959
V348	0	0.26302	0.49407	0.20086	0.04204
V349	0	0.35662	0.64328	0	1e-04
V350	0	0.48643	0.20537	0.20692	0.10128
V351	0	0.27345	0.53441	0.09443	0.09771
V352	0	0.46774	0.53226	0	0
V353	0	0.58417	0.10966	0.05482	0.25134
V354	0.44501	0.06552	0.48947	0	0
V355	0	0.2019	0.41816	0.36692	0.01302
V356	0	0.13481	0.86519	0	0
V357	0	0.26001	0.53313	0.08247	0.12439
V358	0	0.16407	0.05852	0.77741	0
V359	0	0.2295	0.0515	0.719	0
V360	0.55717	0.20298	0.17286	0	0.067
V361	0.13946	0.54158	0.25597	0	0.06299
V362	0.70762	0.13667	0.1519	0	0.00381
V363	0	0.22769	0	0.6477	0.12462
V364	0	0.36727	0.09434	0.48647	0.05192
V365	0	0.13151	0.00891	0.85958	0
V366	0	0.27206	0.7173	0	0.01065
V367	0	0.44963	0.32158	0.05539	0.1734
V368	0.62332	0.16992	0.20676	0	0
V369	0	0.5578	0.42071	0	0.02149
V370	0	0.29139	0.1592	0.47242	0.07699
V371	0	0.72108	0.27547	0	0.00345
V372	0.48548	0.22332	0.23947	0	0.05173
V373	0	0.61712	0.32148	0	0.0614
V374	0	0.22855	0.46506	0.27948	0.0269
V375	0.12587	0.1671	0.70703	0	0
V376	0	0.22689	0.38886	0.23644	0.14781
V377	0	0.49801	0.37473	0.06481	0.06246
V378	0	0.57662	0.33139	0	0.092
V379	0	0.27597	0	0.53111	0.19292
V380	0	0.20564	0.20617	0.55564	0.03255
V381	0	0.33078	0	0.42172	0.2475
V382	0.139	0.34375	0	0.25952	0.25773
V383	0	0.15813	0.33529	0.50658	0
V384	0.01138	0.3432	0.26271	0.22727	0.15545
V385	0	0.32732	0	0.47586	0.19682
V386	0.49666	0.23952	0.04584	0.03984	0.17815
V387	0	0.31254	0.0465	0.52901	0.11195
V388	0	0.69395	0.24928	0.001	0.05577
V389	0	0.70684	0.21657	0	0.07659
V390	0	0.25179	0.02145	0.66388	0.06287
V391	0.58244	0.27853	0.05967	0	0.07936
V392	0.8825	0.09704	0.02046	0	0
V393	0	0.23043	0.19702	0.50648	0.06608
V394	0.55649	0.23225	0.05781	0	0.15345
V395	0	0.14611	0.42351	0.43038	0
V396	0.42116	0.08092	0.49792	0	0
V397	0.51524	0.28296	0.11569	0	0.08611
V398	0	0.17778	0.21988	0.59085	0.01149
V399	0	0.2255	0	0.6734	0.1011
V400	0	0.57214	0.34049	0	0.08738
V401	0.16343	0.11888	0.71769	0	0
V402	0.17173	0.23772	0.57424	0	0.01632
V403	0	0.34295	0	0.44459	0.21246
V404	0	0.18323	0.53293	0.28384	0
V405	0.08318	0.48337	0.18591	0.05241	0.19512
V406	0	0.07696	0.92304	0	0
V407	0.79171	0.12554	0.08274	0	0
V408	0	0.44719	0.06492	0.38547	0.10241
V409	0	0.21043	0.10049	0.66658	0.0225
V410	0	0.36469	0.37713	0.07202	0.18616
V411	0	0.18579	0	0.69783	0.11638
V412	0	0.35169	0.08519	0.38842	0.17469
V413	0	0.33199	0.2371	0.38181	0.04911
V414	0	0.25974	0	0.67097	0.06929
V415	0	0.29342	0	0.45312	0.25346
V416	0	0.34001	0	0.46829	0.1917
V417	0	0.1753	0.8122	0	0.0125
V418	0.39758	0.43491	0.15832	0	0.00918
V419	0	0.38081	0	0.32011	0.29908
V420	0	0.38798	0.04184	0.23339	0.33679
V421	0	0.26665	0.01109	0.53908	0.18317
V422	0	0.17025	0.05703	0.77272	0
V423	0.04786	0.39387	0.43662	0	0.12164
V424	0	0.22701	0.48478	0.1644	0.12381
V425	0.09696	0.59992	0.07067	0	0.23245
V426	0	0.41564	0.10127	0.34991	0.13318
V427	0.03312	0.60001	0.36687	0	0
V428	0	0.62115	0.24822	0.03259	0.09805
V429	0	0.71588	0.21113	0	0.07299
V430	0	0.22742	0.41954	0.25362	0.09942
V431	0	0.44203	0.34077	0.13377	0.08343
V432	0.01539	0.38069	0.20353	0.214	0.18639
V433	0	0.26981	0.64531	0	0.08488
V434	0.04541	0.39788	0.54881	0	0.00789
V435	0.40357	0.13366	0.46278	0	0
V436	0	0.57615	0.24903	0.06843	0.10638
V437	0	0.34583	0	0.40195	0.25222
V438	0	0.41865	0.33086	0.15479	0.0957
V439	0.42319	0.24521	0.10298	0.04527	0.18335
V440	0	0.3365	0.6635	0	0
V441	0	0.44302	0.55698	0	0
V442	0	0.74643	0.24351	0	0.01006
V443	0.87676	0.09908	0.02416	0	0
V444	0	0.51018	0.17862	0.2203	0.0909
V445	0	0.42941	0.18051	0.3718	0.01828
V446	0	0.24153	0.14939	0.54387	0.06521
V447	0	0.22124	0	0.69191	0.08685
V448	0	0.31417	0	0.42126	0.26457
V449	0	0.0518	0.9482	0	0
V450	0	0.37698	0.31959	0.09891	0.20451
V451	0	0.46056	0.15979	0.20147	0.17819
V452	0	0.14748	0.19991	0.65261	0
V453	0	0.18578	0	0.76877	0.04545
V454	0	0.20832	0.71455	0.00214	0.07499
V455	0	0.38539	0.33908	0.12688	0.14865
V456	0.87028	0.11579	0.01393	0	0
V457	0.52191	0.30201	0.1332	0	0.04289
V458	0	0.36452	0.63548	0	0
V459	0	0.29017	0.08277	0.51167	0.11539
V460	0.5287	0.17352	0.29778	0	0
V461	0	0.4757	0.36525	0	0.15905
V462	0	0.26283	0.00492	0.66502	0.06724
V463	0	0.3034	0.07057	0.56246	0.06357
V464	0	0.25477	0.74523	0	0
V465	0	0.30474	0	0.53015	0.16511
V466	0	0.19161	0	0.69028	0.1181
V467	0	0.3412	0.10596	0.53231	0.02053
V468	0.41742	0.33928	0.2433	0	0
V469	0	0.40018	0.12381	0.3825	0.09352
V470	0.72693	0.16591	0.08843	0	0.01873
V471	0.14463	0.51274	0.12237	0	0.22026
V472	0	0.24095	0	0.61134	0.14771
V473	0	0.31781	0.32126	0.31174	0.04919
V474	0.013	0.4051	0.15868	0.27243	0.15079
V475	0	0.26521	0.6847	0	0.05009
V476	0	0.25888	0.16619	0.50968	0.06524
V477	0	0.74568	0.24397	0	0.01035
V478	0	0.30901	0	0.42612	0.26487
V479	0.72668	0.16217	0.09957	0	0.01158
V480	0	0.65134	0.24455	0	0.10411
V481	0	0.55468	0.19178	0.07345	0.18009
V482	0	0.60173	0.39827	0	0
V483	0.10419	0.61949	0.15099	0	0.12534
V484	0	0.59647	0.30683	0	0.0967
V485	0.49547	0.23533	0.21019	0	0.05901
V486	0	0.31753	0.29509	0.19879	0.18858
V487	0	0.30853	0.51956	0.09406	0.07785
V488	0.14692	0.37544	0.01559	0.24027	0.22178
V489	0	0.25636	0.74364	0	0
V490	0	0.17194	0.80053	0.01983	0.0077
V491	0	0.50853	0.13035	0.23243	0.12869
V492	0	0.24164	0.08813	0.67023	0
V493	0	0.12894	0.00913	0.86194	0
V494	0.03573	0.32026	0.04775	0.4222	0.17405
V495	0.08072	0.41733	0.36305	0	0.1389
V496	0	0.34204	0	0.38846	0.2695
V497	0	0.31474	0.10596	0.3558	0.22349
V498	0	0.72439	0.24552	0	0.03008
V499	0	0.37625	0.30462	0.17855	0.14058
V500	0	0.51088	0.26847	0.13471	0.08594
V501	0	0.49912	0.00407	0.29203	0.20478
V502	0	0.70964	0.26639	0	0.02396
V503	0.19844	0.30835	0.29248	0	0.20073
V504	0.25226	0.46713	0.03638	0	0.24423
V505	0.43202	0.3013	0.02194	0	0.24474
V506	0	0.54641	0.15718	0.15976	0.13666
V507	0.73466	0.14416	0.07875	0	0.04243
V508	0	0.56641	0.38198	0	0.05161
V509	0	0.47121	0.27001	0.18958	0.0692
V510	0.23927	0.51188	0.22578	0	0.02308
V511	0	0.35983	0.64011	0	7e-05
V512	0	0.54103	0.32329	0	0.13569
V513	0	0.66322	0.27618	0	0.0606
V514	0	0.25123	0.15577	0.42264	0.17035
V515	0	0.2574	0.05145	0.69115	0
V516	0	0.46305	0.25813	0.18638	0.09245
V517	0	0.15837	0.07745	0.76418	0
V518	0.19434	0.25534	0.45299	0	0.09733
V519	0.67136	0.20262	0.05762	0	0.0684
V520	0	0.71381	0.24055	0	0.04564
V521	0	0.25428	0.21732	0.44808	0.08032
V522	0	0.30276	0.66215	0	0.03509
V523	0	0.17934	0.82066	0	0
V524	0.16727	0.17232	0.66041	0	0
V525	0	0.37458	0	0.45954	0.16588
V526	0	0.1214	0.8786	0	0
V527	0	0.42819	0.57181	0	0
V528	0	0.2132	0.05987	0.72692	0
V529	0.05536	0.14283	0.80181	0	0
V530	0	0.11472	0.88528	0	0
V531	0	0.61372	0.23731	0	0.14897
V532	0	0.40504	0.3649	0.07985	0.15021
V533	0	0.37453	0	0.29066	0.33481
V534	0	0.25297	0.04043	0.70365	0.00295
V535	0.73558	0.15512	0.1093	0	0
V536	0	0.3806	0.46516	0	0.15424
V537	0	0.22003	0	0.64297	0.13699
V538	0.44531	0.34281	0.02351	0	0.18837
V539	0	0.26114	0.71634	0	0.02252
V540	0	0.58316	0.22244	0.02057	0.17383
V541	0	0.50641	0.05016	0.27521	0.16822
V542	0	0.37173	0.23462	0.37519	0.01846
V543	0	0.24983	0.74734	0	0.00284
V544	0.08522	0.43776	0.28987	0	0.18715
V545	0.52042	0.35624	0.12334	0	0
V546	0	0.66502	0.2871	0	0.04787
V547	0	0.69716	0.19989	0.02772	0.07522
V548	0	0.17103	0.02859	0.80039	0
V549	0	0.19768	0	0.69069	0.11163
V550	0	0.67331	0.31823	0	0.00845
V551	0	0.12672	0	0.87328	0
V552	0	0.36118	0	0.33571	0.30311
V553	0.64581	0.19142	0.05713	0	0.10564
V554	0	0.24478	0.57419	0.1295	0.05153
V555	0	0.73837	0.23569	0	0.02594
V556	0	0.2188	0.10471	0.67649	0
V557	0.04392	0.46808	0.14801	0.1722	0.1678
V558	0	0.17003	0.82997	0	0
V559	0	0.39937	0.60063	0	0
V560	0.51132	0.2428	0.24588	0	0
V561	0.56891	0.17511	0.20117	0	0.05481
V562	0	0.3386	0.13648	0.29735	0.22757
V563	0	0.47144	0.32739	0.01811	0.18305
V564	0.05748	0.36614	0.08951	0.25859	0.22828
V565	0	0.19655	0	0.68452	0.11892
V566	0.004	0.4545	0.08092	0.24593	0.21465
V567	0	0.05906	0.94094	0	0
V568	0	0.29557	0.53017	0.173	0.00126
V569	0.44797	0.26993	0.20061	0	0.08149
V570	0	0.24511	0.3665	0.31903	0.06936
V571	0	0.32139	0.32677	0.18165	0.17019
V572	0.76087	0.1697	0	0	0.06943
V573	0	0.25121	0.40312	0.29992	0.04575
V574	0.33379	0.39147	0.21358	0	0.06116
V575	0.07924	0.41436	0.12779	0.04389	0.33472
V576	0	0.71934	0.22212	0	0.05854
V577	0.23729	0.5178	0.21419	0	0.03072
V578	0	0.26953	0.58576	0.12207	0.02265
V579	0	0.47676	0.47662	0	0.04662
V580	0	0.62935	0.1858	0.05083	0.13402
V581	0	0.4475	0.5525	0	0
V582	0	0.07907	0.92093	0	0
V583	0.48156	0.08703	0.4314	0	0
V584	0.00067	0.60224	0.27482	0	0.12226
V585	0	0.65843	0.25768	0.0156	0.06829
V586	0	0.62401	0.37599	0	0
V587	0	0.65057	0.14599	0.0835	0.11994
V588	0.06473	0.39175	0.54352	0	0
V589	0	0.44914	0.18878	0.3132	0.04888
V590	0	0.69754	0.16808	0.03411	0.10028
V591	0.30886	0.48924	0.2019	0	0
V592	0	0.17893	0.80012	0	0.02094
V593	0.15105	0.29984	0.0321	0.35031	0.1667
V594	0	0.24321	0.71779	0.02097	0.01803
V595	0.28586	0.2958	0.14464	0.09057	0.18313
V596	0.25774	0.33518	0.34675	0	0.06033
V597	0	0.3506	0	0.50508	0.14431
V598	0.383	0.31729	0	0	0.29971
V599	0	0.42897	0.23233	0.29652	0.04218
V600	0	0.33415	0.26677	0.22784	0.17123
V601	0	0.3244	0.01498	0.53806	0.12256
V602	0.75465	0.19115	0.0542	0	0
V603	0	0.40131	0	0.37529	0.2234
V604	0	0.20299	0.74691	0.00078	0.04933
V605	0	0.30504	0.05892	0.45901	0.17703
V606	0.76141	0.1637	0	0	0.07489
V607	0	0.40094	0	0.32624	0.27282
V608	0.61239	0.20898	0.06374	0	0.11489
V609	0	0.46236	0.11968	0.30744	0.11052
V610	0	0.60731	0.18567	0.15469	0.05234
V611	0.09255	0.19619	0.71126	0	0
V612	0.14783	0.30941	0.41745	0	0.1253
V613	0.24518	0.52903	0.22094	0	0.00485
V614	0.29486	0.36685	0.00598	0.02787	0.30444
V615	0	0.21654	0.17888	0.59874	0.00584
V616	0.49005	0.19358	0.23603	0	0.08035
V617	0	0.32415	0.58651	0	0.08934
V618	0.58673	0.22922	0.1312	0	0.05285
V619	0.34068	0.29894	0.20687	0	0.15351
V620	0	0.18481	0.42576	0.38942	0
V621	0	0.42472	0.37878	0.01182	0.18468
V622	0	0.34816	0.38833	0.13041	0.1331
V623	0	0.19873	0.00055	0.79956	0.00116
V624	0.82748	0.13322	0.01669	0	0.02261
V625	0	0.17487	0.1396	0.68553	0
V626	0	0.21489	0.62679	0.12502	0.0333
V627	0	0.40157	0.10967	0.25876	0.23
V628	0.87644	0.10166	0.02189	0	0
V629	0	0.27793	0.72207	0	0
V630	0	0.35176	0	0.48611	0.16213
V631	0	0.2502	0.21504	0.37195	0.16281
V632	0	0.68361	0.17581	0.0482	0.09238
V633	0	0.20862	0.09354	0.63213	0.06571
V634	0.25044	0.42846	0.32109	0	0
V635	0	0.33226	0.15386	0.32874	0.18514
V636	0	0.38899	0.4261	0.03397	0.15094
V637	0	0.3048	0.50797	0.03533	0.1519
V638	0	0.54234	0.09929	0.19734	0.16103
V639	0.38425	0.39576	0.22	0	0
V640	0	0.38582	0.11605	0.33611	0.16202
V641	0	0.66146	0.21242	0.04717	0.07895
V642	0.59279	0.22347	0.05776	0	0.12597
V643	0	0.68981	0.29392	0	0.01627
V644	0	0.42945	0.1596	0.40153	0.00942
V645	0	0.70425	0.23043	0	0.06532
V646	0	0.56297	0.1864	0.15263	0.09801
V647	0.85982	0.1102	0.02999	0	0
V648	0.17507	0.39536	0.04313	0.15985	0.22659
V649	0	0.45497	0.08203	0.16012	0.30288
V650	0	0.13668	0.07933	0.78399	0
V651	0	0.35222	0.08591	0.53009	0.03178
V652	0.08893	0.29978	0.09003	0.37257	0.14868
V653	0.06526	0.31653	0.11029	0.35298	0.15494
V654	0	0.2671	0	0.59364	0.13927
V655	0	0.2711	0.40425	0.25335	0.0713
V656	0	0.26391	0	0.5468	0.18929
V657	0	0.4728	0.16166	0.32131	0.04422
V658	0	0.20753	0.02392	0.74536	0.02319
V659	0	0.1615	0.10282	0.73568	0
V660	0	0.4892	0.02748	0.29205	0.19127
V661	0	0.58431	0.17213	0.1874	0.05616
V662	0	0.523	0.05698	0.24686	0.17317
V663	0.92876	0.06801	0.00322	0	0
V664	0	0.20755	0.09124	0.60777	0.09344
V665	0	0.55555	0.38212	0.02113	0.04121
V666	0	0.72041	0.27185	0	0.00773
V667	0	0.49279	0.42808	0.03312	0.04602
V668	0.48735	0.31882	0.16495	0	0.02887
V669	0.25081	0.46317	0.14002	0	0.146
V670	0	0.63551	0.19368	0.03836	0.13245
V671	0.64264	0.0917	0.26566	0	0
V672	0	0.30212	0.08688	0.45521	0.15579
V673	0	0.20135	0	0.69023	0.10841
V674	0.19885	0.19483	0.60632	0	0
V675	0.51314	0.24436	0.07097	0	0.17152
V676	0.05241	0.30586	0.6318	0	0.00992
V677	0	0.33701	0.32977	0.30517	0.02805
V678	0	0.47523	0	0.33884	0.18593
V679	0	0.16348	0.5146	0.32192	0
V680	0	0.29279	0	0.51382	0.19338
V681	0.28003	0.3059	0.10018	0.11497	0.19892
V682	0	0.0518	0.9482	0	0
V683	0	0.28418	0.71582	0	0
V684	0	0.16013	0.02179	0.81809	0
V685	0	0.13066	0.86934	0	0
V686	0.10333	0.60046	0.27477	0	0.02144
V687	0	0.15523	0.63093	0.21384	0
V688	0	0.06938	0.93062	0	0
V689	0.26523	0.29844	0.28263	0	0.15371
V690	0	0.72931	0.24071	0	0.02998
V691	0	0.30548	0.12669	0.52609	0.04174
V692	0	0.19932	0.02904	0.77164	0
V693	0	0.41014	0.58986	0	0
V694	0	0.31905	0.11885	0.53352	0.02858
V695	0	0.38939	0.13424	0.23585	0.24052
V696	0	0.18707	0.81293	0	0
V697	0	0.29013	0.39378	0.24743	0.06867
V698	0	0.27625	0.08512	0.44454	0.19409
V699	0	0.18974	0.05177	0.75453	0.00397
V700	0	0.67429	0.28222	0	0.04349
V701	0	0.34634	0	0.49679	0.15688
V702	0	0.24193	0.03325	0.72482	0
V703	0	0.1438	0.03899	0.81721	0
V704	0	0.28168	0.4029	0.16409	0.15133
V705	0.86989	0.11716	0.01295	0	0
V706	0	0.33628	0.25678	0.31651	0.09042
V707	0	0.36377	0.09275	0.36275	0.18073
V708	0	0.44718	0.55282	0	0
V709	0	0.21575	0	0.64801	0.13624
V710	0	0.30193	0.52865	0	0.16942
V711	0	0.22966	0	0.60097	0.16937
V712	0	0.2024	0.77055	0	0.02706
V713	0.08234	0.41399	0.50367	0	0
V714	0	0.21593	0	0.63315	0.15092
V715	0	0.30488	0.69512	0	0
V716	0.6234	0.26072	0.10034	0	0.01554
V717	0.14378	0.43579	0.19933	0	0.2211
V718	0.54307	0.11193	0.345	0	0
V719	0.16335	0.44938	0.21762	0	0.16965
V720	0	0.35856	0.00713	0.36642	0.26789
V721	0	0.23556	0	0.59998	0.16447
V722	0	0.31991	0.12881	0.52123	0.03004
V723	0	0.34102	0.22503	0.39591	0.03803
V724	0	0.63303	0.23134	0.05007	0.08556
V725	0	0.20537	0	0.65796	0.13666
V726	0	0.62959	0.19996	0	0.17045
V727	0	0.07179	0.92821	0	0
V728	0.65217	0.14091	0.20692	0	0
V729	0.41647	0.32076	0.10132	0	0.16145
V730	0	0.24432	0.4517	0.23967	0.06431
V731	0	0.13799	0.08049	0.78152	0
V732	0	0.12707	0.0105	0.86243	0
V733	0	0.09028	0.90972	0	0
V734	0.33621	0.19063	0.47316	0	0
V735	0	0.37002	0.2308	0.21508	0.18411
V736	0	0.22412	0	0.64998	0.1259
V737	0.91935	0.07249	0.00817	0	0
V738	0	0.5279	0.05285	0.26125	0.158
V739	0	0.14022	0.00621	0.85357	0
V740	0	0.43216	0.08371	0.17332	0.31081
V741	0.25627	0.31806	0.01998	0.19422	0.21146
V742	0	0.24649	0.57644	0.08672	0.09035
V743	0	0.28936	0	0.54178	0.16886
V744	0	0.29931	0.26351	0.34073	0.09646
V745	0	0.24423	0.10256	0.62303	0.03018
V746	0.19105	0.56141	0.22137	0	0.02618
V747	0	0.10074	0.89926	0	0
V748	0	0.42453	0.36357	0.02945	0.18245
V749	0	0.34027	0.19597	0.33919	0.12457
V750	0.6577	0.24752	0.09478	0	0
V751	0	0.32869	0.67131	0	0
V752	0	0.32015	0	0.5147	0.16515
V753	0.3554	0.24282	0.34881	0	0.05297
V754	0	0.41047	0.12635	0.42628	0.03691
V755	0.06969	0.67316	0.25403	0	0.00312
V756	0	0.3011	0	0.54455	0.15435
V757	0	0.23228	0.16838	0.55125	0.04809
V758	0	0.44668	0.13626	0.40308	0.01398
V759	0	0.34084	0	0.40649	0.25267
V760	0	0.26741	0.21921	0.37613	0.13725
V761	0	0.2527	0.7473	0	0
V762	0	0.21903	0.18204	0.5266	0.07234
V763	0	0.42309	0	0.40996	0.16696
V764	0	0.24109	0.15426	0.59559	0.00906
V765	0	0.24745	0.75093	0	0.00162
V766	0	0.50279	0.39155	0.0075	0.09817
V767	0.04967	0.59674	0.2131	0	0.14049
V768	0	0.68979	0.26727	0	0.04293
V769	0.63468	0.10756	0.25776	0	0
V770	0.10338	0.2333	0.63994	0	0.02338
V771	0	0.66059	0.17771	0.07755	0.08415
V772	0	0.08466	0.91534	0	0
V773	0	0.19613	0	0.6921	0.11176
V774	0	0.27909	0.61366	0	0.10725
V775	0.82379	0.12427	0.04954	0	0.0024
V776	0.17785	0.46242	0.34063	0	0.01909
V777	0	0.48837	0.41726	0	0.09437
V778	0.29285	0.34003	0.04277	0.09623	0.22812
V779	0	0.37157	0.62843	0	0
V780	0	0.0582	0.9418	0	0
V781	0	0.50989	0.27321	0.00584	0.21106
V782	0	0.55202	0.02148	0.12687	0.29963
V783	0	0.20844	0.65388	0.05527	0.0824
V784	0	0.54912	0.15003	0.26592	0.03493
V785	0.57833	0.27418	0.05476	0	0.09273
V786	0	0.36722	0.10605	0.4616	0.06512
V787	0	0.62438	0.15776	0.11127	0.10659
V788	0.1819	0.51168	0.21217	0	0.09425
V789	0	0.30504	0	0.6135	0.08146
V790	0.00291	0.53208	0.12823	0.07549	0.26129
V791	0	0.45215	0.13104	0.21948	0.19732
V792	0.87535	0.09252	0.03213	0	0
V793	0.06605	0.52696	0.1375	0.02012	0.24936
V794	0	0.26242	0.02043	0.56023	0.15692
V795	0	0.7322	0.242	0	0.0258
V796	0.06732	0.53194	0.27469	0	0.12606
V797	0	0.27071	0	0.50362	0.22567
V798	0	0.59984	0.11087	0.12161	0.16769
V799	0	0.26136	0.11454	0.6241	0
V800	0	0.21547	0	0.65266	0.13187
V801	0.10996	0.30055	0.205	0.22172	0.16276
V802	0	0.37685	0	0.45569	0.16745
V803	0.01799	0.33129	0.04944	0.46432	0.13697
V804	0	0.37332	0.31676	0.1906	0.11932
V805	0	0.33924	0.53414	0.00673	0.1199
V806	0.23864	0.30633	0.26397	0	0.19106
V807	0.57408	0.20964	0.09689	0	0.11939
V808	0.74123	0.14432	0.08287	0	0.03158
V809	0	0.67805	0.18392	0	0.13803
V810	0	0.24669	0.02038	0.65683	0.0761
V811	0	0.31067	0	0.53071	0.15862
V812	0	0.56734	0.3725	0.02286	0.03729
V813	0	0.38328	0.23481	0.21519	0.16671
V814	0	0.62426	0.24776	0	0.12798
V815	0.03932	0.67233	0.24074	0	0.04762
V816	0	0.47084	0.15161	0.37157	0.00599
V817	0.68336	0.10215	0.21449	0	0
V818	0	0.35522	0.40227	0.11106	0.13144
V819	0.86643	0.10132	0.03225	0	0
V820	0	0.40408	0.25152	0.30496	0.03944
V821	0	0.18556	0	0.69791	0.11653
V822	0	0.24768	0.05516	0.66558	0.03158
V823	0	0.32612	0.19441	0.28459	0.19489
V824	0	0.27297	0	0.53328	0.19376
V825	0	0.22415	0.75727	0	0.01859
V826	0	0.08439	0.91561	0	0
V827	0.07805	0.42423	0.05152	0.25805	0.18815
V828	0	0.46871	0.13846	0.11412	0.27871
V829	0	0.30374	0.34779	0.21253	0.13594
V830	0	0.22521	0.77479	0	0
V831	0	0.61479	0.24055	0.10615	0.03851
V832	0	0.33855	0.03751	0.37386	0.25009
V833	0.0091	0.72822	0.22319	0	0.03949
V834	0.62113	0.24116	0.10852	0	0.02919
V835	0	0.49593	0.21836	0.11873	0.16698
V836	0.17857	0.23649	0.58495	0	0
V837	0	0.69265	0.21199	0.02512	0.07024
V838	0	0.12738	0.09631	0.77631	0
V839	0	0.28714	0	0.51438	0.19848
V840	0.84861	0.10227	0.04912	0	0
V841	0.06779	0.12765	0.80456	0	0
V842	0.31608	0.26059	0.31249	0	0.11084
V843	0.20797	0.34047	0.19158	0	0.25998
V844	0	0.19665	0.80335	0	0
V845	0	0.17537	0	0.82222	0.00241
V846	0	0.34534	0.02862	0.37945	0.24659
V847	0	0.36321	0	0.34345	0.29334
V848	0.59379	0.24079	0.02453	0	0.14089
V849	0	0.2178	0.7822	0	0
V850	0	0.34234	0.35751	0.09235	0.20781
V851	0.92087	0.0791	3e-05	0	0
V852	0	0.40463	0.07783	0.24704	0.27051
V853	0	0.27001	0.6733	0.01131	0.04538
V854	0	0.42496	0.34051	0.1225	0.11203
V855	0	0.45342	0.22322	0.24332	0.08005
V856	0	0.57081	0.12841	0.07485	0.22593
V857	0	0.24757	0.20487	0.45145	0.09611
V858	0	0.39673	0.28304	0.24863	0.0716
V859	0	0.22056	0.05695	0.71894	0.00355
V860	0	0.25627	0.13323	0.6105	0
V861	0	0.23385	0.20771	0.52665	0.03178
V862	0	0.24517	0	0.58597	0.16885
V863	0	0.72784	0.24085	0	0.03131
V864	0	0.10085	0.89915	0	0
V865	0	0.20923	0.72302	0.02532	0.04242
V866	0	0.21275	0.69895	0.06812	0.02018
V867	0.3746	0.33584	0	0	0.28956
V868	0.01921	0.37495	0.57633	0	0.02951
V869	0	0.20023	0	0.6643	0.13547
V870	0	0.46055	0.15378	0.17433	0.21134
V871	0	0.30462	0.02364	0.49059	0.18115
V872	0.11653	0.32924	0.05834	0.32809	0.16781
V873	0	0.37566	0.27061	0.32059	0.03314
V874	0	0.29093	0	0.50513	0.20394
V875	0	0.29514	0.05051	0.61667	0.03768
V876	0.22877	0.39944	0.06428	0	0.3075
V877	0.02584	0.65728	0.23816	0	0.07873
V878	0	0.58656	0.21681	0.17213	0.0245
V879	0.83242	0.12476	0.04282	0	0
V880	0	0.28931	0.02144	0.56978	0.11947
V881	0	0.22796	0.53817	0.11353	0.12034
V882	0	0.45116	0.1636	0.38524	0
V883	0.27954	0.41965	0.07934	0.00674	0.21473
V884	0	0.17783	0	0.7071	0.11507
V885	0	0.33526	0.45819	0.02626	0.18028
V886	0	0.19494	0	0.69949	0.10557
V887	0	0.73836	0.22923	0	0.0324
V888	0	0.24049	0.11382	0.64569	0
V889	0	0.70355	0.26152	0	0.03493
V890	0	0.17661	0.18126	0.64213	0
V891	0	0.08542	0.91458	0	0
V892	0.43042	0.37691	0.09866	0	0.09401
V893	0	0.33269	0.64102	0	0.02629
V894	0	0.52727	0.20625	0.19447	0.07201
V895	0.55644	0.09008	0.35348	0	0
V896	0	0.4077	0.38394	0.08619	0.12217
V897	0	0.14458	0.0406	0.81481	0
V898	0.1082	0.39147	0	0.1279	0.37244
V899	0.42816	0.35725	0.21459	0	0
V900	0.00911	0.431	0.43299	0	0.1269
V901	0.49786	0.28555	0.03851	0	0.17809
V902	0.74737	0.16451	0.06734	0	0.02078
V903	0	0.36598	0.15377	0.33331	0.14694
V904	0.61382	0.1466	0.23959	0	0
V905	0	0.38367	0.14241	0.39921	0.07472
V906	0	0.3131	0.53228	0	0.15461
V907	0.57399	0.23362	0.1501	0	0.04229
V908	0	0.3644	0.15782	0.47572	0.00206
V909	0	0.2243	0.04917	0.72653	0
V910	0.52889	0.2986	0.08036	0	0.09215
V911	0	0.34071	0.61986	0	0.03943
V912	0	0.28465	0.08579	0.44958	0.17999
V913	0	0.2411	0.12607	0.58691	0.04592
V914	0.63447	0.20996	0.05282	0	0.10275
V915	0	0.4907	0.03808	0.17453	0.29669
V916	0.66687	0.14675	0.18638	0	0
V917	0.18354	0.39882	0	0.07767	0.33997
V918	0.43228	0.23148	0.33624	0	0
V919	0.17178	0.41497	0.07845	0.12913	0.20566
V920	0	0.24877	0.19256	0.49847	0.06021
V921	0	0.47535	0.14459	0.11208	0.26798
V922	0	0.2065	0.74327	0	0.05022
V923	0	0.59569	0.12087	0.08952	0.19392
V924	0.28203	0.35601	0.04612	0.11992	0.19592
V925	0	0.32107	0.59088	0	0.08805
V926	0	0.21477	0	0.6561	0.12914
V927	0.34838	0.35445	0.24842	0	0.04875
V928	0	0.41194	0.31977	0.14987	0.11842
V929	0	0.44465	0	0.36637	0.18898
V930	0	0.28412	0	0.49392	0.22197
V931	0.2465	0.43441	0.03517	0	0.28391
V932	0	0.30703	0.03401	0.53522	0.12374
V933	0.00396	0.38641	0.04088	0.27685	0.2919
V934	0.54956	0.11086	0.33959	0	0
V935	0.39018	0.30061	0.21173	0	0.09747
V936	0.03743	0.35246	0.20838	0.2447	0.15704
V937	0	0.64696	0.30342	0	0.04962
V938	0	0.73208	0.25698	0	0.01094
V939	0	0.17981	0	0.74543	0.07477
V940	0.35966	0.33197	0.13115	0	0.17723
V941	0	0.2552	0.16764	0.53204	0.04512
V942	0.65775	0.2498	0.09245	0	0
V943	0	0.34192	0	0.45349	0.20459
V944	0.07098	0.31531	0.20884	0.26308	0.14179
V945	0	0.31164	0.68836	0	0
V946	0	0.38539	0.61461	0	0
V947	0.11112	0.40941	0	0.15224	0.32723
V948	0	0.63382	0.21572	0.07295	0.07752
V949	0.79091	0.1371	0.072	0	0
V950	0	0.17474	0.05025	0.77501	0
V951	0.02506	0.34841	0.01103	0.43603	0.17947
V952	0	0.24878	0.08287	0.61336	0.05499
V953	0.23987	0.33666	0.06281	0.19085	0.1698
V954	0.01765	0.62515	0.2299	0	0.1273
V955	0	0.19707	0.62678	0.1527	0.02345
V956	0	0.44186	0.23986	0.30245	0.01582
V957	0	0.66971	0.26815	0	0.06213
V958	0	0.70547	0.21783	0.00987	0.06682
V959	0	0.14567	0.85433	0	0
V960	0.30033	0.30192	0.22643	0	0.17132
V961	0	0.71988	0.22167	0	0.05845
V962	0	0.40099	0	0.33065	0.26837
V963	0	0.16388	0.48494	0.35118	0
V964	0	0.07179	0.92821	0	0
V965	0	0.14965	0.49424	0.35611	0
V966	0	0.22255	0.51098	0.14308	0.12339
V967	0.15242	0.5914	0.13992	0	0.11626
V968	0	0.73811	0.23673	0	0.02516
V969	0	0.53122	0.29226	0.06744	0.10908
V970	0	0.38973	0.61027	0	0
V971	0.58986	0.14722	0.26293	0	0
V972	0	0.72216	0.22183	0	0.05602
V973	0	0.20738	0.6031	0.13958	0.04995
V974	0	0.59954	0.28186	0.07226	0.04634
V975	0	0.74445	0.23445	0	0.0211
V976	0	0.19301	0	0.68971	0.11728
V977	0	0.31861	0.13729	0.40281	0.14129
V978	0.12577	0.38055	0.33263	0	0.16104
V979	0.82736	0.14147	0.03117	0	0
V980	0.0423	0.44092	0.17283	0.06881	0.27513
V981	0	0.31454	0	0.47138	0.21408
V982	0.19634	0.46956	0.28954	0	0.04456
V983	0.50106	0.34037	0.07453	0	0.08404
V984	0	0.2697	0.17504	0.47738	0.07788
V985	0	0.19114	0.14001	0.66885	0
V986	0.35494	0.18422	0.46084	0	0
V987	0	0.24267	0.75733	0	0
V988	0	0.23111	0.59154	0.14015	0.03719
V989	0	0.22688	0	0.64682	0.1263
V990	0	0.5211	0.04044	0.25896	0.1795
V991	0	0.34748	0.02301	0.41369	0.21582
V992	0.78417	0.16522	0.05062	0	0
V993	0	0.20444	0.59734	0.13261	0.06561
V994	0	0.72462	0.24059	0	0.03479
V995	0	0.25219	0.65025	0.053	0.04456
V996	0	0.1796	0.07916	0.71265	0.02858
V997	0	0.42871	0.16486	0.08975	0.31668
V998	0	0.1779	0.01187	0.81023	0
V999	0	0.24501	0.1565	0.52436	0.07413
V1000	0	0.05478	0.94522	0	0
