mature.neutrophil	CD14.pos.CD16.neg.classical.monocyte	macrophage	memory.CD4.pos.AB.T.cell	cytotoxic.CD56.dim.NK.cell
V1	0.24133	0.24084	0.21802	0.18405	0.11576
V2	0.04105	0.6996	0.06956	0.13158	0.05821
V3	0.05115	0.18304	0.34021	0.39117	0.03443
V4	0.01206	0.16521	0.21153	0.09478	0.51642
V5	0.0173	0.12206	0.07233	0.1385	0.64981
V6	0.24582	0.17107	0.23111	0.25467	0.09733
V7	0.00831	0.20971	0.34428	0.11077	0.32692
V8	0.01069	0.26102	0.58894	0.11381	0.02553
V9	0.04765	0.13533	0.2174	0.56702	0.0326
V10	0.32822	0.21215	0.34949	0.07103	0.03911
V11	0.03167	0.1448	0.10796	0.10675	0.60882
V12	0.06559	0.15002	0.19599	0.30688	0.28152
V13	0.1078	0.13423	0.05178	0.42332	0.28289
V14	0.12835	0.09758	0.07782	0.60613	0.09012
V15	0.02696	0.08602	0.01699	0.82159	0.04844
V16	0.42758	0.15153	0.02989	0.35938	0.03161
V17	0.05509	0.29558	0.03568	0.11031	0.50334
V18	0.06461	0.43112	0.22395	0.24771	0.03262
V19	0.02912	0.11774	0.02113	0.15601	0.676
V20	0.00459	0.22411	0.51078	0.22834	0.03218
V21	0.01699	0.31795	0.13147	0.19775	0.33583
V22	0.60113	0.18374	0.07384	0.09708	0.04422
V23	0.06789	0.12384	0.0405	0.17126	0.59651
V24	0.35952	0.20153	0.03821	0.11691	0.28384
V25	0.02495	0.11473	0.03211	0.428	0.40022
V26	0.36536	0.26643	0.07177	0.11555	0.18089
V27	0.09399	0.49687	0.17451	0.0773	0.15733
V28	0.0273	0.17219	0.1765	0.57348	0.05053
V29	0.00926	0.14319	0.2669	0.5424	0.03825
V30	0.55106	0.19234	0.0431	0.1142	0.0993
V31	0.32868	0.20717	0.0312	0.27802	0.15493
V32	0.68159	0.11662	0.02708	0.11116	0.06355
V33	0.02089	0.25695	0.03553	0.15866	0.52797
V34	0.0974	0.74696	0.02979	0.09618	0.02967
V35	0.07071	0.57619	0.22872	0.09856	0.02582
V36	0.02297	0.2674	0.16141	0.13195	0.41627
V37	0.56923	0.11283	0.01926	0.10519	0.19349
V38	0.08938	0.20521	0.36941	0.21578	0.12022
V39	0.23971	0.19773	0.27212	0.07747	0.21297
V40	0.17984	0.55436	0.03787	0.17651	0.05142
V41	0.03757	0.75435	0.03613	0.08682	0.08513
V42	0.63654	0.14461	0.0374	0.10921	0.07224
V43	0.34276	0.2549	0.27488	0.09746	0.03
V44	0.02519	0.38624	0.427	0.06418	0.09739
V45	0.02771	0.60857	0.10367	0.20199	0.05806
V46	0.09006	0.67895	0.08308	0.1089	0.039
V47	0.00425	0.27401	0.63026	0.05981	0.03167
V48	0.12635	0.22838	0.1943	0.33534	0.11562
V49	0.33737	0.24365	0.19351	0.19379	0.03168
V50	0.01846	0.28052	0.61579	0.05929	0.02594
V51	0.08009	0.33308	0.18226	0.11558	0.28898
V52	0.04204	0.79916	0.03116	0.09725	0.03039
V53	0.02805	0.19768	0.02506	0.71113	0.03808
V54	0.17554	0.08801	0.02934	0.5433	0.1638
V55	0.06693	0.0729	0.01644	0.8026	0.04112
V56	0.0651	0.06995	0.02279	0.72668	0.11549
V57	0.11135	0.28517	0.41878	0.08319	0.10151
V58	0.06092	0.12394	0.13541	0.22923	0.4505
V59	0.62039	0.14639	0.09083	0.10838	0.03401
V60	0.32031	0.27108	0.121	0.18393	0.10368
V61	0.16159	0.11262	0.04501	0.25815	0.42263
V62	0.0476	0.17967	0.25797	0.16518	0.34958
V63	0.30787	0.30637	0.07342	0.10886	0.20348
V64	0.68122	0.13177	0.0391	0.11006	0.03785
V65	0.07316	0.14636	0.05134	0.5967	0.13244
V66	0.02833	0.10385	0.12285	0.7029	0.04206
V67	0.00944	0.18079	0.28648	0.13142	0.39187
V68	0.32778	0.186	0.30631	0.10254	0.07737
V69	0.42823	0.22924	0.17504	0.09926	0.06823
V70	0.04699	0.63076	0.06074	0.22092	0.04059
V71	0.07476	0.69031	0.06216	0.1391	0.03367
V72	0.03239	0.41387	0.04459	0.097	0.41214
V73	0.0524	0.1056	0.10228	0.55342	0.1863
V74	0.01805	0.11755	0.02395	0.74994	0.09052
V75	0.33906	0.28884	0.25007	0.08694	0.03509
V76	0.01738	0.07641	0.03075	0.7963	0.07916
V77	0.01746	0.26253	0.60567	0.08883	0.02551
V78	0.00432	0.27597	0.6229	0.06549	0.03133
V79	0.0637	0.40842	0.05719	0.19213	0.27857
V80	0.10003	0.65419	0.02665	0.12889	0.09024
V81	0.01115	0.27378	0.62899	0.05973	0.02634
V82	0.18564	0.20488	0.04422	0.52612	0.03914
V83	0.08272	0.14585	0.03762	0.53821	0.1956
V84	0.07968	0.23257	0.02783	0.11398	0.54594
V85	0.00441	0.27357	0.62945	0.06604	0.02653
V86	0.02094	0.31479	0.25293	0.37645	0.03489
V87	0.34827	0.10832	0.05463	0.44582	0.04297
V88	0.24243	0.22866	0.06625	0.24159	0.22107
V89	0.03344	0.29921	0.55334	0.08916	0.02485
V90	0.01884	0.25073	0.07161	0.15321	0.50561
V91	0.01525	0.08974	0.08022	0.77568	0.03912
V92	0.19614	0.14146	0.04592	0.11799	0.49849
V93	0.01285	0.17761	0.14944	0.49652	0.16358
V94	0.03519	0.22892	0.04103	0.27803	0.41683
V95	0.05385	0.28036	0.04207	0.15956	0.46417
V96	0.58735	0.12489	0.04216	0.11798	0.12761
V97	0.13467	0.13532	0.06044	0.16761	0.50195
V98	0.04178	0.40302	0.16964	0.17215	0.2134
V99	0.39308	0.19593	0.02463	0.27341	0.11295
V100	0.40624	0.23417	0.06391	0.12952	0.16615
V101	0.04917	0.78718	0.03783	0.09592	0.0299
V102	0.23613	0.30135	0.1319	0.16475	0.16587
V103	0.11226	0.10402	0.02688	0.11753	0.63931
V104	0.03798	0.4269	0.09497	0.09601	0.34414
V105	0.01803	0.12512	0.05745	0.14767	0.65173
V106	0.03792	0.67998	0.14826	0.08361	0.05023
V107	0.0373	0.35085	0.4838	0.09818	0.02987
V108	0.01516	0.34546	0.55327	0.06058	0.02553
V109	0.05075	0.26626	0.06949	0.30741	0.30609
V110	0.13491	0.48599	0.1711	0.17058	0.03742
V111	0.20472	0.33619	0.36048	0.07394	0.02467
V112	0.14526	0.10644	0.10773	0.46474	0.17583
V113	0.19172	0.12646	0.10911	0.2008	0.37191
V114	0.42951	0.16741	0.06192	0.23116	0.11
V115	0.6441	0.11223	0.0257	0.11285	0.10512
V116	0.02176	0.11508	0.02225	0.13133	0.70958
V117	0.03788	0.24815	0.55491	0.1191	0.03997
V118	0.04261	0.07226	0.01659	0.81439	0.05415
V119	0.23259	0.18395	0.30181	0.25483	0.02683
V120	0.01032	0.24245	0.56152	0.13969	0.04603
V121	0.15862	0.64334	0.027	0.09462	0.07641
V122	0.02829	0.39811	0.09387	0.27425	0.20549
V123	0.37282	0.14677	0.08265	0.24038	0.15739
V124	0.17056	0.19264	0.0741	0.26267	0.30002
V125	0.03119	0.48199	0.38473	0.07158	0.03051
V126	0.11957	0.27452	0.19671	0.16323	0.24597
V127	0.19251	0.21873	0.45537	0.10425	0.02915
V128	0.16677	0.67015	0.03479	0.08809	0.0402
V129	0.1981	0.17943	0.22926	0.20854	0.18467
V130	0.02468	0.47954	0.05815	0.27506	0.16257
V131	0.0183	0.12649	0.19473	0.62626	0.03422
V132	0.28291	0.10699	0.01721	0.37195	0.22094
V133	0.00628	0.23471	0.42553	0.12651	0.20698
V134	0.05224	0.25133	0.54215	0.07747	0.07681
V135	0.01931	0.28921	0.51701	0.07925	0.09522
V136	0.69725	0.11991	0.0283	0.11495	0.03959
V137	0.65478	0.13599	0.02634	0.13056	0.05233
V138	0.19605	0.22271	0.08854	0.19028	0.30242
V139	0.09923	0.10751	0.14273	0.61127	0.03926
V140	0.02927	0.13542	0.15185	0.10231	0.58116
V141	0.01595	0.3453	0.47054	0.13773	0.03048
V142	0.15938	0.16516	0.27388	0.17083	0.23074
V143	0.01634	0.31217	0.3782	0.17317	0.12011
V144	0.38054	0.27043	0.07768	0.18661	0.08475
V145	0.00405	0.27253	0.61614	0.07113	0.03615
V146	0.03035	0.35232	0.02834	0.34994	0.23905
V147	0.06938	0.25909	0.48467	0.14149	0.04537
V148	0.12645	0.68471	0.03457	0.11405	0.04023
V149	0.01893	0.073	0.01717	0.81652	0.07438
V150	0.10433	0.32801	0.4318	0.06386	0.07201
V151	0.33771	0.10228	0.02904	0.4206	0.11037
V152	0.02055	0.09393	0.10876	0.69033	0.08643
V153	0.1246	0.30327	0.35653	0.10525	0.11035
V154	0.09502	0.5533	0.04523	0.10809	0.19836
V155	0.03602	0.10404	0.12249	0.69576	0.04169
V156	0.0762	0.19554	0.32258	0.18201	0.22368
V157	0.07645	0.16223	0.15764	0.29699	0.30669
V158	0.14482	0.18847	0.34995	0.10342	0.21334
V159	0.09442	0.24408	0.03196	0.57103	0.05851
V160	0.34707	0.23917	0.09898	0.12026	0.19452
V161	0.17641	0.13546	0.07422	0.10222	0.51169
V162	0.00476	0.27982	0.62852	0.06025	0.02665
V163	0.05265	0.11225	0.03466	0.14149	0.65894
V164	0.66714	0.15185	0.03346	0.1148	0.03275
V165	0.44998	0.27045	0.08945	0.13087	0.05925
V166	0.04773	0.12746	0.2055	0.53264	0.08667
V167	0.02925	0.58685	0.03905	0.1976	0.14726
V168	0.00476	0.27982	0.62852	0.06025	0.02665
V169	0.04271	0.61958	0.15415	0.14547	0.03809
V170	0.19181	0.38694	0.06901	0.2431	0.10913
V171	0.22223	0.22174	0.28743	0.20992	0.05868
V172	0.14542	0.28514	0.08369	0.10656	0.37919
V173	0.16724	0.18339	0.0946	0.40722	0.14755
V174	0.15842	0.16667	0.28774	0.22458	0.16259
V175	0.06411	0.23077	0.12187	0.22337	0.35988
V176	0.2891	0.09404	0.02284	0.55889	0.03512
V177	0.13955	0.21957	0.41292	0.19736	0.0306
V178	0.19906	0.21373	0.3496	0.15772	0.07989
V179	0.0874	0.11826	0.02725	0.11806	0.64904
V180	0.02422	0.18514	0.29192	0.08408	0.41464
V181	0.0562	0.31366	0.02205	0.13961	0.46849
V182	0.42649	0.26417	0.02599	0.22635	0.05701
V183	0.05778	0.78612	0.03063	0.08939	0.03608
V184	0.23333	0.15693	0.24216	0.32324	0.04434
V185	0.08339	0.46405	0.04365	0.20563	0.20329
V186	0.11129	0.23703	0.04676	0.29213	0.3128
V187	0.06477	0.60231	0.0256	0.27112	0.0362
V188	0.60776	0.13677	0.0482	0.17209	0.03519
V189	0.34574	0.27079	0.05137	0.29695	0.03516
V190	0.30899	0.19571	0.19083	0.09461	0.20985
V191	0.17345	0.25094	0.02563	0.43535	0.11463
V192	0.24468	0.2581	0.12354	0.2529	0.12079
V193	0.05286	0.32735	0.40014	0.09698	0.12267
V194	0.21122	0.15927	0.09475	0.17149	0.36327
V195	0.41089	0.26697	0.19984	0.0915	0.0308
V196	0.0173	0.11532	0.07238	0.13935	0.65565
V197	0.05583	0.76261	0.02964	0.11635	0.03557
V198	0.18289	0.27117	0.05356	0.25263	0.23975
V199	0.54603	0.15824	0.18205	0.08657	0.0271
V200	0.57059	0.1131	0.04785	0.11689	0.15156
V201	0.03955	0.07575	0.03685	0.67878	0.16906
V202	0.66776	0.15495	0.02221	0.11668	0.0384
V203	0.40673	0.29022	0.04517	0.13656	0.12131
V204	0.27291	0.17213	0.05221	0.09992	0.40283
V205	0.09613	0.15194	0.11979	0.14628	0.48586
V206	0.04304	0.14452	0.01729	0.73163	0.06352
V207	0.02696	0.08602	0.01699	0.82159	0.04844
V208	0.11638	0.32641	0.36773	0.10387	0.08561
V209	0.13075	0.1421	0.10362	0.11961	0.50392
V210	0.00415	0.27156	0.62733	0.06554	0.03142
V211	0.12552	0.16451	0.18624	0.10906	0.41467
V212	0.04741	0.67745	0.09051	0.11489	0.06975
V213	0.08926	0.10407	0.0745	0.2987	0.43347
V214	0.01975	0.53821	0.31909	0.08087	0.04208
V215	0.19332	0.28945	0.13309	0.14626	0.23789
V216	0.04727	0.19439	0.27844	0.10814	0.37177
V217	0.01668	0.07213	0.0376	0.77576	0.09783
V218	0.05875	0.27385	0.24155	0.33663	0.08922
V219	0.09692	0.34132	0.30712	0.2231	0.03153
V220	0.15502	0.64731	0.07482	0.08985	0.033
V221	0.03594	0.23586	0.39028	0.07813	0.25979
V222	0.02886	0.11422	0.02876	0.13366	0.6945
V223	0.37163	0.16767	0.2499	0.17479	0.036
V224	0.03464	0.51973	0.04523	0.15412	0.24629
V225	0.5164	0.24379	0.1186	0.08884	0.03237
V226	0.3635	0.48176	0.0256	0.09402	0.03512
V227	0.07872	0.27265	0.02593	0.56392	0.05877
V228	0.41364	0.17522	0.22079	0.13896	0.05138
V229	0.20079	0.41634	0.22424	0.11176	0.04688
V230	0.02902	0.10754	0.02893	0.13516	0.69936
V231	0.05133	0.55438	0.07344	0.22939	0.09146
V232	0.56947	0.15115	0.1573	0.0945	0.02758
V233	0.05302	0.15029	0.14365	0.16117	0.49187
V234	0.01773	0.39094	0.18915	0.35535	0.04683
V235	0.68928	0.12204	0.02232	0.13181	0.03455
V236	0.06142	0.21663	0.46065	0.20379	0.05751
V237	0.09805	0.20077	0.22607	0.31889	0.15622
V238	0.01804	0.09926	0.02641	0.3344	0.5219
V239	0.05494	0.40886	0.06433	0.22951	0.24237
V240	0.05349	0.73883	0.03561	0.10015	0.07192
V241	0.04192	0.80066	0.03109	0.0899	0.03644
V242	0.02966	0.36446	0.24905	0.28764	0.0692
V243	0.34361	0.17439	0.26152	0.10039	0.12009
V244	0.02627	0.42715	0.17758	0.14248	0.22652
V245	0.03892	0.77318	0.05121	0.10758	0.02911
V246	0.46131	0.30007	0.04535	0.09849	0.09478
V247	0.1392	0.27003	0.44088	0.10517	0.04473
V248	0.07855	0.56144	0.04562	0.09477	0.21961
V249	0.19451	0.19152	0.18417	0.15824	0.27157
V250	0.01862	0.23885	0.47598	0.09008	0.17647
V251	0.1708	0.11858	0.09166	0.55027	0.06869
V252	0.02119	0.27265	0.41725	0.17669	0.11222
V253	0.23105	0.51799	0.09142	0.12167	0.03787
V254	0.40052	0.37199	0.02246	0.16475	0.04029
V255	0.60083	0.16834	0.02036	0.12129	0.08918
V256	0.03294	0.68235	0.04108	0.09297	0.15065
V257	0.33185	0.33823	0.1344	0.11307	0.08245
V258	0.12873	0.32567	0.06101	0.44713	0.03746
V259	0.39037	0.32347	0.15721	0.08746	0.04149
V260	0.20935	0.14962	0.109	0.15619	0.37585
V261	0.02002	0.19966	0.39057	0.28074	0.10901
V262	0.64953	0.13971	0.06118	0.11399	0.03559
V263	0.57851	0.16731	0.03124	0.19234	0.03061
V264	0.0553	0.75609	0.03642	0.1229	0.02928
V265	0.58994	0.18375	0.07965	0.11282	0.03384
V266	0.02409	0.12017	0.0937	0.12645	0.63559
V267	0.05194	0.10396	0.02636	0.23008	0.58765
V268	0.15319	0.42331	0.13492	0.22627	0.06231
V269	0.06761	0.37391	0.28936	0.2203	0.04881
V270	0.04834	0.07951	0.04371	0.78886	0.03958
V271	0.18247	0.62531	0.03332	0.10754	0.05136
V272	0.0849	0.71009	0.04861	0.09816	0.05823
V273	0.22105	0.14034	0.15857	0.33775	0.1423
V274	0.08351	0.13664	0.05376	0.25459	0.4715
V275	0.03509	0.62589	0.14736	0.15332	0.03834
V276	0.0114	0.22412	0.49181	0.23027	0.04239
V277	0.25417	0.21205	0.41802	0.07205	0.04371
V278	0.00903	0.17842	0.2756	0.42077	0.11617
V279	0.12259	0.08055	0.0291	0.69374	0.07401
V280	0.15714	0.10449	0.04955	0.58519	0.10364
V281	0.02713	0.24534	0.05341	0.63273	0.04139
V282	0.04986	0.79326	0.03083	0.08973	0.03632
V283	0.284	0.13299	0.11328	0.11283	0.3569
V284	0.02192	0.28226	0.4088	0.06926	0.21776
V285	0.39574	0.42645	0.02393	0.11898	0.0349
V286	0.05888	0.26017	0.56343	0.08795	0.02958
V287	0.18877	0.17619	0.15376	0.31053	0.17075
V288	0.14452	0.22247	0.45137	0.07062	0.11102
V289	0.12731	0.24604	0.03861	0.54842	0.03962
V290	0.32348	0.43823	0.12839	0.08313	0.02676
V291	0.31389	0.23906	0.02542	0.38444	0.03719
V292	0.09189	0.20115	0.32639	0.10096	0.27961
V293	0.00607	0.30574	0.55676	0.09596	0.03546
V294	0.0209	0.11612	0.02948	0.12862	0.70488
V295	0.01608	0.16692	0.26585	0.4664	0.08475
V296	0.6219	0.18767	0.02144	0.11701	0.05198
V297	0.01752	0.24022	0.53716	0.15355	0.05154
V298	0.23458	0.08748	0.02271	0.53999	0.11524
V299	0.2133	0.07777	0.02879	0.64384	0.0363
V300	0.69605	0.12388	0.02289	0.12203	0.03515
V301	0.68328	0.11618	0.02721	0.13488	0.03845
V302	0.0175	0.09265	0.02544	0.43998	0.42442
V303	0.08607	0.26351	0.19019	0.21734	0.24289
V304	0.1322	0.25298	0.50959	0.06644	0.03879
V305	0.16371	0.34797	0.09813	0.17021	0.21999
V306	0.25938	0.57042	0.02643	0.10358	0.0402
V307	0.17636	0.14568	0.22201	0.42592	0.03003
V308	0.1643	0.22427	0.45981	0.12225	0.02938
V309	0.48022	0.16233	0.06113	0.18877	0.10755
V310	0.03591	0.12165	0.02729	0.18679	0.62837
V311	0.02393	0.07414	0.05147	0.80402	0.04644
V312	0.06968	0.32661	0.21958	0.08067	0.30346
V313	0.05404	0.31573	0.03444	0.3495	0.24629
V314	0.07504	0.09892	0.02437	0.40931	0.39237
V315	0.68459	0.11851	0.03291	0.11078	0.05321
V316	0.08469	0.52723	0.21714	0.09883	0.07211
V317	0.27006	0.24837	0.36842	0.0741	0.03906
V318	0.66155	0.1145	0.0262	0.10869	0.08907
V319	0.07449	0.27719	0.55275	0.0709	0.02469
V320	0.07404	0.06797	0.02286	0.78898	0.04616
V321	0.10159	0.37378	0.25184	0.2297	0.04309
V322	0.01027	0.36467	0.43053	0.10208	0.09245
V323	0.18037	0.31923	0.33407	0.08714	0.07919
V324	0.04019	0.10992	0.05098	0.7547	0.04421
V325	0.46095	0.19553	0.08773	0.18443	0.07136
V326	0.04868	0.12183	0.06938	0.2043	0.55581
V327	0.25283	0.46337	0.11119	0.10066	0.07196
V328	0.04021	0.31808	0.14976	0.44938	0.04258
V329	0.00907	0.19069	0.30446	0.45942	0.03635
V330	0.05866	0.26224	0.56572	0.05847	0.0549
V331	0.11459	0.13781	0.09688	0.16342	0.48731
V332	0.32557	0.21981	0.33319	0.07708	0.04434
V333	0.29277	0.178	0.24743	0.19982	0.08198
V334	0.03246	0.37367	0.41437	0.12746	0.05203
V335	0.52344	0.16517	0.08602	0.12117	0.1042
V336	0.1247	0.53956	0.22632	0.07308	0.03635
V337	0.01842	0.10747	0.03457	0.23423	0.60531
V338	0.51427	0.15417	0.13702	0.10401	0.09053
V339	0.16058	0.5087	0.17054	0.07636	0.08382
V340	0.03266	0.24825	0.11558	0.13146	0.47205
V341	0.01715	0.4983	0.34713	0.07293	0.06448
V342	0.20752	0.27576	0.33513	0.1562	0.02539
V343	0.48393	0.16913	0.2289	0.09198	0.02607
V344	0.08158	0.66462	0.06133	0.10349	0.08898
V345	0.18047	0.13126	0.02428	0.32698	0.33701
V346	0.02911	0.35814	0.26218	0.29972	0.05085
V347	0.06685	0.47187	0.04311	0.357	0.06117
V348	0.01603	0.26701	0.35119	0.24904	0.11673
V349	0.0479	0.38802	0.40096	0.07717	0.08595
V350	0.08749	0.41151	0.09261	0.27615	0.13225
V351	0.12946	0.19394	0.33087	0.30763	0.0381
V352	0.08199	0.52363	0.288	0.07588	0.0305
V353	0.20113	0.351	0.05504	0.12489	0.26794
V354	0.39483	0.19641	0.30846	0.07503	0.02527
V355	0.06931	0.16101	0.26903	0.46483	0.03582
V356	0.06595	0.25809	0.55556	0.07604	0.04435
V357	0.03534	0.22355	0.39761	0.09025	0.25325
V358	0.03257	0.1002	0.04417	0.77779	0.04526
V359	0.05103	0.15311	0.02404	0.73352	0.0383
V360	0.50874	0.15597	0.09177	0.21507	0.02845
V361	0.26174	0.46134	0.0972	0.08322	0.0965
V362	0.5892	0.13474	0.09696	0.09358	0.08551
V363	0.03545	0.12581	0.0268	0.22241	0.58952
V364	0.03654	0.30273	0.04076	0.45288	0.16709
V365	0.01831	0.07419	0.02405	0.8221	0.06135
V366	0.14697	0.23394	0.42829	0.11307	0.07772
V367	0.17165	0.29125	0.18606	0.21092	0.14011
V368	0.53676	0.19284	0.11753	0.1003	0.05257
V369	0.03211	0.58946	0.21053	0.14154	0.02636
V370	0.02246	0.23038	0.12166	0.37399	0.25151
V371	0.04706	0.77214	0.06584	0.08594	0.02902
V372	0.46518	0.18141	0.13251	0.17848	0.04242
V373	0.09113	0.58522	0.13089	0.16045	0.03232
V374	0.07679	0.19201	0.29771	0.40415	0.02933
V375	0.20937	0.2172	0.42434	0.12435	0.02474
V376	0.01542	0.18223	0.33374	0.08735	0.38125
V377	0.0682	0.48164	0.18836	0.22905	0.03275
V378	0.10362	0.52238	0.16661	0.077	0.13039
V379	0.03034	0.12902	0.11458	0.15536	0.5707
V380	0.01949	0.15874	0.15708	0.48041	0.18428
V381	0.12936	0.14456	0.02667	0.11155	0.58786
V382	0.33243	0.09108	0.02308	0.3366	0.21681
V383	0.03226	0.13667	0.22456	0.57371	0.03279
V384	0.21958	0.15497	0.14967	0.41077	0.06501
V385	0.0791	0.18157	0.02747	0.11152	0.60034
V386	0.48895	0.10666	0.02352	0.34866	0.03221
V387	0.21562	0.09731	0.02277	0.61105	0.05325
V388	0.04368	0.72479	0.05626	0.14095	0.03433
V389	0.10022	0.67593	0.04077	0.1126	0.07048
V390	0.14873	0.08154	0.02257	0.64176	0.1054
V391	0.53132	0.2155	0.02007	0.1604	0.07271
V392	0.68017	0.14023	0.02805	0.11783	0.03372
V393	0.0844	0.13259	0.13918	0.50205	0.14179
V394	0.52744	0.11687	0.04119	0.22428	0.09022
V395	0.00879	0.15936	0.2952	0.49942	0.03724
V396	0.38187	0.20315	0.311	0.07422	0.02976
V397	0.49679	0.21041	0.04918	0.18832	0.05531
V398	0.05792	0.11066	0.15238	0.59035	0.0887
V399	0.04333	0.11757	0.01897	0.32263	0.4975
V400	0.12795	0.49401	0.14984	0.20131	0.02689
V401	0.22116	0.21769	0.44339	0.0933	0.02446
V402	0.2625	0.20448	0.33498	0.1255	0.07255
V403	0.12986	0.15876	0.0193	0.21045	0.48163
V404	0.00753	0.21141	0.37143	0.35297	0.05666
V405	0.26623	0.29528	0.08023	0.26329	0.09497
V406	0.01793	0.27744	0.61036	0.0585	0.03576
V407	0.63587	0.14647	0.04921	0.13763	0.03082
V408	0.03115	0.37873	0.02887	0.30057	0.26068
V409	0.09541	0.09382	0.07129	0.63497	0.10451
V410	0.09727	0.25716	0.2701	0.10977	0.2657
V411	0.02156	0.11438	0.02206	0.13834	0.70365
V412	0.02399	0.23694	0.1306	0.11038	0.4981
V413	0.02349	0.30393	0.1449	0.37244	0.15523
V414	0.04255	0.15117	0.01821	0.48092	0.30715
V415	0.14529	0.10318	0.02637	0.115	0.61017
V416	0.09409	0.17136	0.03999	0.21579	0.47876
V417	0.01081	0.23832	0.53336	0.15484	0.06267
V418	0.41934	0.3851	0.04118	0.10436	0.05001
V419	0.2059	0.12117	0.03815	0.19634	0.43843
V420	0.19053	0.12277	0.10883	0.13075	0.44713
V421	0.01435	0.13528	0.13026	0.13398	0.58613
V422	0.02263	0.09477	0.05877	0.67578	0.14805
V423	0.2131	0.27762	0.2383	0.22823	0.04276
V424	0.00716	0.20387	0.38868	0.07625	0.32404
V425	0.27045	0.37997	0.02233	0.10103	0.22622
V426	0.18852	0.22301	0.03804	0.46254	0.08788
V427	0.16338	0.5775	0.14917	0.07833	0.03162
V428	0.0767	0.5877	0.08818	0.15838	0.08904
V429	0.10137	0.68155	0.02747	0.14297	0.04664
V430	0.02906	0.18838	0.33052	0.21286	0.23919
V431	0.09001	0.38871	0.18077	0.27739	0.06313
V432	0.23407	0.16474	0.12145	0.35661	0.12312
V433	0.14169	0.19688	0.38401	0.23566	0.04177
V434	0.17704	0.35953	0.30102	0.08252	0.0799
V435	0.38393	0.20446	0.27738	0.10411	0.03011
V436	0.04933	0.55442	0.11063	0.12287	0.16275
V437	0.16187	0.12086	0.0453	0.23476	0.43721
V438	0.10525	0.34305	0.17992	0.30199	0.06979
V439	0.45607	0.10335	0.0598	0.3397	0.04108
V440	0.0198	0.42405	0.42252	0.07603	0.0576
V441	0.02691	0.53035	0.3179	0.09395	0.0309
V442	0.04976	0.79259	0.03809	0.08941	0.03015
V443	0.67848	0.11499	0.02692	0.14614	0.03347
V444	0.12386	0.41126	0.04856	0.36206	0.05426
V445	0.05539	0.39335	0.05578	0.45168	0.04381
V446	0.09481	0.12771	0.10142	0.53986	0.13619
V447	0.06553	0.09058	0.03082	0.47206	0.34102
V448	0.14427	0.1119	0.03969	0.1243	0.57984
V449	0.00476	0.27982	0.62852	0.06025	0.02665
V450	0.15837	0.21261	0.21708	0.18291	0.22903
V451	0.21429	0.24605	0.07318	0.36169	0.10478
V452	0.01941	0.11189	0.14508	0.65821	0.06542
V453	0.02579	0.09483	0.01797	0.48552	0.3759
V454	0.0111	0.23254	0.49856	0.08335	0.17444
V455	0.05199	0.31613	0.24318	0.11145	0.27724
V456	0.67665	0.1196	0.02136	0.12873	0.05365
V457	0.49458	0.25772	0.05043	0.14232	0.05495
V458	0.02037	0.42395	0.39392	0.10943	0.05233
V459	0.11523	0.1425	0.06571	0.48267	0.1939
V460	0.47742	0.17421	0.17041	0.13665	0.04131
V461	0.14483	0.36134	0.21584	0.08959	0.1884
V462	0.04969	0.14555	0.03134	0.51125	0.26217
V463	0.17413	0.12479	0.02956	0.63023	0.04129
V464	0.11769	0.32597	0.45279	0.07439	0.02915
V465	0.04474	0.18338	0.03478	0.12692	0.61017
V466	0.03678	0.09933	0.02036	0.19998	0.64355
V467	0.05259	0.27221	0.03967	0.53761	0.09793
V468	0.41806	0.33737	0.11086	0.08597	0.04774
V469	0.02003	0.35145	0.07125	0.31201	0.24526
V470	0.60205	0.15362	0.04265	0.16642	0.03527
V471	0.30339	0.31638	0.04616	0.20725	0.12683
V472	0.01859	0.14146	0.05789	0.11778	0.66428
V473	0.02853	0.29165	0.21377	0.32161	0.14444
V474	0.22785	0.19562	0.07147	0.44417	0.06088
V475	0.11605	0.22857	0.43372	0.0896	0.13207
V476	0.12781	0.12633	0.09992	0.57029	0.07564
V477	0.04197	0.79963	0.03841	0.08972	0.03026
V478	0.15403	0.10978	0.02631	0.11389	0.596
V479	0.60183	0.15533	0.04861	0.15929	0.03495
V480	0.11105	0.58429	0.07309	0.18046	0.05111
V481	0.19106	0.37541	0.07584	0.23513	0.12257
V482	0.0908	0.61623	0.18023	0.0755	0.03724
V483	0.25241	0.48148	0.02388	0.17866	0.06357
V484	0.17172	0.48099	0.12012	0.1891	0.03808
V485	0.47554	0.18202	0.11257	0.18705	0.04283
V486	0.05722	0.21808	0.2559	0.08323	0.38557
V487	0.10111	0.25107	0.32021	0.29503	0.03258
V488	0.32479	0.14201	0.01759	0.37209	0.14352
V489	0.00936	0.35513	0.48163	0.11822	0.03566
V490	0.01125	0.23256	0.51718	0.20744	0.03158
V491	0.03161	0.45681	0.06557	0.16877	0.27724
V492	0.03392	0.18304	0.04518	0.68282	0.05503
V493	0.02632	0.06657	0.02382	0.8345	0.04879
V494	0.25843	0.0849	0.03524	0.53324	0.0882
V495	0.24446	0.28827	0.1879	0.21294	0.06643
V496	0.11719	0.141	0.06852	0.10519	0.56809
V497	0.08633	0.15673	0.14273	0.17201	0.44219
V498	0.06196	0.74951	0.05005	0.09187	0.04661
V499	0.03667	0.31236	0.22923	0.12741	0.29432
V500	0.08785	0.46475	0.11505	0.26188	0.07047
V501	0.0645	0.35081	0.03631	0.10629	0.44209
V502	0.10853	0.68986	0.06234	0.11146	0.02781
V503	0.32792	0.15475	0.18276	0.19371	0.14086
V504	0.37662	0.25335	0.02642	0.10331	0.2403
V505	0.47377	0.11293	0.04205	0.1687	0.20255
V506	0.0248	0.50618	0.08126	0.09436	0.2934
V507	0.61051	0.11283	0.04757	0.17861	0.05048
V508	0.02395	0.59009	0.19855	0.10749	0.07992
V509	0.04472	0.45195	0.13915	0.24042	0.12377
V510	0.3178	0.46095	0.06255	0.12554	0.03316
V511	0.04828	0.39266	0.39449	0.0958	0.06877
V512	0.11813	0.45978	0.16634	0.11753	0.13821
V513	0.13644	0.60412	0.0877	0.1217	0.05005
V514	0.01926	0.14763	0.20395	0.12235	0.5068
V515	0.06835	0.16689	0.01761	0.70913	0.03801
V516	0.12685	0.36673	0.11201	0.35354	0.04087
V517	0.02378	0.10456	0.05868	0.76811	0.04488
V518	0.29705	0.17318	0.25841	0.22391	0.04746
V519	0.57414	0.15218	0.0251	0.21254	0.03605
V520	0.06154	0.73161	0.04242	0.1356	0.02882
V521	0.16604	0.10725	0.12647	0.56178	0.03847
V522	0.03741	0.32106	0.42234	0.16686	0.05234
V523	0.1041	0.26241	0.5088	0.0955	0.0292
V524	0.23518	0.22688	0.4059	0.06698	0.06506
V525	0.02057	0.26261	0.05021	0.1134	0.55321
V526	0.03126	0.27062	0.57725	0.07586	0.04501
V527	0.06319	0.49127	0.32424	0.08009	0.04121
V528	0.12963	0.07473	0.03565	0.72254	0.03744
V529	0.14673	0.25117	0.5013	0.0671	0.0337
V530	0.01737	0.26514	0.58273	0.09441	0.04036
V531	0.14067	0.49673	0.10042	0.09578	0.16639
V532	0.05225	0.34076	0.25698	0.0774	0.27262
V533	0.22985	0.10831	0.01925	0.11204	0.53054
V534	0.10844	0.12481	0.01683	0.6944	0.05552
V535	0.59929	0.20494	0.0624	0.09864	0.03473
V536	0.09544	0.29624	0.31166	0.09789	0.19877
V537	0.0283	0.12942	0.03585	0.12217	0.68425
V538	0.47416	0.18831	0.02523	0.12361	0.18869
V539	0.01421	0.30708	0.4717	0.13832	0.06869
V540	0.13144	0.46205	0.10021	0.12401	0.18228
V541	0.0322	0.41354	0.04437	0.11743	0.39245
V542	0.03447	0.35064	0.11392	0.42668	0.07429
V543	0.04853	0.28593	0.48317	0.09833	0.08404
V544	0.25692	0.27318	0.16683	0.13375	0.16932
V545	0.4777	0.36025	0.02941	0.10267	0.02997
V546	0.05633	0.68938	0.09802	0.08678	0.06948
V547	0.07581	0.67735	0.0271	0.17269	0.04706
V548	0.01871	0.11619	0.02416	0.79394	0.04699
V549	0.01773	0.1078	0.04145	0.24726	0.58576
V550	0.03487	0.73684	0.10699	0.08774	0.03356
V551	0.02736	0.06511	0.01712	0.84679	0.04362
V552	0.1874	0.11776	0.03885	0.13487	0.52112
V553	0.56771	0.11739	0.03551	0.21763	0.06176
V554	0.08119	0.21483	0.36899	0.29712	0.03788
V555	0.04015	0.78656	0.03742	0.08785	0.04803
V556	0.07158	0.12483	0.06488	0.66597	0.07273
V557	0.24123	0.27389	0.05211	0.36671	0.06607
V558	0.01108	0.24528	0.53544	0.16696	0.04123
V559	0.07578	0.45678	0.34898	0.07236	0.0461
V560	0.46111	0.29756	0.12761	0.08656	0.02715
V561	0.51633	0.13455	0.13032	0.09951	0.11929
V562	0.10354	0.17381	0.15038	0.16178	0.41049
V563	0.16398	0.32282	0.18667	0.16725	0.15928
V564	0.2717	0.12263	0.0704	0.36388	0.17138
V565	0.01956	0.11416	0.03588	0.15452	0.67588
V566	0.23373	0.20149	0.04454	0.35318	0.16706
V567	0.01771	0.27031	0.62227	0.0588	0.03091
V568	0.02574	0.31499	0.33625	0.29534	0.02768
V569	0.45677	0.19376	0.10725	0.18832	0.0539
V570	0.10387	0.16198	0.23648	0.42057	0.07709
V571	0.19807	0.14612	0.20496	0.33717	0.11369
V572	0.62487	0.11506	0.01985	0.11269	0.12753
V573	0.06258	0.20365	0.27696	0.35573	0.10109
V574	0.38988	0.31843	0.08475	0.1635	0.04344
V575	0.28493	0.14782	0.12055	0.13076	0.31594
V576	0.03779	0.76021	0.03621	0.09343	0.07235
V577	0.31838	0.45931	0.05597	0.13292	0.03341
V578	0.02267	0.29103	0.3937	0.23287	0.05973
V579	0.01893	0.51063	0.27709	0.0902	0.10317
V580	0.17001	0.48796	0.03656	0.25856	0.0469
V581	0.04033	0.48787	0.30678	0.1341	0.03091
V582	0.00525	0.29065	0.61209	0.06584	0.02617
V583	0.42574	0.18407	0.26491	0.09973	0.02555
V584	0.17332	0.48112	0.11364	0.10739	0.12453
V585	0.03918	0.67722	0.08342	0.12997	0.07021
V586	0.03087	0.6887	0.16242	0.09095	0.02705
V587	0.04754	0.61694	0.03293	0.1097	0.1929
V588	0.16994	0.43516	0.29449	0.07034	0.03008
V589	0.07987	0.38994	0.06273	0.41843	0.04903
V590	0.0425	0.6913	0.02749	0.09479	0.14392
V591	0.35478	0.46024	0.05619	0.09525	0.03354
V592	0.01719	0.23615	0.53686	0.08601	0.12379
V593	0.32503	0.09086	0.02271	0.49268	0.06873
V594	0.00716	0.29171	0.47142	0.17163	0.05808
V595	0.39153	0.13879	0.07462	0.33756	0.05749
V596	0.33268	0.26915	0.18095	0.17516	0.04206
V597	0.02908	0.24547	0.02803	0.18882	0.5086
V598	0.45469	0.11153	0.02467	0.10407	0.30504
V599	0.06128	0.39405	0.09935	0.39107	0.05425
V600	0.21053	0.14088	0.16572	0.37402	0.10885
V601	0.11844	0.16013	0.02439	0.48018	0.21686
V602	0.60957	0.22438	0.0226	0.11146	0.03198
V603	0.1116	0.21158	0.04721	0.20268	0.42693
V604	0.0179	0.23707	0.50484	0.13747	0.10271
V605	0.03047	0.17599	0.12985	0.14895	0.51474
V606	0.62427	0.10952	0.01982	0.11322	0.13317
V607	0.13755	0.19085	0.04025	0.1115	0.51985
V608	0.55295	0.12854	0.0477	0.16477	0.10604
V609	0.14815	0.31461	0.03339	0.41605	0.0878
V610	0.07156	0.57492	0.03164	0.28595	0.03593
V611	0.18876	0.2326	0.43674	0.0821	0.0598
V612	0.27422	0.19925	0.25592	0.08961	0.181
V613	0.31704	0.48424	0.05676	0.11377	0.02819
V614	0.41541	0.13038	0.03649	0.15763	0.26009
V615	0.01373	0.17627	0.12662	0.53947	0.14392
V616	0.473	0.13723	0.13831	0.19818	0.05328
V617	0.16193	0.23484	0.35453	0.13831	0.1104
V618	0.52914	0.18851	0.07399	0.10418	0.10418
V619	0.40134	0.16916	0.14387	0.09232	0.19333
V620	0.03809	0.17088	0.2832	0.47171	0.03613
V621	0.10757	0.31274	0.25389	0.07692	0.24887
V622	0.01928	0.31224	0.29407	0.0834	0.29101
V623	0.0652	0.07969	0.02303	0.66324	0.16883
V624	0.65772	0.11272	0.02589	0.12527	0.07839
V625	0.01509	0.13769	0.09503	0.70944	0.04276
V626	0.05634	0.21236	0.40972	0.27867	0.04291
V627	0.09001	0.24253	0.12136	0.11364	0.43245
V628	0.67787	0.12705	0.02733	0.13436	0.0334
V629	0.08971	0.35579	0.44445	0.08065	0.02941
V630	0.02057	0.24528	0.04284	0.12264	0.56866
V631	0.01108	0.16544	0.24089	0.0981	0.48449
V632	0.04137	0.67972	0.03383	0.11455	0.13053
V633	0.05303	0.10581	0.0955	0.50854	0.23712
V634	0.30722	0.43659	0.14223	0.08748	0.02648
V635	0.03728	0.21899	0.17519	0.10519	0.46336
V636	0.14815	0.27142	0.25979	0.21706	0.10359
V637	0.15548	0.18722	0.3207	0.25325	0.08336
V638	0.06592	0.45129	0.04392	0.15537	0.28351
V639	0.39693	0.3958	0.08662	0.08777	0.03288
V640	0.09145	0.25115	0.09097	0.27049	0.29593
V641	0.08083	0.62701	0.04624	0.19948	0.04644
V642	0.53737	0.12916	0.02418	0.27778	0.03151
V643	0.04396	0.73939	0.08545	0.10328	0.02793
V644	0.03985	0.40541	0.04213	0.45582	0.05678
V645	0.13233	0.64325	0.04023	0.15578	0.02842
V646	0.10931	0.48576	0.05012	0.27634	0.07847
V647	0.66981	0.11367	0.02657	0.15682	0.03314
V648	0.34365	0.17446	0.02427	0.31564	0.14197
V649	0.21272	0.18579	0.08786	0.17752	0.33611
V650	0.03115	0.07822	0.06535	0.78598	0.03929
V651	0.11965	0.23011	0.01873	0.59612	0.03539
V652	0.28144	0.09533	0.04824	0.53017	0.04482
V653	0.26616	0.10695	0.06223	0.50267	0.06199
V654	0.03706	0.16398	0.02061	0.16089	0.61746
V655	0.11922	0.1864	0.248	0.41126	0.03512
V656	0.10317	0.11073	0.0193	0.18803	0.57878
V657	0.03239	0.45546	0.05028	0.35369	0.10818
V658	0.03157	0.10896	0.04463	0.58936	0.22548
V659	0.02214	0.1054	0.08017	0.71122	0.08107
V660	0.05568	0.36044	0.04329	0.12591	0.41468
V661	0.03736	0.58309	0.03875	0.23454	0.10626
V662	0.03301	0.43748	0.04476	0.09529	0.38945
V663	0.69964	0.12077	0.02864	0.11596	0.03499
V664	0.02793	0.1104	0.11938	0.40366	0.33862
V665	0.0237	0.58035	0.19805	0.14241	0.05549
V666	0.07825	0.73759	0.06413	0.09164	0.02838
V667	0.02789	0.52283	0.23421	0.15395	0.06112
V668	0.47064	0.28166	0.06356	0.14035	0.04379
V669	0.35935	0.32724	0.04602	0.16301	0.10438
V670	0.07737	0.57347	0.06666	0.11211	0.17039
V671	0.53743	0.1507	0.16558	0.11466	0.03163
V672	0.08023	0.16543	0.0972	0.33016	0.32699
V673	0.02005	0.12134	0.02076	0.19971	0.63814
V674	0.25654	0.26024	0.36528	0.06847	0.04948
V675	0.50717	0.11421	0.05376	0.21705	0.10781
V676	0.18245	0.26263	0.37321	0.06844	0.11327
V677	0.03816	0.32018	0.19663	0.37329	0.07174
V678	0.04735	0.34282	0.03625	0.12157	0.45201
V679	0.01447	0.18432	0.35312	0.41295	0.03514
V680	0.14249	0.09714	0.03729	0.37675	0.34633
V681	0.39584	0.12715	0.05479	0.32832	0.09389
V682	0.00476	0.27982	0.62852	0.06025	0.02665
V683	0.051	0.32812	0.4622	0.06295	0.09572
V684	0.05813	0.07413	0.02311	0.80393	0.0407
V685	0.01086	0.25768	0.56798	0.13292	0.03055
V686	0.2243	0.54949	0.08549	0.10259	0.03814
V687	0.00594	0.20312	0.4313	0.32073	0.03891
V688	0.00417	0.27426	0.6201	0.06517	0.03631
V689	0.36118	0.18068	0.17377	0.16513	0.11923
V690	0.08676	0.72933	0.04245	0.10687	0.0346
V691	0.11597	0.18505	0.05837	0.58274	0.05788
V692	0.06503	0.09269	0.02966	0.71136	0.10127
V693	0.01799	0.50848	0.35025	0.09235	0.03093
V694	0.07575	0.22957	0.05256	0.55815	0.08397
V695	0.10501	0.21868	0.14287	0.1051	0.42834
V696	0.08794	0.23417	0.51818	0.06697	0.09274
V697	0.0805	0.22992	0.26237	0.32645	0.10076
V698	0.02105	0.15258	0.16717	0.10635	0.55285
V699	0.03857	0.09719	0.05854	0.62306	0.18264
V700	0.04941	0.70802	0.09165	0.08094	0.06999
V701	0.02105	0.24408	0.03585	0.11694	0.58208
V702	0.0262	0.16614	0.02454	0.64123	0.14189
V703	0.02497	0.08417	0.03743	0.80655	0.04689
V704	0.03849	0.21982	0.32182	0.09082	0.32905
V705	0.67641	0.12561	0.02149	0.12289	0.0536
V706	0.12039	0.22668	0.1477	0.41972	0.08552
V707	0.11653	0.20069	0.08233	0.30412	0.29633
V708	0.02149	0.56127	0.31562	0.07566	0.02596
V709	0.0191	0.12615	0.05087	0.12125	0.68263
V710	0.09668	0.21414	0.3725	0.07218	0.24449
V711	0.06056	0.1073	0.04171	0.13296	0.65747
V712	0.04645	0.23234	0.49109	0.19407	0.03605
V713	0.18806	0.44087	0.26151	0.08438	0.02519
V714	0.05475	0.11198	0.02106	0.12525	0.68695
V715	0.01101	0.37745	0.44093	0.13989	0.03072
V716	0.54438	0.23847	0.03236	0.13978	0.045
V717	0.30342	0.24771	0.12119	0.1057	0.22196
V718	0.47192	0.16631	0.21993	0.08612	0.05573
V719	0.30559	0.29073	0.10759	0.1786	0.11749
V720	0.10639	0.1541	0.09732	0.1275	0.51469
V721	0.03397	0.11981	0.06426	0.13022	0.65173
V722	0.02601	0.26988	0.06899	0.48307	0.15206
V723	0.09003	0.26358	0.1107	0.48637	0.04932
V724	0.10348	0.57668	0.05911	0.22652	0.03421
V725	0.0374	0.11396	0.02861	0.12526	0.69477
V726	0.17669	0.47258	0.07082	0.13264	0.14727
V727	0.01078	0.2726	0.61606	0.06462	0.03594
V728	0.55467	0.14801	0.11572	0.14907	0.03253
V729	0.45278	0.18429	0.04265	0.28501	0.03527
V730	0.09215	0.18275	0.30222	0.35432	0.06856
V731	0.01594	0.09235	0.06611	0.78599	0.03961
V732	0.02652	0.06653	0.0239	0.84023	0.04282
V733	0.02507	0.28039	0.60053	0.05847	0.03554
V734	0.35098	0.22891	0.27547	0.10959	0.03505
V735	0.06129	0.26144	0.19758	0.10562	0.37406
V736	0.02072	0.14289	0.02896	0.12322	0.68422
V737	0.69612	0.12556	0.02855	0.11508	0.03469
V738	0.0256	0.45074	0.03803	0.103	0.38263
V739	0.02717	0.07896	0.01703	0.83402	0.04281
V740	0.17544	0.18783	0.11047	0.10782	0.41845
V741	0.38776	0.11081	0.0231	0.35062	0.12772
V742	0.05652	0.21439	0.40553	0.19174	0.13182
V743	0.03208	0.1553	0.08491	0.1861	0.54162
V744	0.15129	0.16607	0.15195	0.47043	0.06026
V745	0.13771	0.10283	0.05641	0.66189	0.04116
V746	0.28832	0.50562	0.05719	0.09335	0.05551
V747	0.02476	0.27709	0.59363	0.06416	0.04036
V748	0.12537	0.30082	0.24015	0.12286	0.21081
V749	0.14805	0.18899	0.1169	0.4196	0.12647
V750	0.55741	0.24273	0.02727	0.14224	0.03036
V751	0.02805	0.43624	0.423	0.08247	0.03024
V752	0.0282	0.20829	0.0425	0.11785	0.60317
V753	0.39114	0.19175	0.20444	0.1039	0.10877
V754	0.097	0.31895	0.02683	0.51761	0.03961
V755	0.19544	0.62472	0.06057	0.08581	0.03346
V756	0.02752	0.1909	0.04193	0.15471	0.58494
V757	0.14289	0.09605	0.09812	0.62315	0.0398
V758	0.058	0.40253	0.02187	0.4782	0.0394
V759	0.08096	0.15086	0.10564	0.10186	0.56069
V760	0.06643	0.16407	0.189	0.27715	0.30334
V761	0.04594	0.37736	0.47933	0.06757	0.0298
V762	0.01941	0.15607	0.1581	0.39503	0.27139
V763	0.03125	0.30965	0.02938	0.10563	0.52409
V764	0.09586	0.139	0.08602	0.63305	0.04608
V765	0.1221	0.23545	0.46033	0.09931	0.0828
V766	0.0586	0.48331	0.21997	0.11393	0.12418
V767	0.2175	0.45585	0.07698	0.12463	0.12503
V768	0.0512	0.71965	0.07027	0.12507	0.03382
V769	0.53565	0.15582	0.16013	0.09158	0.05681
V770	0.21713	0.19766	0.36738	0.18721	0.03061
V771	0.05675	0.64062	0.03292	0.16541	0.10431
V772	0.0388	0.27375	0.5977	0.06451	0.02524
V773	0.03588	0.10239	0.01971	0.25011	0.5919
V774	0.11746	0.20963	0.40224	0.06957	0.2011
V775	0.65422	0.11435	0.03706	0.15274	0.04164
V776	0.27118	0.4261	0.15106	0.10425	0.0474
V777	0.16244	0.40388	0.21331	0.1607	0.05967
V778	0.40858	0.14322	0.02981	0.26719	0.1512
V779	0.05207	0.45459	0.38026	0.07767	0.03542
V780	0.01782	0.26994	0.62138	0.06497	0.02589
V781	0.14071	0.35869	0.16444	0.08184	0.25433
V782	0.19166	0.28761	0.04082	0.10386	0.37605
V783	0.00509	0.22432	0.46982	0.08665	0.21413
V784	0.02924	0.55255	0.0245	0.29936	0.09435
V785	0.53127	0.20171	0.01969	0.17999	0.06734
V786	0.13587	0.23005	0.03159	0.55074	0.05175
V787	0.11281	0.53575	0.02427	0.2483	0.07887
V788	0.2959	0.41513	0.082	0.08554	0.12143
V789	0.01906	0.20864	0.02622	0.42304	0.32305
V790	0.2247	0.27888	0.07452	0.18085	0.24105
V791	0.14544	0.27349	0.08298	0.24319	0.25491
V792	0.67821	0.1312	0.03881	0.10918	0.04261
V793	0.26056	0.30513	0.06706	0.16486	0.2024
V794	0.02232	0.13668	0.107	0.23694	0.49706
V795	0.11091	0.71372	0.04224	0.09282	0.04031
V796	0.22839	0.40593	0.11077	0.20509	0.04982
V797	0.12916	0.10099	0.01971	0.13169	0.61846
V798	0.11041	0.48248	0.0305	0.16159	0.21502
V799	0.03331	0.20407	0.05971	0.63044	0.07247
V800	0.0349	0.11447	0.03401	0.20742	0.6092
V801	0.2876	0.11933	0.11735	0.42281	0.05291
V802	0.03766	0.25865	0.03555	0.11429	0.55386
V803	0.24148	0.10572	0.02293	0.57735	0.05253
V804	0.15289	0.24359	0.17661	0.36267	0.06424
V805	0.10904	0.26833	0.33907	0.19485	0.0887
V806	0.35305	0.15501	0.17403	0.13422	0.18368
V807	0.5332	0.12338	0.07252	0.13653	0.13437
V808	0.61196	0.12532	0.06018	0.10451	0.09803
V809	0.16326	0.55147	0.04473	0.11328	0.12726
V810	0.03169	0.139	0.05292	0.46968	0.30671
V811	0.05166	0.18079	0.04091	0.18905	0.53759
V812	0.02483	0.59866	0.18348	0.1433	0.04973
V813	0.03062	0.30593	0.19829	0.08539	0.37977
V814	0.1585	0.50237	0.07811	0.21593	0.04509
V815	0.18794	0.59388	0.05249	0.1323	0.03339
V816	0.0264	0.46244	0.02969	0.42449	0.05698
V817	0.5643	0.16127	0.1342	0.1125	0.02773
V818	0.0342	0.31201	0.29465	0.10118	0.25796
V819	0.67363	0.12798	0.03278	0.13269	0.03291
V820	0.05934	0.36889	0.12112	0.39674	0.05391
V821	0.02176	0.11508	0.02225	0.13133	0.70958
V822	0.15583	0.08808	0.02912	0.69011	0.03686
V823	0.04365	0.21279	0.20413	0.08896	0.45047
V824	0.06914	0.13552	0.04157	0.11482	0.63895
V825	0.10592	0.2179	0.45632	0.19423	0.02562
V826	0.03135	0.26733	0.59984	0.07624	0.02524
V827	0.27477	0.19753	0.01852	0.40365	0.10553
V828	0.19414	0.23088	0.11056	0.13796	0.32646
V829	0.07262	0.22003	0.25835	0.21123	0.23777
V830	0.10506	0.23633	0.48486	0.08023	0.09351
V831	0.03063	0.64136	0.06812	0.21327	0.04662
V832	0.17603	0.10663	0.07969	0.28872	0.34892
V833	0.15879	0.66197	0.03433	0.08723	0.05768
V834	0.54735	0.2129	0.04958	0.1191	0.07107
V835	0.19633	0.31524	0.09577	0.30274	0.08992
V836	0.26166	0.22815	0.33034	0.14965	0.03021
V837	0.03478	0.7181	0.04185	0.12054	0.08473
V838	0.01508	0.08297	0.08019	0.77643	0.04532
V839	0.04107	0.14617	0.08548	0.10878	0.6185
V840	0.66613	0.12421	0.04355	0.12937	0.03673
V841	0.15314	0.24675	0.50393	0.06724	0.02893
V842	0.37714	0.17148	0.17707	0.23661	0.03769
V843	0.34883	0.13939	0.13946	0.14578	0.22654
V844	0.01444	0.33701	0.52986	0.07821	0.04047
V845	0.03333	0.08147	0.0171	0.60754	0.26056
V846	0.09722	0.15488	0.10502	0.1482	0.49468
V847	0.17757	0.11427	0.06613	0.2012	0.44082
V848	0.54751	0.13399	0.0243	0.17521	0.11898
V849	0.09766	0.25875	0.49428	0.06747	0.08184
V850	0.16327	0.18416	0.2455	0.19433	0.21274
V851	0.6974	0.11813	0.02264	0.12183	0.04
V852	0.19497	0.16149	0.08767	0.23012	0.32575
V853	0.02823	0.28633	0.44443	0.16619	0.07482
V854	0.03928	0.39112	0.22198	0.1385	0.20912
V855	0.08603	0.38508	0.09905	0.33769	0.09216
V856	0.13149	0.40411	0.07092	0.08948	0.30401
V857	0.06772	0.15537	0.15692	0.41499	0.20499
V858	0.0246	0.37849	0.17718	0.24715	0.17256
V859	0.11422	0.0884	0.03585	0.70037	0.06116
V860	0.04015	0.19433	0.07401	0.61316	0.07834
V861	0.11735	0.12307	0.12097	0.59944	0.03918
V862	0.06768	0.10923	0.04036	0.18746	0.59527
V863	0.03898	0.77609	0.04396	0.09337	0.0476
V864	0.03083	0.25376	0.5837	0.10657	0.02514
V865	0.06166	0.21416	0.45406	0.24363	0.02649
V866	0.02644	0.24065	0.45852	0.23219	0.04219
V867	0.4488	0.13068	0.02481	0.10299	0.29272
V868	0.16668	0.31742	0.31617	0.15863	0.0411
V869	0.02769	0.10976	0.04331	0.13058	0.68866
V870	0.21411	0.23341	0.08783	0.28547	0.17918
V871	0.03909	0.16163	0.10697	0.17375	0.51857
V872	0.30221	0.11918	0.02927	0.48106	0.06829
V873	0.04919	0.34644	0.14423	0.38075	0.07939
V874	0.08713	0.14496	0.02711	0.12122	0.61958
V875	0.01852	0.22336	0.03984	0.499	0.21926
V876	0.37229	0.1623	0.07037	0.10772	0.28733
V877	0.18654	0.55674	0.05832	0.15951	0.03889
V878	0.02962	0.60079	0.06035	0.26794	0.0413
V879	0.65722	0.14342	0.0324	0.13003	0.03693
V880	0.07435	0.15326	0.04535	0.44248	0.28456
V881	0.01312	0.21068	0.4144	0.07301	0.28879
V882	0.04147	0.42958	0.03571	0.46053	0.03271
V883	0.39334	0.22683	0.03134	0.24277	0.10572
V884	0.02185	0.10765	0.02229	0.14	0.70821
V885	0.12585	0.22284	0.31188	0.15857	0.18087
V886	0.01687	0.09949	0.04824	0.29145	0.54395
V887	0.07946	0.7445	0.03611	0.08688	0.05305
V888	0.05602	0.16218	0.06576	0.63731	0.07873
V889	0.10036	0.69423	0.06223	0.10379	0.03939
V890	0.03521	0.11787	0.13138	0.59884	0.1167
V891	0.0051	0.28923	0.60789	0.07174	0.02605
V892	0.4564	0.27981	0.03883	0.09985	0.12511
V893	0.10667	0.30917	0.38741	0.12844	0.06831
V894	0.08267	0.4804	0.06434	0.30666	0.06593
V895	0.47437	0.16711	0.2248	0.10309	0.03063
V896	0.15924	0.28622	0.20481	0.31601	0.03372
V897	0.01558	0.0776	0.05178	0.72593	0.12911
V898	0.32262	0.11083	0.03114	0.12477	0.41063
V899	0.42945	0.33808	0.09118	0.08763	0.05366
