mature.neutrophil	CD14.pos.CD16.neg.classical.monocyte	macrophage	memory.CD4.pos.AB.T.cell	cytotoxic.CD56.dim.NK.cell
V1	0.28106	0.20664	0.21567	0.17453	0.12209
V2	0.06716	0.69793	0.08762	0.10973	0.03757
V3	0.05411	0.15123	0.34397	0.42892	0.02177
V4	0.01405	0.10024	0.20077	0.10015	0.58479
V5	0.01882	0.05014	0.06274	0.15199	0.71631
V6	0.28077	0.1375	0.22456	0.25726	0.09991
V7	0.0095	0.15669	0.34329	0.11097	0.37954
V8	0.01011	0.24145	0.63684	0.09637	0.01523
V9	0.04553	0.10351	0.21213	0.62265	0.01618
V10	0.3883	0.18926	0.35841	0.03088	0.03316
V11	0.03573	0.07526	0.09775	0.11622	0.67503
V12	0.07029	0.09971	0.18548	0.33143	0.31309
V13	0.11447	0.08516	0.04282	0.45313	0.30442
V14	0.13462	0.06378	0.06873	0.64943	0.08344
V15	0.01618	0.05188	0.00986	0.89299	0.02909
V16	0.48315	0.12246	0.02046	0.35755	0.01639
V17	0.06704	0.22349	0.03234	0.11105	0.56608
V18	0.08248	0.41019	0.23946	0.25484	0.01302
V19	0.03092	0.04281	0.0132	0.16973	0.74334
V20	0.00078	0.19712	0.53968	0.23996	0.02246
V21	0.02281	0.26045	0.13	0.20863	0.3781
V22	0.69937	0.15854	0.06399	0.04295	0.03515
V23	0.07376	0.05672	0.03185	0.18391	0.65375
V24	0.40658	0.15337	0.02991	0.09486	0.31528
V25	0.02202	0.05789	0.0242	0.46085	0.43503
V26	0.42337	0.22547	0.06615	0.08792	0.1971
V27	0.12403	0.46772	0.18734	0.05092	0.16999
V28	0.02361	0.13708	0.17251	0.6307	0.03609
V29	0.00125	0.11008	0.26515	0.60028	0.02325
V30	0.63611	0.16025	0.0332	0.07042	0.10002
V31	0.37128	0.16676	0.02351	0.27609	0.16237
V32	0.786	0.09022	0.01301	0.05258	0.05818
V33	0.02672	0.18414	0.03139	0.16901	0.58874
V34	0.14131	0.76208	0.04397	0.05265	0
V35	0.10009	0.57211	0.25778	0.06819	0.00184
V36	0.0291	0.20511	0.15719	0.13719	0.47141
V37	0.64432	0.07625	0.00655	0.06386	0.20902
V38	0.10376	0.16964	0.37299	0.22272	0.13089
V39	0.27867	0.15738	0.2677	0.05452	0.24173
V40	0.22972	0.53707	0.04404	0.15749	0.03168
V41	0.06571	0.76034	0.05237	0.05073	0.07085
V42	0.73214	0.11736	0.02524	0.05657	0.0687
V43	0.40715	0.23383	0.27952	0.06026	0.01925
V44	0.03496	0.36631	0.45786	0.03747	0.1034
V45	0.0448	0.59463	0.1207	0.20076	0.03912
V46	0.12931	0.67909	0.10102	0.07699	0.01358
V47	0.00214	0.25508	0.69312	0.02692	0.02274
V48	0.14509	0.18954	0.19012	0.35752	0.11773
V49	0.39408	0.21838	0.19226	0.17614	0.01913
V50	0.02066	0.26217	0.67606	0.02583	0.01528
V51	0.09881	0.28231	0.18282	0.10759	0.32848
V52	0.07261	0.82496	0.04854	0.05389	0
V53	0.02331	0.16199	0.02117	0.77773	0.0158
V54	0.18575	0.05031	0.02004	0.57606	0.16784
V55	0.06127	0.04073	0.0086	0.8681	0.0213
V56	0.06044	0.03448	0.01467	0.78094	0.10947
V57	0.13647	0.25921	0.4344	0.05958	0.11034
V58	0.06496	0.06589	0.1234	0.24655	0.4992
V59	0.71772	0.12261	0.08016	0.05543	0.02409
V60	0.37262	0.23685	0.1176	0.16781	0.10512
V61	0.17348	0.05859	0.03498	0.27072	0.46223
V62	0.05362	0.12498	0.25044	0.17366	0.3973
V63	0.36084	0.26331	0.06927	0.08331	0.22327
V64	0.79154	0.10664	0.026	0.04904	0.02678
V65	0.07467	0.1061	0.0444	0.64422	0.1306
V66	0.02061	0.072	0.11597	0.76617	0.02525
V67	0.01046	0.12287	0.2795	0.13773	0.44943
V68	0.38313	0.1581	0.30623	0.07222	0.08031
V69	0.501	0.20277	0.16966	0.06079	0.06577
V70	0.06986	0.62007	0.07456	0.22053	0.01498
V71	0.10947	0.69182	0.0785	0.1149	0.00531
V72	0.04538	0.34904	0.04568	0.09131	0.46859
V73	0.05006	0.06452	0.09226	0.59813	0.19504
V74	0.00886	0.07976	0.01771	0.81445	0.07921
V75	0.40445	0.26903	0.25494	0.04714	0.02443
V76	0.00573	0.04132	0.02329	0.86364	0.06602
V77	0.01879	0.2428	0.65822	0.06469	0.01549
V78	0.00248	0.25715	0.68327	0.03465	0.02246
V79	0.08047	0.35579	0.05809	0.19513	0.31052
V80	0.13845	0.64151	0.037	0.10408	0.07896
V81	0.011	0.25497	0.69216	0.02605	0.01582
V82	0.20716	0.17127	0.03859	0.56232	0.02067
V83	0.08579	0.10068	0.03025	0.57931	0.20398
V84	0.09249	0.16008	0.02243	0.11632	0.60868
V85	0.00209	0.25497	0.69272	0.03429	0.01594
V86	0.0233	0.28495	0.26265	0.41194	0.01715
V87	0.38435	0.07987	0.04465	0.46053	0.0306
V88	0.27584	0.18227	0.0591	0.24185	0.24094
V89	0.04079	0.28172	0.59974	0.06434	0.01341
V90	0.02445	0.18045	0.06647	0.16318	0.56544
V91	0.00397	0.0574	0.0733	0.84535	0.01998
V92	0.21476	0.08153	0.03646	0.11454	0.55272
V93	0.00888	0.13252	0.14341	0.5442	0.17098
V94	0.03981	0.16392	0.03552	0.2998	0.46095
V95	0.06448	0.21116	0.03797	0.16686	0.51954
V96	0.66756	0.09352	0.02987	0.07523	0.13382
V97	0.14718	0.07492	0.05062	0.17433	0.55295
V98	0.05484	0.36001	0.17583	0.17246	0.23686
V99	0.44622	0.15869	0.01627	0.26535	0.11347
V100	0.46757	0.19479	0.05673	0.10128	0.17963
V101	0.08222	0.80944	0.0553	0.05304	0
V102	0.27712	0.26147	0.12975	0.15231	0.17935
V103	0.12122	0.03612	0.01764	0.12322	0.70181
V104	0.05262	0.37099	0.09809	0.08689	0.39141
V105	0.01959	0.05267	0.04858	0.16197	0.7172
V106	0.06403	0.68217	0.1748	0.04937	0.02964
V107	0.04775	0.33829	0.52115	0.07523	0.01758
V108	0.01926	0.33262	0.60936	0.02653	0.01223
V109	0.05814	0.20868	0.0648	0.33091	0.33747
V110	0.17126	0.46888	0.18472	0.15666	0.01847
V111	0.24994	0.32049	0.38264	0.03614	0.01078
V112	0.15533	0.06738	0.09671	0.49566	0.18493
V113	0.21019	0.07571	0.0972	0.20479	0.41211
V114	0.48541	0.13305	0.05268	0.21623	0.11263
V115	0.73567	0.0831	0.01207	0.06181	0.10735
V116	0.02259	0.03652	0.01393	0.14271	0.78425
V117	0.04446	0.22516	0.59116	0.10455	0.03467
V118	0.03358	0.03894	0.00894	0.88199	0.03656
V119	0.26872	0.15852	0.30343	0.25466	0.01467
V120	0.00953	0.21869	0.5985	0.13116	0.04211
V121	0.21175	0.63381	0.03578	0.05655	0.06212
V122	0.03697	0.35109	0.09628	0.2929	0.22275
V123	0.41728	0.11035	0.07265	0.23199	0.16773
V124	0.19149	0.14067	0.06542	0.27312	0.32929
V125	0.04563	0.47534	0.42752	0.03836	0.01315
V126	0.14146	0.22754	0.1939	0.16048	0.27661
V127	0.22964	0.19494	0.47681	0.07762	0.02099
V128	0.22408	0.67274	0.04543	0.04347	0.01427
V129	0.22761	0.1376	0.22111	0.20888	0.20479
V130	0.03558	0.44052	0.0633	0.29167	0.16893
V131	0.01066	0.09372	0.18954	0.6891	0.01698
V132	0.30837	0.06638	0.00754	0.38292	0.2348
V133	0.00661	0.19315	0.4355	0.12307	0.24167
V134	0.06367	0.22504	0.57452	0.05459	0.08219
V135	0.02355	0.26554	0.54754	0.05854	0.10484
V136	0.81168	0.09454	0.01381	0.05186	0.02811
V137	0.7546	0.11031	0.01328	0.0775	0.04431
V138	0.22386	0.17073	0.08098	0.18861	0.33582
V139	0.10289	0.07621	0.13453	0.66251	0.02386
V140	0.03261	0.06854	0.14005	0.10989	0.6489
V141	0.02009	0.33145	0.50504	0.12562	0.0178
V142	0.18245	0.12061	0.26588	0.16906	0.262
V143	0.02041	0.28104	0.3944	0.17394	0.13021
V144	0.44172	0.23753	0.07297	0.16588	0.0819
V145	0.00238	0.25269	0.67282	0.04303	0.02907
V146	0.03686	0.29826	0.02747	0.37845	0.25897
V147	0.08384	0.23714	0.50805	0.13084	0.04014
V148	0.17462	0.68602	0.04635	0.07936	0.01365
V149	0.00645	0.03734	0.00957	0.88724	0.0594
V150	0.1302	0.30874	0.4552	0.03327	0.0726
V151	0.36964	0.06977	0.01888	0.43249	0.10923
V152	0.01205	0.05889	0.10071	0.75071	0.07764
V153	0.15242	0.27443	0.36895	0.08525	0.11896
V154	0.12642	0.51817	0.05191	0.08798	0.21553
V155	0.02955	0.07232	0.11552	0.75773	0.02489
V156	0.08754	0.15046	0.31833	0.18732	0.25636
V157	0.08332	0.10934	0.14785	0.3193	0.34018
V158	0.1692	0.14726	0.3483	0.09003	0.2452
V159	0.10364	0.20622	0.02832	0.62022	0.0416
V160	0.39973	0.19703	0.09298	0.09618	0.21409
V161	0.19383	0.07537	0.06341	0.09911	0.56829
V162	0.00277	0.2615	0.69356	0.02641	0.01576
V163	0.05712	0.04096	0.02593	0.1543	0.7217
V164	0.77745	0.12687	0.02079	0.05509	0.0198
V165	0.52881	0.24154	0.08419	0.09369	0.05178
V166	0.04585	0.09117	0.1976	0.58348	0.0819
V167	0.04635	0.55704	0.04821	0.19723	0.15117
V168	0.00277	0.2615	0.69356	0.02641	0.01576
V169	0.06555	0.61341	0.1776	0.12854	0.01491
V170	0.23097	0.35142	0.06927	0.24192	0.10641
V171	0.25925	0.19494	0.28879	0.20357	0.05345
V172	0.17049	0.22539	0.07882	0.09829	0.42701
V173	0.18626	0.14204	0.08668	0.43237	0.15266
V174	0.18168	0.12604	0.28164	0.23	0.18064
V175	0.07363	0.17199	0.11524	0.23764	0.40149
V176	0.31555	0.06558	0.01313	0.58761	0.01813
V177	0.16592	0.19448	0.42548	0.1935	0.02063
V178	0.2347	0.18539	0.3535	0.14449	0.08192
V179	0.09527	0.04772	0.01862	0.12538	0.71301
V180	0.028	0.12647	0.28445	0.08342	0.47766
V181	0.06834	0.24279	0.01963	0.14212	0.52712
V182	0.49622	0.23278	0.01933	0.20539	0.04628
V183	0.09294	0.81096	0.04728	0.04554	0.00328
V184	0.26558	0.12703	0.23698	0.33543	0.03499
V185	0.10647	0.42075	0.04667	0.20626	0.21984
V186	0.12584	0.18057	0.04064	0.30881	0.34414
V187	0.09008	0.58795	0.03457	0.27909	0.00831
V188	0.69766	0.11202	0.03638	0.12985	0.0241
V189	0.40059	0.2406	0.04674	0.29335	0.01872
V190	0.35519	0.15528	0.183	0.07132	0.23522
V191	0.19628	0.20931	0.02061	0.46309	0.11071
V192	0.2831	0.22001	0.11973	0.25303	0.12414
V193	0.06684	0.2991	0.41921	0.07938	0.13548
V194	0.23456	0.10711	0.08443	0.1701	0.40381
V195	0.48887	0.24455	0.19946	0.04821	0.0189
V196	0.01851	0.04339	0.0625	0.15286	0.72274
V197	0.08924	0.77864	0.04542	0.08293	0.00377
V198	0.21156	0.22013	0.04816	0.25833	0.26182
V199	0.63852	0.13422	0.17488	0.03539	0.017
V200	0.64539	0.08046	0.0352	0.07708	0.16188
V201	0.03286	0.03652	0.02857	0.73064	0.17141
V202	0.77876	0.12945	0.00907	0.05665	0.02607
V203	0.4755	0.2539	0.03979	0.10553	0.12528
V204	0.30444	0.1177	0.04291	0.08574	0.4492
V205	0.10707	0.09038	0.10892	0.15262	0.54101
V206	0.03829	0.10799	0.01167	0.79493	0.04712
V207	0.01618	0.05188	0.00986	0.89299	0.02909
V208	0.14361	0.30196	0.38412	0.08263	0.08768
V209	0.14421	0.08142	0.09252	0.1204	0.56146
V210	0.00206	0.25243	0.68822	0.03471	0.02259
V211	0.14166	0.10808	0.17501	0.10708	0.46817
V212	0.07495	0.67185	0.10915	0.09006	0.05399
V213	0.09394	0.0493	0.06327	0.31979	0.4737
V214	0.03324	0.53383	0.35646	0.05069	0.02578
V215	0.22756	0.24217	0.12992	0.13525	0.26511
V216	0.05484	0.13892	0.27143	0.10806	0.42675
V217	0.00533	0.03634	0.02988	0.84029	0.08816
V218	0.06793	0.23793	0.24488	0.36361	0.08565
V219	0.11856	0.32	0.32077	0.22464	0.01604
V220	0.20791	0.6476	0.089	0.04866	0.00683
V221	0.04307	0.19037	0.39567	0.06651	0.30438
V222	0.03085	0.03844	0.02035	0.14592	0.76444
V223	0.43018	0.1418	0.24702	0.15324	0.02777
V224	0.05172	0.47572	0.0508	0.14863	0.27312
V225	0.612	0.21796	0.11251	0.03749	0.02005
V226	0.45018	0.46757	0.02626	0.04287	0.01312
V227	0.08705	0.2345	0.02319	0.61412	0.04113
V228	0.47998	0.14834	0.21632	0.10867	0.04669
V229	0.24752	0.39857	0.23628	0.08295	0.03468
V230	0.03061	0.0317	0.02027	0.14727	0.77015
V231	0.07188	0.52931	0.08393	0.23337	0.08151
V232	0.66412	0.12721	0.14809	0.04329	0.0173
V233	0.05874	0.08766	0.13277	0.17213	0.5487
V234	0.02226	0.36179	0.19927	0.38727	0.02941
V235	0.80133	0.09684	0.00781	0.07241	0.02162
V236	0.07114	0.18822	0.47647	0.20895	0.05522
V237	0.11096	0.15825	0.22102	0.34161	0.16816
V238	0.0155	0.03585	0.0181	0.36041	0.57014
V239	0.06964	0.3589	0.06566	0.23853	0.26725
V240	0.08544	0.74264	0.05108	0.06698	0.05386
V241	0.07307	0.82919	0.04872	0.04607	0.00295
V242	0.03678	0.33584	0.26072	0.30684	0.05982
V243	0.39687	0.14187	0.25763	0.07164	0.13198
V244	0.03799	0.38403	0.18613	0.13792	0.25393
V245	0.06757	0.79084	0.07064	0.07096	0
V246	0.54499	0.26672	0.03991	0.05509	0.09329
V247	0.16903	0.24922	0.46069	0.08193	0.03913
V248	0.10718	0.52411	0.05282	0.07367	0.24222
V249	0.22296	0.14395	0.17559	0.15286	0.30464
V250	0.02163	0.20293	0.4915	0.07724	0.2067
V251	0.18436	0.08613	0.08264	0.58829	0.05858
V252	0.02477	0.24152	0.43293	0.17858	0.1222
V253	0.29023	0.50393	0.09958	0.08856	0.0177
V254	0.48115	0.34562	0.01931	0.13102	0.02289
V255	0.69225	0.13858	0.00867	0.073	0.0875
V256	0.056	0.6659	0.05431	0.06684	0.15695
V257	0.3936	0.31053	0.13535	0.08086	0.07967
V258	0.15002	0.29213	0.0603	0.48061	0.01695
V259	0.4673	0.30085	0.15777	0.04382	0.03026
V260	0.23191	0.09738	0.0981	0.15338	0.41924
V261	0.01936	0.16272	0.39753	0.30382	0.11657
V262	0.75095	0.11554	0.04946	0.05885	0.02519
V263	0.66898	0.14088	0.02004	0.1533	0.0168
V264	0.08755	0.7693	0.05284	0.09032	0
V265	0.68714	0.15854	0.06995	0.06194	0.02243
V266	0.02632	0.05045	0.08313	0.13956	0.70053
V267	0.05427	0.03807	0.01789	0.2488	0.64097
V268	0.18832	0.39645	0.14152	0.2239	0.04981
V269	0.0848	0.35054	0.30393	0.22423	0.0365
V270	0.04128	0.04806	0.03627	0.85399	0.02039
V271	0.2401	0.61744	0.04173	0.07023	0.0305
V272	0.12411	0.71138	0.06387	0.06335	0.03728
V273	0.24686	0.10306	0.14765	0.35226	0.15017
V274	0.08981	0.07601	0.04467	0.27299	0.51653
V275	0.05591	0.62025	0.17069	0.13838	0.01477
V276	0.00949	0.19689	0.51505	0.24301	0.03556
V277	0.30245	0.18834	0.43278	0.03661	0.03982
V278	0.00447	0.13721	0.27391	0.46481	0.11959
V279	0.12555	0.04798	0.0206	0.74349	0.06238
V280	0.16715	0.06969	0.04058	0.62373	0.09886
V281	0.02514	0.20935	0.05119	0.6941	0.02021
V282	0.08328	0.81977	0.04793	0.04585	0.00316
V283	0.31541	0.08468	0.10134	0.10011	0.39846
V284	0.0279	0.24294	0.42234	0.05295	0.25386
V285	0.48306	0.40592	0.02222	0.07403	0.01476
V286	0.07139	0.23916	0.60484	0.06358	0.02103
V287	0.21318	0.13443	0.14461	0.3243	0.18348
V288	0.17386	0.19236	0.46529	0.04447	0.12401
V289	0.14231	0.21086	0.03493	0.59259	0.01931
V290	0.39694	0.42499	0.1348	0.03634	0.00693
V291	0.35865	0.20725	0.01931	0.39481	0.01998
V292	0.10766	0.15423	0.32264	0.09289	0.32258
V293	0.00642	0.28848	0.60354	0.07481	0.02674
V294	0.02203	0.03851	0.02103	0.14035	0.77808
V295	0.01159	0.12956	0.26388	0.51442	0.08055
V296	0.72454	0.16039	0.01003	0.06251	0.04252
V297	0.01852	0.21466	0.56928	0.14868	0.04886
V298	0.25225	0.05388	0.01308	0.56891	0.11188
V299	0.22833	0.04872	0.01952	0.68473	0.01869
V300	0.81229	0.09835	0.00824	0.05914	0.02197
V301	0.78993	0.09121	0.01304	0.07847	0.02736
V302	0.01284	0.03546	0.01717	0.4729	0.46163
V303	0.1012	0.21444	0.18665	0.22567	0.27204
V304	0.16065	0.23088	0.54078	0.03452	0.03316
V305	0.19652	0.30117	0.09668	0.16336	0.24227
V306	0.32912	0.56229	0.03143	0.06009	0.01707
V307	0.19731	0.11586	0.21675	0.45434	0.01573
V308	0.19672	0.20068	0.48065	0.10117	0.02077
V309	0.54612	0.12952	0.05105	0.16331	0.11001
V310	0.03847	0.05106	0.01935	0.20226	0.68885
V311	0.01315	0.04202	0.04407	0.87226	0.0285
V312	0.0868	0.27665	0.22135	0.06786	0.34735
V313	0.06307	0.26065	0.03188	0.37702	0.26737
V314	0.076	0.04532	0.01593	0.43775	0.425
V315	0.79085	0.09293	0.01903	0.0513	0.04588
V316	0.11464	0.51055	0.2383	0.07303	0.06348
V317	0.32258	0.22711	0.38094	0.03711	0.03225
V318	0.75813	0.08663	0.0124	0.05404	0.08879
V319	0.09139	0.25718	0.59713	0.0402	0.0141
V320	0.06947	0.03648	0.01476	0.85126	0.02803
V321	0.1253	0.35051	0.26334	0.232	0.02884
V322	0.01511	0.34296	0.45955	0.08528	0.0971
V323	0.21944	0.2957	0.34685	0.05851	0.07949
V324	0.03373	0.07724	0.0446	0.81856	0.02588
V325	0.53095	0.16475	0.07918	0.15776	0.06736
V326	0.05196	0.0576	0.05953	0.22189	0.60903
V327	0.3108	0.44334	0.1171	0.06581	0.06294
V328	0.04583	0.28421	0.15321	0.49266	0.0241
V329	0.00349	0.15708	0.30834	0.5095	0.02159
V330	0.07161	0.23954	0.60575	0.02893	0.05417
V331	0.12578	0.07808	0.08596	0.17025	0.53992
V332	0.38499	0.19661	0.34008	0.0389	0.03943
V333	0.3375	0.14721	0.2429	0.18946	0.08293
V334	0.0425	0.35704	0.44325	0.11302	0.04419
V335	0.6013	0.13314	0.07536	0.08272	0.10748
V336	0.16528	0.53148	0.25077	0.03501	0.01746
V337	0.01792	0.03855	0.026	0.25428	0.66326
V338	0.59277	0.12402	0.12647	0.06386	0.09288
V339	0.206	0.48993	0.18412	0.04182	0.07813
V340	0.03987	0.18184	0.10991	0.13819	0.53018
V341	0.02856	0.4874	0.38331	0.04388	0.05686
V342	0.24827	0.25497	0.34678	0.13785	0.01212
V343	0.56757	0.14515	0.22469	0.04633	0.01627
V344	0.11691	0.65388	0.07568	0.07481	0.07872
V345	0.19555	0.08038	0.01563	0.34154	0.3669
V346	0.03564	0.33106	0.27497	0.32102	0.03731
V347	0.08494	0.44183	0.04775	0.38264	0.04284
V348	0.0175	0.23218	0.3596	0.2661	0.12461
V349	0.0636	0.36867	0.42846	0.05173	0.08754
V350	0.10846	0.37293	0.09554	0.28923	0.13384
V351	0.14908	0.16563	0.3334	0.32463	0.02726
V352	0.11176	0.51811	0.31857	0.04064	0.01092
V353	0.23968	0.30032	0.0526	0.10925	0.29816
V354	0.4684	0.17322	0.31237	0.03051	0.01549
V355	0.0734	0.12864	0.26718	0.50895	0.02183
V356	0.08039	0.23559	0.59354	0.0499	0.04058
V357	0.04185	0.1779	0.4027	0.0809	0.29664
V358	0.02431	0.06732	0.0376	0.84404	0.02673
V359	0.04769	0.11825	0.01863	0.7983	0.01713
V360	0.5859	0.12925	0.08175	0.1871	0.016
V361	0.32071	0.43893	0.10184	0.04558	0.09294
V362	0.67575	0.10635	0.08569	0.04581	0.0864
V363	0.03732	0.0572	0.01908	0.24151	0.6449
V364	0.04099	0.25472	0.03858	0.4939	0.17181
V365	0.00591	0.03969	0.01655	0.89321	0.04464
V366	0.17681	0.20702	0.44067	0.09409	0.0814
V367	0.20323	0.25323	0.18507	0.20946	0.14902
V368	0.6253	0.16541	0.10894	0.05393	0.04643
V369	0.05034	0.58503	0.2393	0.12418	0.00115
V370	0.02363	0.17742	0.11628	0.40741	0.27525
V371	0.07883	0.79264	0.08686	0.04167	0
V372	0.53883	0.15357	0.124	0.14997	0.03364
V373	0.12465	0.57442	0.14831	0.14437	0.00825
V374	0.08496	0.16103	0.29923	0.44036	0.01443
V375	0.24859	0.19554	0.44023	0.10087	0.01477
V376	0.01747	0.1266	0.32763	0.08597	0.44232
V377	0.08977	0.46368	0.20386	0.23122	0.01147
V378	0.13719	0.49826	0.18073	0.04797	0.13584
V379	0.03296	0.06326	0.10368	0.16891	0.63119
V380	0.01629	0.11309	0.1496	0.52488	0.19614
V381	0.14219	0.07689	0.01845	0.11337	0.6491
V382	0.36052	0.05309	0.01245	0.3424	0.23153
V383	0.02759	0.10486	0.22022	0.63107	0.01626
V384	0.24623	0.12261	0.14141	0.43288	0.05687
V385	0.08956	0.10942	0.02083	0.11645	0.66374
V386	0.55189	0.07881	0.01204	0.3391	0.01817
V387	0.23195	0.0664	0.0138	0.64925	0.0386
V388	0.0718	0.73157	0.07403	0.11814	0.00447
V389	0.14034	0.66944	0.05346	0.0828	0.05397
V390	0.15543	0.04713	0.01374	0.68416	0.09954
V391	0.6175	0.18328	0.01058	0.12182	0.06682
V392	0.79339	0.11468	0.01452	0.05668	0.02072
V393	0.08816	0.09227	0.13024	0.54357	0.14576
V394	0.5953	0.08662	0.02966	0.19915	0.08927
V395	0.00172	0.12536	0.29605	0.55412	0.02275
V396	0.45266	0.18006	0.31534	0.03092	0.02101
V397	0.57464	0.18012	0.04084	0.15758	0.04683
V398	0.05619	0.07516	0.14406	0.64198	0.0826
V399	0.04375	0.05497	0.01149	0.34756	0.54222
V400	0.16336	0.47703	0.1627	0.19304	0.00387
V401	0.26348	0.19498	0.46426	0.06237	0.01491
V402	0.3085	0.17778	0.33748	0.10239	0.07385
V403	0.14217	0.09586	0.01194	0.21992	0.53012
V404	0.00345	0.17823	0.38047	0.38865	0.0492
V405	0.30947	0.25973	0.07694	0.26226	0.0916
V406	0.02045	0.25749	0.66658	0.02679	0.02868
V407	0.73418	0.1225	0.03756	0.08715	0.0186
V408	0.03933	0.32379	0.02883	0.32225	0.2858
V409	0.09702	0.05885	0.06257	0.68206	0.09951
V410	0.11633	0.21104	0.26873	0.10033	0.30357
V411	0.02229	0.03632	0.01376	0.1505	0.77713
V412	0.03008	0.16946	0.12447	0.11491	0.56108
V413	0.02714	0.25916	0.14493	0.40662	0.16216
V414	0.04145	0.09704	0.01193	0.519	0.33058
V415	0.15665	0.03841	0.01682	0.11776	0.67036
V416	0.10382	0.10748	0.03229	0.22932	0.52709
V417	0.0105	0.21097	0.56424	0.15119	0.06309
V418	0.5065	0.35987	0.039	0.05837	0.03625
V419	0.22302	0.06628	0.02826	0.19966	0.48277
V420	0.20864	0.06826	0.09653	0.12866	0.49791
V421	0.01588	0.0674	0.11945	0.14618	0.65108
V422	0.01506	0.05551	0.05079	0.73072	0.14792
V423	0.25124	0.25264	0.24097	0.22384	0.03131
V424	0.00815	0.15165	0.3913	0.06984	0.37906
V425	0.32382	0.33429	0.01986	0.07381	0.24822
V426	0.21195	0.18491	0.03237	0.49127	0.07951
V427	0.21612	0.57158	0.16679	0.03665	0.00886
V428	0.10555	0.56787	0.10121	0.14544	0.07992
V429	0.14165	0.67959	0.03905	0.11811	0.0216
V430	0.03123	0.14091	0.32627	0.22651	0.27508
V431	0.11066	0.35988	0.18821	0.28999	0.05126
V432	0.26188	0.12801	0.11306	0.3712	0.12585
V433	0.16589	0.16938	0.39111	0.2395	0.03412
V434	0.21763	0.33752	0.31374	0.05219	0.07893
V435	0.45257	0.18122	0.27831	0.06705	0.02085
V436	0.0709	0.52478	0.12299	0.10753	0.17379
V437	0.17471	0.06514	0.03545	0.24538	0.47931
V438	0.1261	0.31184	0.1841	0.31789	0.06007
V439	0.51138	0.07563	0.04868	0.33382	0.03048
V440	0.02941	0.41191	0.45933	0.0486	0.05074
V441	0.04201	0.52636	0.35432	0.06622	0.01109
V442	0.08287	0.81751	0.05592	0.04371	0
V443	0.7841	0.09021	0.01287	0.09167	0.02116
V444	0.15026	0.3791	0.0503	0.3841	0.03625
V445	0.06682	0.35998	0.05808	0.49291	0.02221
V446	0.09889	0.08855	0.09215	0.58295	0.13745
V447	0.06454	0.04067	0.02202	0.50568	0.36709
V448	0.15627	0.04849	0.02992	0.12709	0.63823
V449	0.00277	0.2615	0.69356	0.02641	0.01576
V450	0.18332	0.16707	0.21109	0.18158	0.25694
V451	0.24493	0.20742	0.06772	0.37837	0.10155
V452	0.01151	0.07766	0.1379	0.71918	0.05375
V453	0.02107	0.04036	0.01024	0.52111	0.40723
V454	0.01243	0.19541	0.51748	0.06916	0.20552
V455	0.06492	0.26805	0.24587	0.1039	0.31727
V456	0.78057	0.09384	0.00721	0.07273	0.04565
V457	0.57995	0.22722	0.04366	0.10327	0.0459
V458	0.02981	0.41004	0.42713	0.08996	0.04305
V459	0.12309	0.09919	0.05716	0.51635	0.2042
V460	0.55552	0.1476	0.16212	0.10093	0.03383
V461	0.17738	0.32491	0.22033	0.06824	0.20914
V462	0.04889	0.09539	0.02441	0.55156	0.27974
V463	0.18744	0.09294	0.02185	0.6742	0.02359
V464	0.14676	0.30873	0.48437	0.04236	0.01779
V465	0.05134	0.10986	0.02823	0.1363	0.67426
V466	0.03799	0.02893	0.01205	0.21636	0.70468
V467	0.05713	0.23034	0.037	0.58686	0.08867
V468	0.50087	0.31304	0.11	0.03931	0.03677
V469	0.02536	0.29839	0.07061	0.33685	0.2688
V470	0.69337	0.12857	0.03135	0.12306	0.02365
V471	0.35537	0.27772	0.04227	0.19466	0.12997
V472	0.02115	0.06667	0.04952	0.12949	0.73317
V473	0.03312	0.2499	0.2154	0.34895	0.15262
V474	0.25619	0.16134	0.06479	0.46842	0.04926
V475	0.13972	0.19647	0.44419	0.06996	0.14966
V476	0.1364	0.09233	0.09131	0.61349	0.06648
V477	0.073	0.82633	0.05682	0.04385	0
V478	0.16666	0.04522	0.01691	0.1151	0.65611
V479	0.69334	0.13033	0.03749	0.11533	0.0235
V480	0.14763	0.56875	0.0845	0.16791	0.0312
V481	0.22915	0.33873	0.07565	0.2333	0.12317
V482	0.12814	0.61483	0.20492	0.03684	0.01526
V483	0.31041	0.45878	0.02574	0.15648	0.0486
V484	0.21478	0.46178	0.12905	0.17594	0.01845
V485	0.54972	0.1536	0.10403	0.15896	0.03368
V486	0.0677	0.16102	0.25059	0.07839	0.4423
V487	0.11833	0.2249	0.3274	0.31059	0.01878
V488	0.35868	0.10422	0.00855	0.3811	0.14744
V489	0.01233	0.34225	0.51902	0.10183	0.02457
V490	0.0097	0.20668	0.54726	0.21426	0.0221
V491	0.04522	0.40577	0.06917	0.16873	0.31111
V492	0.03	0.14682	0.04079	0.74469	0.03771
V493	0.01457	0.03358	0.01612	0.90578	0.02994
V494	0.27907	0.0536	0.02524	0.56062	0.08147
V495	0.28702	0.2602	0.1878	0.20505	0.05993
V496	0.12952	0.07597	0.05862	0.10785	0.62804
V497	0.09613	0.09712	0.13175	0.18093	0.49407
V498	0.09699	0.76109	0.06784	0.0537	0.02038
V499	0.04644	0.26167	0.23089	0.12435	0.33665
V500	0.11161	0.43718	0.12329	0.27026	0.05766
V501	0.08002	0.28254	0.03461	0.10279	0.50004
V502	0.15247	0.69371	0.07772	0.0761	0
V503	0.37254	0.11903	0.17278	0.18304	0.1526
V504	0.43442	0.20631	0.0195	0.07493	0.26484
V505	0.52903	0.07511	0.03045	0.1455	0.21991
V506	0.04031	0.45848	0.0878	0.08066	0.33275
V507	0.69456	0.08784	0.035	0.13923	0.04337
V508	0.04055	0.57826	0.22409	0.08575	0.07136
V509	0.05919	0.41897	0.14792	0.24934	0.12458
V510	0.38816	0.44494	0.06593	0.08816	0.01281
V511	0.06388	0.37541	0.42183	0.07369	0.06519
V512	0.15021	0.43013	0.17574	0.09826	0.14565
V513	0.18207	0.59269	0.10107	0.09351	0.03066
V514	0.0212	0.08437	0.19236	0.13104	0.57102
V515	0.06846	0.13146	0.01234	0.77117	0.01657
V516	0.15159	0.33647	0.11505	0.37469	0.0222
V517	0.01471	0.07164	0.0522	0.83498	0.02648
V518	0.34203	0.14579	0.25539	0.21613	0.04067
V519	0.66038	0.12542	0.01352	0.17728	0.02339
V520	0.09438	0.73979	0.05825	0.10759	0
V521	0.17935	0.0772	0.11775	0.60248	0.02322
V522	0.04622	0.30003	0.44598	0.1624	0.04538
V523	0.12686	0.24079	0.54132	0.07091	0.02012
V524	0.27992	0.20278	0.41891	0.03263	0.06575
V525	0.02734	0.18839	0.04593	0.11966	0.61867
V526	0.03741	0.24995	0.6208	0.05069	0.04115
V527	0.08748	0.48163	0.35532	0.04908	0.02649
V528	0.1332	0.04496	0.02708	0.77569	0.01907
V529	0.17799	0.22944	0.53185	0.03403	0.02668
V530	0.01934	0.24424	0.62754	0.07394	0.03494
V531	0.17946	0.46418	0.1076	0.07081	0.17796
V532	0.06684	0.29401	0.26292	0.06301	0.31322
V533	0.249	0.04837	0.00957	0.10575	0.58731
V534	0.11219	0.09005	0.00993	0.74886	0.03897
V535	0.70212	0.17969	0.05305	0.04264	0.02249
V536	0.11672	0.25798	0.3162	0.08271	0.22639
V537	0.03118	0.05404	0.02773	0.13389	0.75317
V538	0.5407	0.14821	0.01573	0.09111	0.20425
V539	0.01722	0.28607	0.49857	0.12993	0.06821
V540	0.16579	0.4246	0.10526	0.10734	0.19701
V541	0.0451	0.35064	0.04544	0.1141	0.44472
V542	0.04039	0.31422	0.11662	0.46733	0.06143
V543	0.05996	0.26277	0.50698	0.08046	0.08983
V544	0.30044	0.23366	0.16435	0.11584	0.18571
V545	0.57992	0.33535	0.02477	0.04933	0.01063
V546	0.08721	0.68717	0.11841	0.05347	0.05374
V547	0.10853	0.67355	0.03899	0.15712	0.02181
V548	0.00843	0.08117	0.01805	0.86512	0.02722
V549	0.01701	0.04036	0.0327	0.2682	0.64173
V550	0.06173	0.75179	0.13233	0.04993	0.00422
V551	0.01506	0.03178	0.00925	0.921	0.0229
V552	0.20335	0.05806	0.02903	0.13455	0.57501
V553	0.6452	0.08977	0.02338	0.18605	0.0556
V554	0.09328	0.18603	0.37791	0.31597	0.02682
V555	0.07025	0.80762	0.05546	0.04667	0.02001
V556	0.07138	0.09013	0.05781	0.71995	0.06074
V557	0.27761	0.23808	0.04802	0.38162	0.05467
V558	0.01047	0.22069	0.56923	0.16467	0.03494
V559	0.10083	0.44472	0.37956	0.04027	0.03461
V560	0.55182	0.27406	0.12573	0.03633	0.01206
V561	0.59074	0.10321	0.11842	0.06073	0.12689
V562	0.11659	0.11506	0.1403	0.16735	0.46069
V563	0.19642	0.28458	0.1876	0.15901	0.1724
V564	0.29842	0.08519	0.05964	0.37574	0.18102
V565	0.02045	0.03964	0.02733	0.16911	0.74348
V566	0.26185	0.1589	0.03717	0.36711	0.17497
V567	0.01952	0.25083	0.68093	0.02629	0.02243
V568	0.0295	0.29115	0.35217	0.3167	0.01048
V569	0.52744	0.16421	0.09925	0.16231	0.04679
V570	0.11438	0.12684	0.23114	0.45538	0.07225
V571	0.2225	0.10972	0.196	0.35423	0.11755
V572	0.71244	0.08411	0.00643	0.06396	0.13306
V573	0.0691	0.16556	0.27591	0.38695	0.10247
V574	0.46049	0.29204	0.08239	0.1345	0.03057
V575	0.31846	0.10088	0.10945	0.11848	0.35273
V576	0.06601	0.76912	0.05279	0.05826	0.05382
V577	0.38835	0.44297	0.05884	0.09695	0.0129
V578	0.02619	0.26515	0.41117	0.2441	0.05338
V579	0.032	0.49198	0.30399	0.06744	0.10459
V580	0.21171	0.46329	0.04048	0.25808	0.02644
V581	0.05709	0.47803	0.33567	0.11735	0.01186
V582	0.00418	0.27302	0.67369	0.03413	0.01498
V583	0.50066	0.16067	0.2638	0.05918	0.01569
V584	0.21755	0.4528	0.12088	0.08144	0.12733
V585	0.06417	0.67049	0.10168	0.10943	0.05424
V586	0.05513	0.69772	0.19189	0.05526	0
V587	0.07156	0.58613	0.04229	0.09021	0.20981
V588	0.21525	0.4233	0.3161	0.03165	0.0137
V589	0.09632	0.35598	0.06485	0.45322	0.02964
V590	0.06829	0.6767	0.03973	0.06714	0.14813
V591	0.43575	0.44464	0.05836	0.04802	0.01324
V592	0.0194	0.20459	0.56437	0.06948	0.14216
V593	0.35511	0.06103	0.01253	0.5119	0.05944
V594	0.00729	0.2696	0.49755	0.17139	0.05417
V595	0.43905	0.10893	0.06505	0.33767	0.0493
V596	0.39055	0.24384	0.17976	0.15426	0.0316
V597	0.0351	0.17423	0.02365	0.2019	0.56512
V598	0.50643	0.06724	0.01314	0.07527	0.33793
V599	0.07464	0.36202	0.10332	0.42316	0.03686
V600	0.23509	0.10554	0.15581	0.39311	0.11046
V601	0.12699	0.11331	0.01728	0.51324	0.22918
V602	0.71989	0.19833	0.01215	0.05313	0.0165
V603	0.12601	0.14827	0.04024	0.21224	0.47324
V604	0.01968	0.20638	0.52695	0.13227	0.11471
V605	0.03469	0.11018	0.12066	0.16016	0.57431
V606	0.71095	0.07826	0.00622	0.06485	0.13972
V607	0.15434	0.12454	0.03276	0.11013	0.57824
V608	0.62748	0.09764	0.03588	0.13044	0.10856
V609	0.17146	0.2756	0.03082	0.44412	0.078
V610	0.09648	0.55714	0.04004	0.2973	0.00904
V611	0.2261	0.20851	0.45295	0.0529	0.05954
V612	0.31826	0.16219	0.25105	0.0651	0.2034
V613	0.39131	0.47074	0.06066	0.07186	0.00543
V614	0.46283	0.0881	0.0259	0.13782	0.28535
V615	0.0093	0.13252	0.12072	0.59122	0.14624
V616	0.54167	0.10905	0.12768	0.17388	0.04773
V617	0.19234	0.20446	0.35895	0.12449	0.11976
V618	0.61092	0.15646	0.06407	0.06172	0.10683
V619	0.45811	0.13055	0.13394	0.0632	0.2142
V620	0.0371	0.1378	0.28293	0.52038	0.02179
V621	0.13131	0.26884	0.25693	0.05911	0.2838
V622	0.02643	0.26361	0.29965	0.07345	0.33687
V623	0.06181	0.04038	0.01498	0.71147	0.17136
V624	0.75278	0.08551	0.01218	0.07341	0.07612
V625	0.00655	0.10393	0.08988	0.77524	0.02441
V626	0.06327	0.18374	0.42167	0.29695	0.03437
V627	0.10532	0.17999	0.11466	0.11307	0.48696
V628	0.78571	0.10248	0.01352	0.07746	0.02084
V629	0.11388	0.34114	0.47717	0.05087	0.01694
V630	0.02674	0.17063	0.03813	0.12997	0.63452
V631	0.01268	0.10312	0.23114	0.10224	0.55082
V632	0.06612	0.66406	0.04635	0.09224	0.13123
V633	0.05122	0.06123	0.08524	0.54921	0.25309
V634	0.37701	0.42312	0.14974	0.04326	0.00687
V635	0.04427	0.15556	0.16778	0.10817	0.52422
V636	0.17587	0.2388	0.26144	0.21746	0.10643
V637	0.1804	0.15459	0.31979	0.26095	0.08427
V638	0.08601	0.40029	0.04619	0.15057	0.31696
V639	0.48287	0.37539	0.08759	0.03876	0.01538
V640	0.10509	0.19563	0.085	0.28666	0.32763
V641	0.11262	0.61498	0.05783	0.19173	0.02284
V642	0.61363	0.10194	0.01258	0.25412	0.01774
V643	0.07297	0.75174	0.10752	0.06777	0
V644	0.04849	0.37056	0.04439	0.49927	0.03729
V645	0.17867	0.63878	0.05098	0.13157	0
V646	0.13805	0.45692	0.05483	0.28472	0.06547
V647	0.77193	0.08935	0.01258	0.10534	0.02081
V648	0.38383	0.13625	0.01576	0.31714	0.14701
V649	0.23871	0.13381	0.07868	0.1754	0.3734
V650	0.0217	0.04687	0.05796	0.853	0.02047
V651	0.1315	0.19442	0.0145	0.64616	0.01341
V652	0.30721	0.06665	0.03845	0.55676	0.03094
V653	0.2912	0.07681	0.05244	0.52797	0.05159
V654	0.04143	0.09084	0.01416	0.17346	0.68012
V655	0.13396	0.1549	0.24655	0.44351	0.02109
V656	0.11053	0.04577	0.01089	0.19914	0.63366
V657	0.04267	0.41904	0.0545	0.38281	0.10097
V658	0.02667	0.06415	0.03674	0.63576	0.23668
V659	0.01408	0.07027	0.07316	0.77213	0.07037
V660	0.06977	0.29432	0.04198	0.12516	0.46876
V661	0.05565	0.55716	0.04804	0.24033	0.09881
V662	0.04737	0.37647	0.04653	0.08745	0.44218
V663	0.81639	0.09551	0.01409	0.05185	0.02216
V664	0.0253	0.05937	0.10808	0.43685	0.37041
V665	0.03925	0.57014	0.2231	0.12816	0.03935
V666	0.11697	0.75057	0.08271	0.04975	0
V667	0.04273	0.50677	0.2583	0.14369	0.0485
V668	0.55497	0.25335	0.05839	0.10153	0.03177
V669	0.4222	0.29303	0.04259	0.1382	0.10398
V670	0.10643	0.54259	0.07641	0.09231	0.18227
V671	0.62482	0.12553	0.15641	0.07061	0.02264
V672	0.08688	0.11152	0.08781	0.35415	0.35964
V673	0.02066	0.0485	0.01315	0.21666	0.70102
V674	0.30738	0.23799	0.37821	0.03143	0.04499
V675	0.57021	0.08294	0.04205	0.19426	0.11055
V676	0.21956	0.23469	0.38243	0.03902	0.12429
V677	0.04448	0.28615	0.20098	0.40669	0.06171
V678	0.05978	0.27387	0.03448	0.12132	0.51054
V679	0.01015	0.15134	0.35948	0.45708	0.02194
V680	0.14991	0.04808	0.02749	0.39894	0.37558
V681	0.44101	0.09512	0.04443	0.32728	0.09216
V682	0.00277	0.2615	0.69356	0.02641	0.01576
V683	0.0654	0.30556	0.48924	0.03623	0.10357
V684	0.05162	0.04219	0.01538	0.86966	0.02115
V685	0.01046	0.23675	0.60988	0.12127	0.02165
V686	0.28508	0.5386	0.09515	0.06422	0.01694
V687	0.00112	0.17319	0.44736	0.34976	0.02857
V688	0.0025	0.25482	0.67833	0.03516	0.02919
V689	0.41305	0.14719	0.16557	0.14677	0.12743
V690	0.12776	0.73906	0.05773	0.07085	0.00459
V691	0.12562	0.14945	0.05259	0.62935	0.04299
V692	0.06188	0.05682	0.02209	0.76579	0.09341
V693	0.0297	0.50314	0.38981	0.06517	0.01218
V694	0.08175	0.19014	0.04838	0.60691	0.07282
V695	0.12128	0.15806	0.13494	0.10265	0.48308
V696	0.10647	0.20637	0.54298	0.04169	0.10249
V697	0.09198	0.19266	0.26303	0.35072	0.10161
V698	0.02382	0.08599	0.15643	0.11401	0.61976
V699	0.03348	0.05623	0.05014	0.67112	0.18903
V700	0.07963	0.70912	0.11231	0.04524	0.0537
V701	0.02732	0.16771	0.03116	0.12389	0.64992
V702	0.02173	0.12272	0.01916	0.6964	0.14
V703	0.01462	0.05128	0.03041	0.87524	0.02845
V704	0.04558	0.16864	0.31901	0.0858	0.38097
V705	0.78177	0.09975	0.0075	0.06555	0.04543
V706	0.13603	0.19002	0.1437	0.45109	0.07916
V707	0.13027	0.14747	0.07411	0.32308	0.32506
V708	0.036	0.56275	0.35739	0.04079	0.00306
V709	0.02089	0.05096	0.04211	0.13286	0.75318
V710	0.1149	0.17027	0.37484	0.05614	0.28385
V711	0.06552	0.03698	0.03243	0.14495	0.72012
V712	0.05357	0.20685	0.51457	0.19694	0.02807
V713	0.23687	0.42793	0.28092	0.04753	0.00675
V714	0.0592	0.03756	0.01267	0.13574	0.75482
V715	0.0152	0.36365	0.47659	0.12804	0.01652
V716	0.63859	0.20941	0.02367	0.09495	0.03339
V717	0.35081	0.20378	0.11563	0.08325	0.24653
V718	0.55038	0.13964	0.21397	0.0431	0.05291
V719	0.35657	0.25501	0.10451	0.16255	0.12136
V720	0.11861	0.09091	0.08721	0.13126	0.57201
V721	0.03718	0.04886	0.05488	0.14281	0.71627
V722	0.02729	0.2235	0.06607	0.52844	0.15471
V723	0.10154	0.22851	0.10887	0.52808	0.033
V724	0.13672	0.56171	0.06943	0.22349	0.00865
V725	0.04035	0.03882	0.02012	0.13641	0.7643
V726	0.22011	0.4388	0.07494	0.11206	0.15408
V727	0.01122	0.25242	0.67258	0.03477	0.029
V728	0.64056	0.12297	0.10502	0.10883	0.02261
V729	0.51837	0.15477	0.03399	0.27129	0.02158
V730	0.10352	0.14833	0.30111	0.38335	0.06369
V731	0.00475	0.05973	0.05928	0.85608	0.02017
V732	0.01457	0.0338	0.01619	0.91275	0.02268
V733	0.02982	0.2599	0.65527	0.02667	0.02834
V734	0.41371	0.2063	0.27786	0.07578	0.02635
V735	0.07367	0.20357	0.19346	0.10292	0.42637
V736	0.02313	0.06556	0.02142	0.13492	0.75497
V737	0.8124	0.10013	0.01423	0.0514	0.02185
V738	0.03917	0.38975	0.04032	0.09589	0.43487
V739	0.01578	0.04525	0.00967	0.90704	0.02226
V740	0.19786	0.13013	0.10108	0.10185	0.46907
V741	0.42835	0.07691	0.01268	0.35199	0.13007
V742	0.06472	0.17888	0.41304	0.19667	0.14669
V743	0.03536	0.08891	0.07586	0.20216	0.5977
V744	0.16799	0.13225	0.14524	0.50482	0.0497
V745	0.14508	0.072	0.04821	0.71032	0.0244
V746	0.35736	0.48944	0.06201	0.05091	0.04028
V747	0.0294	0.25725	0.64341	0.03501	0.03493
V748	0.15095	0.25951	0.24132	0.11095	0.23727
V749	0.16518	0.14894	0.11007	0.44773	0.12808
V750	0.65706	0.21551	0.01826	0.09456	0.01461
V751	0.03997	0.42773	0.46408	0.05363	0.01459
V752	0.03397	0.13272	0.03657	0.12654	0.6702
V753	0.45254	0.15953	0.19942	0.07214	0.11638
V754	0.11129	0.28326	0.02539	0.56272	0.01734
V755	0.25639	0.62336	0.0716	0.04087	0.00777
V756	0.03214	0.11789	0.03553	0.16744	0.64699
V757	0.15158	0.06605	0.08913	0.669	0.02424
V758	0.0694	0.36903	0.02339	0.52321	0.01497
V759	0.09067	0.08492	0.09547	0.10634	0.62261
V760	0.07252	0.11145	0.17904	0.29806	0.33894
V761	0.06022	0.36587	0.52171	0.03537	0.01683
V762	0.01745	0.10488	0.14937	0.43018	0.29812
V763	0.04065	0.2354	0.02692	0.10762	0.58941
V764	0.09989	0.10635	0.07936	0.68436	0.03004
V765	0.14752	0.20828	0.47679	0.07871	0.08871
V766	0.07993	0.457	0.23719	0.09643	0.12945
V767	0.26704	0.42569	0.08052	0.09942	0.12734
V768	0.08153	0.72684	0.08932	0.09777	0.00453
V769	0.62204	0.12861	0.15031	0.0457	0.05334
V770	0.2548	0.17343	0.37386	0.17681	0.02109
V771	0.08294	0.62298	0.04383	0.15343	0.09682
V772	0.04636	0.25365	0.65213	0.03287	0.01499
V773	0.03626	0.03515	0.01167	0.26971	0.6472
V774	0.13952	0.17039	0.40727	0.05017	0.23266
V775	0.74992	0.09006	0.02384	0.10406	0.03211
V776	0.33035	0.40747	0.15868	0.06905	0.03445
V777	0.20036	0.3815	0.22332	0.14523	0.04959
V778	0.45686	0.10576	0.02002	0.25855	0.1588
V779	0.07142	0.44432	0.417	0.0466	0.02065
V780	0.01946	0.25077	0.68049	0.03353	0.01575
V781	0.17167	0.31299	0.1659	0.06259	0.28685
V782	0.22241	0.22765	0.03599	0.09151	0.42244
V783	0.00521	0.18273	0.4837	0.07545	0.25292
V784	0.04278	0.52493	0.03177	0.31801	0.08251
V785	0.61522	0.16975	0.00993	0.1446	0.06049
V786	0.15107	0.19359	0.02697	0.59407	0.03429
V787	0.14523	0.50983	0.02965	0.25047	0.06482
V788	0.3569	0.38669	0.08318	0.04887	0.12436
V789	0.01857	0.15025	0.02119	0.45893	0.35105
V790	0.26075	0.23017	0.06926	0.17354	0.26629
V791	0.16854	0.22208	0.07776	0.25073	0.28089
V792	0.78601	0.10627	0.02572	0.04919	0.03281
V793	0.304	0.26037	0.06318	0.15145	0.221
V794	0.02309	0.07424	0.09666	0.25815	0.54786
V795	0.15679	0.72131	0.05653	0.05235	0.01302
V796	0.27624	0.38108	0.11473	0.19286	0.0351
V797	0.13909	0.03489	0.01065	0.13653	0.67883
V798	0.1402	0.44002	0.03338	0.15219	0.23421
V799	0.031	0.16615	0.05577	0.68816	0.05892
V800	0.03666	0.04605	0.02558	0.22518	0.66653
V801	0.31798	0.08995	0.10783	0.44082	0.04341
V802	0.04606	0.18458	0.03131	0.11896	0.6191
V803	0.26201	0.0753	0.01389	0.61073	0.03807
V804	0.17629	0.20949	0.17419	0.38516	0.05486
V805	0.13072	0.23847	0.34647	0.19386	0.09048
V806	0.40128	0.117	0.1637	0.1142	0.20381
V807	0.6045	0.09074	0.06017	0.10213	0.14246
V808	0.69827	0.09702	0.04769	0.05675	0.10026
V809	0.20974	0.52544	0.05089	0.08638	0.12755
V810	0.02964	0.08684	0.04501	0.50781	0.33069
V811	0.05779	0.11208	0.03399	0.20321	0.59293
V812	0.04122	0.59066	0.20845	0.12852	0.03115
V813	0.04005	0.24741	0.19773	0.07909	0.43572
V814	0.19917	0.48131	0.08546	0.20867	0.02539
V815	0.24411	0.58522	0.06134	0.10097	0.00836
V816	0.03455	0.43087	0.03373	0.46492	0.03593
V817	0.65653	0.13691	0.1249	0.0649	0.01675
V818	0.0437	0.26701	0.29962	0.0924	0.29727
V819	0.7801	0.10344	0.01941	0.07652	0.02053
V820	0.07094	0.33585	0.12521	0.43051	0.03748
V821	0.02259	0.03652	0.01393	0.14271	0.78425
V822	0.16406	0.05768	0.02065	0.73907	0.01855
V823	0.05145	0.15122	0.19643	0.08874	0.51217
V824	0.07651	0.06471	0.03315	0.12298	0.70265
V825	0.12548	0.1932	0.47447	0.1921	0.01476
V826	0.0368	0.24705	0.65263	0.04837	0.01514
V827	0.30805	0.15952	0.01118	0.4195	0.10175
V828	0.22292	0.17763	0.10338	0.13057	0.3655
V829	0.08391	0.17122	0.2554	0.2206	0.26887
V830	0.12717	0.20796	0.50537	0.05684	0.10266
V831	0.0498	0.63106	0.08338	0.21317	0.0226
V832	0.19017	0.05805	0.068	0.30131	0.38246
V833	0.21319	0.65913	0.04467	0.0454	0.03762
V834	0.63615	0.18258	0.04059	0.07433	0.06635
V835	0.23093	0.27877	0.09435	0.31185	0.0841
V836	0.30932	0.20582	0.33643	0.12852	0.01992
V837	0.05907	0.71581	0.05754	0.09637	0.07121
V838	0.0036	0.05055	0.07292	0.84518	0.02775
V839	0.04619	0.0759	0.07591	0.11827	0.68372
V840	0.76801	0.10006	0.03063	0.07512	0.02619
V841	0.1856	0.22527	0.53521	0.03329	0.02063
V842	0.43208	0.14439	0.1701	0.22541	0.02802
V843	0.39151	0.09945	0.12855	0.12975	0.25074
V844	0.01859	0.32184	0.57533	0.0519	0.03234
V845	0.02703	0.03528	0.00933	0.65315	0.27521
V846	0.1083	0.09263	0.09488	0.15461	0.54959
V847	0.19221	0.05986	0.05492	0.20728	0.48573
V848	0.62134	0.10147	0.01261	0.14201	0.12256
V849	0.1192	0.23333	0.51939	0.04046	0.08762
V850	0.18757	0.14007	0.23829	0.19498	0.23909
V851	0.81158	0.09275	0.00784	0.05953	0.02829
V852	0.21642	0.1108	0.07764	0.2361	0.35903
V853	0.03363	0.26187	0.46447	0.16445	0.07559
V854	0.05177	0.35021	0.23111	0.13236	0.23455
V855	0.10477	0.34906	0.10157	0.36025	0.08435
V856	0.16188	0.35179	0.07116	0.07204	0.34313
V857	0.07158	0.1092	0.14806	0.45015	0.22101
V858	0.03234	0.33674	0.18306	0.26155	0.18631
V859	0.11675	0.05623	0.02769	0.75213	0.04721
V860	0.03881	0.15643	0.06942	0.66875	0.06659
V861	0.12438	0.09161	0.11327	0.64762	0.02312
V862	0.0726	0.04318	0.03125	0.20223	0.65075
V863	0.06842	0.79337	0.06271	0.05532	0.02018
V864	0.03539	0.23358	0.62846	0.08732	0.01526
V865	0.07048	0.18774	0.47222	0.25466	0.01491
V866	0.0286	0.21436	0.47839	0.2443	0.03435
V867	0.50217	0.08611	0.01388	0.07413	0.3237
V868	0.2024	0.29565	0.32812	0.14357	0.03026
V869	0.02963	0.03547	0.03427	0.14301	0.7576
V870	0.24501	0.18874	0.08107	0.29349	0.19168
V871	0.04362	0.09635	0.09758	0.18752	0.57493
V872	0.33171	0.08768	0.02003	0.50188	0.0587
V873	0.0584	0.31057	0.14799	0.41371	0.06933
V874	0.09644	0.07476	0.01931	0.12766	0.68183
V875	0.01704	0.17217	0.03523	0.5433	0.23226
V876	0.41779	0.11724	0.06008	0.08536	0.31952
V877	0.23833	0.54245	0.06643	0.13618	0.01661
V878	0.04571	0.58561	0.07282	0.27983	0.01603
V879	0.76067	0.11842	0.0197	0.07566	0.02554
V880	0.07793	0.10202	0.03763	0.47587	0.30655
V881	0.01523	0.16227	0.41953	0.06342	0.33954
V882	0.05116	0.39925	0.039	0.50402	0.00657
V883	0.45023	0.1905	0.02395	0.22992	0.10541
V884	0.02215	0.02963	0.0137	0.15169	0.78283
V885	0.14821	0.18377	0.31033	0.15409	0.2036
V886	0.01511	0.03555	0.03889	0.31559	0.59485
V887	0.11945	0.7545	0.05116	0.04615	0.02874
V888	0.05563	0.12504	0.05997	0.69211	0.06726
V889	0.1428	0.69716	0.07792	0.0689	0.01322
V890	0.03059	0.08004	0.12324	0.65138	0.11474
V891	0.00396	0.27165	0.66757	0.04197	0.01486
V892	0.53535	0.24307	0.03247	0.05915	0.12997
V893	0.13102	0.28585	0.40483	0.11214	0.06616
V894	0.1055	0.45201	0.07024	0.32238	0.04987
V895	0.55438	0.1425	0.2203	0.06087	0.02196
V896	0.18766	0.25807	0.20682	0.32995	0.01749
V897	0.00546	0.03985	0.0437	0.78553	0.12546
V898	0.35318	0.05998	0.02037	0.11157	0.4549
V899	0.51489	0.31138	0.08923	0.04091	0.04359
V900	0.226	0.2802	0.23692	0.22628	0.03059
V901	0.56735	0.11041	0.01314	0.22642	0.08268
V902	0.70763	0.1214	0.02513	0.09029	0.05554
