mature.neutrophil	CD14.pos.CD16.neg.classical.monocyte	macrophage	memory.CD4.pos.AB.T.cell	cytotoxic.CD56.dim.NK.cell
V1	0.27674	0.21233	0.22742	0.17506	0.10845
V2	0.05317	0.69425	0.06837	0.13143	0.05278
V3	0.0604	0.1532	0.37179	0.39343	0.02117
V4	0.01273	0.15227	0.22341	0.07627	0.53532
V5	0.01571	0.12864	0.07427	0.11144	0.66994
V6	0.28063	0.14573	0.24213	0.24374	0.08776
V7	0.01075	0.1814	0.3711	0.10014	0.33661
V8	0.01593	0.20911	0.64198	0.11662	0.01637
V9	0.05397	0.11976	0.23833	0.5718	0.01613
V10	0.37004	0.17141	0.35868	0.06867	0.0312
V11	0.03332	0.14435	0.11167	0.08289	0.62777
V12	0.075	0.13556	0.21019	0.29431	0.28493
V13	0.12189	0.13525	0.05278	0.40665	0.28343
V14	0.14637	0.09646	0.08208	0.59857	0.07652
V15	0.0247	0.09424	0.0158	0.83678	0.02848
V16	0.47218	0.14537	0.02709	0.3364	0.01896
V17	0.06214	0.29295	0.03358	0.09119	0.52014
V18	0.07938	0.40713	0.24136	0.24963	0.0225
V19	0.02808	0.13062	0.01981	0.12663	0.69487
V20	0.00745	0.1809	0.55856	0.23151	0.02158
V21	0.02046	0.30542	0.13896	0.18675	0.34841
V22	0.64117	0.16731	0.06879	0.08758	0.03515
V23	0.07334	0.13038	0.04015	0.14467	0.61146
V24	0.39601	0.19203	0.03532	0.10108	0.27556
V25	0.02419	0.12253	0.03196	0.40955	0.41177
V26	0.40584	0.24758	0.06936	0.10371	0.1735
V27	0.11361	0.47189	0.18298	0.07323	0.1583
V28	0.02981	0.16072	0.19356	0.58039	0.03552
V29	0.00865	0.12368	0.29458	0.55044	0.02265
V30	0.59271	0.17794	0.03895	0.10147	0.08893
V31	0.36788	0.19902	0.02853	0.25893	0.14564
V32	0.71402	0.11244	0.02251	0.09772	0.05331
V33	0.02215	0.25831	0.03399	0.1375	0.54805
V34	0.11887	0.73836	0.02367	0.09619	0.02291
V35	0.0881	0.55104	0.24316	0.09963	0.01807
V36	0.02694	0.25251	0.17055	0.11732	0.43269
V37	0.60428	0.111	0.01567	0.08947	0.17959
V38	0.106	0.16887	0.39889	0.21127	0.11496
V39	0.27229	0.16644	0.28249	0.06946	0.20931
V40	0.21151	0.53876	0.03342	0.1725	0.04381
V41	0.04901	0.75154	0.03098	0.0854	0.08306
V42	0.67289	0.13581	0.03287	0.09661	0.06182
V43	0.38634	0.21726	0.28088	0.09379	0.02172
V44	0.03401	0.34508	0.46215	0.06368	0.09508
V45	0.03669	0.60148	0.10738	0.20325	0.05121
V46	0.11049	0.66589	0.08273	0.10867	0.03222
V47	0.00861	0.2203	0.68497	0.06254	0.02358
V48	0.14773	0.20742	0.20755	0.32944	0.10787
V49	0.3811	0.21451	0.19774	0.18489	0.02175
V50	0.02547	0.22728	0.66778	0.06201	0.01747
V51	0.09483	0.31073	0.19248	0.10565	0.29631
V52	0.05439	0.79869	0.02507	0.09812	0.02373
V53	0.02856	0.20431	0.02392	0.72343	0.01978
V54	0.19894	0.09232	0.02875	0.52536	0.15463
V55	0.0729	0.08047	0.01523	0.81044	0.02096
V56	0.07086	0.07729	0.02238	0.72656	0.10291
V57	0.1329	0.24085	0.44746	0.0812	0.0976
V58	0.06761	0.11866	0.14237	0.20848	0.46288
V59	0.65911	0.13266	0.08547	0.09777	0.02499
V60	0.36178	0.24823	0.12203	0.17268	0.09527
V61	0.18061	0.11556	0.04467	0.23334	0.42583
V62	0.05527	0.15797	0.27619	0.15208	0.3585
V63	0.34605	0.28598	0.0714	0.098	0.19857
V64	0.71459	0.12462	0.034	0.09791	0.02887
V65	0.08256	0.14781	0.05322	0.59342	0.123
V66	0.02881	0.09975	0.13449	0.71315	0.0238
V67	0.01091	0.15897	0.30687	0.11779	0.40546
V68	0.36886	0.15083	0.31444	0.09651	0.06937
V69	0.47301	0.2007	0.17449	0.09217	0.05964
V70	0.05939	0.62697	0.05922	0.22251	0.03191
V71	0.09267	0.6819	0.05997	0.13938	0.02608
V72	0.03853	0.40735	0.04242	0.0827	0.429
V73	0.05783	0.10335	0.10975	0.54759	0.18147
V74	0.01517	0.12508	0.02345	0.76011	0.07619
V75	0.38276	0.25109	0.25522	0.08377	0.02715
V76	0.01344	0.08344	0.03139	0.80897	0.06276
V77	0.02409	0.20956	0.6582	0.09153	0.01662
V78	0.00874	0.22289	0.67709	0.06814	0.02314
V79	0.07569	0.3996	0.0563	0.18208	0.28633
V80	0.12119	0.64525	0.02089	0.12592	0.08676
V81	0.01669	0.21986	0.68305	0.06257	0.01783
V82	0.21389	0.20161	0.04378	0.51682	0.0239
V83	0.09326	0.14879	0.03776	0.52893	0.19126
V84	0.08853	0.23316	0.02562	0.09247	0.56022
V85	0.00876	0.22004	0.68426	0.06901	0.01794
V86	0.02567	0.29292	0.277	0.38203	0.02238
V87	0.38949	0.10467	0.0539	0.42321	0.02873
V88	0.275	0.21811	0.06564	0.22516	0.21608
V89	0.04325	0.2483	0.60077	0.09147	0.01621
V90	0.02035	0.24803	0.07294	0.13348	0.52521
V91	0.01187	0.09102	0.08688	0.79105	0.01918
V92	0.21695	0.14166	0.04465	0.09633	0.50041
V93	0.0127	0.16927	0.16262	0.49629	0.1591
V94	0.03873	0.23039	0.04041	0.26022	0.43026
V95	0.06091	0.27781	0.04069	0.14076	0.47983
V96	0.625	0.11822	0.03816	0.10317	0.11545
V97	0.1498	0.1358	0.06059	0.14437	0.50944
V98	0.0514	0.384	0.18084	0.16611	0.21764
V99	0.43606	0.18717	0.02146	0.25342	0.10189
V100	0.44793	0.21728	0.06109	0.11627	0.15743
V101	0.06265	0.78502	0.03251	0.09668	0.02313
V102	0.27069	0.27829	0.13497	0.15475	0.16131
V103	0.12202	0.11353	0.02558	0.09064	0.64823
V104	0.04621	0.414	0.09722	0.08482	0.35776
V105	0.01638	0.13311	0.05847	0.12016	0.67188
V106	0.04989	0.6664	0.15508	0.08387	0.04477
V107	0.04802	0.30562	0.52443	0.10028	0.02165
V108	0.02198	0.2965	0.60092	0.06311	0.0175
V109	0.05835	0.26142	0.07115	0.29528	0.3138
V110	0.16139	0.46101	0.17932	0.16935	0.02892
V111	0.2387	0.29162	0.37852	0.07415	0.01701
V112	0.1659	0.10119	0.11344	0.45044	0.16903
V113	0.21564	0.12009	0.11172	0.18031	0.37224
V114	0.47331	0.15573	0.05959	0.21238	0.09899
V115	0.67836	0.10884	0.02152	0.0981	0.09318
V116	0.0193	0.12931	0.02095	0.10111	0.72933
V117	0.04773	0.19779	0.60246	0.12033	0.03168
V118	0.04367	0.08033	0.01545	0.82573	0.03482
V119	0.26773	0.15029	0.31784	0.24842	0.01571
V120	0.01503	0.19349	0.61219	0.14131	0.03798
V121	0.18786	0.62734	0.02105	0.09165	0.0721
V122	0.03439	0.38883	0.0977	0.27016	0.20892
V123	0.41363	0.13644	0.08166	0.22117	0.1471
V124	0.19433	0.18583	0.07506	0.24469	0.30008
V125	0.0416	0.44568	0.41608	0.0736	0.02304
V126	0.13995	0.25053	0.20812	0.15316	0.24825
V127	0.22363	0.17196	0.48081	0.10305	0.02055
V128	0.1978	0.6522	0.02908	0.08691	0.03401
V129	0.22737	0.15516	0.24104	0.19679	0.17963
V130	0.03084	0.47594	0.05767	0.27268	0.16287
V131	0.01806	0.11507	0.21457	0.63544	0.01686
V132	0.31634	0.10977	0.01504	0.34713	0.21172
V133	0.00963	0.19639	0.46249	0.12122	0.21027
V134	0.06454	0.20136	0.58526	0.07715	0.07169
V135	0.02639	0.2421	0.56081	0.07875	0.09196
V136	0.72852	0.11555	0.02344	0.10194	0.03055
V137	0.69042	0.12932	0.02192	0.11603	0.04232
V138	0.22303	0.2112	0.08959	0.17406	0.30213
V139	0.11358	0.09955	0.15436	0.61013	0.02238
V140	0.03101	0.13092	0.15867	0.07988	0.59952
V141	0.02266	0.30219	0.51313	0.14038	0.02164
V142	0.18325	0.13875	0.28968	0.15942	0.22891
V143	0.02213	0.27499	0.41316	0.17219	0.11753
V144	0.42457	0.25045	0.0757	0.17376	0.07552
V145	0.00842	0.21954	0.67008	0.07361	0.02835
V146	0.03495	0.35248	0.02564	0.34357	0.24336
V147	0.08458	0.21235	0.52403	0.14196	0.03707
V148	0.15218	0.67187	0.02915	0.11316	0.03364
V149	0.01482	0.08179	0.0161	0.82994	0.05735
V150	0.12568	0.2815	0.46186	0.06377	0.06719
V151	0.37684	0.10244	0.02731	0.3958	0.09762
V152	0.01905	0.09208	0.11871	0.6979	0.07226
V153	0.14798	0.26295	0.38058	0.10204	0.10644
V154	0.11389	0.54144	0.04188	0.1012	0.2016
V155	0.03815	0.09984	0.13385	0.70456	0.02359
V156	0.0897	0.1652	0.3469	0.17347	0.22473
V157	0.08734	0.1509	0.1676	0.28289	0.31127
V158	0.16808	0.15353	0.37053	0.09541	0.21246
V159	0.10894	0.2452	0.03074	0.5707	0.04443
V160	0.38656	0.22026	0.09787	0.10801	0.1873
V161	0.19569	0.13352	0.07411	0.08134	0.51534
V162	0.00922	0.22628	0.68313	0.06319	0.01817
V163	0.0553	0.12238	0.0341	0.11321	0.67501
V164	0.70218	0.14278	0.02851	0.10258	0.02395
V165	0.49518	0.24713	0.08656	0.12088	0.05026
V166	0.05391	0.11351	0.22468	0.53318	0.07471
V167	0.03757	0.58466	0.03553	0.19435	0.14789
V168	0.00922	0.22628	0.68313	0.06319	0.01817
V169	0.05517	0.60516	0.16262	0.14654	0.0305
V170	0.22331	0.37033	0.06827	0.23537	0.10272
V171	0.25658	0.18761	0.3031	0.20338	0.04934
V172	0.16629	0.27205	0.08414	0.09173	0.38578
V173	0.19227	0.17537	0.0982	0.3945	0.13966
V174	0.18313	0.13852	0.30592	0.21513	0.1573
V175	0.07381	0.22046	0.12788	0.2087	0.36915
V176	0.32625	0.09615	0.02119	0.53733	0.01908
V177	0.16442	0.17772	0.44203	0.19536	0.02047
V178	0.2306	0.1748	0.36954	0.15257	0.07249
V179	0.09457	0.12758	0.026	0.09107	0.66079
V180	0.02813	0.16222	0.31078	0.07042	0.42845
V181	0.06373	0.31183	0.0188	0.12115	0.4845
V182	0.47136	0.24954	0.0221	0.21027	0.04673
V183	0.07279	0.78291	0.02453	0.08977	0.03001
V184	0.26711	0.13231	0.25502	0.3134	0.03216
V185	0.09956	0.45536	0.04102	0.19817	0.2059
V186	0.12735	0.23341	0.04615	0.27592	0.31717
V187	0.0794	0.60094	0.02047	0.27259	0.0266
V188	0.64798	0.12798	0.04404	0.15492	0.02507
V189	0.38887	0.25619	0.04902	0.28217	0.02375
V190	0.34618	0.17136	0.19426	0.0845	0.2037
V191	0.19984	0.24795	0.02311	0.42389	0.10521
V192	0.28017	0.23875	0.12678	0.24147	0.11283
V193	0.06564	0.28641	0.43232	0.09484	0.12079
V194	0.23742	0.15139	0.09595	0.15236	0.36288
V195	0.45668	0.23388	0.19995	0.08685	0.02263
V196	0.01556	0.12243	0.07432	0.11206	0.67563
V197	0.07052	0.76013	0.02366	0.11682	0.02886
V198	0.20995	0.26186	0.05253	0.2379	0.23776
V199	0.58851	0.13521	0.17754	0.08006	0.01868
V200	0.60832	0.1074	0.04396	0.1015	0.13883
V201	0.04071	0.08202	0.03799	0.67754	0.16173
V202	0.7024	0.14665	0.01755	0.10399	0.02941
V203	0.44997	0.27116	0.0416	0.12443	0.11284
V204	0.30176	0.16683	0.05034	0.08198	0.39909
V205	0.1077	0.14589	0.12402	0.12577	0.49661
V206	0.04579	0.15171	0.01568	0.73982	0.047
V207	0.0247	0.09424	0.0158	0.83678	0.02848
V208	0.13913	0.28492	0.3932	0.102	0.08074
V209	0.14577	0.13746	0.10584	0.09871	0.51223
V210	0.00847	0.21821	0.68186	0.06822	0.02324
V211	0.14247	0.14896	0.19412	0.09303	0.42142
V212	0.06076	0.66838	0.09144	0.11405	0.06537
V213	0.09919	0.1057	0.07697	0.27568	0.44246
V214	0.02837	0.50934	0.34443	0.08227	0.03559
V215	0.22229	0.26878	0.13667	0.13489	0.23736
V216	0.05512	0.17039	0.29678	0.09526	0.38245
V217	0.01277	0.07858	0.03908	0.7859	0.08366
V218	0.07009	0.25041	0.26242	0.33629	0.08079
V219	0.11663	0.30749	0.33117	0.22321	0.0215
V220	0.18474	0.62711	0.07271	0.08917	0.02627
V221	0.04397	0.19994	0.4196	0.0707	0.26578
V222	0.02769	0.12692	0.02792	0.10431	0.71315
V223	0.41519	0.13861	0.25518	0.16503	0.02599
V224	0.04309	0.51403	0.04259	0.14619	0.25411
V225	0.56122	0.21837	0.1142	0.08212	0.02409
V226	0.40883	0.4541	0.01978	0.08937	0.02792
V227	0.09086	0.27479	0.02388	0.56541	0.04506
V228	0.45826	0.1472	0.22283	0.12973	0.04197
V229	0.23484	0.3819	0.23403	0.10956	0.03966
V230	0.02764	0.12084	0.02813	0.10526	0.71813
V231	0.06366	0.5478	0.07381	0.22831	0.08642
V232	0.611	0.1311	0.1522	0.08672	0.01899
V233	0.05896	0.14317	0.15058	0.14066	0.50663
V234	0.0224	0.376	0.20532	0.36038	0.03591
V235	0.72173	0.11783	0.01771	0.11728	0.02544
V236	0.07428	0.17415	0.49932	0.20326	0.04898
V237	0.11464	0.17854	0.24329	0.3121	0.15143
V238	0.01539	0.11034	0.02575	0.30907	0.53945
V239	0.06571	0.40054	0.06436	0.22155	0.24784
V240	0.06766	0.73443	0.03046	0.09912	0.06833
V241	0.05425	0.79983	0.02499	0.09052	0.03041
V242	0.03716	0.34079	0.27122	0.28992	0.06091
V243	0.38453	0.14347	0.26716	0.09256	0.11228
V244	0.03349	0.40794	0.18961	0.13619	0.23276
V245	0.05083	0.77104	0.04757	0.10856	0.022
V246	0.50496	0.27835	0.04121	0.08918	0.08629
V247	0.16493	0.22388	0.46982	0.10444	0.03692
V248	0.09479	0.55035	0.04232	0.08753	0.22501
V249	0.22203	0.17124	0.19167	0.14465	0.27041
V250	0.02451	0.19579	0.51519	0.08615	0.17835
V251	0.19597	0.11329	0.09617	0.54008	0.05449
V252	0.02759	0.23259	0.45565	0.1756	0.10858
V253	0.26819	0.49269	0.09031	0.11845	0.03036
V254	0.44584	0.35062	0.01764	0.15449	0.03141
V255	0.63896	0.15887	0.01623	0.1074	0.07854
V256	0.04312	0.67777	0.03695	0.08885	0.15332
V257	0.37494	0.30876	0.13488	0.10626	0.07516
V258	0.15089	0.31858	0.06148	0.44505	0.024
V259	0.43617	0.29086	0.15642	0.08296	0.0336
V260	0.23481	0.14104	0.11088	0.13731	0.37597
V261	0.02443	0.16511	0.42768	0.27986	0.10292
V262	0.68631	0.12931	0.05595	0.10207	0.02636
V263	0.62055	0.15714	0.02721	0.17445	0.02066
V264	0.06978	0.75343	0.03123	0.12363	0.02193
V265	0.63119	0.16693	0.07474	0.10232	0.02483
V266	0.02384	0.12394	0.09692	0.1005	0.6548
V267	0.05469	0.11421	0.02544	0.20195	0.6037
V268	0.18151	0.40105	0.1404	0.22289	0.05414
V269	0.08267	0.34356	0.31318	0.22072	0.03988
V270	0.05121	0.08393	0.0458	0.79987	0.01919
V271	0.21495	0.60688	0.02786	0.1051	0.04521
V272	0.1043	0.70043	0.04477	0.0972	0.05331
V273	0.25179	0.12611	0.16585	0.3227	0.13355
V274	0.09248	0.13907	0.05441	0.23129	0.48275
V275	0.0461	0.61324	0.15533	0.15464	0.03069
V276	0.01536	0.18185	0.53772	0.23253	0.03254
V277	0.29105	0.16699	0.43526	0.07068	0.03601
V278	0.00974	0.15616	0.30297	0.42233	0.1088
V279	0.13882	0.08541	0.02898	0.68868	0.0581
V280	0.17938	0.10564	0.05075	0.57327	0.09096
V281	0.029	0.24792	0.05526	0.64293	0.02489
V282	0.06339	0.79139	0.02479	0.0902	0.03022
V283	0.31475	0.12383	0.11371	0.09562	0.35209
V284	0.02866	0.2424	0.44214	0.06405	0.22275
V285	0.44108	0.40122	0.01867	0.11206	0.02697
V286	0.07271	0.20757	0.60899	0.08965	0.02109
V287	0.21653	0.16064	0.16105	0.29731	0.16448
V288	0.16942	0.17733	0.47845	0.06801	0.10679
V289	0.14736	0.24483	0.0378	0.54564	0.02436
V290	0.36724	0.40515	0.12768	0.08051	0.01942
V291	0.35462	0.23077	0.02236	0.36773	0.02453
V292	0.10755	0.16961	0.34771	0.09136	0.28377
V293	0.01104	0.2561	0.60714	0.09827	0.02744
V294	0.01851	0.12928	0.02861	0.09899	0.72461
V295	0.01757	0.14569	0.29249	0.47008	0.07417
V296	0.65984	0.176	0.01696	0.10469	0.0425
V297	0.0233	0.19361	0.58465	0.15482	0.04362
V298	0.26534	0.09128	0.02135	0.51939	0.10264
V299	0.2426	0.08153	0.02816	0.62895	0.01876
V300	0.72751	0.11962	0.01816	0.10844	0.02628
V301	0.7165	0.11199	0.02262	0.11989	0.029
V302	0.01467	0.10303	0.0249	0.42051	0.43689
V303	0.10112	0.24255	0.20282	0.20802	0.24548
V304	0.15675	0.20126	0.54359	0.06719	0.03121
V305	0.19041	0.32955	0.09983	0.15989	0.22032
V306	0.29847	0.54746	0.02047	0.10026	0.03333
V307	0.20356	0.12551	0.23666	0.41839	0.01588
V308	0.19234	0.17787	0.48832	0.12103	0.02042
V309	0.52371	0.15018	0.05814	0.17124	0.09673
V310	0.03645	0.13184	0.02629	0.15874	0.64668
V311	0.0215	0.07844	0.05467	0.81903	0.02636
V312	0.08301	0.30072	0.23271	0.07133	0.31223
V313	0.06257	0.31431	0.03255	0.34087	0.2497
V314	0.08209	0.10683	0.02344	0.38749	0.40015
V315	0.71703	0.11364	0.02811	0.09782	0.0434
V316	0.10379	0.5008	0.23038	0.09775	0.06728
V317	0.30897	0.20439	0.38268	0.07262	0.03134
V318	0.69482	0.11067	0.02186	0.09491	0.07774
V319	0.09094	0.22469	0.5952	0.07285	0.01632
V320	0.08145	0.07471	0.02241	0.79489	0.02654
V321	0.1223	0.34401	0.27063	0.2293	0.03376
V322	0.01609	0.32503	0.4679	0.10173	0.08923
V323	0.21092	0.2783	0.35238	0.08487	0.07354
V324	0.04223	0.11331	0.05374	0.76565	0.02507
V325	0.50595	0.17813	0.08537	0.16951	0.06103
V326	0.05223	0.12522	0.07114	0.17923	0.57219
V327	0.29156	0.43466	0.11133	0.0965	0.06595
V328	0.04769	0.30679	0.16165	0.45442	0.02946
V329	0.00995	0.16544	0.33554	0.46692	0.02216
V330	0.07255	0.20881	0.61048	0.05953	0.04863
V331	0.12793	0.13436	0.09929	0.14164	0.49679
V332	0.36736	0.17997	0.34206	0.07424	0.03637
V333	0.33168	0.14948	0.25668	0.1895	0.07267
V334	0.04231	0.33426	0.44987	0.1285	0.04506
V335	0.56585	0.14983	0.08234	0.10835	0.09363
V336	0.1501	0.50885	0.23816	0.07327	0.02963
V337	0.01609	0.11819	0.0343	0.20644	0.62499
V338	0.55644	0.13543	0.13393	0.09363	0.08057
V339	0.19012	0.47979	0.17662	0.07407	0.0794
V340	0.03701	0.23933	0.12026	0.11361	0.48977
V341	0.02517	0.46552	0.37571	0.07354	0.06006
V342	0.24131	0.23591	0.35325	0.15345	0.01608
V343	0.52869	0.14094	0.22675	0.08603	0.01759
V344	0.10034	0.65341	0.05898	0.10128	0.08599
V345	0.2032	0.13415	0.0226	0.30359	0.33646
V346	0.03649	0.33361	0.28611	0.30289	0.0409
V347	0.08048	0.46894	0.04095	0.35808	0.05155
V348	0.0205	0.23452	0.38429	0.24836	0.11233
V349	0.06068	0.3472	0.43294	0.07683	0.08235
V350	0.1045	0.39892	0.09548	0.27245	0.12865
V351	0.15221	0.16004	0.35602	0.3053	0.02643
V352	0.10106	0.49134	0.30722	0.07703	0.02335
V353	0.23032	0.33532	0.05298	0.11266	0.26871
V354	0.43864	0.16003	0.31213	0.07207	0.01713
V355	0.08061	0.13842	0.29323	0.46633	0.02142
V356	0.08095	0.20533	0.59957	0.07716	0.03699
V357	0.04313	0.18754	0.42787	0.08287	0.2586
V358	0.03267	0.10481	0.0463	0.79056	0.02566
V359	0.05563	0.1591	0.02313	0.74269	0.01945
V360	0.55402	0.1412	0.08893	0.19797	0.01787
V361	0.30104	0.43245	0.09607	0.07872	0.09171
V362	0.62799	0.1219	0.09215	0.083	0.07496
V363	0.03614	0.13533	0.02582	0.19517	0.60754
V364	0.04164	0.30333	0.04002	0.4509	0.16412
V365	0.0142	0.08201	0.02383	0.83731	0.04265
V366	0.17278	0.19008	0.45547	0.11034	0.07134
V367	0.20005	0.26621	0.19565	0.20296	0.13512
V368	0.57975	0.17195	0.11344	0.09149	0.04337
V369	0.04244	0.57106	0.22534	0.14328	0.01788
V370	0.02506	0.22225	0.13003	0.36725	0.25541
V371	0.06035	0.76702	0.06344	0.08683	0.02236
V372	0.51073	0.16084	0.1311	0.16506	0.03227
V373	0.1116	0.56783	0.13592	0.16064	0.02401
V374	0.09037	0.16467	0.324	0.40535	0.01561
V375	0.24257	0.17209	0.44722	0.12241	0.01572
V376	0.01836	0.15622	0.35688	0.07507	0.39347
V377	0.08409	0.46129	0.20114	0.23051	0.02297
V378	0.12514	0.49719	0.17404	0.07381	0.12982
V379	0.03175	0.12841	0.11947	0.13142	0.58895
V380	0.02032	0.14981	0.17086	0.47746	0.18156
V381	0.14237	0.14979	0.02493	0.08728	0.59562
V382	0.3685	0.09362	0.02116	0.31053	0.20618
V383	0.03562	0.12101	0.24685	0.58028	0.01625
V384	0.25154	0.14058	0.15692	0.39864	0.05232
V385	0.08662	0.18599	0.02569	0.08745	0.61426
V386	0.53319	0.10452	0.02055	0.32214	0.0196
V387	0.2453	0.10068	0.02145	0.59546	0.0371
V388	0.05616	0.72155	0.05353	0.14186	0.02689
V389	0.12196	0.66523	0.03615	0.11073	0.06592
V390	0.16875	0.08716	0.02169	0.63017	0.09223
V391	0.57457	0.20179	0.0159	0.14506	0.06269
V392	0.71375	0.1332	0.02318	0.10502	0.02486
V393	0.09649	0.12431	0.14977	0.4959	0.13353
V394	0.56991	0.11121	0.03797	0.20261	0.0783
V395	0.00874	0.13677	0.32548	0.50664	0.02237
V396	0.4256	0.16581	0.3156	0.07133	0.02167
V397	0.5417	0.19517	0.04561	0.17249	0.04503
V398	0.06517	0.10249	0.1661	0.59032	0.07593
V399	0.04536	0.12722	0.01751	0.29748	0.51244
V400	0.15335	0.47219	0.15651	0.20057	0.01738
V401	0.25513	0.17093	0.4656	0.09236	0.01599
V402	0.29983	0.16623	0.34905	0.12002	0.06487
V403	0.14447	0.16291	0.01708	0.18608	0.48946
V404	0.00944	0.17955	0.40865	0.35651	0.04585
V405	0.30422	0.27818	0.08011	0.25159	0.0859
V406	0.02482	0.22455	0.66183	0.06075	0.02805
V407	0.67395	0.13634	0.04453	0.12365	0.02153
V408	0.03634	0.37782	0.02595	0.29264	0.26725
V409	0.10796	0.09422	0.07558	0.63033	0.09191
V410	0.1145	0.22724	0.28781	0.10071	0.26974
V411	0.01909	0.12859	0.02078	0.10822	0.72332
V412	0.02685	0.22761	0.13639	0.09209	0.51707
V413	0.02771	0.29205	0.15599	0.37168	0.15258
V414	0.04547	0.15853	0.01646	0.4675	0.31203
V415	0.15878	0.11164	0.02489	0.08911	0.61558
V416	0.10486	0.17351	0.03923	0.19287	0.48953
V417	0.01526	0.19285	0.58061	0.15565	0.05563
V418	0.4647	0.35952	0.03656	0.09728	0.04194
V419	0.22864	0.12326	0.03691	0.17215	0.43903
V420	0.21247	0.11718	0.11053	0.11048	0.44934
V421	0.01363	0.13318	0.1363	0.11036	0.60653
V422	0.02103	0.09859	0.06243	0.67831	0.13964
V423	0.24731	0.24627	0.251	0.22264	0.03278
V424	0.00977	0.17149	0.41805	0.06661	0.33407
V425	0.30562	0.36275	0.01789	0.0902	0.22354
V426	0.21712	0.21892	0.0368	0.45079	0.07636
V427	0.1945	0.54963	0.15304	0.07803	0.0248
V428	0.09424	0.57542	0.08919	0.1562	0.08495
V429	0.12349	0.67278	0.02149	0.14213	0.04011
V430	0.03454	0.15996	0.35807	0.20505	0.24238
V431	0.10816	0.36747	0.19308	0.27702	0.05427
V432	0.26681	0.15247	0.12575	0.34181	0.11316
V433	0.1663	0.15829	0.41147	0.23255	0.0314
V434	0.20761	0.32013	0.31727	0.08039	0.0746
V435	0.42803	0.16975	0.28162	0.09909	0.0215
V436	0.06194	0.54074	0.11422	0.11836	0.16474
V437	0.18083	0.12315	0.04483	0.21065	0.44054
V438	0.12525	0.32129	0.19199	0.30058	0.06089
V439	0.501	0.09771	0.05781	0.31525	0.02823
V440	0.02794	0.38465	0.4581	0.07719	0.05213
V441	0.03662	0.50131	0.34303	0.09574	0.02331
V442	0.06327	0.79021	0.03279	0.09018	0.02355
V443	0.71246	0.11083	0.02241	0.13026	0.02404
V444	0.14626	0.40333	0.047	0.35977	0.04363
V445	0.06575	0.39115	0.05596	0.45606	0.03109
V446	0.10827	0.12328	0.10805	0.53344	0.12697
V447	0.07131	0.09783	0.03068	0.45394	0.34624
V448	0.15858	0.11749	0.03876	0.09949	0.58569
V449	0.00922	0.22628	0.68313	0.06319	0.01817
V450	0.1829	0.18863	0.22899	0.1716	0.22788
V451	0.24613	0.23549	0.07393	0.34955	0.09489
V452	0.01857	0.10555	0.15941	0.66634	0.05013
V453	0.02429	0.10511	0.01674	0.46844	0.38542
V454	0.01572	0.18876	0.53972	0.07957	0.17623
V455	0.06274	0.28932	0.26018	0.10272	0.28503
V456	0.7101	0.11552	0.01699	0.11382	0.04357
V457	0.53904	0.23858	0.04649	0.13032	0.04556
V458	0.02838	0.38731	0.42766	0.11073	0.04592
V459	0.13137	0.14095	0.06809	0.47042	0.18916
V460	0.5223	0.15063	0.16897	0.12632	0.03177
V461	0.17081	0.32949	0.227	0.08368	0.18902
V462	0.05414	0.15081	0.03098	0.50045	0.26361
V463	0.19937	0.1268	0.02881	0.62055	0.02448
V464	0.14098	0.27765	0.48437	0.07564	0.02135
V465	0.04793	0.18843	0.03365	0.10212	0.62787
V466	0.0367	0.11246	0.0191	0.17057	0.66117
V467	0.06009	0.27376	0.03922	0.53917	0.08776
V468	0.46369	0.30759	0.10819	0.08065	0.03988
V469	0.02359	0.34637	0.07308	0.30601	0.25095
V470	0.64236	0.14364	0.03848	0.15019	0.02533
V471	0.34312	0.30015	0.04341	0.19418	0.11915
V472	0.01732	0.14881	0.05871	0.09095	0.68421
V473	0.0343	0.27188	0.23233	0.32031	0.14118
V474	0.26083	0.18756	0.0726	0.43125	0.04776
V475	0.13723	0.18537	0.4624	0.08605	0.12895
V476	0.14676	0.121	0.10608	0.56431	0.06186
V477	0.05426	0.7983	0.0331	0.09062	0.02372
V478	0.16882	0.11732	0.02473	0.08861	0.60051
V479	0.64224	0.14449	0.04438	0.14376	0.02513
V480	0.13389	0.57125	0.07225	0.17894	0.04367
V481	0.22237	0.35804	0.07569	0.22702	0.11688
V482	0.11147	0.59317	0.1888	0.07584	0.03072
V483	0.29067	0.46283	0.01863	0.17175	0.05612
V484	0.20272	0.45847	0.12313	0.18635	0.02932
V485	0.52114	0.16303	0.11051	0.17276	0.03255
V486	0.06659	0.19491	0.27137	0.07051	0.39662
V487	0.1202	0.21782	0.34629	0.29462	0.02108
V488	0.36291	0.14076	0.015	0.34872	0.13261
V489	0.01503	0.3121	0.52471	0.1206	0.02756
V490	0.01546	0.18859	0.56466	0.21006	0.02124
V491	0.03887	0.44905	0.06543	0.15972	0.28693
V492	0.03612	0.18663	0.04657	0.69208	0.0386
V493	0.02355	0.07416	0.02361	0.85011	0.02857
V494	0.29194	0.08677	0.0346	0.51243	0.07426
V495	0.28172	0.26003	0.1952	0.20555	0.0575
V496	0.12946	0.14142	0.06878	0.08258	0.57777
V497	0.09736	0.14779	0.14915	0.15288	0.45282
V498	0.07779	0.74328	0.04624	0.09162	0.04107
V499	0.04462	0.28821	0.24549	0.11803	0.30365
V500	0.10597	0.45037	0.12004	0.26086	0.06277
V501	0.07434	0.34444	0.03371	0.08989	0.45762
V502	0.13178	0.67676	0.05964	0.11136	0.02046
V503	0.3674	0.13454	0.18672	0.17961	0.13172
V504	0.41498	0.24032	0.02272	0.08975	0.23222
V505	0.51289	0.10914	0.03911	0.14877	0.19009
V506	0.03186	0.49573	0.08206	0.08522	0.30512
V507	0.64984	0.10675	0.04363	0.16008	0.0397
V508	0.03326	0.57129	0.21205	0.107	0.0764
V509	0.05522	0.43778	0.14767	0.23857	0.12076
V510	0.36139	0.43379	0.059	0.12057	0.02526
V511	0.06125	0.35274	0.42631	0.09597	0.06373
V512	0.14131	0.43478	0.17414	0.11301	0.13676
V513	0.16334	0.58569	0.08746	0.11999	0.04351
V514	0.0206	0.13611	0.21579	0.10314	0.52436
V515	0.07658	0.1729	0.01573	0.71505	0.01973
V516	0.15009	0.35181	0.11687	0.35199	0.02925
V517	0.0221	0.1076	0.06251	0.78235	0.02545
V518	0.33693	0.14382	0.26834	0.21395	0.03697
V519	0.616	0.14436	0.02126	0.19276	0.02562
V520	0.07708	0.72748	0.03804	0.13626	0.02114
V521	0.19069	0.09921	0.1345	0.55327	0.02233
V522	0.04754	0.28025	0.45964	0.16803	0.04454
V523	0.12477	0.21191	0.5463	0.0963	0.02072
V524	0.27032	0.18218	0.42395	0.06526	0.05829
V525	0.02205	0.26189	0.04964	0.09207	0.57434
V526	0.04056	0.21772	0.62643	0.0775	0.0378
V527	0.07919	0.45723	0.34787	0.08111	0.0346
V528	0.14711	0.07872	0.03619	0.71938	0.01859
V529	0.17301	0.19979	0.53342	0.06784	0.02593
V530	0.02406	0.21298	0.6341	0.09634	0.03252
V531	0.16662	0.47533	0.10147	0.08999	0.16659
V532	0.06336	0.31245	0.27431	0.06958	0.2803
V533	0.25143	0.11467	0.01708	0.08843	0.52838
V534	0.12311	0.13042	0.01515	0.6926	0.03872
V535	0.63969	0.18755	0.05732	0.08937	0.02606
V536	0.11371	0.26072	0.33324	0.09187	0.20046
V537	0.02763	0.13989	0.03533	0.094	0.70315
V538	0.51444	0.17794	0.02158	0.10827	0.17776
V539	0.02008	0.26409	0.51386	0.13924	0.06272
V540	0.1557	0.44265	0.10174	0.11709	0.18281
V541	0.03835	0.40743	0.04228	0.10351	0.40845
V542	0.04099	0.3425	0.12147	0.43081	0.06424
V543	0.06051	0.24018	0.52211	0.09772	0.07949
V544	0.29289	0.24742	0.17136	0.1242	0.16413
V545	0.52312	0.33505	0.02429	0.09543	0.0221
V546	0.07129	0.67809	0.0994	0.08578	0.06544
V547	0.09349	0.67251	0.02134	0.17257	0.04009
V548	0.01565	0.12372	0.02371	0.80943	0.02749
V549	0.0155	0.1174	0.04174	0.22015	0.60521
V550	0.04628	0.72869	0.10938	0.08865	0.027
V551	0.02457	0.07364	0.01605	0.86295	0.02278
V552	0.20646	0.12118	0.0376	0.11098	0.52379
V553	0.60948	0.11191	0.03197	0.19636	0.05027
V554	0.09666	0.17899	0.40064	0.29725	0.02646
V555	0.05216	0.78488	0.03219	0.08791	0.04287
V556	0.08047	0.1254	0.06869	0.66788	0.05756
V557	0.27609	0.26354	0.05094	0.35479	0.05465
V558	0.01571	0.19898	0.58391	0.169	0.03241
V559	0.09366	0.41859	0.37456	0.07325	0.03993
V560	0.50723	0.2678	0.12433	0.08134	0.01929
V561	0.55737	0.1186	0.12702	0.08842	0.10859
V562	0.11749	0.16234	0.15696	0.14415	0.41906
V563	0.1918	0.29599	0.19594	0.15992	0.15636
V564	0.30611	0.11747	0.0709	0.34333	0.1622
V565	0.01731	0.12587	0.03555	0.12551	0.69576
V566	0.26571	0.19547	0.04335	0.33612	0.15934
V567	0.02449	0.21656	0.67487	0.06133	0.02275
V568	0.03245	0.28349	0.36862	0.29944	0.016
V569	0.50202	0.17481	0.10542	0.17409	0.04366
V570	0.1209	0.14126	0.2557	0.41652	0.06562
V571	0.22732	0.12701	0.21637	0.32535	0.10394
V572	0.65945	0.11217	0.01595	0.0975	0.11493
V573	0.07383	0.17769	0.3016	0.35403	0.09286
V574	0.43543	0.294	0.08247	0.15377	0.03433
V575	0.31722	0.13601	0.12151	0.11406	0.3112
V576	0.04941	0.75797	0.03101	0.09254	0.06907
V577	0.36193	0.43296	0.05214	0.12761	0.02536
V578	0.02918	0.2538	0.43101	0.23469	0.05132
V579	0.02694	0.48392	0.29881	0.089	0.10132
V580	0.2	0.47562	0.03277	0.2541	0.0375
V581	0.05225	0.45747	0.33154	0.13609	0.02265
V582	0.00989	0.23858	0.66517	0.06872	0.01764
V583	0.47087	0.15148	0.26636	0.09436	0.01694
V584	0.20375	0.45648	0.11551	0.1024	0.12186
V585	0.0509	0.67017	0.08388	0.12937	0.06568
V586	0.04176	0.6752	0.17078	0.09247	0.0198
V587	0.05921	0.61094	0.02837	0.10377	0.19771
V588	0.20092	0.39557	0.30985	0.07069	0.02296
V589	0.09481	0.38449	0.0634	0.42016	0.03714
V590	0.0541	0.68726	0.02187	0.09075	0.14603
V591	0.40002	0.43129	0.05184	0.09079	0.02605
V592	0.02305	0.18964	0.58097	0.08412	0.12221
V593	0.36424	0.09275	0.02089	0.46775	0.05437
V594	0.01143	0.24982	0.51479	0.17332	0.05063
V595	0.43531	0.12947	0.07368	0.31656	0.04499
V596	0.37636	0.23997	0.1843	0.16676	0.03261
V597	0.03135	0.24795	0.02602	0.16768	0.52701
V598	0.48929	0.11121	0.02169	0.08655	0.29126
V599	0.07357	0.38521	0.1042	0.3938	0.04322
V600	0.24097	0.12595	0.17427	0.36045	0.09835
V601	0.13443	0.16314	0.02285	0.46631	0.21327
V602	0.64926	0.2087	0.01774	0.10073	0.02356
V603	0.12605	0.20945	0.04645	0.18264	0.4354
V604	0.02367	0.19308	0.54826	0.13634	0.09865
V605	0.03325	0.16997	0.13586	0.12832	0.5326
V606	0.65859	0.10741	0.01595	0.09769	0.12035
V607	0.15312	0.19001	0.03879	0.09035	0.52772
V608	0.59391	0.12086	0.04413	0.14684	0.09426
V609	0.17245	0.30926	0.03111	0.40926	0.07793
V610	0.08705	0.57268	0.02739	0.28691	0.02597
V611	0.21946	0.18657	0.46059	0.08057	0.05282
V612	0.30998	0.16852	0.26438	0.08154	0.17558
V613	0.36036	0.45694	0.05277	0.10943	0.0205
V614	0.45299	0.1266	0.03383	0.13783	0.24876
V615	0.01326	0.17061	0.13754	0.54133	0.13726
V616	0.5175	0.12041	0.13715	0.18246	0.04248
V617	0.18945	0.195	0.37689	0.13356	0.1051
V618	0.57139	0.17177	0.07008	0.09286	0.0939
V619	0.44102	0.15047	0.14297	0.08138	0.18415
V620	0.04397	0.14763	0.31053	0.47622	0.02164
V621	0.12693	0.28156	0.26892	0.06951	0.25308
V622	0.02486	0.28279	0.31652	0.075	0.30082
V623	0.07114	0.08709	0.02254	0.65811	0.16112
V624	0.69189	0.10909	0.02163	0.11006	0.06732
V625	0.0131	0.13665	0.1033	0.72233	0.02462
V626	0.06783	0.17428	0.44646	0.27932	0.03211
V627	0.10299	0.2305	0.12548	0.09728	0.44375
V628	0.71183	0.12152	0.02269	0.11974	0.02422
V629	0.10929	0.30954	0.47739	0.08221	0.02158
V630	0.02161	0.24627	0.04189	0.10047	0.58975
V631	0.01192	0.14942	0.25531	0.08107	0.50228
V632	0.05271	0.67598	0.02902	0.11101	0.13128
V633	0.05843	0.10477	0.10202	0.49853	0.23625
V634	0.35016	0.40323	0.14269	0.08492	0.01899
V635	0.04262	0.2046	0.1844	0.08863	0.47976
V636	0.17425	0.23997	0.27706	0.21167	0.09705
V637	0.1813	0.15405	0.34251	0.24746	0.07468
V638	0.0787	0.44243	0.04138	0.14526	0.29222
V639	0.44264	0.36581	0.08317	0.08316	0.02522
V640	0.10559	0.24211	0.09415	0.25711	0.30105
V641	0.09897	0.6206	0.04289	0.19898	0.03856
V642	0.58103	0.12423	0.02076	0.25394	0.02004
V643	0.05657	0.73295	0.08557	0.10421	0.0207
V644	0.04717	0.40599	0.04076	0.4609	0.04518
V645	0.15874	0.63059	0.03559	0.15477	0.02031
V646	0.13049	0.47675	0.04804	0.27367	0.07105
V647	0.7047	0.10966	0.02218	0.13994	0.02352
V648	0.38329	0.16883	0.02156	0.29476	0.13155
V649	0.24004	0.17657	0.08868	0.15945	0.33526
V650	0.03073	0.08079	0.07011	0.79939	0.01898
V651	0.13801	0.23216	0.01615	0.59434	0.01934
V652	0.31818	0.09438	0.04812	0.51005	0.02927
V653	0.30169	0.10382	0.06305	0.48409	0.04735
V654	0.03855	0.17226	0.01879	0.13458	0.63582
V655	0.13925	0.16269	0.2676	0.409	0.02146
V656	0.11264	0.11962	0.01763	0.16065	0.58946
V657	0.03928	0.45404	0.04931	0.3548	0.10257
V658	0.03212	0.11401	0.04623	0.58324	0.2244
V659	0.02072	0.10642	0.08663	0.72022	0.06601
V660	0.06469	0.35392	0.04131	0.11047	0.42961
V661	0.04701	0.58183	0.03524	0.23327	0.10266
V662	0.03963	0.43042	0.04247	0.08202	0.40547
V663	0.73062	0.1164	0.02371	0.10304	0.02622
V664	0.02903	0.10767	0.1276	0.38908	0.34662
V665	0.03274	0.56264	0.21205	0.14329	0.04928
V666	0.0968	0.72815	0.06154	0.09207	0.02144
V667	0.03723	0.50102	0.25226	0.15454	0.05494
V668	0.51594	0.25985	0.0598	0.12977	0.03463
V669	0.40228	0.30765	0.04261	0.15126	0.0962
V670	0.09422	0.56139	0.0653	0.10659	0.1725
V671	0.58021	0.12999	0.1619	0.10536	0.02254
V672	0.09095	0.16086	0.10177	0.31405	0.33237
V673	0.01795	0.13359	0.0194	0.17116	0.6579
V674	0.29426	0.21647	0.38016	0.06694	0.04217
V675	0.54945	0.10787	0.05079	0.19591	0.09599
V676	0.21219	0.22015	0.39325	0.06541	0.109
V677	0.04598	0.30271	0.21342	0.37584	0.06206
V678	0.05437	0.33837	0.03386	0.10459	0.46881
V679	0.01665	0.15518	0.38847	0.41807	0.02163
V680	0.15975	0.10178	0.03703	0.35375	0.34768
V681	0.4387	0.12095	0.05313	0.30563	0.08159
V682	0.00922	0.22628	0.68313	0.06319	0.01817
V683	0.06386	0.28301	0.49813	0.06238	0.09262
V684	0.06249	0.08101	0.02272	0.81345	0.02033
V685	0.01593	0.20773	0.61969	0.13527	0.02138
V686	0.26096	0.52404	0.0838	0.10017	0.03104
V687	0.00789	0.16619	0.47401	0.32459	0.02732
V688	0.00857	0.22117	0.67415	0.06756	0.02855
V689	0.40327	0.15782	0.17614	0.15273	0.11005
V690	0.1064	0.72125	0.03785	0.1067	0.02779
V691	0.13356	0.18314	0.06023	0.57994	0.04313
V692	0.07142	0.09842	0.02984	0.7124	0.08791
V693	0.0261	0.47689	0.37932	0.09442	0.02326
V694	0.087	0.22878	0.05371	0.55856	0.07196
V695	0.11967	0.2049	0.14812	0.08917	0.43814
V696	0.10575	0.18449	0.55555	0.06586	0.08836
V697	0.09517	0.20356	0.28443	0.32395	0.09289
V698	0.02222	0.14512	0.17553	0.0854	0.57173
V699	0.04047	0.10058	0.06187	0.61977	0.1773
V700	0.06321	0.69809	0.09232	0.08012	0.06625
V701	0.022	0.24628	0.03437	0.09434	0.60302
V702	0.02617	0.17251	0.02359	0.64375	0.13398
V703	0.02273	0.08992	0.03883	0.82173	0.02679
V704	0.04593	0.19108	0.34486	0.08038	0.33776
V705	0.70981	0.12083	0.01707	0.10862	0.04366
V706	0.14057	0.21161	0.15747	0.41533	0.07503
V707	0.13332	0.19438	0.08482	0.28846	0.29903
V708	0.0305	0.53351	0.33991	0.07769	0.01839
V709	0.01732	0.1355	0.05131	0.09341	0.70246
V710	0.11381	0.1773	0.39668	0.06499	0.24722
V711	0.0643	0.11663	0.04152	0.105	0.67254
V712	0.05713	0.18771	0.53374	0.19522	0.02621
V713	0.22095	0.40306	0.27406	0.08433	0.0176
V714	0.05725	0.12454	0.01966	0.0962	0.70235
V715	0.01691	0.33794	0.48067	0.14251	0.02196
V716	0.58766	0.22161	0.02795	0.12709	0.03571
V717	0.34035	0.22672	0.12157	0.09446	0.2169
V718	0.51607	0.13912	0.21835	0.07955	0.04691
V719	0.34617	0.26833	0.108	0.16768	0.10982
V720	0.11863	0.15019	0.09951	0.10613	0.52555
V721	0.03477	0.1267	0.06556	0.10327	0.66971
V722	0.02888	0.26833	0.0719	0.48337	0.14752
V723	0.10534	0.25437	0.1175	0.48704	0.03575
V724	0.12495	0.56691	0.0572	0.22606	0.02489
V725	0.03751	0.1262	0.02771	0.09614	0.71244
V726	0.20703	0.45251	0.0693	0.12592	0.14524
V727	0.01629	0.2196	0.66905	0.06692	0.02814
V728	0.59779	0.13161	0.11177	0.13599	0.02285
V729	0.49867	0.17302	0.03963	0.26497	0.0237
V730	0.10839	0.15437	0.32764	0.35176	0.05784
V731	0.01253	0.09513	0.071	0.80188	0.01945
V732	0.02375	0.07411	0.0237	0.85656	0.02188
V733	0.03327	0.22798	0.65034	0.0606	0.02781
V734	0.39429	0.19318	0.28146	0.10463	0.02644
V735	0.07166	0.24154	0.20916	0.09254	0.3851
V736	0.01907	0.15389	0.02792	0.09514	0.70398
V737	0.72761	0.12055	0.02363	0.10227	0.02594
V738	0.03126	0.44474	0.03505	0.08991	0.39904
V739	0.02474	0.08725	0.01588	0.85004	0.02208
V740	0.19768	0.17719	0.11227	0.09046	0.4224
V741	0.42849	0.11004	0.02076	0.32533	0.11539
V742	0.06803	0.17611	0.4399	0.18798	0.12797
V743	0.03399	0.15536	0.08771	0.16286	0.56008
V744	0.175	0.15282	0.16187	0.46329	0.04702
V745	0.15736	0.10338	0.05866	0.65697	0.02363
V746	0.32956	0.47881	0.05331	0.08934	0.04897
V747	0.03298	0.22437	0.64366	0.06609	0.0329
V748	0.14757	0.27062	0.2547	0.11521	0.2119
V749	0.17107	0.17865	0.12302	0.40967	0.11759
V750	0.60023	0.22594	0.02269	0.12965	0.02149
V751	0.03775	0.39715	0.45794	0.08465	0.02252
V752	0.02961	0.21149	0.04178	0.09405	0.62307
V753	0.4342	0.1639	0.20606	0.09547	0.10037
V754	0.11312	0.319	0.02429	0.51837	0.02522
V755	0.22969	0.6021	0.05694	0.08448	0.02678
V756	0.02862	0.19503	0.04143	0.13048	0.60444
V757	0.16364	0.09229	0.10428	0.61697	0.02281
V758	0.06842	0.40457	0.01815	0.48276	0.02609
V759	0.08956	0.14746	0.10841	0.08014	0.57443
V760	0.0762	0.14939	0.20218	0.26408	0.30816
V761	0.05848	0.33103	0.51873	0.06963	0.02212
V762	0.02042	0.14721	0.17075	0.3857	0.27592
V763	0.0349	0.30874	0.02679	0.08606	0.54352
V764	0.10966	0.13591	0.09151	0.63335	0.02957
V765	0.14455	0.19018	0.49074	0.09731	0.07722
V766	0.07295	0.45826	0.23493	0.11108	0.12278
V767	0.2522	0.4328	0.07552	0.11819	0.1213
V768	0.06522	0.7136	0.06893	0.12571	0.02654
V769	0.57788	0.13507	0.15623	0.08337	0.04745
V770	0.25082	0.15844	0.3874	0.18272	0.02062
V771	0.07057	0.63662	0.02819	0.16284	0.10177
V772	0.04925	0.22044	0.64652	0.06698	0.01682
V773	0.03596	0.11434	0.01843	0.22178	0.60949
V774	0.13777	0.16973	0.42747	0.06396	0.20107
V775	0.69038	0.1092	0.03269	0.13616	0.03158
V776	0.31122	0.39436	0.15344	0.10079	0.04019
V777	0.19206	0.373	0.22472	0.15796	0.05226
V778	0.45001	0.13827	0.02718	0.24478	0.13976
V779	0.06607	0.41642	0.40993	0.0793	0.02828
V780	0.02461	0.21639	0.67403	0.0677	0.01728
V781	0.1646	0.33254	0.17076	0.07366	0.25844
V782	0.21687	0.27774	0.03843	0.08826	0.3787
V783	0.0084	0.18329	0.5086	0.08132	0.21839
V784	0.03662	0.55436	0.01981	0.30025	0.08896
V785	0.57459	0.18956	0.01565	0.16317	0.05703
V786	0.15691	0.22946	0.03017	0.54616	0.03731
V787	0.1347	0.52857	0.01927	0.24527	0.0722
V788	0.33696	0.38706	0.07975	0.0794	0.11683
V789	0.01907	0.21366	0.0247	0.41108	0.33148
V790	0.25613	0.26428	0.074	0.16685	0.23874
V791	0.16808	0.2617	0.08443	0.23013	0.25565
V792	0.7118	0.12404	0.03379	0.09699	0.03338
V793	0.29595	0.28835	0.06563	0.15209	0.19798
V794	0.02272	0.13558	0.11222	0.21505	0.51444
V795	0.1346	0.7015	0.03741	0.09234	0.03415
V796	0.26497	0.38201	0.1125	0.1995	0.04103
V797	0.14081	0.11092	0.01802	0.10456	0.6257
V798	0.13071	0.472	0.02626	0.15289	0.21813
V799	0.03609	0.20537	0.0626	0.63728	0.05866
V800	0.03534	0.12393	0.03355	0.17959	0.62759
V801	0.32536	0.109	0.12084	0.40549	0.03931
V802	0.04133	0.25897	0.03384	0.09265	0.57321
V803	0.27398	0.10804	0.02141	0.55982	0.03676
V804	0.17855	0.22331	0.18762	0.35744	0.05308
V805	0.12974	0.23157	0.36466	0.19176	0.08227
V806	0.39247	0.13553	0.176	0.12113	0.17486
V807	0.57369	0.11429	0.06898	0.12067	0.12238
V808	0.649	0.11698	0.05566	0.09167	0.08669
V809	0.1921	0.53421	0.04087	0.10781	0.12501
V810	0.03309	0.14247	0.05474	0.45749	0.31221
V811	0.05622	0.18396	0.04032	0.16523	0.55427
V812	0.03425	0.58253	0.1956	0.14448	0.04313
V813	0.03674	0.28675	0.21029	0.07306	0.39315
V814	0.18786	0.48516	0.07764	0.21301	0.03634
V815	0.22105	0.57447	0.04875	0.13001	0.02573
V816	0.03175	0.46555	0.02646	0.43004	0.0462
V817	0.60654	0.14205	0.1296	0.10301	0.01879
V818	0.04236	0.28143	0.31723	0.09378	0.26519
V819	0.70814	0.12176	0.02805	0.11832	0.02374
V820	0.0711	0.35789	0.12875	0.39953	0.04272
V821	0.0193	0.12931	0.02095	0.10111	0.72933
V822	0.17743	0.09198	0.02876	0.68315	0.01869
V823	0.05019	0.195	0.21534	0.07375	0.46572
V824	0.07467	0.14239	0.04107	0.0888	0.65308
V825	0.12596	0.17426	0.49078	0.1937	0.0153
V826	0.04055	0.21392	0.6502	0.07876	0.01657
V827	0.31097	0.19375	0.01558	0.38523	0.09446
V828	0.22067	0.21629	0.11252	0.12307	0.32745
V829	0.08533	0.19534	0.27784	0.20193	0.23955
V830	0.12527	0.1888	0.51864	0.07852	0.08877
V831	0.04008	0.63871	0.06752	0.21499	0.03871
V832	0.19838	0.10528	0.08145	0.26617	0.34872
V833	0.18859	0.64465	0.02874	0.08543	0.05259
V834	0.58959	0.19633	0.04539	0.10725	0.06144
V835	0.22783	0.29896	0.09784	0.29432	0.08105
V836	0.3	0.18922	0.3448	0.14512	0.02086
V837	0.04579	0.7156	0.03756	0.1192	0.08184
V838	0.01155	0.08441	0.08689	0.79131	0.02584
V839	0.04382	0.14802	0.08762	0.08428	0.63626
V840	0.7014	0.11719	0.03872	0.1154	0.02729
V841	0.18029	0.19499	0.53573	0.06806	0.02093
V842	0.42116	0.14901	0.17992	0.22317	0.02673
V843	0.38647	0.12484	0.14024	0.13023	0.21822
V844	0.02115	0.28916	0.57635	0.08014	0.03321
V845	0.03305	0.09124	0.01597	0.59837	0.26137
V846	0.10866	0.15021	0.10816	0.12717	0.5058
V847	0.19812	0.11421	0.06644	0.17765	0.44358
V848	0.58792	0.12845	0.02078	0.15584	0.107
V849	0.11723	0.20963	0.52951	0.06668	0.07695
V850	0.18824	0.15903	0.25962	0.18303	0.21008
V851	0.72845	0.11467	0.01797	0.10803	0.03087
V852	0.22048	0.15437	0.0891	0.21079	0.32525
V853	0.03624	0.24464	0.48382	0.16653	0.06877
V854	0.04889	0.36656	0.23847	0.13274	0.21335
V855	0.1027	0.37304	0.10317	0.33643	0.08466
V856	0.15305	0.38769	0.07003	0.07874	0.31049
V857	0.07745	0.14495	0.16878	0.4064	0.20242
V858	0.03067	0.3608	0.19082	0.24439	0.17332
V859	0.12942	0.09242	0.03645	0.69739	0.04432
V860	0.04437	0.19374	0.0786	0.61815	0.06513
V861	0.13492	0.11615	0.12969	0.5966	0.02263
V862	0.07283	0.11688	0.04016	0.16022	0.60992
V863	0.05083	0.774	0.03958	0.09337	0.04222
V864	0.03977	0.20134	0.63392	0.10892	0.01605
V865	0.07442	0.17232	0.49309	0.24485	0.01532
V866	0.03339	0.19892	0.50106	0.23433	0.0323
V867	0.48403	0.12812	0.02175	0.08617	0.27992
V868	0.19613	0.27942	0.33572	0.15629	0.03244
V869	0.02662	0.12069	0.04337	0.10184	0.70748
V870	0.24494	0.22122	0.08913	0.27148	0.17323
V871	0.04266	0.15832	0.11123	0.15178	0.53602
V872	0.34024	0.11867	0.02765	0.45913	0.05431
V873	0.05894	0.33347	0.15489	0.38247	0.07024
V874	0.09502	0.15174	0.02562	0.09565	0.63196
V875	0.01883	0.22647	0.03985	0.49504	0.21982
V876	0.40861	0.15274	0.06812	0.09215	0.27837
V877	0.2194	0.53801	0.05536	0.15629	0.03095
V878	0.03827	0.59953	0.05932	0.27088	0.032
V879	0.69315	0.13532	0.02777	0.11618	0.02757
V880	0.08345	0.15529	0.04592	0.42845	0.28689
V881	0.01707	0.17436	0.44664	0.06479	0.29714
V882	0.04919	0.43148	0.03343	0.46665	0.01925
V883	0.43696	0.21474	0.02809	0.22487	0.09534
V884	0.0192	0.12267	0.02103	0.1096	0.72751
V885	0.14766	0.18921	0.33288	0.15121	0.17904
V886	0.0145	0.10823	0.04927	0.26555	0.56245
V887	0.09803	0.73705	0.03074	0.08615	0.04803
V888	0.06271	0.16219	0.06948	0.6408	0.06483
V889	0.12226	0.68204	0.05964	0.10327	0.03279
V890	0.03791	0.11198	0.14317	0.60045	0.10648
V891	0.00976	0.23719	0.66091	0.07469	0.01745
V892	0.49933	0.26049	0.03471	0.08923	0.11625
V893	0.12805	0.26717	0.41578	0.12714	0.06186
V894	0.09952	0.47283	0.06407	0.30621	0.05737
V895	0.51906	0.13966	0.22329	0.09612	0.02187
V896	0.18681	0.26115	0.21746	0.31263	0.02195
V897	0.01199	0.08274	0.0549	0.73198	0.11839
V898	0.35242	0.11265	0.02895	0.1033	0.40269
V899	0.47505	0.30982	0.08781	0.08168	0.04563
V900	0.22246	0.27346	0.24595	0.22499	0.03315
