mature.neutrophil	CD14.pos.CD16.neg.classical.monocyte	macrophage	memory.CD4.pos.AB.T.cell	cytotoxic.CD56.dim.NK.cell
V1	0.30879	0.19667	0.19609	0.18001	0.11844
V2	0.09939	0.67206	0.08041	0.11911	0.02904
V3	0.05663	0.15334	0.31524	0.46357	0.01122
V4	0.01155	0.09483	0.18394	0.10914	0.60054
V5	0.01608	0.04002	0.05495	0.16513	0.72382
V6	0.30279	0.13372	0.20195	0.26801	0.09353
V7	0.00747	0.15609	0.32154	0.12286	0.39205
V8	0.00889	0.25838	0.61862	0.10518	0.00892
V9	0.04462	0.1038	0.18995	0.65852	0.00311
V10	0.43154	0.18892	0.3308	0.01928	0.02946
V11	0.03582	0.06491	0.0877	0.12549	0.68607
V12	0.07342	0.09559	0.16787	0.35408	0.30904
V13	0.1206	0.07534	0.03606	0.47489	0.29312
V14	0.13981	0.06087	0.05997	0.66914	0.07021
V15	0.01064	0.04749	0.00695	0.92223	0.01269
V16	0.51655	0.10603	0.01556	0.35384	0.00802
V17	0.07655	0.19778	0.02624	0.11991	0.57952
V18	0.10121	0.38975	0.22556	0.2814	0.00208
V19	0.0291	0.03032	0.00922	0.18287	0.74849
V20	0	0.20525	0.51121	0.26881	0.01472
V21	0.02639	0.2409	0.11918	0.22759	0.38594
V22	0.75507	0.13847	0.05338	0.0219	0.03118
V23	0.07727	0.0457	0.02651	0.19532	0.65519
V24	0.44399	0.13237	0.02398	0.08747	0.31218
V25	0.01902	0.04857	0.01952	0.48703	0.42586
V26	0.46909	0.19912	0.05698	0.07976	0.19504
V27	0.15445	0.44413	0.17669	0.0486	0.17613
V28	0.02196	0.13055	0.15487	0.67	0.02262
V29	0	0.11146	0.23921	0.63909	0.01024
V30	0.69249	0.13509	0.026	0.05226	0.09415
V31	0.39978	0.14646	0.0183	0.28071	0.15476
V32	0.82968	0.07847	0.00861	0.02922	0.05401
V33	0.02945	0.16172	0.02557	0.18434	0.59891
V34	0.19016	0.7337	0.03491	0.04123	0
V35	0.13129	0.55391	0.24893	0.06587	0
V36	0.03186	0.19113	0.14523	0.14967	0.48213
V37	0.69141	0.06065	0.00274	0.04556	0.19965
V38	0.11552	0.17118	0.34343	0.24143	0.12844
V39	0.3077	0.15488	0.24482	0.0499	0.24269
V40	0.27758	0.49969	0.03603	0.16432	0.02238
V41	0.10082	0.73977	0.04402	0.04778	0.06761
V42	0.77964	0.10123	0.01939	0.03555	0.06419
V43	0.45511	0.22583	0.25444	0.05038	0.01424
V44	0.0447	0.36799	0.44362	0.03706	0.10662
V45	0.06614	0.56463	0.11298	0.22639	0.02987
V46	0.17322	0.6536	0.09343	0.07732	0.00242
V47	0	0.27518	0.68198	0.02466	0.01819
V48	0.1601	0.17841	0.17164	0.38031	0.10953
V49	0.43497	0.20414	0.17255	0.17588	0.01246
V50	0.02236	0.2804	0.66436	0.02297	0.00991
V51	0.11518	0.26364	0.16935	0.11332	0.33851
V52	0.11102	0.80585	0.0393	0.04383	0
V53	0.0225	0.14463	0.0165	0.81633	4e-05
V54	0.19474	0.04493	0.01592	0.59043	0.15398
V55	0.05896	0.0383	0.00596	0.89128	0.0055
V56	0.0587	0.0323	0.01142	0.80347	0.0941
V57	0.15836	0.26161	0.40934	0.05929	0.1114
V58	0.06714	0.06123	0.11117	0.26364	0.49682
V59	0.76813	0.10875	0.06797	0.0346	0.02056
V60	0.41064	0.21548	0.10527	0.16838	0.10023
V61	0.1859	0.05011	0.02914	0.28306	0.45178
V62	0.05663	0.12249	0.23108	0.18859	0.40122
V63	0.40332	0.23626	0.06024	0.07732	0.22285
V64	0.83891	0.09303	0.01998	0.02483	0.02325
V65	0.07734	0.09602	0.03787	0.67173	0.11705
V66	0.01638	0.07107	0.10255	0.79931	0.01069
V67	0.00804	0.12031	0.25936	0.15125	0.46104
V68	0.42347	0.15679	0.27779	0.06432	0.07763
V69	0.5526	0.1872	0.15019	0.04799	0.06202
V70	0.09747	0.58679	0.06619	0.24721	0.00234
V71	0.14872	0.66127	0.07022	0.11979	0
V72	0.05656	0.31747	0.03835	0.09903	0.4886
V73	0.04888	0.06209	0.0811	0.62571	0.18221
V74	0.00419	0.07136	0.01382	0.8471	0.06354
V75	0.45417	0.25837	0.23206	0.03602	0.01938
V76	0	0.03866	0.019	0.89253	0.04981
V77	0.01946	0.26047	0.64184	0.06847	0.00976
V78	0.00032	0.27626	0.67174	0.03388	0.01779
V79	0.09638	0.32363	0.05001	0.21142	0.31856
V80	0.18091	0.60677	0.0287	0.10844	0.07518
V81	0.01033	0.27481	0.68101	0.02333	0.01051
V82	0.22407	0.15244	0.03206	0.58327	0.00817
V83	0.08946	0.08927	0.02489	0.60521	0.19117
V84	0.10294	0.13729	0.01717	0.1226	0.62001
V85	0	0.27503	0.68139	0.03313	0.01046
V86	0.02697	0.27129	0.24431	0.45227	0.00516
V87	0.4044	0.073	0.03771	0.46397	0.02092
V88	0.30174	0.1625	0.05077	0.24975	0.23523
V89	0.0471	0.29483	0.5837	0.06739	0.00698
V90	0.02684	0.16041	0.05858	0.17845	0.57572
V91	0	0.05517	0.06382	0.87658	0.00443
V92	0.23227	0.06873	0.03035	0.11497	0.55367
V93	0.00609	0.12374	0.12901	0.58028	0.16088
V94	0.04273	0.14404	0.02943	0.32433	0.45947
V95	0.07295	0.187	0.03155	0.18049	0.52801
V96	0.71354	0.07891	0.02357	0.05704	0.12694
V97	0.15937	0.06432	0.0436	0.18256	0.55015
V98	0.06735	0.33593	0.16449	0.1896	0.24263
V99	0.48302	0.13666	0.01157	0.26351	0.10523
V100	0.51598	0.16944	0.04799	0.09136	0.17523
V101	0.12217	0.78871	0.04623	0.04289	0
V102	0.30876	0.24095	0.11744	0.15577	0.17708
V103	0.12816	0.0256	0.01338	0.12797	0.70489
V104	0.06588	0.34157	0.08921	0.09289	0.41045
V105	0.01702	0.04165	0.04187	0.17578	0.72367
V106	0.09544	0.66649	0.16966	0.04725	0.02116
V107	0.05793	0.34641	0.50464	0.08015	0.01087
V108	0.02354	0.34564	0.6017	0.02356	0.00555
V109	0.06409	0.18714	0.0563	0.35643	0.33603
V110	0.20672	0.44442	0.17244	0.16731	0.00912
V111	0.2865	0.31823	0.36254	0.02838	0.00436
V112	0.1643	0.06449	0.08499	0.51286	0.17336
V113	0.22674	0.06925	0.08616	0.21192	0.40593
V114	0.52304	0.11623	0.04444	0.21105	0.10524
V115	0.77993	0.07006	0.0078	0.04077	0.10145
V116	0.01954	0.02363	0.00969	0.15363	0.79352
V117	0.04953	0.2379	0.56868	0.11389	0.02999
V118	0.02908	0.0365	0.00627	0.90776	0.0204
V119	0.29139	0.16098	0.27551	0.26523	0.00689
V120	0.00795	0.23271	0.57601	0.14555	0.03779
V121	0.26673	0.59875	0.02754	0.05008	0.05689
V122	0.04551	0.32141	0.08661	0.32346	0.22301
V123	0.44659	0.09912	0.06308	0.23112	0.16009
V124	0.21033	0.12452	0.05646	0.28525	0.32344
V125	0.06235	0.47459	0.42193	0.03622	0.00491
V126	0.16009	0.21375	0.17808	0.16963	0.27846
V127	0.25775	0.20159	0.44936	0.07534	0.01597
V128	0.28271	0.64328	0.03701	0.0336	0.00341
V129	0.24947	0.13223	0.1999	0.21815	0.20025
V130	0.04823	0.40394	0.05458	0.32478	0.16847
V131	0.00608	0.09307	0.16914	0.72858	0.00313
V132	0.32649	0.05726	0.00437	0.39043	0.22144
V133	0.00463	0.19674	0.41072	0.13618	0.25172
V134	0.07297	0.23526	0.55299	0.05619	0.08258
V135	0.02631	0.27642	0.5271	0.06222	0.10795
V136	0.85698	0.0827	0.00915	0.02674	0.02444
V137	0.80016	0.09534	0.00878	0.0558	0.03993
V138	0.24742	0.15283	0.07115	0.19432	0.33428
V139	0.10637	0.07519	0.11896	0.68884	0.01064
V140	0.03187	0.06158	0.12689	0.11827	0.66139
V141	0.0246	0.33871	0.48703	0.13943	0.01024
V142	0.20024	0.11978	0.24128	0.17681	0.26188
V143	0.02375	0.27782	0.37327	0.19379	0.13136
V144	0.48738	0.21072	0.06307	0.1624	0.07644
V145	0.00034	0.27032	0.66034	0.04393	0.02508
V146	0.04321	0.26743	0.02134	0.41158	0.25644
V147	0.09632	0.24544	0.48073	0.14221	0.03529
V148	0.22671	0.65583	0.03784	0.07751	0.00212
V149	0	0.03447	0.0067	0.91606	0.04276
V150	0.15283	0.31318	0.43309	0.02945	0.07146
V151	0.38818	0.0626	0.01472	0.43594	0.09856
V152	0.00688	0.05823	0.08869	0.78301	0.06319
V153	0.17684	0.27027	0.34653	0.08683	0.11953
V154	0.15977	0.48234	0.04355	0.09086	0.22347
V155	0.02616	0.07116	0.1021	0.79012	0.01046
V156	0.09618	0.14968	0.29173	0.20311	0.25929
V157	0.08863	0.10178	0.13336	0.33983	0.33641
V158	0.1887	0.15025	0.32104	0.09157	0.24844
V159	0.11282	0.18274	0.02257	0.65415	0.02771
V160	0.44033	0.17553	0.08239	0.0898	0.21195
V161	0.21028	0.06438	0.05494	0.09962	0.57078
V162	0.00056	0.28124	0.68407	0.02381	0.01032
V163	0.05835	0.0301	0.02104	0.16553	0.72498
V164	0.82739	0.11014	0.01513	0.03136	0.01598
V165	0.58771	0.2127	0.07223	0.08079	0.04657
V166	0.04495	0.09142	0.17695	0.61661	0.07007
V167	0.06692	0.5185	0.03961	0.22066	0.1543
V168	0.00056	0.28124	0.68407	0.02381	0.01032
V169	0.09282	0.59085	0.17077	0.1415	0.00406
V170	0.26487	0.3192	0.0605	0.25496	0.10047
V171	0.28447	0.19357	0.26335	0.21171	0.04689
V172	0.19323	0.20274	0.06957	0.10025	0.43422
V173	0.20276	0.12835	0.07591	0.45004	0.14294
V174	0.19888	0.12609	0.25439	0.24359	0.17705
V175	0.08085	0.15714	0.10429	0.2561	0.40161
V176	0.32902	0.05986	0.00967	0.59487	0.00659
V177	0.18684	0.19878	0.39472	0.2061	0.01357
V178	0.26026	0.18765	0.32435	0.1495	0.07824
V179	0.10072	0.03564	0.01425	0.13165	0.71775
V180	0.02806	0.12375	0.26392	0.0909	0.49337
V181	0.0786	0.2148	0.0143	0.15342	0.53889
V182	0.54519	0.20203	0.01369	0.19997	0.03913
V183	0.13524	0.7915	0.03812	0.03514	0
V184	0.28632	0.12533	0.21285	0.34905	0.02645
V185	0.12984	0.38408	0.03878	0.22433	0.22298
V186	0.13841	0.15951	0.03379	0.32677	0.34152
V187	0.11903	0.54645	0.02617	0.30835	0
V188	0.74343	0.09675	0.02914	0.11135	0.01933
V189	0.43879	0.21269	0.03905	0.2995	0.00996
V190	0.39159	0.14492	0.16466	0.06542	0.23342
V191	0.21678	0.1845	0.01536	0.48374	0.09963
V192	0.31075	0.20105	0.10749	0.26256	0.11814
V193	0.0795	0.29758	0.39959	0.08419	0.13915
V194	0.25455	0.09597	0.07449	0.17431	0.40068
V195	0.54692	0.22682	0.17814	0.0341	0.01402
V196	0.01544	0.03397	0.05462	0.16547	0.73049
V197	0.12925	0.75325	0.03639	0.08111	0
V198	0.23681	0.19501	0.04039	0.27052	0.25728
V199	0.69476	0.12266	0.15277	0.01617	0.01364
V200	0.69108	0.06678	0.02816	0.0595	0.15448
V201	0.02904	0.03424	0.02385	0.75663	0.15624
V202	0.82887	0.11175	0.00469	0.03264	0.02205
V203	0.53011	0.22113	0.03219	0.09564	0.12093
V204	0.33094	0.1019	0.03597	0.08065	0.45054
V205	0.11586	0.08106	0.09791	0.16157	0.54361
V206	0.03703	0.09601	0.00826	0.82701	0.03169
V207	0.01064	0.04749	0.00695	0.92223	0.01269
V208	0.16782	0.29877	0.36264	0.08465	0.08611
V209	0.15585	0.07188	0.08219	0.12404	0.56604
V210	0	0.27155	0.67656	0.03392	0.01797
V211	0.15519	0.10185	0.15903	0.11124	0.47269
V212	0.1077	0.64669	0.10208	0.09538	0.04815
V213	0.09809	0.04401	0.05512	0.33834	0.46443
V214	0.04995	0.52837	0.35191	0.05127	0.0185
V215	0.25577	0.22299	0.11773	0.13781	0.26569
V216	0.05893	0.13561	0.25106	0.11629	0.43812
V217	0	0.03446	0.02489	0.86856	0.07208
V218	0.07612	0.22545	0.2257	0.39496	0.07778
V219	0.13852	0.31078	0.29955	0.24428	0.00687
V220	0.26095	0.61905	0.08039	0.0396	0
V221	0.04686	0.1916	0.37261	0.071	0.31794
V222	0.02897	0.02632	0.01576	0.15687	0.77208
V223	0.4692	0.13736	0.22132	0.14973	0.02238
V224	0.06953	0.44045	0.04255	0.16254	0.28493
V225	0.67961	0.19022	0.09644	0.01805	0.01568
V226	0.52207	0.4274	0.01888	0.02667	0.00499
V227	0.09609	0.20856	0.01779	0.65042	0.02714
V228	0.52418	0.14059	0.19341	0.09969	0.04212
V229	0.28844	0.381	0.22096	0.08105	0.02856
V230	0.02841	0.02033	0.01568	0.15798	0.77761
V231	0.09569	0.49249	0.07515	0.26062	0.07605
V232	0.72015	0.11441	0.12792	0.02362	0.0139
V233	0.06165	0.07988	0.12051	0.18541	0.55255
V234	0.02904	0.33833	0.18566	0.42924	0.01773
V235	0.84618	0.08431	0.00382	0.04803	0.01767
V236	0.07917	0.19548	0.44511	0.23042	0.04982
V237	0.12094	0.15166	0.20064	0.36469	0.16207
V238	0.01137	0.02732	0.01397	0.38457	0.56277
V239	0.08384	0.32671	0.05725	0.26083	0.27137
V240	0.12449	0.71847	0.04253	0.06679	0.04771
V241	0.11205	0.81246	0.03955	0.03593	0
V242	0.04442	0.31965	0.24423	0.34015	0.05154
V243	0.43552	0.13816	0.23284	0.06334	0.13013
V244	0.04935	0.3594	0.17545	0.15151	0.26429
V245	0.10318	0.76881	0.06215	0.06586	0
V246	0.61015	0.23001	0.03178	0.03904	0.08902
V247	0.19381	0.2544	0.43435	0.08281	0.03463
V248	0.13801	0.48786	0.0444	0.07539	0.25433
V249	0.24549	0.13496	0.15882	0.1566	0.30414
V250	0.02225	0.21094	0.46562	0.08365	0.21755
V251	0.19446	0.08113	0.07195	0.60649	0.04597
V252	0.02702	0.24415	0.40759	0.19863	0.1226
V253	0.34259	0.47359	0.09003	0.08483	0.00895
V254	0.54519	0.30373	0.01283	0.12251	0.01574
V255	0.74341	0.11722	0.00442	0.05316	0.08179
V256	0.08382	0.63608	0.04615	0.06872	0.16523
V257	0.44291	0.28617	0.12203	0.07308	0.07581
V258	0.16954	0.26421	0.052	0.51013	0.00413
V259	0.5271	0.2768	0.14101	0.02986	0.02522
V260	0.25125	0.08767	0.08713	0.15597	0.41799
V261	0.01791	0.16538	0.36792	0.33598	0.1128
V262	0.79935	0.10155	0.04068	0.03684	0.02158
V263	0.71998	0.11903	0.01438	0.13516	0.01145
V264	0.12624	0.74148	0.04395	0.08833	0
V265	0.74371	0.13761	0.05854	0.04188	0.01826
V266	0.0245	0.04188	0.07395	0.15222	0.70744
V267	0.05447	0.02879	0.01382	0.26559	0.63733
V268	0.22085	0.36831	0.12992	0.23926	0.04167
V269	0.10219	0.3363	0.2854	0.24772	0.02838
V270	0.03805	0.04601	0.03078	0.88031	0.00486
V271	0.29701	0.58307	0.03349	0.06462	0.0218
V272	0.16886	0.68534	0.05577	0.06109	0.02894
V273	0.26447	0.09793	0.13076	0.36458	0.14226
V274	0.09534	0.06566	0.03821	0.29089	0.5099
V275	0.08141	0.59744	0.16403	0.15351	0.00361
V276	0.00756	0.20503	0.48597	0.27272	0.02872
V277	0.33838	0.19345	0.4037	0.02827	0.0362
V278	7e-04	0.13584	0.25045	0.50158	0.11143
V279	0.12864	0.04501	0.01671	0.76148	0.04816
V280	0.17591	0.06383	0.03421	0.64041	0.08564
V281	0.02636	0.18813	0.04366	0.73679	0.00506
V282	0.12417	0.80151	0.03874	0.03558	0
V283	0.34082	0.07682	0.08974	0.09576	0.39685
V284	0.03122	0.24453	0.40149	0.0561	0.26665
V285	0.5549	0.36275	0.01505	0.06004	0.00726
V286	0.08166	0.25345	0.58333	0.0657	0.01587
V287	0.23141	0.12513	0.12877	0.33928	0.17539
V288	0.19821	0.19765	0.43742	0.04106	0.12565
V289	0.15562	0.18719	0.02862	0.62285	0.00573
V290	0.4579	0.39766	0.12199	0.02245	0
V291	0.389	0.18295	0.01424	0.4039	0.00992
V292	0.12011	0.15483	0.2978	0.09763	0.32964
V293	0.00649	0.30148	0.58977	0.08087	0.02139
V294	0.01911	0.02602	0.01626	0.15137	0.78723
V295	0.0082	0.12949	0.24027	0.55185	0.0702
V296	0.77935	0.13674	0.00541	0.04061	0.0379
V297	0.01911	0.22457	0.54561	0.1658	0.04492
V298	0.26248	0.04903	0.00971	0.58002	0.09876
V299	0.23688	0.04561	0.01561	0.69602	0.00588
V300	0.85801	0.08575	0.00416	0.0339	0.01818
V301	0.83317	0.07962	0.00859	0.05519	0.02344
V302	0.00811	0.02811	0.0132	0.49987	0.45072
V303	0.11357	0.20052	0.17104	0.24257	0.2723
V304	0.18387	0.24122	0.51561	0.03008	0.02922
V305	0.22599	0.27472	0.08643	0.17049	0.24237
V306	0.39077	0.52806	0.02365	0.04991	0.00761
V307	0.21218	0.11465	0.19472	0.47299	0.00546
V308	0.22224	0.20717	0.45234	0.10292	0.01533
V309	0.58988	0.11195	0.04255	0.15263	0.10299
V310	0.03788	0.03925	0.01502	0.21696	0.69089
V311	0.00729	0.04095	0.03772	0.90133	0.0127
V312	0.10084	0.26244	0.20665	0.07003	0.36003
V313	0.07138	0.23275	0.02555	0.40678	0.26353
V314	0.07721	0.03761	0.01216	0.45928	0.41373
V315	0.83527	0.08121	0.01389	0.02756	0.04207
V316	0.14639	0.49043	0.2286	0.07453	0.06004
V317	0.3629	0.22772	0.35356	0.02794	0.02788
V318	0.80146	0.07445	0.00812	0.03205	0.08391
V319	0.10585	0.27017	0.57743	0.03806	0.00849
V320	0.06772	0.03499	0.01152	0.8732	0.01256
V321	0.14736	0.33521	0.24552	0.252	0.0199
V322	0.02035	0.34328	0.44399	0.09335	0.09902
V323	0.25263	0.2904	0.32483	0.05477	0.07737
V324	0.03109	0.07166	0.03827	0.84834	0.01065
V325	0.57857	0.1439	0.06775	0.1483	0.06148
V326	0.05293	0.0489	0.05199	0.23757	0.60862
V327	0.36009	0.41611	0.10654	0.05914	0.05812
V328	0.05275	0.26228	0.13964	0.53414	0.0112
V329	0	0.15674	0.2824	0.55123	0.00962
V330	0.08189	0.25425	0.58496	0.02646	0.05244
V331	0.13589	0.06941	0.07646	0.17943	0.53881
V332	0.42831	0.19482	0.31268	0.02834	0.03585
V333	0.36741	0.14343	0.21871	0.19277	0.07769
V334	0.05301	0.35678	0.42679	0.12418	0.03924
V335	0.65451	0.11394	0.06343	0.0666	0.10153
V336	0.20583	0.5159	0.24095	0.02808	0.00925
V337	0.01447	0.02889	0.02111	0.27402	0.6615
V338	0.64606	0.10888	0.1091	0.04774	0.08822
V339	0.25018	0.46619	0.17247	0.03546	0.07571
V340	0.04381	0.16567	0.10023	0.15052	0.53977
V341	0.04213	0.48235	0.37737	0.04389	0.05426
V342	0.27905	0.25252	0.32184	0.14144	0.00514
V343	0.62268	0.13607	0.19874	0.0299	0.01261
V344	0.15685	0.62398	0.06766	0.07566	0.07585
V345	0.21051	0.06798	0.01151	0.35358	0.35642
V346	0.04291	0.31626	0.25779	0.35567	0.02738
V347	0.10489	0.404	0.03967	0.42017	0.03127
V348	0.01831	0.22882	0.33455	0.29589	0.12243
V349	0.07888	0.36798	0.41306	0.0525	0.08758
V350	0.12903	0.34082	0.08546	0.31516	0.12953
V351	0.16387	0.16816	0.30379	0.34596	0.01822
V352	0.14307	0.50931	0.30898	0.03655	0.00209
V353	0.2743	0.26988	0.04474	0.10885	0.30223
V354	0.52009	0.16885	0.28332	0.01618	0.01156
V355	0.07742	0.12843	0.24201	0.54178	0.01036
V356	0.09214	0.24904	0.57149	0.05003	0.03729
V357	0.04516	0.17978	0.37895	0.08721	0.3089
V358	0.02049	0.06223	0.03189	0.87427	0.01111
V359	0.04766	0.10535	0.01445	0.83095	0.00159
V360	0.63477	0.11185	0.0691	0.17395	0.01034
V361	0.37059	0.41108	0.092	0.03633	0.09
V362	0.72607	0.09238	0.07311	0.02661	0.08182
V363	0.03661	0.04517	0.01475	0.25903	0.64444
V364	0.04626	0.22833	0.03179	0.53009	0.16353
V365	0	0.03696	0.01293	0.92204	0.02807
V366	0.20122	0.21153	0.41159	0.09612	0.07954
V367	0.22844	0.23682	0.16858	0.2199	0.14626
V368	0.68417	0.14439	0.0934	0.03587	0.04218
V369	0.07221	0.56344	0.23123	0.13312	0
V370	0.02397	0.16269	0.10458	0.43927	0.26948
V371	0.11725	0.77395	0.07876	0.03004	0
V372	0.58813	0.1364	0.10754	0.13981	0.02813
V373	0.16002	0.54551	0.13927	0.1552	0
V374	0.09203	0.16029	0.27237	0.47181	0.0035
V375	0.27622	0.20244	0.41171	0.10053	0.00911
V376	0.01581	0.12679	0.30481	0.09501	0.45758
V377	0.11282	0.43992	0.19166	0.25532	0.00027
V378	0.17139	0.47451	0.17046	0.0447	0.13893
V379	0.03213	0.05537	0.09326	0.18223	0.637
V380	0.01374	0.10685	0.13462	0.55773	0.18706
V381	0.15366	0.06206	0.01393	0.1164	0.65395
V382	0.37868	0.04625	0.00893	0.34702	0.21912
V383	0.02477	0.10545	0.19785	0.66887	0.00304
V384	0.26408	0.11588	0.12535	0.44789	0.0468
V385	0.09763	0.09148	0.01604	0.1233	0.67155
V386	0.58862	0.06571	0.008	0.32714	0.01053
V387	0.24186	0.06051	0.01032	0.66167	0.02564
V388	0.10574	0.70352	0.06588	0.12486	0
V389	0.18511	0.63815	0.04527	0.08379	0.04768
V390	0.16155	0.0431	0.0104	0.69939	0.08556
V391	0.67605	0.15288	0.00571	0.10501	0.06034
V392	0.84193	0.09931	0.00961	0.03221	0.01694
V393	0.09192	0.08774	0.11594	0.57044	0.13396
V394	0.63713	0.07222	0.02347	0.18543	0.08175
V395	0	0.12557	0.26897	0.59504	0.01042
V396	0.50317	0.17589	0.28657	0.01719	0.01718
V397	0.62721	0.15404	0.03308	0.1451	0.04057
V398	0.05594	0.07452	0.12824	0.67167	0.06963
V399	0.04316	0.04466	0.00801	0.37111	0.53307
V400	0.19663	0.44755	0.15063	0.20518	0
V401	0.29426	0.20162	0.43686	0.05745	0.00981
V402	0.34168	0.17919	0.30878	0.09985	0.0705
V403	0.15419	0.08069	0.00812	0.23148	0.52552
V404	1e-04	0.17968	0.35249	0.42768	0.04005
V405	0.34119	0.23447	0.06733	0.27244	0.08458
V406	0.02225	0.27458	0.6538	0.02454	0.02484
V407	0.78121	0.1073	0.03026	0.06665	0.01459
V408	0.04718	0.29136	0.02245	0.35206	0.28695
V409	0.09969	0.05618	0.05454	0.70336	0.08622
V410	0.13205	0.20455	0.24875	0.10475	0.30989
V411	0.01921	0.02357	0.00958	0.16225	0.78539
V412	0.03245	0.15425	0.11376	0.1249	0.57465
V413	0.03059	0.23911	0.13191	0.44224	0.15614
V414	0.04104	0.08327	0.00831	0.54718	0.32019
V415	0.16669	0.02814	0.01261	0.12057	0.67199
V416	0.11244	0.09256	0.02668	0.24445	0.52388
V417	0.00976	0.21994	0.54047	0.16939	0.06043
V418	0.57707	0.31843	0.03095	0.04309	0.03046
V419	0.23934	0.05573	0.02294	0.20476	0.47723
V420	0.2248	0.06143	0.08557	0.13061	0.4976
V421	0.01313	0.05962	0.10805	0.15867	0.66052
V422	0.01044	0.05169	0.04372	0.7606	0.13355
V423	0.27922	0.24378	0.21976	0.23386	0.02339
V424	0.00548	0.15424	0.36919	0.07709	0.394
V425	0.36987	0.29802	0.01382	0.0681	0.25018
V426	0.23159	0.16405	0.02642	0.50961	0.06834
V427	0.26711	0.54903	0.15645	0.02741	0
V428	0.13781	0.53491	0.09296	0.15832	0.076
V429	0.1867	0.64777	0.03064	0.12441	0.01047
V430	0.03114	0.14079	0.29923	0.24922	0.27961
V431	0.13129	0.3355	0.1739	0.31692	0.04239
V432	0.28091	0.11868	0.10042	0.38317	0.11681
V433	0.18465	0.17395	0.35974	0.25483	0.02683
V434	0.25256	0.32891	0.29394	0.04776	0.07682
V435	0.50102	0.17518	0.25112	0.05618	0.0165
V436	0.09451	0.49509	0.11455	0.11569	0.18016
V437	0.18786	0.05552	0.02956	0.25644	0.47062
V438	0.14536	0.29111	0.16871	0.34362	0.05119
V439	0.54507	0.0658	0.04051	0.32591	0.02271
V440	0.03976	0.41527	0.44797	0.04962	0.04739
V441	0.06008	0.52056	0.3485	0.06922	0.00164
V442	0.12347	0.79844	0.04677	0.03132	0
V443	0.8272	0.07857	0.00843	0.06864	0.01716
V444	0.17575	0.34359	0.04238	0.41348	0.02479
V445	0.07966	0.32746	0.04987	0.53459	0.00842
V446	0.10307	0.08314	0.08082	0.60868	0.1243
V447	0.06411	0.03472	0.01772	0.52843	0.35502
V448	0.16727	0.03814	0.02451	0.12973	0.64036
V449	0.00056	0.28124	0.68407	0.02381	0.01032
V450	0.20353	0.1586	0.1923	0.19014	0.25542
V451	0.2687	0.18598	0.05855	0.39459	0.09218
V452	0.00668	0.07674	0.1224	0.7544	0.03978
V453	0.01702	0.03249	0.00702	0.54624	0.39723
V454	0.01142	0.20415	0.49238	0.07483	0.21721
V455	0.07516	0.25573	0.23024	0.11082	0.32805
V456	0.82375	0.08161	0.00343	0.04988	0.04133
V457	0.64148	0.19452	0.03529	0.0884	0.04031
V458	0.04041	0.4086	0.41515	0.09782	0.03802
V459	0.13055	0.09	0.04933	0.53729	0.19282
V460	0.60802	0.13384	0.14106	0.08784	0.02924
V461	0.20603	0.30966	0.20482	0.06712	0.21237
V462	0.04906	0.08367	0.01967	0.58008	0.26751
V463	0.19739	0.08362	0.01742	0.69131	0.01026
V464	0.1721	0.3133	0.46401	0.03867	0.01192
V465	0.05486	0.09219	0.02292	0.14679	0.68323
V466	0.03626	0.01895	0.00832	0.23155	0.70492
V467	0.06329	0.205	0.03041	0.62497	0.07633
V468	0.56451	0.28302	0.09685	0.02367	0.03195
V469	0.03009	0.27126	0.06177	0.36818	0.2687
V470	0.74201	0.11036	0.02463	0.10423	0.01877
V471	0.39552	0.24658	0.03493	0.19721	0.12574
V472	0.01938	0.05342	0.04268	0.14071	0.7438
V473	0.03702	0.23439	0.19842	0.38163	0.14854
V474	0.2765	0.14529	0.05604	0.48379	0.03838
V475	0.15914	0.20109	0.41581	0.07066	0.15331
V476	0.14309	0.08727	0.07994	0.63626	0.05344
V477	0.1119	0.80885	0.04768	0.03158	0
V478	0.17823	0.03424	0.01265	0.11689	0.65799
V479	0.74253	0.11221	0.03	0.09647	0.01879
V480	0.18573	0.53525	0.076	0.18143	0.02159
V481	0.26175	0.30824	0.06646	0.24542	0.11813
V482	0.16868	0.59765	0.19729	0.03057	0.00581
V483	0.35969	0.42152	0.01881	0.15902	0.04096
V484	0.2546	0.43227	0.11817	0.18619	0.00877
V485	0.59954	0.13457	0.08957	0.1484	0.02792
V486	0.07475	0.1542	0.23235	0.08287	0.45583
V487	0.13279	0.22193	0.30097	0.33518	0.00913
V488	0.37994	0.09084	0.00522	0.38621	0.13779
V489	0.01592	0.35012	0.50329	0.11261	0.01806
V490	0.00828	0.21511	0.52122	0.24061	0.01479
V491	0.05839	0.37226	0.06072	0.18483	0.32381
V492	0.02946	0.13227	0.03458	0.78089	0.02281
V493	0.00823	0.03219	0.01264	0.93338	0.01356
V494	0.2904	0.04971	0.02062	0.5699	0.06936
V495	0.31775	0.24595	0.17038	0.2126	0.05333
V496	0.14016	0.06421	0.0509	0.11125	0.63348
V497	0.10374	0.08865	0.11908	0.1925	0.49603
V498	0.13871	0.74223	0.06002	0.04988	0.00917
V499	0.05357	0.24788	0.2159	0.13425	0.3484
V500	0.13655	0.40466	0.11301	0.29654	0.04925
V501	0.09335	0.25394	0.02825	0.10987	0.51458
V502	0.19882	0.66218	0.06885	0.07015	0
V503	0.40304	0.11161	0.15365	0.18375	0.14794
V504	0.48225	0.17758	0.01407	0.06514	0.26096
V505	0.5684	0.06232	0.02428	0.13489	0.21011
V506	0.05577	0.42661	0.07895	0.08575	0.35292
V507	0.73606	0.07623	0.02818	0.12138	0.03815
V508	0.06087	0.55974	0.21799	0.09247	0.06893
V509	0.0748	0.38939	0.13731	0.27641	0.12208
V510	0.44615	0.41177	0.05737	0.08023	0.00448
V511	0.07941	0.37444	0.40575	0.07764	0.06276
V512	0.18148	0.4058	0.16388	0.10137	0.14747
V513	0.2289	0.56192	0.09246	0.09455	0.02216
V514	0.01922	0.08023	0.17609	0.14255	0.58192
V515	0.07103	0.11674	0.0087	0.80229	0.00125
V516	0.1743	0.30901	0.10369	0.40229	0.01071
V517	0.01012	0.06705	0.04503	0.86688	0.01092
V518	0.37149	0.14395	0.2298	0.22065	0.03411
V519	0.70799	0.10545	0.00882	0.16017	0.01758
V520	0.13253	0.70912	0.04951	0.10883	0
V521	0.18854	0.07522	0.10368	0.62159	0.01096
V522	0.05478	0.30156	0.42396	0.18002	0.03967
V523	0.14545	0.24992	0.5181	0.07183	0.01469
V524	0.31309	0.20698	0.39194	0.02472	0.06327
V525	0.03056	0.16581	0.03916	0.13101	0.63347
V526	0.04195	0.26558	0.60214	0.05231	0.03802
V527	0.11318	0.47409	0.3452	0.04778	0.01974
V528	0.13562	0.04324	0.0225	0.79366	0.00498
V529	0.20331	0.23932	0.50612	0.02885	0.02239
V530	0.02038	0.25988	0.60929	0.0796	0.03085
V531	0.21754	0.4335	0.09803	0.06898	0.18194
V532	0.07906	0.28002	0.24803	0.06601	0.32688
V533	0.26683	0.03677	0.0059	0.10317	0.58733
V534	0.11692	0.08018	0.0068	0.77163	0.02448
V535	0.76198	0.15526	0.04347	0.02091	0.01838
V536	0.13515	0.2526	0.29431	0.0857	0.23224
V537	0.03002	0.04076	0.02253	0.14459	0.7621
V538	0.58928	0.12504	0.01084	0.07775	0.19709
V539	0.02002	0.29221	0.47706	0.14481	0.0659
V540	0.19989	0.39267	0.09562	0.11121	0.20062
V541	0.0563	0.31893	0.03805	0.12379	0.46293
V542	0.04764	0.2879	0.10524	0.50921	0.05001
V543	0.06952	0.27131	0.48284	0.08603	0.0903
V544	0.33422	0.21669	0.14947	0.11518	0.18444
V545	0.65959	0.28924	0.01722	0.02965	0.0043
V546	0.12408	0.66415	0.11168	0.05146	0.04863
V547	0.14673	0.6405	0.03069	0.17189	0.01019
V548	0.00342	0.07293	0.0141	0.89855	0.01101
V549	0.0135	0.03117	0.02719	0.28804	0.64009
V550	0.09484	0.73526	0.12596	0.04394	0
V551	0.00844	0.03023	0.00646	0.94859	0.00627
V552	0.21848	0.0474	0.02366	0.13602	0.57444
V553	0.68852	0.07508	0.01785	0.16956	0.04898
V554	0.10339	0.18763	0.34868	0.3425	0.0178
V555	0.10863	0.79503	0.04701	0.04131	0.00802
V556	0.07298	0.08351	0.05016	0.74663	0.04672
V557	0.30529	0.21156	0.0404	0.39791	0.04484
V558	0.00962	0.23079	0.54601	0.18418	0.0294
V559	0.12597	0.43957	0.36809	0.03731	0.02905
V560	0.62039	0.24445	0.10989	0.01837	0.0069
V561	0.64129	0.09079	0.10192	0.04483	0.12118
V562	0.12749	0.10523	0.12738	0.17702	0.46288
V563	0.22369	0.26592	0.17203	0.16695	0.17141
V564	0.31607	0.07814	0.05107	0.3841	0.17062
V565	0.01743	0.02811	0.02217	0.18273	0.74957
V566	0.28247	0.14068	0.03071	0.38012	0.16603
V567	0.02053	0.27012	0.66751	0.02381	0.01803
V568	0.03385	0.28455	0.33018	0.35142	0
V569	0.57483	0.14462	0.08592	0.15362	0.041
V570	0.12306	0.12471	0.20894	0.48109	0.0622
V571	0.23877	0.10695	0.17602	0.36887	0.10939
V572	0.75839	0.06965	0.00268	0.04333	0.12595
V573	0.07455	0.1622	0.25145	0.41711	0.09469
V574	0.51393	0.26198	0.07174	0.12808	0.02426
V575	0.3451	0.09185	0.09724	0.11505	0.35076
V576	0.10128	0.74991	0.04452	0.05672	0.04758
V577	0.44598	0.40911	0.05056	0.08989	0.00445
V578	0.02953	0.26476	0.38692	0.27224	0.04655
V579	0.04751	0.4774	0.29642	0.07133	0.10734
V580	0.25159	0.42422	0.03276	0.27569	0.01575
V581	0.07582	0.4684	0.32477	0.12867	0.00234
V582	0.00292	0.29121	0.66374	0.03293	0.00921
V583	0.55205	0.15433	0.23613	0.04592	0.01157
V584	0.25912	0.42326	0.11073	0.07989	0.12701
V585	0.09449	0.64399	0.09451	0.11884	0.04817
V586	0.08421	0.68047	0.18576	0.04956	0
V587	0.09891	0.55004	0.03392	0.09557	0.22156
V588	0.25593	0.41425	0.29968	0.02371	0.00643
V589	0.11314	0.32311	0.05637	0.49052	0.01685
V590	0.09905	0.64578	0.03143	0.06816	0.15558
V591	0.50305	0.40828	0.04946	0.03371	0.00549
V592	0.0199	0.21506	0.54188	0.07496	0.14821
V593	0.37201	0.05539	0.00916	0.51486	0.04859
V594	0.00765	0.27494	0.47445	0.19332	0.04964
V595	0.46883	0.09747	0.05566	0.33726	0.04077
V596	0.43381	0.22699	0.16101	0.15292	0.02527
V597	0.03851	0.15211	0.01839	0.21963	0.57136
V598	0.54665	0.05298	0.00883	0.06144	0.33011
V599	0.08875	0.33256	0.09293	0.46095	0.02481
V600	0.25202	0.10142	0.13848	0.4068	0.10128
V601	0.13522	0.09964	0.01313	0.53452	0.21748
V602	0.78198	0.16923	0.00685	0.03013	0.01182
V603	0.13939	0.12984	0.03377	0.22547	0.47154
V604	0.02027	0.21413	0.50086	0.14722	0.11751
V605	0.03557	0.09947	0.10966	0.17435	0.58095
V606	0.75609	0.06459	0.00254	0.04425	0.13253
V607	0.16966	0.10614	0.02683	0.11226	0.58511
V608	0.67313	0.08189	0.02877	0.11463	0.10158
V609	0.1929	0.24598	0.0244	0.46936	0.06735
V610	0.12449	0.51533	0.03175	0.32843	0
V611	0.25493	0.21436	0.42536	0.0486	0.05675
V612	0.35062	0.15797	0.22852	0.05965	0.20324
V613	0.45255	0.43497	0.05195	0.06053	0
V614	0.49968	0.07385	0.02042	0.12959	0.27646
V615	0.00658	0.12253	0.10788	0.62862	0.1344
V616	0.58576	0.09743	0.11037	0.16452	0.04192
V617	0.21589	0.20666	0.33066	0.12865	0.11813
V618	0.66693	0.13399	0.05338	0.04452	0.10117
V619	0.50128	0.11766	0.1181	0.05293	0.21003
V620	0.03683	0.13749	0.25695	0.55874	0.00999
V621	0.15128	0.25833	0.23982	0.05886	0.29172
V622	0.031	0.25361	0.28287	0.07937	0.35315
V623	0.06087	0.03674	0.01163	0.73403	0.15672
V624	0.79567	0.07331	0.00796	0.05197	0.07109
V625	0.00218	0.0974	0.07926	0.81179	0.00937
V626	0.0687	0.18874	0.39126	0.32523	0.02607
V627	0.11785	0.16402	0.10385	0.11988	0.49441
V628	0.83099	0.08923	0.00887	0.05403	0.01688
V629	0.13567	0.34557	0.45871	0.04954	0.01051
V630	0.02918	0.14852	0.0319	0.14102	0.64939
V631	0.00993	0.10001	0.21301	0.11091	0.56614
V632	0.09605	0.63178	0.03804	0.09818	0.13595
V633	0.05037	0.05798	0.07499	0.57605	0.24061
V634	0.43514	0.39749	0.13641	0.03096	0
V635	0.04744	0.14489	0.1543	0.11666	0.53672
V636	0.19869	0.22961	0.23919	0.23115	0.10135
V637	0.19894	0.15557	0.2899	0.27777	0.07783
V638	0.1056	0.36583	0.03855	0.16138	0.32864
V639	0.55261	0.33962	0.07605	0.02265	0.00906
V640	0.11651	0.17612	0.07496	0.3064	0.32601
V641	0.14861	0.57912	0.04944	0.21129	0.01153
V642	0.65771	0.0847	0.00814	0.23822	0.01124
V643	0.10799	0.72928	0.09993	0.0628	0
V644	0.05914	0.33651	0.03691	0.54349	0.02395
V645	0.22492	0.59958	0.04223	0.13327	0
V646	0.16744	0.41926	0.04644	0.30993	0.05694
V647	0.81364	0.07805	0.00826	0.08342	0.01663
V648	0.40855	0.11954	0.01158	0.32161	0.13872
V649	0.26085	0.11959	0.06916	0.17999	0.3704
V650	0.01683	0.04589	0.05022	0.88213	0.00493
V651	0.14205	0.17176	0.01009	0.67609	0
V652	0.32096	0.06194	0.03224	0.56519	0.01968
V653	0.30529	0.07188	0.04487	0.53756	0.0404
V654	0.04272	0.07421	0.00999	0.1869	0.68617
V655	0.14551	0.15179	0.22353	0.46889	0.01028
V656	0.11682	0.03502	0.00734	0.20908	0.63174
V657	0.05494	0.38254	0.04615	0.42335	0.09301
V658	0.02364	0.05751	0.0309	0.6656	0.22235
V659	0.00962	0.06649	0.06414	0.80404	0.05572
V660	0.08193	0.26577	0.03517	0.13527	0.48187
V661	0.07762	0.51796	0.03946	0.26979	0.09518
V662	0.06003	0.34474	0.03904	0.09384	0.46235
V663	0.86184	0.08387	0.00938	0.02634	0.01858
V664	0.02215	0.05618	0.09601	0.46249	0.36317
V665	0.05839	0.55157	0.21595	0.14221	0.03188
V666	0.16108	0.72527	0.07411	0.03954	0
V667	0.05978	0.48914	0.24909	0.1599	0.04209
V668	0.6178	0.2198	0.04853	0.08775	0.02612
V669	0.47153	0.25992	0.03514	0.13375	0.09966
V670	0.13822	0.50806	0.06784	0.09635	0.18953
V671	0.67915	0.11312	0.13536	0.0535	0.01886
V672	0.09224	0.10042	0.07744	0.37528	0.35462
V673	0.01792	0.03614	0.00922	0.23366	0.70306
V674	0.34763	0.23716	0.35202	0.02211	0.04109
V675	0.60914	0.07067	0.0345	0.18292	0.10278
V676	0.24979	0.23535	0.35652	0.03345	0.12489
V677	0.05116	0.26831	0.185	0.44395	0.05157
V678	0.06987	0.24626	0.02811	0.1312	0.52456
V679	0.00703	0.15303	0.33094	0.49815	0.01084
V680	0.15801	0.04101	0.02244	0.41481	0.36373
V681	0.46984	0.08374	0.03698	0.32644	0.08299
V682	0.00056	0.28124	0.68407	0.02381	0.01032
V683	0.0784	0.31073	0.46944	0.03498	0.10644
V684	0.04883	0.03985	0.01205	0.8939	0.00537
V685	0.00942	0.25129	0.58966	0.1341	0.01554
V686	0.34077	0.5081	0.08585	0.05722	0.00806
V687	0	0.17929	0.41573	0.38581	0.01917
V688	0.00041	0.27323	0.66634	0.0347	0.02532
V689	0.4497	0.13674	0.14687	0.1434	0.1233
V690	0.17367	0.71101	0.04908	0.06624	0
V691	0.134	0.13465	0.04502	0.65686	0.02947
V692	0.06154	0.05221	0.01803	0.78953	0.0787
V693	0.04407	0.49991	0.38432	0.06861	0.00309
V694	0.08849	0.17006	0.04108	0.64068	0.0597
V695	0.13463	0.14506	0.1228	0.10756	0.48995
V696	0.12112	0.21708	0.51744	0.04023	0.10413
V697	0.10156	0.18576	0.24041	0.3781	0.09417
V698	0.02253	0.0784	0.14266	0.12333	0.63308
V699	0.03058	0.05218	0.04319	0.69818	0.17587
V700	0.11575	0.68871	0.10565	0.04149	0.0484
V701	0.02984	0.14483	0.02532	0.13445	0.66556
V702	0.01991	0.10882	0.0149	0.73005	0.12632
V703	0.00921	0.04815	0.02547	0.90465	0.01253
V704	0.04893	0.16772	0.29727	0.09318	0.3929
V705	0.82686	0.08624	0.0036	0.04219	0.04111
V706	0.14927	0.1767	0.12928	0.47592	0.06883
V707	0.14205	0.13169	0.06459	0.34214	0.31953
V708	0.05377	0.55689	0.35309	0.03625	0
V709	0.01843	0.0388	0.03574	0.14373	0.76331
V710	0.12909	0.17261	0.34968	0.05652	0.29209
V711	0.06746	0.02709	0.02703	0.1548	0.72362
V712	0.05939	0.21469	0.48593	0.21859	0.0214
V713	0.28041	0.41321	0.26568	0.0407	0
V714	0.06034	0.02552	0.00873	0.14451	0.7609
V715	0.02048	0.36675	0.4615	0.14276	0.0085
V716	0.70171	0.1768	0.01713	0.07647	0.02789
V717	0.38857	0.18488	0.10348	0.0779	0.24517
V718	0.60281	0.13052	0.18976	0.02754	0.04937
V719	0.3949	0.23124	0.0933	0.16336	0.1172
V720	0.1288	0.0796	0.07764	0.13713	0.57683
V721	0.03655	0.03886	0.04781	0.15426	0.72251
V722	0.02965	0.2013	0.05744	0.56654	0.14507
V723	0.11251	0.20884	0.09702	0.56135	0.02029
V724	0.17204	0.52407	0.06074	0.24315	0
V725	0.03953	0.02674	0.01556	0.14615	0.77201
V726	0.26095	0.40451	0.06618	0.11357	0.1548
V727	0.01098	0.27002	0.65967	0.03416	0.02518
V728	0.69205	0.10824	0.08956	0.09201	0.01813
V729	0.56161	0.13293	0.02728	0.26404	0.01414
V730	0.11276	0.14823	0.27307	0.41122	0.05472
V731	0	0.05669	0.05125	0.88765	0.00441
V732	0.00816	0.03247	0.0127	0.94042	0.00625
V733	0.0338	0.27576	0.6418	0.02423	0.02442
V734	0.45884	0.20016	0.25199	0.06727	0.02174
V735	0.08306	0.19082	0.17918	0.11011	0.43683
V736	0.02142	0.05039	0.01657	0.14575	0.76588
V737	0.85903	0.08731	0.00942	0.026	0.01825
V738	0.0512	0.35691	0.03303	0.10357	0.45529
V739	0.00984	0.0418	0.0068	0.93579	0.00578
V740	0.21862	0.11632	0.09027	0.10248	0.47231
V741	0.45252	0.06657	0.00894	0.35156	0.12041
V742	0.07077	0.18284	0.38383	0.21614	0.14642
V743	0.03562	0.07776	0.06737	0.21919	0.60005
V744	0.18157	0.12439	0.12929	0.52625	0.0385
V745	0.15083	0.06733	0.04122	0.7298	0.01081
V746	0.41666	0.45608	0.05366	0.03997	0.03364
V747	0.033	0.2736	0.62763	0.03426	0.03151
V748	0.17314	0.24803	0.22335	0.11526	0.24022
V749	0.18017	0.13645	0.09782	0.46779	0.11779
V750	0.72059	0.18292	0.01218	0.07504	0.00927
V751	0.053	0.43143	0.45409	0.05466	0.00682
V752	0.03606	0.1132	0.03059	0.13706	0.68309
V753	0.49576	0.14956	0.17921	0.06196	0.11351
V754	0.12513	0.2533	0.0195	0.59887	0.0032
V755	0.31497	0.59321	0.06261	0.02921	0
V756	0.03343	0.09991	0.02965	0.18134	0.65568
V757	0.15817	0.0645	0.07785	0.68824	0.01124
V758	0.08266	0.33316	0.01721	0.56673	0.00024
V759	0.09756	0.07427	0.08555	0.11188	0.63074
V760	0.07653	0.10582	0.16236	0.31885	0.33644
V761	0.07383	0.37436	0.50855	0.03302	0.01024
V762	0.01504	0.09837	0.1348	0.45961	0.29218
V763	0.04732	0.20842	0.02111	0.11739	0.60576
V764	0.10429	0.09889	0.06957	0.71108	0.01617
V765	0.16844	0.21393	0.44932	0.08025	0.08805
V766	0.10238	0.4365	0.22659	0.10262	0.13191
V767	0.31102	0.39369	0.0715	0.0979	0.12589
V768	0.11749	0.70052	0.08148	0.10051	0
V769	0.67786	0.11474	0.12989	0.02793	0.04957
V770	0.2797	0.1784	0.34348	0.1838	0.01461
V771	0.11411	0.5868	0.03556	0.16872	0.0948
V772	0.05274	0.2701	0.63682	0.03074	0.0096
V773	0.03437	0.0254	0.00808	0.28757	0.64458
V774	0.15703	0.17542	0.38008	0.04948	0.23799
V775	0.79129	0.07901	0.01832	0.08351	0.02785
V776	0.37973	0.3836	0.146	0.06224	0.02843
V777	0.23416	0.36226	0.20791	0.15247	0.0432
V778	0.49017	0.08971	0.01516	0.25522	0.14974
V779	0.09165	0.44215	0.4073	0.0454	0.01351
V780	0.02038	0.2701	0.66693	0.03214	0.01045
V781	0.20012	0.29192	0.15274	0.06103	0.29419
V782	0.25046	0.20094	0.02938	0.09041	0.42881
V783	0.00278	0.18939	0.45836	0.08261	0.26686
V784	0.05994	0.48466	0.02391	0.35629	0.0752
V785	0.67098	0.14103	0.00529	0.1288	0.0539
V786	0.16434	0.17148	0.02139	0.62191	0.02088
V787	0.17908	0.46941	0.02205	0.27275	0.05671
V788	0.40825	0.35665	0.0735	0.03892	0.12268
V789	0.01793	0.13126	0.0164	0.48978	0.34463
V790	0.29022	0.20673	0.06023	0.17786	0.26496
V791	0.18938	0.20076	0.06808	0.2642	0.27758
V792	0.83271	0.09296	0.01975	0.02535	0.02922
V793	0.33957	0.23306	0.05459	0.1533	0.21947
V794	0.02113	0.06657	0.0866	0.27874	0.54695
V795	0.20758	0.69678	0.04818	0.04618	0.00128
V796	0.31485	0.35305	0.10398	0.20121	0.02691
V797	0.14769	0.02438	0.00704	0.14121	0.67969
V798	0.17015	0.40291	0.02603	0.1617	0.23921
V799	0.03139	0.14983	0.04814	0.72575	0.04489
V800	0.03552	0.0356	0.02078	0.24067	0.66744
V801	0.33592	0.08588	0.09503	0.44951	0.03366
V802	0.05146	0.16106	0.02546	0.12829	0.63372
V803	0.27325	0.06847	0.01033	0.62224	0.02571
V804	0.1958	0.19547	0.15706	0.40678	0.0449
V805	0.14918	0.23478	0.32097	0.20855	0.08652
V806	0.4378	0.10827	0.14517	0.10886	0.1999
V807	0.65221	0.07609	0.05	0.08652	0.13518
V808	0.74491	0.08339	0.03914	0.03746	0.0951
V809	0.25605	0.48911	0.04263	0.08506	0.12714
V810	0.02793	0.07678	0.03826	0.53658	0.32045
V811	0.06158	0.09583	0.0283	0.21849	0.59581
V812	0.06166	0.57097	0.20198	0.14285	0.02254
V813	0.04648	0.231	0.18461	0.08489	0.45303
V814	0.23796	0.44728	0.0763	0.22316	0.01531
V815	0.29763	0.5508	0.05265	0.09892	0
V816	0.04573	0.39322	0.02636	0.5123	0.02239
V817	0.71162	0.12171	0.10743	0.04631	0.01293
V818	0.05074	0.25799	0.28164	0.09967	0.30996
V819	0.82537	0.09031	0.01414	0.05349	0.01669
V820	0.08333	0.30876	0.11382	0.46844	0.02565
V821	0.01954	0.02363	0.00969	0.15363	0.79352
V822	0.17019	0.05351	0.01661	0.75489	0.0048
V823	0.0553	0.14294	0.18093	0.09519	0.52564
V824	0.08085	0.05201	0.0276	0.13097	0.70857
V825	0.14148	0.19964	0.44386	0.20744	0.00757
V826	0.0412	0.26369	0.63648	0.04902	0.00961
V827	0.3297	0.1409	0.00737	0.43054	0.09149
V828	0.2477	0.16047	0.09245	0.13249	0.36689
V829	0.0928	0.16362	0.23512	0.23866	0.2698
V830	0.14503	0.21552	0.47944	0.05651	0.10349
V831	0.07401	0.59896	0.07535	0.24089	0.01079
V832	0.20408	0.052	0.059	0.31263	0.3723
V833	0.26882	0.62841	0.03639	0.0368	0.02958
V834	0.69562	0.15477	0.03248	0.05621	0.06092
V835	0.25836	0.25301	0.0837	0.3289	0.07603
V836	0.34377	0.20552	0.30812	0.12863	0.01396
V837	0.08969	0.69003	0.04946	0.10324	0.06757
V838	0	0.04927	0.06342	0.87507	0.01224
V839	0.04772	0.06412	0.06726	0.12754	0.69337
V840	0.81265	0.08783	0.02418	0.05296	0.02239
V841	0.2116	0.23587	0.50895	0.02767	0.01592
V842	0.46766	0.13556	0.15014	0.22517	0.02147
V843	0.42212	0.09239	0.11432	0.12568	0.24549
V844	0.02253	0.33295	0.56294	0.05392	0.02766
V845	0.0229	0.0302	0.00645	0.68054	0.2599
V846	0.11722	0.08227	0.08503	0.16349	0.55198
V847	0.20676	0.05192	0.04717	0.21428	0.47987
V848	0.667	0.08382	0.00817	0.12635	0.11466
V849	0.13681	0.24132	0.49592	0.03827	0.08768
V850	0.20654	0.13597	0.21616	0.20463	0.23671
V851	0.85599	0.08115	0.0039	0.03447	0.02448
V852	0.23513	0.09913	0.06808	0.24493	0.35273
V853	0.0384	0.266	0.43961	0.18306	0.07293
V854	0.06342	0.33102	0.21854	0.14451	0.24252
V855	0.12313	0.31899	0.09103	0.39106	0.07578
V856	0.19083	0.32057	0.06251	0.07081	0.35529
V857	0.07502	0.1027	0.13307	0.47712	0.21209
V858	0.03979	0.31357	0.1704	0.28948	0.18675
V859	0.11989	0.05249	0.02302	0.77156	0.03304
V860	0.03962	0.14211	0.06069	0.70474	0.05284
V861	0.12984	0.08784	0.09986	0.67252	0.00994
V862	0.07535	0.03373	0.02604	0.21505	0.64983
V863	0.10589	0.77855	0.05469	0.05245	0.00842
V864	0.03861	0.25006	0.60789	0.09419	0.00925
V865	0.0778	0.19491	0.44103	0.27968	0.00658
V866	0.03033	0.22052	0.44963	0.27247	0.02704
V867	0.54382	0.0698	0.00941	0.06117	0.31579
V868	0.23248	0.28829	0.30525	0.15046	0.02352
V869	0.02761	0.02458	0.02857	0.15365	0.76559
V870	0.26881	0.16911	0.07081	0.30678	0.18449
V871	0.04518	0.08585	0.08783	0.20327	0.57787
V872	0.34919	0.07871	0.01576	0.50847	0.04787
V873	0.06803	0.28673	0.13548	0.45038	0.05937
V874	0.10329	0.06018	0.01478	0.13408	0.68767
V875	0.01658	0.15338	0.02916	0.57803	0.22284
V876	0.45445	0.1023	0.05127	0.077	0.31498
V877	0.28761	0.50755	0.05799	0.14034	0.00651
V878	0.06614	0.55083	0.06441	0.31583	0.0028
V879	0.8084	0.10237	0.01429	0.05344	0.0215
V880	0.08139	0.09005	0.03151	0.50089	0.29616
V881	0.01377	0.16662	0.39572	0.06888	0.355
V882	0.06296	0.36077	0.03139	0.54488	0
V883	0.49076	0.16532	0.01828	0.22768	0.09797
V884	0.01873	0.01756	0.0095	0.16313	0.79108
V885	0.16635	0.18229	0.28418	0.16347	0.20371
V886	0.01109	0.02805	0.03285	0.33776	0.59025
V887	0.16627	0.73236	0.04268	0.03982	0.01887
V888	0.05731	0.11382	0.05206	0.72338	0.05343
V889	0.18974	0.67194	0.06985	0.06673	0.00174
V890	0.02777	0.0778	0.10957	0.68346	0.1014
V891	0.00265	0.28958	0.65663	0.04216	0.00897
V892	0.59616	0.20897	0.02527	0.044	0.12559
V893	0.15275	0.2844	0.38193	0.11812	0.06279
V894	0.12961	0.41589	0.06139	0.35345	0.03966
V895	0.60702	0.13351	0.19548	0.04582	0.01818
V896	0.21087	0.24331	0.18783	0.35066	0.00734
V897	0	0.03784	0.03731	0.81477	0.11007
V898	0.37774	0.0492	0.01571	0.10484	0.4525
V899	0.58247	0.27691	0.0771	0.02474	0.03878
V900	0.25348	0.26881	0.21698	0.23841	0.02233
V901	0.60944	0.09228	0.0087	0.21469	0.0749
V902	0.75524	0.10413	0.01925	0.07082	0.05057
V903	0.25497	0.11044	0.06073	0.5349	0.03896
V904	0.67524	0.1595	0.1169	0.01896	0.02939
V905	0.03809	0.25974	0.06781	0.42424	0.21012
V906	0.15215	0.18493	0.33687	0.12311	0.20293
