mature.neutrophil	CD14.pos.CD16.neg.classical.monocyte	macrophage	memory.CD4.pos.AB.T.cell	cytotoxic.CD56.dim.NK.cell
V1	0.27392	0.21133	0.22098	0.17329	0.12048
V2	0.05292	0.68816	0.07033	0.12416	0.06444
V3	0.05829	0.15264	0.3497	0.41049	0.02888
V4	0.01419	0.13421	0.2183	0.06432	0.56898
V5	0.01886	0.09241	0.07201	0.10301	0.71371
V6	0.27564	0.14441	0.23221	0.24916	0.09857
V7	0.0105	0.17782	0.36083	0.09186	0.359
V8	0.01286	0.22906	0.63142	0.10867	0.01799
V9	0.05267	0.10763	0.2191	0.59403	0.02656
V10	0.37018	0.18585	0.35581	0.05141	0.03675
V11	0.03582	0.1151	0.10896	0.07135	0.66878
V12	0.07445	0.12118	0.19836	0.30484	0.30117
V13	0.12003	0.1071	0.04952	0.42443	0.29891
V14	0.14035	0.0744	0.0755	0.62092	0.08883
V15	0.02733	0.06133	0.01465	0.85426	0.04243
V16	0.46575	0.1288	0.02698	0.34928	0.0292
V17	0.06432	0.2624	0.033	0.07914	0.56113
V18	0.07744	0.40002	0.23522	0.25699	0.03032
V19	0.03167	0.08818	0.01847	0.11913	0.74255
V20	0.00565	0.19169	0.54003	0.23701	0.02563
V21	0.02097	0.28476	0.13471	0.18725	0.37231
V22	0.65522	0.1621	0.07081	0.06782	0.04405
V23	0.07627	0.09581	0.03839	0.14065	0.64888
V24	0.40051	0.17462	0.03533	0.08793	0.30161
V25	0.02706	0.08656	0.02974	0.42768	0.42896
V26	0.41087	0.23664	0.06931	0.09075	0.19244
V27	0.11393	0.46934	0.18347	0.05766	0.17561
V28	0.0303	0.14194	0.17822	0.60317	0.04637
V29	0.00975	0.11379	0.27199	0.5724	0.03207
V30	0.60311	0.16889	0.03989	0.0855	0.10262
V31	0.36487	0.17947	0.02828	0.26553	0.16185
V32	0.73372	0.10187	0.02392	0.07662	0.06387
V33	0.0245	0.22356	0.03298	0.13195	0.58702
V34	0.12225	0.74177	0.02537	0.07938	0.03123
V35	0.08775	0.55386	0.24672	0.08763	0.02404
V36	0.02761	0.23527	0.16618	0.1101	0.46084
V37	0.61654	0.09552	0.01628	0.071	0.20066
V38	0.10316	0.17533	0.38195	0.2149	0.12467
V39	0.27187	0.17045	0.27713	0.05417	0.22637
V40	0.21433	0.52658	0.03465	0.16959	0.05486
V41	0.04905	0.7518	0.03257	0.06853	0.09805
V42	0.68823	0.12658	0.03423	0.07755	0.07341
V43	0.38742	0.22662	0.27914	0.07917	0.02765
V44	0.03152	0.35721	0.4591	0.04851	0.10366
V45	0.03546	0.58751	0.10765	0.2072	0.06218
V46	0.11224	0.66427	0.0853	0.09667	0.04152
V47	0.00497	0.24098	0.68352	0.04638	0.02415
V48	0.14384	0.19729	0.19693	0.34234	0.1196
V49	0.37907	0.21482	0.19371	0.18288	0.02953
V50	0.02203	0.24774	0.66625	0.04596	0.01802
V51	0.09478	0.30103	0.18852	0.09616	0.3195
V52	0.05478	0.80478	0.0268	0.08156	0.03207
V53	0.03034	0.16607	0.02245	0.74794	0.0332
V54	0.19115	0.0662	0.02698	0.54784	0.16783
V55	0.07109	0.05034	0.01418	0.82942	0.03497
V56	0.06975	0.04776	0.02055	0.74739	0.11455
V57	0.1311	0.25507	0.43923	0.06838	0.10622
V58	0.06875	0.09639	0.13596	0.21214	0.48676
V59	0.67193	0.12808	0.08748	0.0797	0.03282
V60	0.36161	0.24072	0.12006	0.16959	0.10802
V61	0.17943	0.08761	0.04264	0.239	0.45131
V62	0.05518	0.14937	0.26535	0.14965	0.38044
V63	0.34999	0.27533	0.07141	0.08432	0.21895
V64	0.73536	0.1155	0.03589	0.07642	0.03684
V65	0.08073	0.11857	0.04916	0.61636	0.13518
V66	0.03011	0.07849	0.1221	0.73305	0.03625
V67	0.01148	0.14945	0.29738	0.11161	0.43008
V68	0.369	0.16018	0.30895	0.08395	0.07793
V69	0.4773	0.20243	0.17408	0.07686	0.06934
V70	0.05875	0.61034	0.06015	0.22844	0.04231
V71	0.09367	0.67668	0.06192	0.13252	0.03521
V72	0.03954	0.38271	0.04237	0.06871	0.46668
V73	0.05749	0.08004	0.10086	0.56871	0.19291
V74	0.01828	0.09043	0.02159	0.78092	0.08878
V75	0.38498	0.25948	0.2545	0.06745	0.0336
V76	0.01689	0.05235	0.02865	0.82673	0.07539
V77	0.02079	0.2301	0.65111	0.08023	0.01777
V78	0.00515	0.24314	0.67471	0.05302	0.02398
V79	0.0759	0.37647	0.05562	0.18157	0.31043
V80	0.12319	0.63648	0.02214	0.11654	0.10165
V81	0.01325	0.24081	0.68154	0.04632	0.01808
V82	0.20589	0.17528	0.0417	0.54119	0.03594
V83	0.09166	0.11775	0.03521	0.55109	0.20429
V84	0.09156	0.20014	0.02487	0.08053	0.6029
V85	0.00507	0.24053	0.68257	0.05362	0.0182
V86	0.02502	0.28092	0.26327	0.39993	0.03085
V87	0.37804	0.08796	0.0517	0.44229	0.04002
V88	0.27266	0.19916	0.06398	0.22881	0.23539
V89	0.0401	0.26773	0.59383	0.08014	0.01819
V90	0.02237	0.21759	0.07101	0.12796	0.56108
V91	0.01495	0.06494	0.07884	0.80877	0.0325
V92	0.21911	0.11516	0.04357	0.08477	0.53739
V93	0.01434	0.14652	0.15082	0.51752	0.1708
V94	0.04042	0.19654	0.03863	0.26851	0.45589
V95	0.06272	0.24731	0.0397	0.13582	0.51444
V96	0.63541	0.10751	0.03888	0.08721	0.131
V97	0.15112	0.10836	0.05856	0.1401	0.54187
V98	0.0508	0.37166	0.17672	0.16445	0.23637
V99	0.43412	0.1694	0.0216	0.25881	0.11607
V100	0.4525	0.20616	0.06105	0.105	0.17529
V101	0.06387	0.78994	0.03449	0.08027	0.03143
V102	0.27003	0.2699	0.13254	0.15002	0.17751
V103	0.12546	0.07789	0.02444	0.07817	0.69404
V104	0.04652	0.39664	0.09673	0.07164	0.38847
V105	0.01963	0.09544	0.05647	0.11279	0.71566
V106	0.04935	0.66807	0.1594	0.06885	0.05432
V107	0.04533	0.32009	0.51975	0.08988	0.02495
V108	0.01874	0.31451	0.60089	0.04701	0.01885
V109	0.05868	0.23299	0.06822	0.30606	0.33404
V110	0.16079	0.45673	0.17835	0.16697	0.03716
V111	0.2378	0.30619	0.37728	0.05765	0.02108
V112	0.1602	0.08246	0.1058	0.46982	0.18172
V113	0.21417	0.10158	0.10772	0.18014	0.39638
V114	0.47186	0.14381	0.05876	0.21305	0.11253
V115	0.69373	0.09706	0.02262	0.07921	0.10738
V116	0.02282	0.0847	0.01959	0.08911	0.78378
V117	0.04493	0.21676	0.58942	0.11376	0.03512
V118	0.04444	0.04921	0.01431	0.84345	0.0486
V119	0.26145	0.157	0.30549	0.25357	0.02249
V120	0.01256	0.21046	0.59808	0.13729	0.04161
V121	0.19294	0.62377	0.02254	0.07516	0.08558
V122	0.0345	0.36559	0.09487	0.27867	0.22637
V123	0.41052	0.12368	0.07957	0.2235	0.16274
V124	0.19202	0.16376	0.07229	0.25081	0.32112
V125	0.0392	0.4562	0.41889	0.05833	0.02737
V126	0.13862	0.24308	0.20157	0.14956	0.26717
V127	0.22041	0.19018	0.47245	0.09249	0.02447
V128	0.20373	0.65326	0.03112	0.06835	0.04354
V129	0.22388	0.15161	0.23168	0.19833	0.1945
V130	0.03062	0.44948	0.05689	0.28277	0.18023
V131	0.01961	0.09858	0.19646	0.65756	0.02779
V132	0.31	0.08469	0.01467	0.36108	0.22957
V133	0.00827	0.20342	0.44861	0.11533	0.22437
V134	0.0621	0.21995	0.57578	0.06483	0.07734
V135	0.02384	0.25782	0.55297	0.06656	0.09881
V136	0.75148	0.10498	0.02515	0.07991	0.03847
V137	0.70651	0.1189	0.0232	0.09919	0.05221
V138	0.22184	0.19311	0.08718	0.17252	0.32535
V139	0.10872	0.08305	0.14149	0.63261	0.03412
V140	0.03317	0.10598	0.15476	0.06823	0.63786
V141	0.01995	0.31461	0.5044	0.13558	0.02545
V142	0.18066	0.13765	0.27865	0.15725	0.2458
V143	0.02047	0.28069	0.39998	0.17136	0.1275
V144	0.42662	0.24037	0.07518	0.17013	0.0877
V145	0.00494	0.23983	0.66582	0.05961	0.02979
V146	0.03587	0.31805	0.02519	0.35852	0.26237
V147	0.08165	0.22835	0.51069	0.13748	0.04183
V148	0.15556	0.66966	0.03096	0.10036	0.04346
V149	0.01818	0.04883	0.01484	0.84807	0.07007
V150	0.12395	0.29793	0.45659	0.04781	0.07372
V151	0.36752	0.08204	0.02648	0.41299	0.11097
V152	0.02156	0.06879	0.10783	0.71784	0.08397
V153	0.14633	0.2726	0.37255	0.09204	0.11647
V154	0.11547	0.52795	0.04278	0.08887	0.22493
V155	0.03872	0.07874	0.1216	0.72496	0.03598
V156	0.08821	0.16526	0.33279	0.17355	0.2402
V157	0.08674	0.13297	0.15875	0.29256	0.32899
V158	0.16625	0.16032	0.35999	0.08549	0.22795
V159	0.106	0.21126	0.0293	0.59656	0.05688
V160	0.38974	0.21053	0.09707	0.09631	0.20634
V161	0.19774	0.10923	0.07249	0.0683	0.55224
V162	0.0055	0.24674	0.68258	0.04684	0.01834
V163	0.05874	0.08419	0.03255	0.10481	0.71972
V164	0.72235	0.13355	0.03022	0.08226	0.03163
V165	0.50192	0.24121	0.08715	0.10899	0.06073
V166	0.0529	0.10022	0.20675	0.55483	0.08531
V167	0.03706	0.56358	0.03612	0.19639	0.16685
V168	0.0055	0.24674	0.68258	0.04684	0.01834
V169	0.05422	0.60027	0.16428	0.14231	0.03892
V170	0.22195	0.35441	0.06751	0.23972	0.11641
V171	0.25193	0.19352	0.29233	0.20473	0.0575
V172	0.16793	0.25357	0.08308	0.07951	0.41591
V173	0.18661	0.15488	0.09287	0.41215	0.15348
V174	0.17945	0.13904	0.29267	0.21858	0.17027
V175	0.07409	0.19895	0.1228	0.21177	0.39239
V176	0.31305	0.0738	0.02043	0.56161	0.0311
V177	0.16049	0.19	0.42692	0.1968	0.02579
V178	0.22723	0.18555	0.35802	0.14854	0.08066
V179	0.098	0.09057	0.02477	0.07894	0.70772
V180	0.02843	0.154	0.30309	0.0581	0.45639
V181	0.06576	0.28035	0.01851	0.11269	0.52269
V182	0.47479	0.23426	0.02266	0.21037	0.05792
V183	0.07439	0.78855	0.02617	0.07184	0.03905
V184	0.26021	0.13087	0.24287	0.32497	0.04107
V185	0.09962	0.43353	0.04117	0.19923	0.22646
V186	0.12679	0.2053	0.04446	0.28512	0.33833
V187	0.07937	0.57834	0.02125	0.28409	0.03695
V188	0.65594	0.11881	0.04495	0.14632	0.03398
V189	0.38632	0.24023	0.04861	0.29093	0.03391
V190	0.34741	0.16904	0.19113	0.07064	0.22179
V191	0.19474	0.21911	0.02262	0.44459	0.11895
V192	0.27684	0.22739	0.12306	0.24652	0.12619
V193	0.06386	0.29666	0.4239	0.08438	0.13119
V194	0.23686	0.13293	0.09323	0.14852	0.38847
V195	0.46137	0.23843	0.2008	0.0701	0.02931
V196	0.01875	0.08593	0.07207	0.10369	0.71957
V197	0.0716	0.75995	0.02516	0.10503	0.03825
V198	0.208	0.23912	0.05126	0.24323	0.2584
V199	0.59733	0.13741	0.17944	0.06091	0.0249
V200	0.6172	0.09632	0.04448	0.08601	0.15598
V201	0.042	0.05237	0.03468	0.69844	0.17251
V202	0.72364	0.13618	0.01893	0.08359	0.03767
V203	0.4566	0.25947	0.04215	0.11362	0.12815
V204	0.30497	0.14577	0.04977	0.06745	0.43205
V205	0.10927	0.12357	0.12	0.11979	0.52737
V206	0.04631	0.11605	0.01473	0.76277	0.06014
V207	0.02733	0.06133	0.01465	0.85426	0.04243
V208	0.13736	0.29575	0.38614	0.09163	0.08911
V209	0.14738	0.11493	0.10294	0.08879	0.54596
V210	0.00488	0.23861	0.67946	0.05307	0.02398
V211	0.14287	0.13643	0.18878	0.08268	0.44925
V212	0.06051	0.66388	0.09369	0.10416	0.07775
V213	0.0997	0.07842	0.07284	0.28492	0.46412
V214	0.0259	0.51559	0.34817	0.06845	0.0419
V215	0.22208	0.25786	0.13404	0.12827	0.25775
V216	0.0552	0.16391	0.28779	0.08606	0.40705
V217	0.01628	0.04834	0.03559	0.80429	0.09549
V218	0.06835	0.241	0.24927	0.35031	0.09106
V219	0.11391	0.30939	0.32118	0.22736	0.02816
V220	0.18898	0.62843	0.07562	0.07236	0.03461
V221	0.0429	0.20465	0.40991	0.05798	0.28456
V222	0.0313	0.08473	0.02646	0.09366	0.76386
V223	0.41312	0.14343	0.24915	0.16094	0.03336
V224	0.0433	0.49274	0.04293	0.14146	0.27958
V225	0.57204	0.21703	0.11637	0.06301	0.03154
V226	0.42202	0.45029	0.02152	0.06968	0.03649
V227	0.08883	0.23887	0.02303	0.59175	0.05753
V228	0.45856	0.15128	0.21923	0.12067	0.05026
V229	0.23503	0.38597	0.23311	0.09825	0.04764
V230	0.03131	0.07824	0.02666	0.09458	0.76921
V231	0.06314	0.52854	0.07369	0.23445	0.10018
V232	0.62063	0.13124	0.15425	0.0683	0.02558
V233	0.06055	0.12107	0.1453	0.13688	0.5362
V234	0.02181	0.35734	0.197	0.3784	0.04546
V235	0.74276	0.10665	0.01914	0.09822	0.03323
V236	0.07159	0.18608	0.48099	0.20631	0.05503
V237	0.11184	0.17036	0.23016	0.3238	0.16384
V238	0.01913	0.07132	0.024	0.32079	0.56476
V239	0.06557	0.37692	0.06321	0.22526	0.26904
V240	0.06858	0.7328	0.03197	0.08488	0.08177
V241	0.05471	0.80649	0.02672	0.07257	0.03952
V242	0.03589	0.33192	0.26093	0.30092	0.07034
V243	0.38477	0.1493	0.2625	0.07947	0.12395
V244	0.03298	0.39709	0.18628	0.1309	0.25275
V245	0.05089	0.77321	0.04996	0.09567	0.03027
V246	0.51658	0.26957	0.0423	0.07162	0.09993
V247	0.16225	0.23986	0.46137	0.09455	0.04197
V248	0.09621	0.53722	0.04326	0.0731	0.25022
V249	0.22004	0.16315	0.1857	0.14016	0.29095
V250	0.02276	0.20741	0.50374	0.07565	0.19044
V251	0.18744	0.09465	0.08942	0.56207	0.06643
V252	0.02577	0.24163	0.43938	0.17556	0.11766
V253	0.2726	0.48906	0.09221	0.10693	0.0392
V254	0.45483	0.33887	0.01859	0.14659	0.04112
V255	0.65302	0.1475	0.01712	0.09061	0.09176
V256	0.04277	0.67025	0.03825	0.07427	0.17446
V257	0.3785	0.30676	0.13497	0.09337	0.0864
V258	0.14693	0.2914	0.05918	0.46717	0.03531
V259	0.4425	0.29256	0.15783	0.06541	0.0417
V260	0.23474	0.1237	0.10775	0.13184	0.40197
V261	0.02352	0.16839	0.4065	0.28961	0.11199
V262	0.70184	0.12222	0.05791	0.0835	0.03453
V263	0.62787	0.14618	0.02805	0.16856	0.02934
V264	0.0709	0.75244	0.03292	0.11323	0.03052
V265	0.64322	0.16177	0.07659	0.08544	0.03298
V266	0.02675	0.09123	0.09422	0.09107	0.69673
V267	0.05763	0.07667	0.02391	0.20445	0.63734
V268	0.17958	0.39113	0.13799	0.22666	0.06464
V269	0.08064	0.34215	0.30419	0.22528	0.04774
V270	0.05122	0.05642	0.04164	0.81742	0.03331
V271	0.22054	0.60314	0.02963	0.09061	0.05608
V272	0.10649	0.69908	0.04672	0.0827	0.065
V273	0.24575	0.11522	0.15731	0.3352	0.14652
V274	0.09379	0.10837	0.05177	0.23683	0.50924
V275	0.04504	0.60717	0.15694	0.1516	0.03925
V276	0.01371	0.19203	0.51819	0.2386	0.03748
V277	0.28958	0.18495	0.42971	0.05471	0.04105
V278	0.01029	0.14709	0.28338	0.44035	0.11889
V279	0.1325	0.05876	0.02679	0.71082	0.07112
V280	0.1716	0.08122	0.04714	0.59644	0.10361
V281	0.03023	0.2117	0.05153	0.66902	0.03752
V282	0.06476	0.79729	0.02638	0.07224	0.03934
V283	0.31615	0.10938	0.11131	0.08394	0.37922
V284	0.027	0.25145	0.43303	0.05007	0.23845
V285	0.45372	0.39355	0.01993	0.09693	0.03587
V286	0.06959	0.22868	0.59992	0.07843	0.02338
V287	0.21167	0.14825	0.15344	0.30792	0.17871
V288	0.16755	0.19343	0.46994	0.05355	0.11552
V289	0.14258	0.21378	0.03605	0.57112	0.03647
V290	0.37448	0.40696	0.13069	0.06166	0.02622
V291	0.34866	0.20923	0.02238	0.38435	0.03537
V292	0.10653	0.17131	0.33748	0.08112	0.30356
V293	0.00781	0.27432	0.59956	0.08817	0.03014
V294	0.02205	0.08601	0.02721	0.08722	0.77751
V295	0.01813	0.13644	0.27192	0.48979	0.08372
V296	0.6775	0.16574	0.01813	0.08616	0.05247
V297	0.02107	0.20774	0.57061	0.15264	0.04795
V298	0.25489	0.06686	0.02035	0.54221	0.11569
V299	0.23062	0.05797	0.02652	0.65327	0.03162
V300	0.75086	0.10844	0.01973	0.08718	0.03379
V301	0.73496	0.10147	0.02406	0.10221	0.0373
V302	0.01825	0.06557	0.02305	0.43822	0.45492
V303	0.1	0.23148	0.19482	0.21041	0.26329
V304	0.15374	0.22296	0.53657	0.05197	0.03476
V305	0.19007	0.31556	0.09815	0.15619	0.24004
V306	0.30747	0.54389	0.02217	0.08367	0.0428
V307	0.19578	0.11936	0.22241	0.43722	0.02523
V308	0.18891	0.19509	0.47818	0.1133	0.02451
V309	0.52557	0.13987	0.05783	0.16664	0.11009
V310	0.03973	0.09273	0.02481	0.15628	0.68645
V311	0.02435	0.05084	0.0496	0.83495	0.04026
V312	0.0829	0.29501	0.22869	0.05712	0.33628
V313	0.06271	0.28152	0.03162	0.35546	0.26869
V314	0.08274	0.07309	0.02187	0.40445	0.41786
V315	0.73704	0.10369	0.02971	0.0766	0.05296
V316	0.10358	0.50153	0.23131	0.08601	0.07758
V317	0.30808	0.22026	0.37859	0.05638	0.03669
V318	0.71233	0.09949	0.0231	0.07449	0.0906
V319	0.08804	0.2456	0.5896	0.05861	0.01816
V320	0.07898	0.04618	0.02066	0.81371	0.04047
V321	0.11971	0.342	0.26263	0.23392	0.04174
V322	0.01364	0.33449	0.46185	0.09248	0.09754
V323	0.20983	0.28929	0.3478	0.07118	0.08191
V324	0.04282	0.08431	0.04897	0.78517	0.03873
V325	0.5077	0.17038	0.08467	0.16486	0.07239
V326	0.05458	0.09363	0.0682	0.17991	0.60367
V327	0.29563	0.43271	0.11277	0.08185	0.07704
V328	0.04683	0.28333	0.153	0.47699	0.03985
V329	0.0102	0.15877	0.31361	0.48686	0.03056
V330	0.06952	0.23114	0.60279	0.04426	0.05229
V331	0.12914	0.11071	0.09598	0.13736	0.5268
V332	0.36761	0.19312	0.33891	0.05776	0.0426
V333	0.32815	0.1518	0.24858	0.1891	0.08237
V334	0.03988	0.34328	0.4433	0.12246	0.05107
V335	0.57258	0.14323	0.08256	0.09474	0.10689
V336	0.15108	0.5144	0.24169	0.05636	0.03647
V337	0.01969	0.07871	0.03242	0.209	0.66019
V338	0.56314	0.13282	0.13367	0.07824	0.09213
V339	0.19208	0.48129	0.17831	0.05743	0.09089
V340	0.03836	0.21607	0.11737	0.10587	0.52232
V341	0.02252	0.47323	0.37773	0.05885	0.06766
V342	0.23825	0.2456	0.34578	0.14888	0.02149
V343	0.53373	0.14645	0.22725	0.06913	0.02345
V344	0.10162	0.64865	0.06078	0.08848	0.10047
V345	0.20006	0.10561	0.02164	0.31518	0.35751
V346	0.03515	0.3253	0.27481	0.31524	0.04951
V347	0.07943	0.43983	0.04059	0.37645	0.0637
V348	0.01959	0.23466	0.36795	0.25552	0.12229
V349	0.0586	0.35859	0.42912	0.06316	0.09054
V350	0.10334	0.37896	0.0931	0.28142	0.14318
V351	0.14707	0.16501	0.33801	0.31612	0.0338
V352	0.10043	0.49905	0.31035	0.06135	0.02882
V353	0.23214	0.3187	0.05286	0.10219	0.29411
V354	0.44137	0.171	0.31168	0.05395	0.022
V355	0.07779	0.13184	0.27311	0.48675	0.03051
V356	0.07801	0.22713	0.59018	0.06431	0.04038
V357	0.04203	0.19255	0.4169	0.07193	0.2766
V358	0.03416	0.0751	0.04217	0.809	0.03956
V359	0.05529	0.12442	0.02159	0.76555	0.03315
V360	0.55429	0.13463	0.08823	0.19637	0.02648
V361	0.30559	0.4308	0.0978	0.06101	0.1048
V362	0.63853	0.11675	0.09335	0.0643	0.08707
V363	0.03924	0.09681	0.02432	0.1971	0.64253
V364	0.04213	0.26804	0.0383	0.47281	0.17872
V365	0.01766	0.05018	0.02184	0.85426	0.05606
V366	0.17038	0.20468	0.44457	0.10177	0.07861
V367	0.19737	0.2598	0.18944	0.20459	0.1488
V368	0.58904	0.16919	0.11458	0.07449	0.05269
V369	0.04114	0.56849	0.22704	0.13881	0.02451
V370	0.02615	0.19751	0.1227	0.38258	0.27107
V371	0.06116	0.7728	0.06683	0.06914	0.03007
V372	0.51204	0.15718	0.12956	0.16008	0.04114
V373	0.11131	0.56183	0.13708	0.1575	0.03228
V374	0.08727	0.16162	0.30466	0.42274	0.02372
V375	0.23913	0.18915	0.43767	0.11415	0.0199
V376	0.01838	0.15119	0.34811	0.06345	0.41886
V377	0.08245	0.4521	0.198	0.23634	0.03111
V378	0.12585	0.49596	0.17513	0.05789	0.14517
V379	0.03417	0.10024	0.11544	0.12654	0.62361
V380	0.02187	0.12876	0.15833	0.49785	0.19318
V381	0.14528	0.11665	0.02399	0.0745	0.63958
V382	0.36264	0.07141	0.02058	0.32123	0.22414
V383	0.03547	0.10862	0.22694	0.60242	0.02655
V384	0.24352	0.12877	0.14831	0.41619	0.06321
V385	0.09001	0.15106	0.02476	0.07498	0.6592
V386	0.52699	0.08902	0.02071	0.33356	0.02973
V387	0.23415	0.07566	0.02042	0.62003	0.04974
V388	0.05631	0.71617	0.05546	0.13587	0.03619
V389	0.12394	0.66063	0.0379	0.09868	0.07886
V390	0.16118	0.06	0.02031	0.65368	0.10484
V391	0.58344	0.18999	0.0167	0.13525	0.07463
V392	0.73541	0.123	0.0248	0.08426	0.03252
V393	0.09379	0.10554	0.13863	0.5167	0.14533
V394	0.5706	0.09902	0.03798	0.20134	0.09106
V395	0.00949	0.12861	0.30259	0.52811	0.0312
V396	0.42785	0.17732	0.31453	0.05343	0.02687
V397	0.54584	0.18478	0.04606	0.16753	0.05579
V398	0.06357	0.08505	0.15193	0.61233	0.08711
V399	0.04778	0.08927	0.01627	0.30878	0.53789
V400	0.15244	0.46451	0.1555	0.2023	0.02524
V401	0.25256	0.18964	0.45857	0.07968	0.01956
V402	0.29775	0.17747	0.34068	0.11129	0.07281
V403	0.14556	0.13	0.01637	0.18623	0.52185
V404	0.00892	0.17916	0.38652	0.37197	0.05343
V405	0.30169	0.26364	0.07842	0.25752	0.09873
V406	0.02156	0.24466	0.65903	0.04517	0.02958
V407	0.68727	0.12817	0.04604	0.10896	0.02956
V408	0.03725	0.34486	0.0256	0.3035	0.28879
V409	0.10421	0.07029	0.06913	0.65251	0.10385
V410	0.1136	0.22634	0.27961	0.09097	0.28949
V411	0.02262	0.0841	0.0194	0.0973	0.77659
V412	0.02838	0.20466	0.13332	0.08164	0.55199
V413	0.02801	0.26967	0.14803	0.38826	0.16603
V414	0.04695	0.12153	0.01546	0.48872	0.32734
V415	0.16203	0.07804	0.02387	0.07627	0.65979
V416	0.1065	0.14142	0.03756	0.19426	0.52026
V417	0.01331	0.20566	0.56662	0.15373	0.06067
V418	0.47695	0.35244	0.0381	0.08027	0.05224
V419	0.22872	0.09638	0.03563	0.17084	0.46843
V420	0.21309	0.09794	0.10748	0.10172	0.47976
V421	0.01615	0.10554	0.13239	0.10249	0.64343
V422	0.02384	0.06958	0.05686	0.69932	0.1504
V423	0.24315	0.24682	0.24339	0.22577	0.04088
V424	0.0091	0.17194	0.40874	0.05369	0.35652
V425	0.31143	0.34797	0.01856	0.07445	0.2476
V426	0.21029	0.19244	0.03538	0.47269	0.08919
V427	0.19723	0.5535	0.1569	0.06036	0.032
V428	0.0942	0.5646	0.08997	0.15269	0.09854
V429	0.12518	0.66638	0.02303	0.13462	0.05079
V430	0.03398	0.15737	0.34243	0.20835	0.25788
V431	0.10604	0.35625	0.18678	0.28649	0.06443
V432	0.26028	0.13845	0.11968	0.35553	0.12607
V433	0.16193	0.1681	0.39449	0.23758	0.0379
V434	0.20718	0.32943	0.31419	0.06567	0.08354
V435	0.42938	0.17872	0.27913	0.0853	0.02748
V436	0.06147	0.53029	0.11467	0.10984	0.18373
V437	0.18016	0.09521	0.04292	0.2138	0.46791
V438	0.12254	0.31015	0.18461	0.31157	0.07113
V439	0.49284	0.0854	0.05644	0.32648	0.03883
V440	0.02528	0.39622	0.45689	0.06346	0.05815
V441	0.03457	0.50679	0.34595	0.08394	0.02875
V442	0.06462	0.79673	0.03479	0.07212	0.03174
V443	0.7295	0.10032	0.02382	0.11438	0.03198
V444	0.14401	0.37728	0.04622	0.37728	0.05521
V445	0.06476	0.35858	0.05405	0.48001	0.0426
V446	0.10488	0.10142	0.09979	0.55488	0.13904
V447	0.0718	0.06555	0.02844	0.47329	0.36092
V448	0.16111	0.08623	0.0374	0.08883	0.62643
V449	0.0055	0.24674	0.68258	0.04684	0.01834
V450	0.18062	0.18291	0.22091	0.1702	0.24537
V451	0.24095	0.21517	0.07115	0.36477	0.10795
V452	0.0206	0.08563	0.14497	0.68719	0.06161
V453	0.02738	0.06793	0.01543	0.48819	0.40106
V454	0.01397	0.20068	0.52886	0.06827	0.18822
V455	0.0621	0.28467	0.25383	0.09326	0.30615
V456	0.72841	0.10443	0.01826	0.09551	0.0534
V457	0.54785	0.22942	0.0474	0.11912	0.05622
V458	0.02592	0.3954	0.42449	0.10203	0.05215
V459	0.12788	0.11538	0.06358	0.49068	0.20248
V460	0.52532	0.15077	0.16789	0.11603	0.03999
V461	0.17011	0.33086	0.22362	0.06977	0.20564
V462	0.05485	0.11656	0.02887	0.52237	0.27735
V463	0.18993	0.10028	0.02715	0.64552	0.03711
V464	0.13872	0.2952	0.4803	0.06089	0.02489
V465	0.05087	0.15225	0.03241	0.0922	0.67226
V466	0.04017	0.07139	0.01773	0.1687	0.70202
V467	0.05964	0.23835	0.03721	0.56434	0.10046
V468	0.47299	0.30588	0.11021	0.06193	0.04899
V469	0.02429	0.31744	0.07055	0.31773	0.26999
V470	0.65152	0.13411	0.03948	0.14065	0.03424
V471	0.34399	0.28431	0.04334	0.19379	0.13456
V472	0.02044	0.11106	0.05701	0.0794	0.73209
V473	0.03391	0.25839	0.22084	0.33316	0.1537
V474	0.25281	0.16714	0.06915	0.45131	0.05958
V475	0.13534	0.19889	0.45196	0.0746	0.13921
V476	0.14079	0.10103	0.09806	0.58638	0.07374
V477	0.05478	0.80557	0.03521	0.07256	0.03188
V478	0.17184	0.08429	0.02375	0.07567	0.64444
V479	0.65155	0.13569	0.04542	0.13342	0.03392
V480	0.1347	0.55963	0.0732	0.17803	0.05444
V481	0.22083	0.34307	0.07462	0.23035	0.13112
V482	0.11233	0.59709	0.19323	0.05904	0.03831
V483	0.29449	0.45016	0.01976	0.16763	0.06796
V484	0.20285	0.45034	0.12283	0.18566	0.03832
V485	0.52253	0.15791	0.10939	0.16845	0.04172
V486	0.06698	0.18697	0.26472	0.05748	0.42386
V487	0.1164	0.21995	0.3305	0.3049	0.02826
V488	0.35644	0.11789	0.01487	0.36309	0.1477
V489	0.01216	0.32489	0.51824	0.11329	0.03142
V490	0.01354	0.2	0.5477	0.21368	0.02509
V491	0.03917	0.4266	0.06489	0.1569	0.31244
V492	0.03699	0.15256	0.04304	0.71575	0.05166
V493	0.02641	0.04355	0.02167	0.86598	0.04239
V494	0.28049	0.06497	0.03274	0.53491	0.08689
V495	0.27852	0.25751	0.19005	0.20665	0.06727
V496	0.13205	0.11322	0.06703	0.07011	0.61759
V497	0.09836	0.12789	0.14372	0.15044	0.4796
V498	0.07938	0.74464	0.04844	0.07598	0.05156
V499	0.04412	0.28032	0.23898	0.11077	0.3258
V500	0.10473	0.43377	0.11779	0.2695	0.07421
V501	0.07618	0.31825	0.03355	0.07712	0.49489
V502	0.13442	0.67602	0.06207	0.09884	0.02865
V503	0.3648	0.13034	0.18101	0.17837	0.14547
V504	0.42226	0.22401	0.02316	0.07405	0.25652
V505	0.51568	0.09386	0.03894	0.14182	0.2097
V506	0.03167	0.47927	0.08239	0.07188	0.33479
V507	0.65601	0.09742	0.04426	0.15241	0.0499
V508	0.03124	0.57005	0.21376	0.09713	0.08781
V509	0.05435	0.42149	0.1442	0.24523	0.13473
V510	0.36795	0.4294	0.06094	0.10793	0.03379
V511	0.05901	0.36307	0.42198	0.0851	0.07083
V512	0.14123	0.43027	0.17309	0.10338	0.15203
V513	0.16577	0.58097	0.08942	0.10999	0.05385
V514	0.02213	0.11769	0.2095	0.09499	0.5557
V515	0.07464	0.13734	0.01495	0.73979	0.03327
V516	0.1467	0.33315	0.11285	0.36779	0.03951
V517	0.02468	0.07886	0.05688	0.80046	0.03913
V518	0.33226	0.14734	0.25906	0.21622	0.04512
V519	0.62164	0.13218	0.02197	0.18932	0.03488
V520	0.07822	0.72389	0.03974	0.12837	0.02978
V521	0.18187	0.0841	0.12455	0.57576	0.03373
V522	0.04513	0.28982	0.44762	0.16686	0.05057
V523	0.1219	0.23143	0.53721	0.08559	0.02387
V524	0.2689	0.19934	0.41819	0.0488	0.06477
V525	0.02435	0.22923	0.04852	0.08059	0.61732
V526	0.03741	0.23926	0.61765	0.0648	0.04087
V527	0.07778	0.46511	0.3495	0.06691	0.04069
V528	0.1398	0.05368	0.0334	0.74107	0.03205
V529	0.17019	0.2213	0.52689	0.0524	0.02923
V530	0.02093	0.23348	0.62394	0.08639	0.03526
V531	0.16815	0.46821	0.10223	0.07604	0.18537
V532	0.06285	0.3095	0.26979	0.05538	0.30248
V533	0.25492	0.08445	0.01649	0.07449	0.56965
V534	0.1181	0.09885	0.01436	0.71679	0.05191
V535	0.65546	0.18173	0.05935	0.06925	0.03422
V536	0.11246	0.26533	0.32544	0.08077	0.216
V537	0.03107	0.09973	0.03386	0.08239	0.75295
V538	0.52183	0.16372	0.02211	0.09435	0.19798
V539	0.01791	0.27572	0.5027	0.13482	0.06886
V540	0.15631	0.43224	0.10163	0.10767	0.20215
V541	0.03931	0.38229	0.04215	0.09278	0.44348
V542	0.04063	0.31618	0.11554	0.45187	0.07578
V543	0.05829	0.25481	0.51263	0.08797	0.0863
V544	0.29281	0.24284	0.16831	0.11575	0.1803
V545	0.53911	0.32839	0.02579	0.07655	0.03015
V546	0.07167	0.67754	0.10231	0.07075	0.07773
V547	0.09422	0.66198	0.02264	0.17018	0.05098
V548	0.01869	0.08921	0.02186	0.82891	0.04134
V549	0.01908	0.07918	0.03956	0.22454	0.63764
V550	0.04569	0.73243	0.11373	0.07307	0.03508
V551	0.02725	0.04194	0.01485	0.87926	0.03669
V552	0.20859	0.09247	0.03644	0.10167	0.56083
V553	0.6119	0.10044	0.03235	0.19378	0.06153
V554	0.09334	0.18433	0.38108	0.30791	0.03334
V555	0.05254	0.78923	0.03402	0.07054	0.05366
V556	0.0783	0.0986	0.06286	0.69007	0.07017
V557	0.2712	0.24196	0.04957	0.37053	0.06674
V558	0.01353	0.21264	0.56932	0.16824	0.03627
V559	0.09226	0.42892	0.37482	0.05801	0.04598
V560	0.51712	0.26776	0.12675	0.06222	0.02615
V561	0.56379	0.11488	0.12674	0.07247	0.12211
V562	0.11802	0.14471	0.15165	0.14039	0.44524
V563	0.19014	0.2913	0.19102	0.15637	0.17118
V564	0.29905	0.0993	0.06768	0.35694	0.17703
V565	0.02082	0.08465	0.03393	0.11811	0.74249
V566	0.26043	0.17288	0.04189	0.3499	0.17489
V567	0.02111	0.23742	0.67235	0.04547	0.02364
V568	0.0308	0.28237	0.3532	0.31097	0.02265
V569	0.50352	0.16851	0.10427	0.17009	0.05361
V570	0.11677	0.13368	0.23917	0.43464	0.07575
V571	0.22113	0.12012	0.20496	0.33815	0.11564
V572	0.67424	0.09898	0.01682	0.07892	0.13104
V573	0.07174	0.17257	0.2842	0.36856	0.10293
V574	0.43962	0.28693	0.08283	0.14683	0.0438
V575	0.3178	0.12311	0.11877	0.10496	0.33537
V576	0.04936	0.7583	0.03267	0.07699	0.08267
V577	0.36824	0.42764	0.05398	0.11605	0.03409
V578	0.02742	0.25918	0.41465	0.24053	0.05822
V579	0.02493	0.48607	0.29886	0.07695	0.11318
V580	0.19985	0.45622	0.03343	0.26195	0.04855
V581	0.05013	0.46123	0.32987	0.13027	0.0285
V582	0.0063	0.25771	0.66426	0.05351	0.01821
V583	0.47308	0.15984	0.2651	0.07936	0.02262
V584	0.20569	0.4513	0.1161	0.08992	0.137
V585	0.05041	0.66352	0.08574	0.1221	0.07823
V586	0.04051	0.67852	0.17631	0.07818	0.02647
V587	0.05974	0.59726	0.02926	0.09179	0.22196
V588	0.2011	0.40608	0.31119	0.05341	0.02822
V589	0.09305	0.35548	0.06129	0.44149	0.04868
V590	0.05456	0.6798	0.02291	0.07582	0.16691
V591	0.41011	0.42857	0.05416	0.07269	0.03446
V592	0.02093	0.20407	0.57091	0.0734	0.13068
V593	0.3521	0.0715	0.02028	0.48945	0.06667
V594	0.00936	0.25988	0.50132	0.17312	0.05633
V595	0.42795	0.11666	0.07141	0.32786	0.05612
V596	0.37563	0.23941	0.18134	0.16255	0.04107
V597	0.03362	0.21227	0.02509	0.16618	0.56284
V598	0.4966	0.092	0.02181	0.07007	0.31951
V599	0.07201	0.36019	0.1002	0.4132	0.0544
V600	0.2339	0.11552	0.16465	0.37572	0.1102
V601	0.1314	0.13149	0.02172	0.48744	0.22796
V602	0.66903	0.19959	0.01909	0.08085	0.03144
V603	0.12706	0.18075	0.04491	0.18274	0.46453
V604	0.02183	0.20512	0.53424	0.13243	0.10638
V605	0.03504	0.14538	0.13158	0.12304	0.56496
V606	0.67314	0.09399	0.01679	0.07923	0.13686
V607	0.15569	0.16124	0.03782	0.07812	0.56713
V608	0.59886	0.11025	0.04442	0.13835	0.10812
V609	0.16848	0.28081	0.03047	0.42945	0.09078
V610	0.08694	0.54869	0.02799	0.30005	0.03633
V611	0.2169	0.20419	0.45332	0.0669	0.05869
V612	0.31008	0.17233	0.25915	0.06752	0.19092
V613	0.36869	0.45328	0.05493	0.09464	0.02846
V614	0.45584	0.10875	0.03357	0.13009	0.27176
V615	0.01511	0.1454	0.12708	0.56363	0.14879
V616	0.51691	0.11665	0.13461	0.17979	0.05204
V617	0.18655	0.20582	0.36535	0.12758	0.1147
V618	0.58045	0.16499	0.07077	0.07631	0.10748
V619	0.44521	0.14495	0.14172	0.06582	0.2023
V620	0.04292	0.14038	0.28933	0.49678	0.03058
V621	0.12652	0.2815	0.26427	0.0548	0.27291
V622	0.02408	0.28059	0.30979	0.06219	0.32335
V623	0.07032	0.05632	0.02076	0.68009	0.17252
V624	0.70751	0.09785	0.0228	0.09245	0.07938
V625	0.01556	0.10942	0.09421	0.74343	0.03738
V626	0.06528	0.18154	0.42562	0.28898	0.03858
V627	0.10432	0.21132	0.12256	0.08681	0.47499
V628	0.73045	0.11118	0.02419	0.10209	0.0321
V629	0.10716	0.325	0.47404	0.06855	0.02524
V630	0.02408	0.21212	0.04073	0.09012	0.63295
V631	0.0131	0.13444	0.24896	0.06996	0.53355
V632	0.05302	0.66644	0.03006	0.10019	0.15029
V633	0.0584	0.07991	0.09414	0.51928	0.24826
V634	0.35618	0.40532	0.14543	0.06731	0.02576
V635	0.04362	0.18768	0.1798	0.07803	0.51087
V636	0.17066	0.24045	0.26723	0.214	0.10767
V637	0.17684	0.15884	0.32707	0.25364	0.08361
V638	0.07916	0.4209	0.04153	0.13983	0.31858
V639	0.45406	0.36317	0.08551	0.06412	0.03314
V640	0.10514	0.21873	0.09037	0.26442	0.32134
V641	0.09942	0.6058	0.04397	0.2013	0.04951
V642	0.58058	0.11034	0.0212	0.25831	0.02957
V643	0.05698	0.73422	0.08894	0.09138	0.02847
V644	0.04692	0.37092	0.03965	0.4854	0.05712
V645	0.16128	0.62322	0.03729	0.14912	0.02909
V646	0.1297	0.45506	0.04797	0.28345	0.08382
V647	0.71971	0.09902	0.02347	0.12618	0.03163
V648	0.37872	0.14874	0.02144	0.30425	0.14686
V649	0.23915	0.15806	0.08625	0.1563	0.36024
V650	0.03235	0.05496	0.06353	0.81638	0.03279
V651	0.13316	0.19811	0.01579	0.62129	0.03165
V652	0.30547	0.075	0.04555	0.5327	0.04128
V653	0.29036	0.08524	0.05948	0.50556	0.05937
V654	0.04162	0.13333	0.01772	0.12868	0.67865
V655	0.13424	0.15699	0.25155	0.42669	0.03053
V656	0.11506	0.08405	0.01657	0.15789	0.62642
V657	0.0393	0.42337	0.04833	0.37243	0.11657
V658	0.03402	0.08243	0.04251	0.60563	0.23542
V659	0.02327	0.07956	0.07871	0.74021	0.07826
V660	0.06605	0.32809	0.04095	0.10078	0.46413
V661	0.04673	0.55916	0.0358	0.24017	0.11814
V662	0.04048	0.40737	0.04255	0.06786	0.44175
V663	0.75444	0.10574	0.02551	0.08074	0.03357
V664	0.03089	0.08336	0.11915	0.40547	0.36114
V665	0.03075	0.55887	0.2127	0.13902	0.05866
V666	0.09897	0.73142	0.06446	0.07581	0.02934
V667	0.03558	0.49736	0.25084	0.15199	0.06423
V668	0.52414	0.25217	0.06086	0.11852	0.0443
V669	0.40677	0.29539	0.04309	0.1444	0.11034
V670	0.0951	0.54954	0.06629	0.09564	0.19343
V671	0.58681	0.13014	0.16234	0.09091	0.0298
V672	0.09062	0.1362	0.09629	0.32617	0.35072
V673	0.02152	0.09159	0.01803	0.16939	0.69947
V674	0.29373	0.23163	0.37623	0.05017	0.04824
V675	0.54994	0.09607	0.05039	0.19424	0.10937
V676	0.21101	0.23348	0.38683	0.04972	0.11896
V677	0.0449	0.28654	0.20275	0.39346	0.07236
V678	0.05605	0.30993	0.03349	0.09421	0.50632
V679	0.01646	0.15283	0.36523	0.43626	0.02922
V680	0.15698	0.07327	0.03482	0.36877	0.36616
V681	0.43203	0.10576	0.05171	0.31606	0.09444
V682	0.0055	0.24674	0.68258	0.04684	0.01834
V683	0.06176	0.29782	0.49283	0.04715	0.10044
V684	0.06163	0.05147	0.02091	0.83153	0.03446
V685	0.0132	0.22594	0.60663	0.13029	0.02394
V686	0.26644	0.52193	0.08629	0.08551	0.03984
V687	0.00699	0.1713	0.45071	0.33764	0.03336
V688	0.00505	0.24145	0.67098	0.05265	0.02987
V689	0.4023	0.15531	0.17211	0.14755	0.12273
V690	0.10898	0.72097	0.03979	0.09327	0.03699
V691	0.12871	0.1556	0.05622	0.60398	0.05549
V692	0.07017	0.06864	0.02742	0.7337	0.10008
V693	0.02351	0.48367	0.38198	0.08256	0.02827
V694	0.085	0.19748	0.0504	0.58271	0.08441
V695	0.12095	0.18825	0.14468	0.0777	0.46841
V696	0.10326	0.20377	0.54625	0.05167	0.09505
V697	0.09248	0.19852	0.26962	0.3362	0.10318
V698	0.02409	0.12244	0.17105	0.07468	0.60774
V699	0.04152	0.07207	0.05655	0.64147	0.18839
V700	0.06346	0.69861	0.09546	0.06374	0.07873
V701	0.02454	0.21084	0.03339	0.08301	0.64821
V702	0.0284	0.13594	0.022	0.66753	0.14612
V703	0.02551	0.05997	0.03537	0.83832	0.04084
V704	0.04549	0.18876	0.33575	0.06905	0.36095
V705	0.72895	0.10987	0.01836	0.0894	0.05342
V706	0.13618	0.19555	0.14838	0.43378	0.0861
V707	0.13194	0.17063	0.08099	0.29836	0.31808
V708	0.02801	0.54053	0.34617	0.06226	0.02303
V709	0.02059	0.09617	0.04962	0.08181	0.7518
V710	0.11268	0.18421	0.38731	0.05103	0.26477
V711	0.06771	0.07964	0.03983	0.09552	0.7173
V712	0.05461	0.20107	0.51615	0.19734	0.03083
V713	0.22182	0.41127	0.27523	0.0687	0.02298
V714	0.06081	0.08331	0.01839	0.08429	0.7532
V715	0.01425	0.34731	0.47408	0.13817	0.0262
V716	0.59931	0.21188	0.02905	0.11433	0.04543
V717	0.34292	0.21845	0.12036	0.08134	0.23694
V718	0.52111	0.1437	0.21772	0.06239	0.05507
V719	0.34621	0.25982	0.10648	0.16383	0.12366
V720	0.12052	0.1256	0.0967	0.09749	0.55969
V721	0.03783	0.091	0.06345	0.09395	0.71378
V722	0.02994	0.23577	0.06773	0.50582	0.16074
V723	0.10228	0.23055	0.11064	0.50944	0.04709
V724	0.12511	0.55082	0.05792	0.23148	0.03467
V725	0.04108	0.08494	0.02629	0.08442	0.76327
V726	0.20864	0.44219	0.06994	0.11662	0.1626
V727	0.01307	0.23974	0.66542	0.05216	0.02961
V728	0.60276	0.12825	0.11209	0.12591	0.03099
V729	0.49598	0.15942	0.03953	0.27135	0.03372
V730	0.10485	0.15311	0.30879	0.36649	0.06676
V731	0.01567	0.06734	0.06447	0.81944	0.03307
V732	0.02653	0.04348	0.02176	0.87229	0.03594
V733	0.03013	0.24747	0.64782	0.04506	0.02951
V734	0.39501	0.20162	0.27844	0.09201	0.03292
V735	0.07198	0.22968	0.20397	0.082	0.41237
V736	0.02246	0.11209	0.02657	0.0834	0.75548
V737	0.75102	0.11003	0.0254	0.08025	0.03331
V738	0.03192	0.42097	0.0353	0.07678	0.43504
V739	0.02738	0.05472	0.01471	0.86702	0.03617
V740	0.19883	0.15965	0.10999	0.07874	0.45279
V741	0.42228	0.09052	0.02047	0.33711	0.12962
V742	0.06608	0.18385	0.42234	0.18976	0.13797
V743	0.03636	0.12527	0.08456	0.16152	0.59228
V744	0.16837	0.13826	0.15145	0.484	0.05792
V745	0.14991	0.07955	0.05409	0.67995	0.0365
V746	0.33732	0.47567	0.05547	0.07191	0.05962
V747	0.02978	0.24513	0.63822	0.05162	0.03525
V748	0.14624	0.2699	0.24841	0.10658	0.22886
V749	0.16573	0.1599	0.11588	0.42799	0.13051
V750	0.61378	0.21602	0.02386	0.11658	0.02977
V751	0.0351	0.40833	0.45859	0.07152	0.02647
V752	0.03229	0.17588	0.04048	0.0831	0.66826
V753	0.43621	0.16639	0.20343	0.08186	0.11211
V754	0.11033	0.28414	0.02375	0.54452	0.03726
V755	0.23578	0.60321	0.05966	0.06613	0.03522
V756	0.03136	0.159	0.03985	0.12467	0.64512
V757	0.15591	0.07344	0.09601	0.63964	0.035
V758	0.06748	0.3677	0.01822	0.5089	0.0377
V759	0.09204	0.12179	0.10566	0.068	0.61251
V760	0.07579	0.13451	0.19165	0.27209	0.32597
V761	0.05585	0.34701	0.51758	0.05444	0.02511
V762	0.022	0.12616	0.15971	0.40221	0.28991
V763	0.03691	0.27598	0.02633	0.07317	0.58761
V764	0.10541	0.11247	0.08421	0.65596	0.04196
V765	0.14236	0.20564	0.4807	0.08714	0.08416
V766	0.07201	0.45548	0.23345	0.10213	0.13693
V767	0.25476	0.42491	0.07627	0.10722	0.13685
V768	0.06556	0.71081	0.07131	0.11682	0.03551
V769	0.58589	0.13486	0.15688	0.06583	0.05654
V770	0.24624	0.17023	0.37509	0.18203	0.02642
V771	0.07079	0.62225	0.02917	0.16008	0.11771
V772	0.04613	0.24097	0.64307	0.05203	0.0178
V773	0.03922	0.07458	0.01709	0.226	0.64312
V774	0.13647	0.18042	0.41776	0.0496	0.21574
V775	0.70281	0.09938	0.03396	0.12321	0.04065
V776	0.31524	0.39452	0.15445	0.08686	0.04893
V777	0.19071	0.37265	0.22148	0.15379	0.06137
V778	0.44736	0.12061	0.02696	0.24924	0.15584
V779	0.06403	0.42719	0.41063	0.06498	0.03316
V780	0.02118	0.23698	0.67137	0.0526	0.01786
V781	0.16485	0.32758	0.16908	0.05839	0.2801
V782	0.21953	0.25624	0.0382	0.07474	0.41129
V783	0.0068	0.19264	0.49737	0.07018	0.23301
V784	0.03626	0.52576	0.02029	0.31443	0.10326
V785	0.58178	0.17708	0.01638	0.15612	0.06865
V786	0.15153	0.19846	0.02888	0.57154	0.04959
V787	0.13482	0.50713	0.02005	0.2525	0.0855
V788	0.34166	0.38361	0.08109	0.06177	0.13186
V789	0.0214	0.17604	0.02343	0.43013	0.34901
V790	0.25576	0.24735	0.07277	0.16396	0.26015
V791	0.16639	0.24119	0.08184	0.23445	0.27614
V792	0.73175	0.11505	0.03558	0.07573	0.04188
V793	0.29703	0.27337	0.06498	0.14681	0.21781
V794	0.02515	0.10736	0.10739	0.21945	0.54065
V795	0.13785	0.70298	0.03955	0.07583	0.04378
V796	0.26442	0.37342	0.11162	0.1996	0.05094
V797	0.14396	0.07547	0.01704	0.0938	0.66974
V798	0.13161	0.4528	0.02699	0.14803	0.24058
V799	0.0368	0.1723	0.05798	0.66187	0.07104
V800	0.03856	0.08614	0.03181	0.17979	0.66371
V801	0.31533	0.09696	0.11444	0.42303	0.05025
V802	0.04371	0.22557	0.03299	0.08107	0.61667
V803	0.26244	0.08378	0.0205	0.58403	0.04926
V804	0.1733	0.21238	0.17827	0.37252	0.06354
V805	0.12688	0.23754	0.3517	0.19279	0.09109
V806	0.39273	0.13086	0.17231	0.11257	0.19153
V807	0.57918	0.10492	0.06887	0.10927	0.13777
V808	0.66078	0.10864	0.05681	0.07359	0.10019
V809	0.19561	0.52448	0.04212	0.09557	0.14223
V810	0.035	0.11008	0.05096	0.47774	0.32622
V811	0.05868	0.14967	0.03864	0.16392	0.58909
V812	0.0322	0.57868	0.19679	0.14011	0.05222
V813	0.03706	0.27354	0.20644	0.05981	0.42316
V814	0.18764	0.47226	0.07788	0.21565	0.04657
V815	0.22551	0.569	0.05064	0.12011	0.03475
V816	0.03171	0.42965	0.0263	0.45416	0.05818
V817	0.61534	0.14038	0.13102	0.08732	0.02594
V818	0.04138	0.28086	0.30969	0.0834	0.28466
V819	0.7259	0.112	0.02965	0.10087	0.03158
V820	0.06948	0.33486	0.12317	0.41889	0.05361
V821	0.02282	0.0847	0.01959	0.08911	0.78378
V822	0.16852	0.06634	0.02683	0.70642	0.03188
V823	0.05102	0.1817	0.21027	0.0611	0.49591
V824	0.07811	0.10687	0.0396	0.07692	0.6985
V825	0.1224	0.18759	0.47517	0.19508	0.01976
V826	0.03732	0.23479	0.64452	0.06568	0.0177
V827	0.30453	0.16938	0.01557	0.40265	0.10787
V828	0.22073	0.20101	0.11004	0.11523	0.35298
V829	0.08419	0.18878	0.26606	0.20452	0.25645
V830	0.12295	0.20645	0.50873	0.06588	0.09599
V831	0.03909	0.6226	0.06841	0.22053	0.04938
V832	0.19543	0.08274	0.07762	0.27477	0.36944
V833	0.1939	0.64413	0.03068	0.06734	0.06395
V834	0.60059	0.18799	0.04645	0.09194	0.07303
V835	0.22453	0.28239	0.09504	0.30474	0.09331
V836	0.29699	0.20017	0.33692	0.13917	0.02675
V837	0.04519	0.70968	0.03912	0.10944	0.09657
V838	0.01471	0.05865	0.07876	0.80869	0.03918
V839	0.04651	0.11656	0.08544	0.07275	0.67874
V840	0.7172	0.10859	0.04032	0.09826	0.03564
V841	0.1773	0.21698	0.52939	0.0525	0.02382
V842	0.4173	0.1469	0.17499	0.2255	0.0353
V843	0.3868	0.11616	0.1372	0.12286	0.23698
V844	0.01809	0.30587	0.57227	0.06729	0.03648
V845	0.03531	0.05662	0.01471	0.62078	0.27259
V846	0.11039	0.12628	0.10469	0.12128	0.53737
V847	0.1977	0.08952	0.06404	0.17723	0.47151
V848	0.59387	0.11492	0.02127	0.14819	0.12175
V849	0.11488	0.22838	0.52131	0.05215	0.08328
V850	0.18525	0.15549	0.24976	0.18328	0.22622
V851	0.75137	0.10339	0.0195	0.08684	0.0389
V852	0.21829	0.13465	0.08593	0.21367	0.34746
V853	0.03407	0.25507	0.46973	0.16553	0.07561
V854	0.04786	0.36055	0.23319	0.127	0.2314
V855	0.10084	0.3517	0.09965	0.3508	0.09701
V856	0.15477	0.37287	0.07009	0.06361	0.33867
V857	0.07618	0.12646	0.1575	0.42409	0.21577
V858	0.03036	0.34579	0.18435	0.2509	0.1886
V859	0.12371	0.06579	0.03357	0.71948	0.05745
V860	0.04449	0.1633	0.07254	0.64232	0.07734
V861	0.12895	0.09792	0.11942	0.6194	0.03431
V862	0.07568	0.08197	0.03826	0.15822	0.64587
V863	0.05105	0.77648	0.04159	0.07785	0.05303
V864	0.03657	0.22208	0.62329	0.10021	0.01785
V865	0.07152	0.1833	0.47339	0.25155	0.02023
V866	0.03132	0.20905	0.48155	0.24032	0.03776
V867	0.49177	0.10951	0.02191	0.06956	0.30725
V868	0.19353	0.28648	0.32839	0.15246	0.03914
V869	0.03008	0.08073	0.04168	0.09135	0.75617
V870	0.24153	0.20308	0.08613	0.27977	0.18949
V871	0.04462	0.13164	0.10742	0.14925	0.56707
V872	0.32923	0.09686	0.02668	0.48063	0.06659
V873	0.05781	0.31231	0.14766	0.40073	0.08149
V874	0.09841	0.1163	0.02452	0.08435	0.67642
V875	0.02077	0.19046	0.03751	0.51726	0.234
V876	0.41256	0.13812	0.06759	0.07828	0.30345
V877	0.22226	0.5294	0.05686	0.15091	0.04058
V878	0.03728	0.5776	0.0597	0.28286	0.04256
V879	0.70994	0.12565	0.02921	0.09915	0.03605
V880	0.08304	0.1245	0.04305	0.44725	0.30216
V881	0.01609	0.17926	0.43609	0.05167	0.3169
V882	0.04893	0.39531	0.03282	0.49252	0.03042
V883	0.43681	0.19848	0.02827	0.22725	0.1092
V884	0.02272	0.07769	0.01964	0.09853	0.78142
V885	0.1452	0.1932	0.32097	0.14788	0.19276
V886	0.01809	0.07156	0.04654	0.27404	0.58978
V887	0.10046	0.73891	0.03251	0.06877	0.05935
V888	0.06176	0.13319	0.06394	0.66393	0.07718
V889	0.12479	0.68107	0.06194	0.08986	0.04234
V890	0.03843	0.09133	0.13093	0.62196	0.11734
V891	0.00619	0.25649	0.65871	0.06046	0.01815
V892	0.51024	0.25	0.03562	0.07191	0.13222
V893	0.12583	0.27873	0.406	0.12035	0.06909
V894	0.09846	0.44904	0.0633	0.31975	0.06945
V895	0.52332	0.14437	0.22286	0.08111	0.02833
V896	0.18217	0.25411	0.20862	0.32446	0.03064
V897	0.01546	0.05342	0.04991	0.75181	0.1294
V898	0.35597	0.08891	0.02849	0.09145	0.43518
V899	0.48536	0.30647	0.08968	0.06295	0.05554
V900	0.21847	0.2734	0.23858	0.22827	0.04128
