mature.neutrophil	CD14.pos.CD16.neg.classical.monocyte	macrophage	memory.CD4.pos.AB.T.cell	cytotoxic.CD56.dim.NK.cell
V1	0.2841	0.19592	0.21554	0.18223	0.12221
V2	0.05771	0.67922	0.07311	0.12711	0.06284
V3	0.06236	0.13536	0.34538	0.42857	0.02833
V4	0.01486	0.11611	0.20829	0.08567	0.57507
V5	0.0186	0.07975	0.06666	0.12839	0.7066
V6	0.28521	0.12923	0.2257	0.26006	0.0998
V7	0.01199	0.15713	0.35276	0.10751	0.37061
V8	0.01578	0.20918	0.64367	0.11499	0.01638
V9	0.0553	0.09481	0.21298	0.61095	0.02596
V10	0.38845	0.16956	0.35228	0.05387	0.03584
V11	0.03581	0.10019	0.10201	0.09588	0.66611
V12	0.0765	0.10523	0.19024	0.32179	0.30623
V13	0.12067	0.09665	0.04638	0.43685	0.29945
V14	0.14241	0.06632	0.07156	0.63064	0.08907
V15	0.02817	0.05668	0.01359	0.85966	0.0419
V16	0.47185	0.12164	0.02557	0.35332	0.02763
V17	0.06484	0.24498	0.03172	0.09847	0.56
V18	0.08285	0.38761	0.23412	0.26666	0.02876
V19	0.03094	0.07721	0.01632	0.14455	0.73098
V20	0.00785	0.17149	0.54483	0.25102	0.0248
V21	0.02241	0.26698	0.13028	0.20279	0.37755
V22	0.66669	0.15339	0.06814	0.06952	0.04225
V23	0.07545	0.08409	0.03514	0.16329	0.64204
V24	0.40307	0.16289	0.0334	0.09884	0.3018
V25	0.02719	0.07715	0.02737	0.44124	0.42705
V26	0.41812	0.22357	0.06684	0.09826	0.19322
V27	0.11989	0.45533	0.18215	0.06393	0.17871
V28	0.03225	0.12946	0.17285	0.61917	0.04626
V29	0.01131	0.09959	0.26589	0.59151	0.0317
V30	0.61075	0.15979	0.03812	0.08965	0.10169
V31	0.36908	0.16908	0.02699	0.2731	0.16174
V32	0.74144	0.09581	0.02227	0.07856	0.06192
V33	0.02491	0.20711	0.03131	0.15218	0.58449
V34	0.12948	0.73495	0.02931	0.07873	0.02753
V35	0.09484	0.54586	0.24847	0.08945	0.02139
V36	0.02892	0.21648	0.15974	0.12776	0.4671
V37	0.61876	0.08858	0.01478	0.07824	0.19963
V38	0.10918	0.15638	0.3775	0.2284	0.12854
V39	0.28177	0.15247	0.26989	0.06369	0.23218
V40	0.22225	0.51504	0.03654	0.17318	0.05299
V41	0.05366	0.74259	0.03636	0.0703	0.0971
V42	0.69615	0.11936	0.03239	0.08021	0.07189
V43	0.40427	0.2125	0.27521	0.08197	0.02604
V44	0.03539	0.3427	0.46191	0.05312	0.10688
V45	0.03927	0.57705	0.10911	0.21356	0.061
V46	0.11934	0.65587	0.08775	0.09808	0.03897
V47	0.00734	0.22105	0.70044	0.04837	0.0228
V48	0.14926	0.18171	0.19158	0.35596	0.1215
V49	0.39216	0.20181	0.1894	0.18855	0.02808
V50	0.02576	0.22843	0.68199	0.04767	0.01616
V51	0.09828	0.28318	0.18349	0.10906	0.32599
V52	0.05995	0.79994	0.0313	0.08066	0.02815
V53	0.03168	0.15823	0.02186	0.75591	0.03233
V54	0.19182	0.05952	0.02489	0.55608	0.1677
V55	0.07223	0.04607	0.01303	0.8343	0.03437
V56	0.07048	0.04266	0.0189	0.75334	0.11463
V57	0.13976	0.23724	0.43876	0.0747	0.10955
V58	0.06932	0.08203	0.12825	0.23146	0.48894
V59	0.68408	0.11967	0.084	0.08135	0.0309
V60	0.37099	0.22771	0.11657	0.17639	0.10835
V61	0.17851	0.07739	0.03934	0.2551	0.44965
V62	0.05736	0.1304	0.25638	0.16667	0.38919
V63	0.3568	0.26093	0.0692	0.0926	0.22047
V64	0.74516	0.10902	0.03394	0.07738	0.0345
V65	0.08206	0.1092	0.04658	0.62645	0.1357
V66	0.03148	0.06937	0.11715	0.74598	0.03602
V67	0.01264	0.12982	0.28774	0.12939	0.44041
V68	0.38427	0.14422	0.30331	0.08944	0.07876
V69	0.491	0.18989	0.16944	0.08075	0.06893
V70	0.06324	0.60033	0.06258	0.23379	0.04007
V71	0.09986	0.66839	0.06482	0.13457	0.03236
V72	0.04085	0.36356	0.04202	0.08469	0.46889
V73	0.05861	0.06983	0.09559	0.58166	0.1943
V74	0.01908	0.08412	0.02033	0.78771	0.08875
V75	0.40115	0.24604	0.25092	0.06977	0.03212
V76	0.01759	0.04727	0.02686	0.833	0.07529
V77	0.02433	0.21006	0.66493	0.08461	0.01607
V78	0.00753	0.22352	0.69073	0.05556	0.02265
V79	0.07831	0.35945	0.05499	0.19385	0.3134
V80	0.12929	0.62456	0.02534	0.12008	0.10074
V81	0.01628	0.22095	0.69847	0.04808	0.01621
V82	0.20968	0.16625	0.04024	0.549	0.03483
V83	0.09257	0.10822	0.03308	0.56144	0.20468
V84	0.09148	0.18449	0.02336	0.10129	0.59938
V85	0.00745	0.22074	0.69952	0.05593	0.01636
V86	0.02777	0.26689	0.26028	0.41525	0.02982
V87	0.38289	0.08094	0.04899	0.44814	0.03904
V88	0.27644	0.18606	0.06122	0.23947	0.23681
V89	0.04506	0.24995	0.60434	0.0842	0.01644
V90	0.02296	0.20061	0.06741	0.14789	0.56114
V91	0.01591	0.05802	0.07535	0.81858	0.03214
V92	0.21816	0.10322	0.04031	0.10384	0.53446
V93	0.01563	0.13301	0.14503	0.53312	0.1732
V94	0.04099	0.18146	0.03654	0.28502	0.45599
V95	0.06336	0.23042	0.038	0.15375	0.51448
V96	0.64084	0.09991	0.03654	0.09241	0.1303
V97	0.15058	0.09599	0.05444	0.15934	0.53965
V98	0.05365	0.35597	0.17356	0.17588	0.24094
V99	0.43916	0.16009	0.02058	0.26465	0.11552
V100	0.45941	0.19431	0.05862	0.112	0.17567
V101	0.06947	0.78475	0.03865	0.07952	0.02761
V102	0.27758	0.25516	0.12885	0.15889	0.17952
V103	0.12349	0.06748	0.02182	0.10259	0.68461
V104	0.04855	0.37806	0.09475	0.08536	0.39329
V105	0.01934	0.08301	0.05204	0.13804	0.70757
V106	0.05453	0.66098	0.16166	0.07016	0.05268
V107	0.05039	0.30571	0.52623	0.09417	0.02351
V108	0.02224	0.29941	0.61307	0.04842	0.01686
V109	0.06009	0.21747	0.06548	0.32076	0.3362
V110	0.16933	0.4453	0.17769	0.17221	0.03547
V111	0.25213	0.29245	0.377	0.05933	0.01909
V112	0.16238	0.07205	0.10033	0.48226	0.18298
V113	0.21536	0.08882	0.10153	0.19595	0.39835
V114	0.47816	0.13417	0.056	0.2193	0.11236
V115	0.69919	0.09072	0.02094	0.08309	0.10607
V116	0.02213	0.07373	0.01729	0.11622	0.77064
V117	0.04985	0.197	0.59723	0.121	0.03492
V118	0.04533	0.04489	0.01315	0.84842	0.04821
V119	0.27354	0.14099	0.30046	0.26373	0.02127
V120	0.01527	0.1903	0.60624	0.14627	0.04191
V121	0.20068	0.61264	0.02568	0.07698	0.08403
V122	0.03665	0.34942	0.09314	0.29136	0.22943
V123	0.41616	0.11321	0.07559	0.23182	0.16322
V124	0.19401	0.15031	0.06858	0.26451	0.32259
V125	0.04399	0.44688	0.42385	0.05986	0.02542
V126	0.14332	0.22569	0.19579	0.16241	0.27279
V127	0.23496	0.17138	0.47314	0.09724	0.02327
V128	0.21261	0.64425	0.03433	0.06825	0.04057
V129	0.23134	0.13475	0.22456	0.21069	0.19866
V130	0.0328	0.43517	0.05763	0.29286	0.18153
V131	0.02117	0.08685	0.19036	0.6743	0.02732
V132	0.31023	0.07744	0.01325	0.36992	0.22916
V133	0.01024	0.18217	0.44555	0.12814	0.23389
V134	0.068	0.19982	0.58179	0.07046	0.07994
V135	0.02721	0.23917	0.55814	0.07283	0.10266
V136	0.76066	0.09912	0.02351	0.08072	0.036
V137	0.71451	0.11247	0.02175	0.10101	0.05026
V138	0.22492	0.1785	0.08322	0.18574	0.32762
V139	0.11169	0.07296	0.13603	0.64563	0.0337
V140	0.03342	0.09038	0.14587	0.09211	0.63822
V141	0.02326	0.29991	0.51001	0.1427	0.02412
V142	0.18705	0.11945	0.27067	0.17064	0.25218
V143	0.02334	0.26299	0.39871	0.18325	0.1317
V144	0.43558	0.22874	0.07297	0.17552	0.08719
V145	0.00731	0.21987	0.68092	0.06291	0.02898
V146	0.03742	0.30267	0.02532	0.37076	0.26383
V147	0.0886	0.20945	0.51421	0.14583	0.0419
V148	0.1634	0.66045	0.03417	0.10135	0.04063
V149	0.01883	0.04445	0.01366	0.8533	0.06976
V150	0.13289	0.28196	0.45835	0.05154	0.07525
V151	0.36994	0.07544	0.02461	0.41943	0.11057
V152	0.02262	0.05999	0.10292	0.72989	0.08458
V153	0.15498	0.25568	0.37021	0.09944	0.11969
V154	0.11965	0.51273	0.04451	0.09643	0.22668
V155	0.04022	0.06962	0.11663	0.73779	0.03574
V156	0.09249	0.14581	0.32566	0.18811	0.24793
V157	0.08856	0.11739	0.15157	0.30916	0.33331
V158	0.17384	0.14047	0.3533	0.09678	0.23562
V159	0.10852	0.20141	0.02865	0.60534	0.05609
V160	0.39714	0.19701	0.09333	0.10464	0.20788
V161	0.19723	0.09651	0.06761	0.08821	0.55045
V162	0.00793	0.22725	0.6998	0.04857	0.01645
V163	0.05772	0.07296	0.02945	0.13008	0.7098
V164	0.73221	0.1269	0.02866	0.08305	0.02918
V165	0.51313	0.23023	0.08471	0.11241	0.05953
V166	0.05519	0.08692	0.19983	0.57167	0.08639
V167	0.04007	0.54937	0.0384	0.20425	0.1679
V168	0.00793	0.22725	0.6998	0.04857	0.01645
V169	0.05922	0.59181	0.16578	0.14629	0.03689
V170	0.22843	0.3408	0.06667	0.24749	0.11661
V171	0.26355	0.17756	0.28734	0.21388	0.05767
V172	0.17027	0.23642	0.07964	0.09475	0.41893
V173	0.19001	0.1429	0.08883	0.42372	0.15455
V174	0.18672	0.12093	0.28568	0.23201	0.17465
V175	0.07563	0.18228	0.11732	0.22827	0.3965
V176	0.31599	0.06848	0.01897	0.56657	0.02998
V177	0.17071	0.17181	0.42579	0.20686	0.02483
V178	0.2394	0.16759	0.35368	0.15717	0.08216
V179	0.09643	0.07934	0.02223	0.1039	0.6981
V180	0.02993	0.13408	0.29316	0.07563	0.4672
V181	0.06636	0.26313	0.01828	0.13054	0.52169
V182	0.48257	0.22461	0.02228	0.21411	0.05643
V183	0.08017	0.78282	0.03048	0.071	0.03553
V184	0.26996	0.1164	0.23678	0.33623	0.04063
V185	0.10286	0.4181	0.04197	0.20892	0.22816
V186	0.1282	0.19104	0.04237	0.29908	0.33931
V187	0.08393	0.56791	0.0242	0.28952	0.03444
V188	0.6648	0.11174	0.04275	0.14857	0.03213
V189	0.3944	0.23013	0.04744	0.29579	0.03224
V190	0.35618	0.15368	0.18458	0.07999	0.22557
V191	0.19782	0.2082	0.02209	0.45305	0.11883
V192	0.28424	0.21347	0.11922	0.25592	0.12715
V193	0.06909	0.27951	0.42356	0.09213	0.1357
V194	0.2386	0.11938	0.08805	0.16365	0.39032
V195	0.47754	0.22601	0.1969	0.07206	0.0275
V196	0.01846	0.07348	0.06664	0.12924	0.71217
V197	0.07724	0.75308	0.02922	0.10553	0.03493
V198	0.21136	0.22474	0.04936	0.25458	0.25996
V199	0.61402	0.12617	0.17437	0.06242	0.02303
V200	0.62172	0.08868	0.04178	0.09224	0.15558
V201	0.04257	0.04608	0.03226	0.70634	0.17275
V202	0.73282	0.1297	0.0178	0.08447	0.03522
V203	0.46429	0.24782	0.04109	0.11898	0.12782
V204	0.30526	0.13327	0.04664	0.08308	0.43174
V205	0.10996	0.10835	0.11316	0.1396	0.52893
V206	0.04748	0.10932	0.01398	0.76953	0.05969
V207	0.02817	0.05668	0.01359	0.85966	0.0419
V208	0.14611	0.27976	0.38502	0.09805	0.09106
V209	0.14766	0.1007	0.09669	0.10884	0.54611
V210	0.00723	0.21873	0.69576	0.05562	0.02266
V211	0.14523	0.11947	0.18024	0.10002	0.45503
V212	0.06557	0.65433	0.09587	0.10732	0.07691
V213	0.09949	0.06727	0.06782	0.30216	0.46327
V214	0.02992	0.50726	0.35155	0.07068	0.04058
V215	0.22789	0.24159	0.12969	0.13932	0.26151
V216	0.05754	0.14418	0.27881	0.1026	0.41687
V217	0.01694	0.04294	0.0334	0.81108	0.09566
V218	0.07225	0.22563	0.24474	0.365	0.09238
V219	0.12108	0.29543	0.31958	0.23707	0.02685
V220	0.19828	0.61967	0.07776	0.07259	0.0317
V221	0.04604	0.18386	0.40433	0.07012	0.29564
V222	0.03056	0.07362	0.02373	0.12019	0.7519
V223	0.42793	0.12951	0.24343	0.16679	0.03235
V224	0.04569	0.47615	0.04421	0.15166	0.28229
V225	0.58652	0.20649	0.1132	0.06427	0.02952
V226	0.43398	0.43962	0.02288	0.0699	0.03362
V227	0.09124	0.22853	0.02287	0.60071	0.05665
V228	0.47342	0.13787	0.21351	0.12555	0.04965
V229	0.24666	0.37359	0.23122	0.10192	0.0466
V230	0.03051	0.06745	0.02386	0.1214	0.75678
V231	0.06709	0.51598	0.07484	0.24204	0.10004
V232	0.63612	0.12091	0.14939	0.0699	0.02369
V233	0.06124	0.10518	0.13741	0.15748	0.5387
V234	0.02436	0.34486	0.19493	0.39118	0.04466
V235	0.75152	0.10096	0.01778	0.09902	0.03071
V236	0.07742	0.16606	0.48161	0.2189	0.05601
V237	0.11626	0.15376	0.22373	0.33903	0.16721
V238	0.01893	0.06215	0.02165	0.33795	0.55932
V239	0.06805	0.36044	0.06243	0.23723	0.27185
V240	0.07382	0.7236	0.03566	0.08664	0.08029
V241	0.05986	0.80137	0.0312	0.07166	0.03591
V242	0.0391	0.31809	0.25838	0.31366	0.07077
V243	0.39827	0.13365	0.25594	0.08613	0.12601
V244	0.03558	0.38063	0.18338	0.14217	0.25824
V245	0.05588	0.76791	0.05398	0.09561	0.02662
V246	0.52573	0.25863	0.04141	0.07522	0.09901
V247	0.17339	0.22249	0.46237	0.09996	0.04179
V248	0.09991	0.52134	0.04502	0.08119	0.25255
V249	0.22551	0.1466	0.17868	0.15322	0.29598
V250	0.0257	0.18574	0.50372	0.0857	0.19915
V251	0.19059	0.08547	0.0852	0.57246	0.06627
V252	0.029	0.22226	0.43884	0.18801	0.12189
V253	0.28325	0.47815	0.0925	0.10908	0.03702
V254	0.46441	0.32862	0.01936	0.14878	0.03883
V255	0.65953	0.13993	0.0161	0.09408	0.09036
V256	0.04665	0.65673	0.04101	0.07954	0.17607
V257	0.38992	0.29386	0.13222	0.09784	0.08616
V258	0.15154	0.27992	0.05829	0.47633	0.03392
V259	0.45694	0.2807	0.15493	0.06732	0.04011
V260	0.23656	0.10996	0.10183	0.1475	0.40414
V261	0.02615	0.14908	0.40269	0.3065	0.11559
V262	0.71254	0.11486	0.05527	0.08489	0.03245
V263	0.63647	0.13888	0.02671	0.17065	0.02729
V264	0.07649	0.74587	0.03685	0.11383	0.02696
V265	0.65508	0.15302	0.07378	0.08713	0.031
V266	0.02653	0.07793	0.08767	0.11627	0.69161
V267	0.05681	0.06664	0.02144	0.22557	0.62954
V268	0.1872	0.37828	0.13646	0.23406	0.064
V269	0.08627	0.32836	0.30267	0.2354	0.0473
V270	0.0524	0.05089	0.03937	0.82444	0.03289
V271	0.22935	0.59261	0.03227	0.09194	0.05383
V272	0.11302	0.68995	0.04996	0.08402	0.06304
V273	0.25128	0.10262	0.15095	0.34696	0.14819
V274	0.09349	0.09615	0.04805	0.25484	0.50746
V275	0.04955	0.59888	0.15858	0.15581	0.03718
V276	0.01633	0.1722	0.52117	0.25284	0.03746
V277	0.30646	0.16661	0.42836	0.05786	0.04071
V278	0.01199	0.13023	0.27696	0.45923	0.1216
V279	0.13392	0.05321	0.02494	0.71709	0.07083
V280	0.17328	0.07376	0.04437	0.60485	0.10374
V281	0.0319	0.20199	0.05024	0.67923	0.03664
V282	0.07022	0.79188	0.03073	0.07138	0.03578
V283	0.31847	0.09675	0.10526	0.09844	0.38108
V284	0.02996	0.23116	0.43042	0.06006	0.2484
V285	0.46489	0.38301	0.02097	0.09793	0.0332
V286	0.07657	0.20862	0.60982	0.08285	0.02214
V287	0.21682	0.134	0.14749	0.32049	0.18119
V288	0.17804	0.17369	0.46895	0.05974	0.11958
V289	0.14583	0.20401	0.03517	0.57969	0.03531
V290	0.38803	0.39642	0.12965	0.06222	0.02368
V291	0.35438	0.20022	0.0219	0.38967	0.03383
V292	0.11114	0.15121	0.32975	0.09458	0.31332
V293	0.01041	0.25682	0.61029	0.0932	0.02929
V294	0.02143	0.07473	0.02442	0.11422	0.76521
V295	0.02004	0.12077	0.26565	0.50844	0.0851
V296	0.68605	0.15828	0.01727	0.08795	0.05044
V297	0.02425	0.18796	0.57656	0.16258	0.04865
V298	0.25601	0.06088	0.01866	0.54903	0.11541
V299	0.23282	0.05289	0.02469	0.65882	0.03077
V300	0.76	0.10273	0.01833	0.08777	0.03117
V301	0.74355	0.09566	0.02244	0.10333	0.03501
V302	0.01824	0.05745	0.02088	0.45146	0.45196
V303	0.1036	0.21392	0.18897	0.22477	0.26874
V304	0.1656	0.20366	0.5416	0.05489	0.03425
V305	0.19504	0.29969	0.09561	0.16668	0.24298
V306	0.31768	0.53354	0.02446	0.08426	0.04006
V307	0.20289	0.10614	0.21643	0.45024	0.0243
V308	0.20171	0.17635	0.47926	0.1193	0.02338
V309	0.53256	0.13044	0.05502	0.17226	0.10972
V310	0.03912	0.08154	0.02236	0.17931	0.67768
V311	0.02526	0.04526	0.04701	0.84249	0.03997
V312	0.08635	0.2766	0.22297	0.06989	0.34418
V313	0.06435	0.26643	0.03105	0.36793	0.27024
V314	0.08227	0.06466	0.0198	0.4177	0.41556
V315	0.74554	0.09751	0.02787	0.07818	0.0509
V316	0.11056	0.49037	0.2314	0.09001	0.07767
V317	0.32485	0.20373	0.37649	0.05909	0.03583
V318	0.71871	0.09323	0.02143	0.07756	0.08906
V319	0.09638	0.22642	0.59956	0.06127	0.01636
V320	0.08015	0.04175	0.01916	0.81896	0.03997
V321	0.12665	0.32857	0.26051	0.24339	0.04088
V322	0.01638	0.31935	0.46444	0.09935	0.10048
V323	0.22147	0.27404	0.3453	0.0761	0.08309
V324	0.04406	0.07762	0.0466	0.79337	0.03835
V325	0.51733	0.15992	0.08143	0.16969	0.07163
V326	0.05433	0.08128	0.06333	0.20115	0.59991
V327	0.30615	0.42055	0.11194	0.08505	0.0763
V328	0.04982	0.27044	0.15017	0.49064	0.03894
V329	0.01214	0.14247	0.30906	0.50633	0.03
V330	0.0764	0.2107	0.61224	0.0475	0.05316
V331	0.12932	0.09693	0.09002	0.15678	0.52694
V332	0.38525	0.17703	0.33502	0.06072	0.04197
V333	0.34006	0.13671	0.2424	0.19768	0.08315
V334	0.04419	0.32972	0.44572	0.1292	0.05118
V335	0.58141	0.1333	0.079	0.09973	0.10656
V336	0.16094	0.50456	0.24267	0.0574	0.03443
V337	0.01937	0.06822	0.02944	0.23051	0.65246
V338	0.57458	0.12187	0.1287	0.08285	0.09201
V339	0.20162	0.46911	0.17761	0.06056	0.09109
V340	0.03927	0.19819	0.1118	0.12523	0.52551
V341	0.02625	0.46289	0.38081	0.06194	0.06811
V342	0.25155	0.2303	0.34333	0.15498	0.01984
V343	0.55122	0.13389	0.22196	0.07122	0.0217
V344	0.10772	0.63738	0.06314	0.0917	0.10007
V345	0.19973	0.09592	0.01981	0.32827	0.35627
V346	0.03841	0.31171	0.27251	0.3282	0.04916
V347	0.0832	0.42772	0.04182	0.38474	0.06253
V348	0.0221	0.21705	0.36441	0.27051	0.12593
V349	0.06391	0.34451	0.4308	0.06801	0.09278
V350	0.10745	0.36456	0.09188	0.29165	0.14446
V351	0.155	0.14787	0.33371	0.33012	0.0333
V352	0.10828	0.49007	0.31239	0.06262	0.02663
V353	0.23648	0.30276	0.05165	0.11295	0.29617
V354	0.46049	0.15628	0.30732	0.05567	0.02024
V355	0.0818	0.11685	0.26737	0.50401	0.02997
V356	0.08549	0.20667	0.59895	0.06846	0.04042
V357	0.04517	0.17151	0.41142	0.08441	0.28749
V358	0.03524	0.069	0.04004	0.81652	0.03921
V359	0.05669	0.11752	0.02065	0.77277	0.03237
V360	0.56467	0.12568	0.08476	0.20005	0.02483
V361	0.31561	0.41809	0.0971	0.06452	0.10467
V362	0.64862	0.10772	0.08932	0.06802	0.08632
V363	0.03878	0.08566	0.02199	0.21837	0.63519
V364	0.0438	0.25472	0.03757	0.48428	0.17963
V365	0.01837	0.04556	0.02039	0.8599	0.05577
V366	0.18125	0.1856	0.4435	0.10907	0.08057
V367	0.20468	0.24443	0.18487	0.21498	0.15104
V368	0.60184	0.15875	0.11074	0.07723	0.05145
V369	0.04573	0.56075	0.22877	0.14279	0.02195
V370	0.02756	0.18204	0.11778	0.39814	0.27449
V371	0.06671	0.7681	0.07058	0.06823	0.02638
V372	0.5242	0.14616	0.12521	0.16447	0.03995
V373	0.11846	0.55181	0.13807	0.16169	0.02998
V374	0.09221	0.14548	0.29987	0.43965	0.02279
V375	0.25419	0.17081	0.43694	0.11967	0.01839
V376	0.01984	0.13065	0.33866	0.08005	0.4308
V377	0.08811	0.44074	0.19757	0.2443	0.02927
V378	0.13264	0.48278	0.17437	0.06295	0.14726
V379	0.03422	0.08612	0.10817	0.14948	0.622
V380	0.02321	0.1151	0.15196	0.51379	0.19595
V381	0.14383	0.10457	0.02177	0.09695	0.63287
V382	0.3629	0.06464	0.01874	0.32996	0.22375
V383	0.03764	0.09575	0.22081	0.61984	0.02597
V384	0.24986	0.11714	0.14296	0.42695	0.06309
V385	0.08925	0.13726	0.0228	0.09804	0.65265
V386	0.53231	0.08344	0.01927	0.33684	0.02814
V387	0.23629	0.06992	0.01895	0.62584	0.049
V388	0.06139	0.70871	0.05878	0.13789	0.03323
V389	0.13066	0.6499	0.0409	0.1011	0.07744
V390	0.16227	0.05439	0.01867	0.65997	0.1047
V391	0.59072	0.18139	0.0161	0.1386	0.07318
V392	0.74491	0.11675	0.02335	0.08497	0.03001
V393	0.096	0.09351	0.13268	0.53073	0.14708
V394	0.57603	0.0919	0.03572	0.20612	0.09023
V395	0.0112	0.11316	0.29712	0.54775	0.03077
V396	0.44659	0.16245	0.31024	0.05537	0.02535
V397	0.55457	0.17557	0.04433	0.17111	0.05442
V398	0.06557	0.07386	0.14578	0.62691	0.08788
V399	0.04738	0.07939	0.01452	0.32582	0.53289
V400	0.16067	0.4531	0.1551	0.20812	0.02301
V401	0.26874	0.17113	0.45883	0.08335	0.01795
V402	0.31199	0.16036	0.33598	0.11795	0.07373
V403	0.14466	0.11817	0.01484	0.20399	0.51833
V404	0.01096	0.1612	0.38338	0.39036	0.05409
V405	0.30882	0.25103	0.07636	0.26518	0.09861
V406	0.0252	0.2251	0.6736	0.04736	0.02873
V407	0.69725	0.12104	0.04388	0.11043	0.02741
V408	0.03885	0.32877	0.02591	0.31593	0.29054
V409	0.10565	0.06244	0.06538	0.66227	0.10426
V410	0.11832	0.20737	0.27289	0.10374	0.29768
V411	0.02194	0.07321	0.01711	0.12403	0.76371
V412	0.02919	0.18678	0.12698	0.10185	0.5552
V413	0.03009	0.25447	0.14422	0.4027	0.16852
V414	0.04734	0.11178	0.01427	0.49989	0.32672
V415	0.15972	0.06798	0.02135	0.09947	0.65149
V416	0.10624	0.12828	0.03492	0.21257	0.51799
V417	0.01598	0.18548	0.57209	0.16422	0.06223
V418	0.48791	0.34178	0.03829	0.08184	0.05018
V419	0.22746	0.08603	0.03278	0.1873	0.46643
V420	0.21377	0.08495	0.10104	0.11957	0.48066
V421	0.01632	0.09046	0.12436	0.1263	0.64256
V422	0.02458	0.062	0.05361	0.70876	0.15105
V423	0.25382	0.23264	0.23924	0.23424	0.04007
V424	0.01061	0.15045	0.40133	0.06801	0.3696
V425	0.31676	0.33289	0.01894	0.0829	0.24851
V426	0.21382	0.18236	0.03419	0.48092	0.08872
V427	0.20826	0.54371	0.15774	0.06088	0.02941
V428	0.0995	0.55269	0.09119	0.15823	0.0984
V429	0.13202	0.6564	0.02631	0.13693	0.04835
V430	0.03641	0.13752	0.33501	0.22471	0.26635
V431	0.1115	0.34295	0.18443	0.29691	0.06422
V432	0.26559	0.12654	0.11472	0.36608	0.12708
V433	0.1713	0.14996	0.3914	0.24965	0.03769
V434	0.21844	0.3151	0.31191	0.07005	0.0845
V435	0.44675	0.16444	0.27433	0.08849	0.026
V436	0.06547	0.51599	0.11486	0.11738	0.18631
V437	0.17931	0.08449	0.03964	0.23036	0.4662
V438	0.1281	0.29662	0.18152	0.32258	0.07117
V439	0.49908	0.07844	0.05348	0.33131	0.03769
V440	0.02903	0.38414	0.46138	0.06693	0.05852
V441	0.03906	0.49851	0.34925	0.08651	0.02668
V442	0.07021	0.7919	0.03908	0.07097	0.02784
V443	0.7381	0.09457	0.02222	0.11545	0.02966
V444	0.14904	0.36518	0.0465	0.38528	0.054
V445	0.06792	0.34657	0.054	0.49023	0.04128
V446	0.10678	0.09079	0.095	0.56723	0.1402
V447	0.07173	0.05764	0.02606	0.48493	0.35964
V448	0.15942	0.0754	0.03416	0.11076	0.62025
V449	0.00793	0.22725	0.6998	0.04857	0.01645
V450	0.18645	0.16575	0.21403	0.18312	0.25065
V451	0.24609	0.20315	0.06873	0.3739	0.10813
V452	0.0219	0.07525	0.13934	0.70156	0.06195
V453	0.02742	0.06038	0.01382	0.49964	0.39875
V454	0.01645	0.17855	0.52991	0.07792	0.19717
V455	0.06527	0.26618	0.24801	0.1062	0.31433
V456	0.73609	0.09856	0.01688	0.09717	0.0513
V457	0.55779	0.21946	0.04602	0.12205	0.05468
V458	0.02957	0.38356	0.4275	0.1073	0.05207
V459	0.12938	0.10499	0.06011	0.50224	0.20327
V460	0.53941	0.13909	0.1629	0.11978	0.03883
V461	0.17739	0.31456	0.21964	0.07831	0.2101
V462	0.05544	0.1069	0.02698	0.53328	0.2774
V463	0.19239	0.09358	0.02563	0.65214	0.03627
V464	0.1495	0.27925	0.48445	0.06345	0.02336
V465	0.05052	0.13801	0.02999	0.11586	0.66561
V466	0.03936	0.06162	0.01556	0.1918	0.69166
V467	0.06157	0.22699	0.03643	0.57456	0.10045
V468	0.48608	0.29473	0.10816	0.06366	0.04738
V469	0.02588	0.3013	0.0689	0.33126	0.27265
V470	0.66037	0.1269	0.03763	0.14277	0.03233
V471	0.35076	0.27174	0.04252	0.20044	0.13453
V472	0.02016	0.09779	0.05267	0.10556	0.72382
V473	0.03646	0.24232	0.21613	0.3483	0.15678
V474	0.25766	0.1571	0.0665	0.45982	0.05892
V475	0.14396	0.17877	0.45042	0.08258	0.14428
V476	0.14361	0.09126	0.09359	0.59769	0.07384
V477	0.06	0.8011	0.03962	0.07133	0.02795
V478	0.16965	0.07404	0.02131	0.09828	0.63671
V479	0.66086	0.12823	0.04337	0.13551	0.03203
V480	0.14142	0.54861	0.0747	0.1825	0.05278
V481	0.22722	0.32912	0.07341	0.23854	0.13171
V482	0.12023	0.58921	0.19485	0.05965	0.03605
V483	0.30293	0.43792	0.02131	0.17152	0.06632
V484	0.21179	0.4387	0.12231	0.19064	0.03655
V485	0.53382	0.14745	0.10553	0.17272	0.04048
V486	0.06939	0.16752	0.25605	0.0737	0.43334
V487	0.12315	0.20426	0.32715	0.31809	0.02734
V488	0.35862	0.11003	0.01374	0.37032	0.14729
V489	0.01499	0.3106	0.52459	0.11935	0.03046
V490	0.01625	0.18022	0.55295	0.22635	0.02422
V491	0.04129	0.40918	0.06449	0.16895	0.3161
V492	0.03841	0.14392	0.04142	0.72504	0.0512
V493	0.02718	0.03927	0.02019	0.87136	0.042
V494	0.28249	0.05885	0.03049	0.54168	0.08648
V495	0.28883	0.24376	0.18604	0.21427	0.0671
V496	0.1314	0.10006	0.06236	0.09204	0.61414
V497	0.09948	0.11209	0.13626	0.16908	0.48309
V498	0.08526	0.73741	0.05204	0.07633	0.04895
V499	0.04665	0.26164	0.23308	0.12466	0.33397
V500	0.10981	0.4212	0.11709	0.27812	0.07379
V501	0.07734	0.29948	0.03274	0.0944	0.49604
V502	0.14209	0.6681	0.06494	0.0995	0.02537
V503	0.37406	0.11671	0.17452	0.18747	0.14724
V504	0.42624	0.21176	0.02228	0.08309	0.25663
V505	0.51863	0.08583	0.03632	0.14977	0.20946
V506	0.03381	0.46175	0.08209	0.08323	0.33911
V507	0.66363	0.09073	0.04185	0.15536	0.04843
V508	0.03517	0.56014	0.2148	0.10163	0.08825
V509	0.05771	0.40778	0.1428	0.25535	0.13635
V510	0.37928	0.41851	0.06122	0.10963	0.03136
V511	0.06437	0.34951	0.42383	0.09036	0.07192
V512	0.14773	0.41633	0.17127	0.11036	0.1543
V513	0.17404	0.5705	0.09082	0.11257	0.05208
V514	0.0228	0.10027	0.19949	0.11627	0.56118
V515	0.07625	0.13022	0.01437	0.74679	0.03237
V516	0.15257	0.32071	0.11117	0.37732	0.03823
V517	0.02574	0.07218	0.05423	0.80905	0.0388
V518	0.3448	0.13264	0.25317	0.22469	0.0447
V519	0.629	0.1254	0.02076	0.19184	0.033
V520	0.08398	0.71665	0.04336	0.12964	0.02638
V521	0.18588	0.07456	0.11933	0.58708	0.03315
V522	0.04964	0.27383	0.44926	0.17639	0.05088
V523	0.13175	0.2128	0.54269	0.09015	0.02261
V524	0.28446	0.18109	0.4163	0.05252	0.06562
V525	0.02475	0.2119	0.046	0.10243	0.61492
V526	0.0421	0.21942	0.62852	0.06898	0.04097
V527	0.0845	0.45486	0.35187	0.06932	0.03945
V528	0.14165	0.04847	0.03132	0.74717	0.0314
V529	0.18294	0.20234	0.53136	0.05508	0.02828
V530	0.02443	0.2135	0.63521	0.09185	0.03501
V531	0.17471	0.45339	0.10167	0.08277	0.18746
V532	0.06625	0.29136	0.26451	0.06689	0.31099
V533	0.25228	0.075	0.01457	0.09449	0.56366
V534	0.1197	0.09261	0.01344	0.72297	0.05128
V535	0.66717	0.17316	0.05725	0.07037	0.03205
V536	0.11839	0.24716	0.32069	0.09099	0.22277
V537	0.03046	0.08759	0.03078	0.10891	0.74226
V538	0.52585	0.15415	0.02088	0.10166	0.19747
V539	0.02085	0.25891	0.50614	0.14358	0.07051
V540	0.16188	0.41717	0.10061	0.11584	0.20449
V541	0.04069	0.36342	0.04187	0.10824	0.44579
V542	0.04324	0.30306	0.11354	0.46453	0.07562
V543	0.06364	0.23666	0.51571	0.09487	0.08912
V544	0.30159	0.2276	0.16356	0.12438	0.18287
V545	0.55066	0.31884	0.02616	0.07695	0.02739
V546	0.0773	0.66863	0.10463	0.0727	0.07674
V547	0.09993	0.65191	0.02601	0.17352	0.04863
V548	0.01959	0.08347	0.0207	0.83542	0.04083
V549	0.01884	0.06854	0.03618	0.24556	0.63088
V550	0.05066	0.72733	0.1169	0.07306	0.03204
V551	0.02801	0.038	0.01366	0.88422	0.0361
V552	0.20694	0.08185	0.0334	0.1214	0.55641
V553	0.61808	0.09383	0.03039	0.19743	0.06026
V554	0.09942	0.16672	0.37815	0.32281	0.0329
V555	0.0575	0.78307	0.03833	0.0703	0.0508
V556	0.0799	0.09036	0.05982	0.69976	0.07017
V557	0.277	0.23089	0.04834	0.37787	0.06589
V558	0.01626	0.19315	0.57575	0.1787	0.03615
V559	0.09964	0.41769	0.37706	0.06038	0.04523
V560	0.53196	0.25691	0.12407	0.06318	0.02389
V561	0.5737	0.1042	0.12151	0.07808	0.12251
V562	0.11963	0.1282	0.14422	0.15795	0.45001
V563	0.19731	0.27603	0.18681	0.16588	0.17398
V564	0.30183	0.08983	0.06392	0.36678	0.17763
V565	0.02031	0.0733	0.03074	0.14356	0.73209
V566	0.26358	0.16204	0.03999	0.35911	0.17528
V567	0.02476	0.21725	0.68821	0.04748	0.02231
V568	0.03417	0.26753	0.35196	0.32507	0.02127
V569	0.51433	0.15775	0.10057	0.17475	0.0526
V570	0.12144	0.11889	0.23273	0.45035	0.07659
V571	0.22787	0.10589	0.19818	0.35071	0.11735
V572	0.67851	0.09257	0.01539	0.08366	0.12987
V573	0.07564	0.15566	0.27836	0.38524	0.10509
V574	0.45061	0.27576	0.08111	0.15035	0.04218
V575	0.32126	0.10997	0.11276	0.11816	0.33785
V576	0.05404	0.74981	0.03658	0.07844	0.08114
V577	0.37937	0.41666	0.05441	0.11792	0.03164
V578	0.03072	0.24229	0.41426	0.25375	0.05897
V579	0.02849	0.47415	0.2995	0.08232	0.11554
V580	0.20666	0.44448	0.03482	0.26729	0.04675
V581	0.05533	0.45067	0.33194	0.13545	0.02662
V582	0.00879	0.23925	0.67991	0.0557	0.01634
V583	0.49102	0.14606	0.26002	0.08198	0.02092
V584	0.2136	0.43747	0.11517	0.09558	0.13818
V585	0.05507	0.65369	0.08802	0.12585	0.07737
V586	0.04554	0.67324	0.17909	0.07879	0.02334
V587	0.06329	0.58186	0.0318	0.09909	0.22397
V588	0.21372	0.39402	0.3114	0.05466	0.02621
V589	0.09696	0.34317	0.06096	0.45137	0.04754
V590	0.05865	0.66658	0.02613	0.08063	0.16802
V591	0.42251	0.41775	0.05453	0.07336	0.03186
V592	0.02395	0.18293	0.57508	0.0814	0.13664
V593	0.35462	0.06597	0.01872	0.49483	0.06586
V594	0.01177	0.2427	0.50453	0.18378	0.05723
V595	0.43461	0.1079	0.0681	0.33408	0.05531
V596	0.38834	0.22647	0.17741	0.16781	0.03996
V597	0.03397	0.19654	0.02379	0.18525	0.56045
V598	0.49674	0.08403	0.01989	0.08123	0.31811
V599	0.07566	0.34773	0.09906	0.42398	0.05357
V600	0.23964	0.10299	0.15837	0.3876	0.11139
V601	0.13241	0.122	0.02036	0.49719	0.22805
V602	0.67926	0.19187	0.01852	0.0815	0.02885
V603	0.12738	0.1659	0.04224	0.19948	0.46499
V604	0.02498	0.18394	0.53728	0.1431	0.1107
V605	0.0356	0.12915	0.12445	0.1442	0.5666
V606	0.67713	0.08766	0.01531	0.08418	0.13573
V607	0.1553	0.14718	0.03528	0.09798	0.56427
V608	0.60488	0.10247	0.04193	0.1433	0.10742
V609	0.17248	0.26892	0.03027	0.4381	0.09024
V610	0.09149	0.53808	0.03058	0.30587	0.03397
V611	0.23064	0.18564	0.45273	0.07154	0.05945
V612	0.32094	0.15555	0.25236	0.07611	0.19505
V613	0.38053	0.44262	0.05554	0.09562	0.02569
V614	0.45751	0.09981	0.03123	0.13999	0.27146
V615	0.01638	0.13269	0.122	0.57844	0.15049
V616	0.52801	0.10617	0.12956	0.18499	0.05126
V617	0.19669	0.18738	0.36134	0.1367	0.11789
V618	0.58931	0.15503	0.06783	0.08082	0.10701
V619	0.45386	0.13199	0.13594	0.07403	0.20417
V620	0.04591	0.12485	0.28395	0.51521	0.03008
V621	0.13197	0.26359	0.25876	0.06544	0.28024
V622	0.02629	0.2613	0.30388	0.07503	0.33351
V623	0.07085	0.05035	0.01903	0.68732	0.17245
V624	0.71396	0.09172	0.02116	0.09534	0.07781
V625	0.01673	0.1006	0.09046	0.75519	0.03702
V626	0.07033	0.16282	0.42402	0.30429	0.03854
V627	0.1059	0.19379	0.11692	0.10448	0.47891
V628	0.73944	0.10518	0.02266	0.10303	0.0297
V629	0.11595	0.31043	0.47851	0.07143	0.02367
V630	0.02438	0.19542	0.03841	0.11218	0.62962
V631	0.01389	0.11603	0.23873	0.09006	0.54129
V632	0.05706	0.6536	0.03316	0.10517	0.15102
V633	0.05927	0.06956	0.08891	0.53263	0.24964
V634	0.36967	0.39466	0.14422	0.06816	0.02328
V635	0.04487	0.16918	0.17194	0.09717	0.51685
V636	0.17856	0.22438	0.26253	0.22485	0.10967
V637	0.18534	0.14118	0.32163	0.26665	0.0852
V638	0.08172	0.40353	0.04187	0.15155	0.32133
V639	0.46715	0.35261	0.08468	0.06485	0.0307
V640	0.1073	0.20277	0.08659	0.27908	0.32426
V641	0.10496	0.59526	0.04654	0.2058	0.04743
V642	0.58695	0.10421	0.01989	0.26116	0.02779
V643	0.06228	0.72875	0.09218	0.09169	0.0251
V644	0.04954	0.35871	0.04011	0.4956	0.05604
V645	0.16895	0.61379	0.04017	0.1511	0.02599
V646	0.1347	0.44246	0.049	0.2908	0.08304
V647	0.72812	0.09329	0.02188	0.12734	0.02937
V648	0.38232	0.1395	0.02019	0.31144	0.14655
V649	0.24142	0.14422	0.08178	0.17036	0.36223
V650	0.03344	0.04879	0.06047	0.82486	0.03243
V651	0.13595	0.18935	0.01562	0.62871	0.03037
V652	0.30896	0.06847	0.04295	0.53917	0.04045
V653	0.29405	0.07763	0.05633	0.51316	0.05882
V654	0.04117	0.12044	0.01605	0.15186	0.67048
V655	0.14032	0.14201	0.24619	0.44168	0.0298
V656	0.11357	0.07396	0.01462	0.17883	0.61902
V657	0.04176	0.41015	0.04909	0.38229	0.11671
V658	0.0346	0.07419	0.0398	0.61563	0.23578
V659	0.0243	0.07158	0.07499	0.75057	0.07856
V660	0.06732	0.30945	0.03999	0.1172	0.46604
V661	0.05021	0.54599	0.03807	0.24764	0.11808
V662	0.04199	0.38821	0.04248	0.08284	0.44448
V663	0.76392	0.09991	0.02387	0.08133	0.03097
V664	0.03153	0.07126	0.11256	0.42168	0.36297
V665	0.03468	0.54943	0.21385	0.14422	0.05782
V666	0.10569	0.72524	0.0679	0.07535	0.02582
V667	0.03964	0.48646	0.25133	0.15857	0.064
V668	0.53516	0.24191	0.05935	0.12107	0.04251
V669	0.4147	0.28342	0.04242	0.14962	0.10984
V670	0.09958	0.53497	0.06755	0.10256	0.19533
V671	0.60169	0.11923	0.1573	0.09356	0.02821
V672	0.09172	0.12262	0.09117	0.3417	0.35279
V673	0.02108	0.08074	0.016	0.19247	0.6897
V674	0.30973	0.21523	0.37406	0.053	0.04798
V675	0.55543	0.08838	0.04752	0.19982	0.10885
V676	0.22287	0.21576	0.3837	0.05542	0.12225
V677	0.04795	0.27261	0.19922	0.40752	0.0727
V678	0.05703	0.2915	0.03266	0.1118	0.50701
V679	0.01872	0.13566	0.36132	0.45559	0.02871
V680	0.15652	0.06465	0.03203	0.38169	0.3651
V681	0.4369	0.09768	0.04892	0.32247	0.09403
V682	0.00793	0.22725	0.6998	0.04857	0.01645
V683	0.06741	0.28092	0.49589	0.05195	0.10384
V684	0.06275	0.0469	0.01947	0.83694	0.03394
V685	0.01605	0.20649	0.61643	0.13816	0.02288
V686	0.27702	0.51165	0.08709	0.08677	0.03748
V687	0.00904	0.15243	0.44997	0.35545	0.0331
V688	0.00741	0.22171	0.68644	0.05539	0.02905
V689	0.41282	0.14191	0.1663	0.1551	0.12387
V690	0.1158	0.71342	0.04339	0.09363	0.03376
V691	0.13143	0.14615	0.05397	0.6135	0.05495
V692	0.07115	0.06239	0.02559	0.74069	0.10019
V693	0.02744	0.47486	0.38612	0.08529	0.02628
V694	0.08717	0.18672	0.0487	0.59316	0.08425
V695	0.12279	0.17098	0.13806	0.09517	0.473
V696	0.11143	0.18291	0.54984	0.05719	0.09862
V697	0.09718	0.18194	0.26427	0.35142	0.10519
V698	0.02455	0.10564	0.16193	0.0974	0.61049
V699	0.04226	0.06398	0.05318	0.65156	0.18902
V700	0.0688	0.69019	0.09805	0.06529	0.07767
V701	0.02478	0.19419	0.03145	0.10553	0.64405
V702	0.02933	0.12708	0.02087	0.67635	0.14637
V703	0.02642	0.05464	0.03343	0.84505	0.04047
V704	0.04806	0.16837	0.3277	0.08395	0.37191
V705	0.73683	0.10386	0.01702	0.09099	0.0513
V706	0.14071	0.18215	0.14387	0.44669	0.08658
V707	0.13374	0.15652	0.07701	0.31276	0.31997
V708	0.03217	0.53414	0.35018	0.06314	0.02037
V709	0.02018	0.08382	0.04555	0.10834	0.74211
V710	0.11848	0.1635	0.38127	0.0622	0.27455
V711	0.06657	0.0684	0.03622	0.12106	0.70775
V712	0.05986	0.1811	0.51964	0.2091	0.0303
V713	0.23475	0.39944	0.27483	0.07031	0.02067
V714	0.05954	0.07252	0.01616	0.11076	0.74101
V715	0.01725	0.33393	0.47893	0.14513	0.02476
V716	0.60863	0.20321	0.02824	0.11643	0.0435
V717	0.35	0.20368	0.11595	0.0907	0.23967
V718	0.53703	0.13079	0.21203	0.06565	0.0545
V719	0.35478	0.24665	0.1035	0.17086	0.1242
V720	0.12083	0.11094	0.09081	0.11792	0.5595
V721	0.03733	0.07858	0.05857	0.1194	0.70612
V722	0.03153	0.22275	0.06562	0.51815	0.16194
V723	0.10601	0.21849	0.10766	0.52146	0.04639
V724	0.13118	0.54042	0.05979	0.2363	0.03231
V725	0.04019	0.07379	0.02357	0.11119	0.75126
V726	0.21529	0.42782	0.06986	0.12332	0.1637
V727	0.01606	0.21982	0.68042	0.05491	0.02879
V728	0.61498	0.11889	0.10795	0.12878	0.02939
V729	0.50352	0.15112	0.03789	0.27531	0.03215
V730	0.1103	0.13601	0.30326	0.38272	0.0677
V731	0.01661	0.06086	0.06152	0.82834	0.03267
V732	0.02732	0.03925	0.02029	0.8777	0.03544
V733	0.0344	0.22823	0.6615	0.04723	0.02864
V734	0.41145	0.18732	0.27391	0.09564	0.03168
V735	0.07433	0.21078	0.19688	0.09809	0.41993
V736	0.02198	0.09959	0.02406	0.10981	0.74456
V737	0.76055	0.1041	0.0238	0.08082	0.03072
V738	0.03339	0.40166	0.03568	0.09152	0.43774
V739	0.0282	0.05041	0.01363	0.87217	0.03559
V740	0.20053	0.14426	0.10421	0.09576	0.45525
V741	0.42501	0.08373	0.01888	0.34332	0.12907
V742	0.07078	0.16421	0.4191	0.20309	0.14282
V743	0.03656	0.11094	0.07921	0.18298	0.59032
V744	0.17318	0.12614	0.14616	0.49676	0.05776
V745	0.15234	0.07266	0.05132	0.68778	0.03591
V746	0.34828	0.4642	0.05617	0.07349	0.05786
V747	0.03399	0.22559	0.65096	0.05457	0.03489
V748	0.15227	0.25271	0.24304	0.11738	0.2346
V749	0.16952	0.14734	0.1113	0.44021	0.13163
V750	0.62366	0.2077	0.02328	0.11796	0.0274
V751	0.03966	0.39725	0.46423	0.07415	0.02472
V752	0.03231	0.16024	0.03777	0.10665	0.66303
V753	0.44916	0.15224	0.19754	0.0878	0.11326
V754	0.1136	0.27353	0.024	0.55301	0.03587
V755	0.24602	0.59387	0.06167	0.06614	0.03229
V756	0.03136	0.14434	0.0371	0.14711	0.6401
V757	0.15893	0.06523	0.09159	0.64977	0.03447
V758	0.07045	0.35622	0.01938	0.51791	0.03604
V759	0.09205	0.1068	0.09914	0.09027	0.61174
V760	0.07785	0.11791	0.18373	0.28913	0.33137
V761	0.06177	0.33335	0.52491	0.05645	0.02352
V762	0.02313	0.11159	0.15266	0.41879	0.29384
V763	0.03743	0.25816	0.02553	0.09327	0.58561
V764	0.1078	0.10341	0.08062	0.66664	0.04153
V765	0.15205	0.18609	0.48114	0.09403	0.08669
V766	0.077	0.44204	0.23238	0.10903	0.13955
V767	0.2626	0.41116	0.0759	0.11297	0.13738
V768	0.071	0.70366	0.07442	0.11836	0.03257
V769	0.59993	0.12373	0.15177	0.06889	0.05569
V770	0.25991	0.15259	0.37178	0.19035	0.02537
V771	0.07514	0.60971	0.03211	0.16552	0.11751
V772	0.0516	0.22167	0.65645	0.05427	0.01601
V773	0.03858	0.06496	0.01506	0.24647	0.63493
V774	0.14391	0.15992	0.41308	0.05902	0.22408
V775	0.71115	0.0932	0.03194	0.125	0.03871
V776	0.32742	0.38269	0.15279	0.08953	0.04757
V777	0.2002	0.35949	0.21923	0.16009	0.06099
V778	0.45082	0.11231	0.02522	0.25623	0.15542
V779	0.07009	0.41662	0.41433	0.06725	0.0317
V780	0.02485	0.21686	0.68734	0.05491	0.01604
V781	0.17046	0.3105	0.16501	0.0687	0.28534
V782	0.22132	0.24055	0.03677	0.08924	0.41213
V783	0.00874	0.1702	0.49583	0.0814	0.24383
V784	0.03904	0.51327	0.02291	0.32214	0.10264
V785	0.58887	0.16882	0.01568	0.15946	0.06717
V786	0.15455	0.18896	0.02812	0.57973	0.04863
V787	0.13997	0.49477	0.0224	0.25848	0.08438
V788	0.35124	0.37008	0.08007	0.06641	0.1322
V789	0.02206	0.16387	0.02226	0.44305	0.34876
V790	0.26025	0.23249	0.07013	0.17484	0.2623
V791	0.16973	0.22567	0.07878	0.24708	0.27874
V792	0.74126	0.10852	0.03363	0.07693	0.03967
V793	0.30255	0.2591	0.06308	0.15596	0.21931
V794	0.02544	0.09349	0.10088	0.23959	0.54061
V795	0.14534	0.69487	0.04304	0.07592	0.04083
V796	0.27381	0.36111	0.11024	0.20514	0.0497
V797	0.14179	0.0657	0.01493	0.11702	0.66056
V798	0.1353	0.43727	0.02846	0.15689	0.24207
V799	0.03831	0.16257	0.05592	0.67234	0.07086
V800	0.03801	0.07515	0.02889	0.20204	0.65591
V801	0.32143	0.08724	0.10963	0.43196	0.04973
V802	0.04396	0.20884	0.03128	0.10264	0.61329
V803	0.26483	0.07776	0.01906	0.5899	0.04846
V804	0.17984	0.19835	0.17382	0.38448	0.06352
V805	0.13422	0.22046	0.34846	0.20373	0.09313
V806	0.40142	0.11731	0.16577	0.12152	0.19398
V807	0.58555	0.09623	0.0653	0.11529	0.13763
V808	0.66846	0.10079	0.05385	0.07758	0.09932
V809	0.20223	0.51092	0.04375	0.10061	0.1425
V810	0.03557	0.09948	0.04781	0.49046	0.32669
V811	0.0586	0.13582	0.03597	0.18438	0.58523
V812	0.03626	0.56961	0.19813	0.14499	0.051
V813	0.03888	0.25474	0.20003	0.07543	0.43092
V814	0.19544	0.46024	0.07824	0.22118	0.0449
V815	0.23491	0.55869	0.05249	0.12187	0.03205
V816	0.03412	0.41784	0.02782	0.46336	0.05687
V817	0.62946	0.13047	0.12669	0.08934	0.02405
V818	0.04428	0.26225	0.30424	0.09566	0.29357
V819	0.73518	0.1058	0.02791	0.10189	0.02922
V820	0.07308	0.3222	0.12132	0.43049	0.0529
V821	0.02213	0.07373	0.01729	0.11622	0.77064
V822	0.17058	0.06093	0.02512	0.71229	0.03109
V823	0.05258	0.16276	0.20178	0.07941	0.50347
V824	0.07712	0.09443	0.03628	0.10189	0.69028
V825	0.13112	0.16859	0.47622	0.20558	0.01848
V826	0.04213	0.21495	0.65799	0.06896	0.01597
V827	0.30789	0.16023	0.01491	0.40957	0.1074
V828	0.22427	0.18547	0.10526	0.12879	0.35621
V829	0.08783	0.17023	0.25897	0.21976	0.26321
V830	0.13187	0.18601	0.51048	0.07222	0.09942
V831	0.04309	0.6125	0.07071	0.22627	0.04743
V832	0.19578	0.0721	0.07266	0.2894	0.37005
V833	0.2024	0.63399	0.03371	0.06811	0.0618
V834	0.60969	0.17874	0.0447	0.09509	0.07178
V835	0.23105	0.26935	0.09281	0.3135	0.09329
V836	0.31196	0.18396	0.33337	0.14523	0.02548
V837	0.04955	0.69943	0.04246	0.11274	0.09581
V838	0.01563	0.05185	0.07519	0.8184	0.03893
V839	0.04632	0.10225	0.07966	0.09741	0.67435
V840	0.72662	0.10207	0.03815	0.09965	0.03351
V841	0.19059	0.19784	0.53411	0.05497	0.02249
V842	0.4292	0.13469	0.16972	0.23212	0.03426
V843	0.39296	0.10352	0.13098	0.13306	0.23947
V844	0.02141	0.29022	0.5815	0.07093	0.03595
V845	0.03553	0.0503	0.0132	0.62904	0.27193
V846	0.11087	0.11144	0.0985	0.14113	0.53806
V847	0.19717	0.07839	0.05956	0.19426	0.47062
V848	0.59836	0.10766	0.0198	0.15326	0.12092
V849	0.12362	0.20903	0.52434	0.05709	0.08592
V850	0.19162	0.13794	0.24237	0.19642	0.23166
V851	0.76015	0.09773	0.01807	0.08765	0.0364
V852	0.22011	0.12169	0.08121	0.22784	0.34915
V853	0.03786	0.23726	0.47112	0.17615	0.0776
V854	0.05103	0.3443	0.22957	0.13805	0.23705
V855	0.10513	0.33805	0.09821	0.36137	0.09724
V856	0.15852	0.35548	0.06871	0.0754	0.34189
V857	0.07826	0.11252	0.15098	0.43947	0.21877
V858	0.03282	0.33023	0.18104	0.26375	0.19217
V859	0.12525	0.0599	0.03152	0.72616	0.05717
V860	0.04614	0.15313	0.06979	0.65361	0.07733
V861	0.13217	0.08812	0.11461	0.63133	0.03377
V862	0.07477	0.07105	0.03492	0.18047	0.63879
V863	0.05593	0.77013	0.04571	0.07797	0.05026
V864	0.04121	0.20182	0.63475	0.10597	0.01625
V865	0.07739	0.16398	0.47437	0.26519	0.01907
V866	0.03501	0.18982	0.4833	0.25421	0.03766
V867	0.49253	0.10084	0.02011	0.08039	0.30613
V868	0.2045	0.27184	0.3261	0.15924	0.03833
V869	0.02942	0.06934	0.03795	0.11779	0.7455
V870	0.24625	0.1895	0.08273	0.29056	0.19097
V871	0.04502	0.11641	0.10112	0.17028	0.56717
V872	0.33243	0.09009	0.02502	0.48659	0.06586
V873	0.06101	0.29874	0.14501	0.41353	0.08171
V874	0.09725	0.10397	0.02224	0.10804	0.6685
V875	0.02176	0.17842	0.03597	0.52889	0.23496
V876	0.41556	0.12654	0.06386	0.08958	0.30446
V877	0.23108	0.51843	0.0582	0.15394	0.03835
V878	0.04089	0.56711	0.06176	0.28974	0.0405
V879	0.71905	0.11907	0.02762	0.10043	0.03384
V880	0.08372	0.11353	0.04041	0.45968	0.30265
V881	0.01806	0.15731	0.4302	0.06471	0.32971
V882	0.05173	0.38417	0.03388	0.50167	0.02856
V883	0.44279	0.18847	0.02725	0.23284	0.10866
V884	0.02199	0.06714	0.01729	0.12525	0.76832
V885	0.15196	0.17465	0.31501	0.15988	0.1985
V886	0.01794	0.06132	0.04277	0.29327	0.5847
V887	0.10691	0.73084	0.03628	0.06907	0.05691
V888	0.06341	0.12369	0.06113	0.67458	0.07719
V889	0.13221	0.67258	0.06476	0.09079	0.03966
V890	0.03983	0.08041	0.12518	0.63599	0.11859
V891	0.00867	0.23796	0.6739	0.06316	0.01631
V892	0.51806	0.23876	0.03467	0.07683	0.13168
V893	0.13422	0.26241	0.4055	0.12764	0.07023
V894	0.10285	0.43683	0.06399	0.3278	0.06853
V895	0.54002	0.13183	0.21744	0.08388	0.02683
V896	0.19018	0.24027	0.20488	0.33524	0.02943
V897	0.01612	0.04695	0.04697	0.76008	0.12988
V898	0.35427	0.07961	0.02602	0.10713	0.43297
V899	0.49771	0.2954	0.08802	0.06487	0.054
V900	0.22838	0.25962	0.2349	0.23671	0.0404
