mature.neutrophil	CD14.pos.CD16.neg.classical.monocyte	macrophage	memory.CD4.pos.AB.T.cell	cytotoxic.CD56.dim.NK.cell
V1	0.25964	0.22668	0.22025	0.17672	0.11671
V2	0.04628	0.70022	0.07086	0.12298	0.05967
V3	0.05373	0.16349	0.34434	0.4117	0.02674
V4	0.01285	0.14487	0.22063	0.06633	0.55531
V5	0.01764	0.0996	0.07448	0.10606	0.70222
V6	0.26239	0.15606	0.23197	0.25389	0.09568
V7	0.00899	0.19115	0.35924	0.094	0.34662
V8	0.01085	0.24328	0.61831	0.11055	0.01702
V9	0.04858	0.11561	0.21644	0.59523	0.02414
V10	0.35266	0.20085	0.35489	0.0551	0.0365
V11	0.0339	0.12429	0.11164	0.07357	0.65661
V12	0.07017	0.13071	0.1989	0.30892	0.2913
V13	0.11405	0.11537	0.05036	0.43048	0.28973
V14	0.1328	0.08039	0.07526	0.62694	0.08461
V15	0.02483	0.06569	0.01461	0.85626	0.03861
V16	0.44661	0.13942	0.02743	0.35771	0.02884
V17	0.06037	0.28038	0.03543	0.08137	0.54245
V18	0.07028	0.41737	0.22942	0.25467	0.02826
V19	0.03014	0.09482	0.02055	0.12288	0.73161
V20	0.00407	0.20453	0.52925	0.23821	0.02393
V21	0.01866	0.302	0.13493	0.18842	0.35598
V22	0.63337	0.17631	0.07183	0.07341	0.04507
V23	0.07312	0.1035	0.04043	0.14472	0.63823
V24	0.38568	0.18897	0.03685	0.09213	0.29638
V25	0.02509	0.09309	0.03087	0.4345	0.41645
V26	0.39219	0.25455	0.07061	0.09469	0.18797
V27	0.10428	0.48964	0.18058	0.05961	0.16588
V28	0.02734	0.15145	0.17587	0.6024	0.04294
V29	0.008	0.12202	0.26801	0.57267	0.0293
V30	0.5825	0.18349	0.04095	0.09081	0.10224
V31	0.34856	0.19321	0.02932	0.27125	0.15766
V32	0.71505	0.11154	0.02448	0.0835	0.06543
V33	0.02255	0.23918	0.03528	0.13468	0.56831
V34	0.10872	0.75184	0.02871	0.08114	0.0296
V35	0.07877	0.57097	0.23863	0.08881	0.02282
V36	0.02529	0.25119	0.16706	0.11211	0.44436
V37	0.60129	0.10461	0.01706	0.07653	0.20051
V38	0.09669	0.18833	0.37775	0.21742	0.1198
V39	0.25971	0.18434	0.27768	0.05718	0.22109
V40	0.19615	0.54592	0.03669	0.16939	0.05186
V41	0.04258	0.76133	0.03566	0.06998	0.09046
V42	0.66855	0.13831	0.03502	0.08373	0.07439
V43	0.36795	0.24356	0.27772	0.08317	0.02761
V44	0.02802	0.37558	0.44758	0.05057	0.09825
V45	0.03075	0.6023	0.10611	0.20326	0.05758
V46	0.10026	0.67855	0.085	0.09724	0.03896
V47	0.00346	0.25577	0.66863	0.049	0.02314
V48	0.13515	0.21065	0.19561	0.34423	0.11437
V49	0.35982	0.23074	0.19323	0.18717	0.02904
V50	0.01941	0.26284	0.65185	0.04858	0.01732
V51	0.08831	0.31955	0.18786	0.09799	0.30629
V52	0.04746	0.80927	0.03031	0.08288	0.03008
V53	0.02725	0.17573	0.02285	0.74423	0.02995
V54	0.18259	0.07165	0.02733	0.5563	0.16213
V55	0.06646	0.05422	0.01405	0.83353	0.03174
V56	0.06536	0.05156	0.02055	0.75372	0.10881
V57	0.12239	0.27186	0.43294	0.07082	0.10199
V58	0.06541	0.10436	0.13807	0.21665	0.47551
V59	0.65162	0.13988	0.08863	0.08573	0.03414
V60	0.34305	0.25801	0.12051	0.17345	0.10499
V61	0.17306	0.09499	0.04407	0.24519	0.44269
V62	0.05177	0.1611	0.26602	0.15263	0.36848
V63	0.33228	0.29461	0.07271	0.08772	0.21267
V64	0.71521	0.12626	0.03654	0.08337	0.03862
V65	0.07552	0.12698	0.04938	0.61953	0.12859
V66	0.02729	0.08431	0.12063	0.7348	0.03297
V67	0.01006	0.16109	0.29786	0.11415	0.41684
V68	0.3526	0.17388	0.30902	0.08791	0.07659
V69	0.45672	0.21873	0.17477	0.08119	0.06859
V70	0.05186	0.62437	0.06099	0.22362	0.03916
V71	0.0832	0.68958	0.06286	0.13144	0.03293
V72	0.03609	0.40358	0.04485	0.0705	0.44497
V73	0.05378	0.08632	0.10083	0.57391	0.18515
V74	0.01615	0.09653	0.02173	0.78242	0.08317
V75	0.36445	0.27782	0.25309	0.07129	0.03334
V76	0.0149	0.05624	0.02846	0.83	0.0704
V77	0.01827	0.24463	0.63766	0.08249	0.01694
V78	0.00362	0.25797	0.65989	0.05559	0.02293
V79	0.06984	0.39601	0.05719	0.18202	0.29494
V80	0.11086	0.65246	0.02532	0.11658	0.09479
V81	0.01121	0.25561	0.66686	0.04895	0.01738
V82	0.19389	0.18698	0.04197	0.54338	0.03377
V83	0.0862	0.12628	0.03581	0.55559	0.19612
V84	0.08704	0.21509	0.02712	0.08325	0.5875
V85	0.00355	0.25524	0.66749	0.05627	0.01745
V86	0.02199	0.29566	0.25736	0.39661	0.02839
V87	0.36239	0.09559	0.05187	0.45136	0.03878
V88	0.25952	0.21382	0.06507	0.2332	0.22838
V89	0.03622	0.28355	0.58054	0.08233	0.01736
V90	0.02049	0.23294	0.07303	0.13048	0.54306
V91	0.01298	0.06973	0.0778	0.81036	0.02913
V92	0.21182	0.1249	0.04545	0.08836	0.52948
V93	0.01242	0.15652	0.14995	0.51846	0.16265
V94	0.03761	0.21016	0.04039	0.27162	0.44022
V95	0.05878	0.26406	0.04184	0.13838	0.49693
V96	0.61827	0.11767	0.03985	0.09303	0.13118
V97	0.14561	0.11735	0.06044	0.14434	0.53226
V98	0.04614	0.39041	0.17479	0.16462	0.22404
V99	0.41563	0.18284	0.02253	0.26535	0.11364
V100	0.43381	0.22256	0.06231	0.10938	0.17195
V101	0.05563	0.79579	0.03742	0.08164	0.02952
V102	0.25498	0.28793	0.13281	0.15292	0.17136
V103	0.12157	0.08411	0.02638	0.0814	0.68654
V104	0.04241	0.41726	0.09763	0.07325	0.36945
V105	0.01837	0.10282	0.05885	0.11603	0.70393
V106	0.04312	0.68131	0.15489	0.07014	0.05055
V107	0.04091	0.33744	0.50618	0.09177	0.0237
V108	0.01616	0.33111	0.58515	0.04953	0.01805
V109	0.05449	0.24795	0.06926	0.30789	0.32041
V110	0.14736	0.47591	0.17472	0.16685	0.03516
V111	0.22249	0.32485	0.37106	0.06083	0.02077
V112	0.1526	0.08929	0.10612	0.47631	0.17566
V113	0.20622	0.1103	0.1096	0.18523	0.38865
V114	0.45387	0.15602	0.05963	0.2197	0.11077
V115	0.67649	0.10639	0.02325	0.08551	0.10837
V116	0.02173	0.09092	0.02187	0.09221	0.77327
V117	0.041	0.231	0.57894	0.11567	0.03339
V118	0.04112	0.05296	0.01421	0.84704	0.04467
V119	0.24785	0.16929	0.30326	0.2579	0.0217
V120	0.0106	0.22424	0.58672	0.13898	0.03946
V121	0.17516	0.64152	0.02564	0.07727	0.08041
V122	0.0309	0.38337	0.0949	0.27696	0.21387
V123	0.39502	0.13438	0.08061	0.23017	0.15981
V124	0.18318	0.17615	0.07344	0.25531	0.31191
V125	0.03469	0.47406	0.4049	0.0604	0.02595
V126	0.13042	0.25941	0.20118	0.15184	0.25714
V127	0.20819	0.20457	0.46765	0.09569	0.0239
V128	0.18429	0.6696	0.03383	0.0709	0.04138
V129	0.2132	0.16366	0.23191	0.20238	0.18885
V130	0.02694	0.46712	0.05799	0.27911	0.16883
V131	0.0173	0.10578	0.19364	0.65822	0.02506
V132	0.29838	0.09193	0.01528	0.36986	0.22455
V133	0.00666	0.21762	0.44296	0.11728	0.21548
V134	0.05731	0.23489	0.56661	0.06712	0.07407
V135	0.02114	0.27405	0.54185	0.06866	0.0943
V136	0.73181	0.1148	0.02564	0.08732	0.04042
V137	0.68648	0.12995	0.02377	0.10626	0.05354
V138	0.21142	0.20753	0.08845	0.17632	0.31627
V139	0.10216	0.08963	0.14028	0.63641	0.03152
V140	0.03132	0.11464	0.15768	0.07045	0.62592
V141	0.01726	0.33123	0.49102	0.13654	0.02395
V142	0.17209	0.14897	0.27904	0.16094	0.23897
V143	0.01788	0.29714	0.39165	0.17219	0.12115
V144	0.40562	0.25799	0.07606	0.17464	0.0857
V145	0.00345	0.25455	0.65153	0.06206	0.02841
V146	0.03242	0.33487	0.02701	0.35693	0.24877
V147	0.07562	0.24355	0.50144	0.13951	0.03988
V148	0.13987	0.68422	0.03371	0.10125	0.04094
V149	0.01624	0.05244	0.01482	0.85122	0.06529
V150	0.11497	0.31578	0.4483	0.05036	0.07059
V151	0.35313	0.08919	0.02686	0.42254	0.10828
V152	0.01929	0.07405	0.10681	0.72099	0.07886
V153	0.13672	0.2901	0.36716	0.09427	0.11176
V154	0.10529	0.54807	0.04499	0.09011	0.21154
V155	0.03545	0.08465	0.12018	0.72698	0.03274
V156	0.0829	0.17781	0.33116	0.17627	0.23186
V157	0.08197	0.14322	0.1596	0.29662	0.31859
V158	0.15786	0.17323	0.3591	0.0883	0.22151
V159	0.09845	0.22373	0.02992	0.59472	0.05318
V160	0.37271	0.22693	0.09836	0.10025	0.20176
V161	0.19111	0.11856	0.07462	0.0714	0.54432
V162	0.00395	0.26162	0.66731	0.04951	0.01761
V163	0.05637	0.09073	0.03473	0.10814	0.71003
V164	0.70092	0.14566	0.03088	0.08916	0.03337
V165	0.47878	0.25951	0.088	0.11366	0.06004
V166	0.04902	0.10797	0.20496	0.55725	0.08081
V167	0.03247	0.58025	0.03842	0.19362	0.15525
V168	0.00395	0.26162	0.66731	0.04951	0.01761
V169	0.04783	0.61528	0.1598	0.14083	0.03626
V170	0.20682	0.37368	0.06826	0.24035	0.1109
V171	0.23829	0.20779	0.29021	0.20817	0.05553
V172	0.1591	0.27122	0.08464	0.08208	0.40296
V173	0.17699	0.1663	0.0932	0.41599	0.14752
V174	0.1704	0.15027	0.29184	0.2225	0.16498
V175	0.06962	0.21304	0.12393	0.21453	0.37889
V176	0.29913	0.08002	0.02052	0.57069	0.02964
V177	0.15073	0.20374	0.42141	0.19948	0.02463
V178	0.21509	0.19964	0.35534	0.15186	0.07807
V179	0.09466	0.09781	0.02684	0.08192	0.69878
V180	0.02634	0.16616	0.30404	0.0601	0.44336
V181	0.06151	0.29866	0.02094	0.11507	0.50381
V182	0.45194	0.25147	0.02382	0.21583	0.05694
V183	0.06517	0.79497	0.02968	0.07365	0.03654
V184	0.24725	0.1415	0.24182	0.32993	0.0395
V185	0.09133	0.45304	0.04304	0.1987	0.21389
V186	0.11975	0.2195	0.04582	0.28833	0.3266
V187	0.07081	0.59299	0.02394	0.27803	0.03422
V188	0.63601	0.12965	0.04569	0.15369	0.03497
V189	0.36571	0.25676	0.04929	0.2952	0.03303
V190	0.33314	0.183	0.19249	0.0741	0.21728
V191	0.18336	0.23324	0.02366	0.44623	0.11351
V192	0.26188	0.24318	0.12323	0.24989	0.12183
V193	0.0586	0.31414	0.41594	0.08626	0.12507
V194	0.22764	0.14392	0.09494	0.15299	0.38051
V195	0.4391	0.2563	0.20063	0.07442	0.02955
V196	0.01755	0.0926	0.07455	0.10679	0.7085
V197	0.06274	0.76792	0.02859	0.10506	0.03569
V198	0.19678	0.25525	0.05248	0.24633	0.24916
V199	0.57707	0.14992	0.18099	0.06599	0.02603
V200	0.60129	0.1056	0.04553	0.09166	0.15592
V201	0.03896	0.05645	0.0348	0.70465	0.16514
V202	0.70201	0.14847	0.01955	0.09065	0.03933
V203	0.43481	0.2785	0.04349	0.1179	0.12529
V204	0.29429	0.15802	0.0515	0.0709	0.42528
V205	0.10458	0.1337	0.12237	0.12323	0.51613
V206	0.04257	0.12359	0.01503	0.76298	0.05583
V207	0.02483	0.06569	0.01461	0.85626	0.03861
V208	0.1278	0.31377	0.37936	0.0938	0.08528
V209	0.14189	0.12451	0.10531	0.09195	0.53634
V210	0.00338	0.25334	0.6647	0.05565	0.02293
V211	0.13682	0.1477	0.19107	0.08549	0.43893
V212	0.05333	0.6776	0.09297	0.10397	0.07212
V213	0.0954	0.08494	0.07432	0.29125	0.45408
V214	0.02228	0.53267	0.3357	0.07003	0.03932
V215	0.20999	0.27542	0.13463	0.13104	0.24892
V216	0.05179	0.17669	0.2884	0.0884	0.39472
V217	0.01436	0.05202	0.03536	0.80846	0.0898
V218	0.06293	0.25555	0.24549	0.34983	0.0862
V219	0.10516	0.32643	0.3143	0.22759	0.02653
V220	0.17113	0.64543	0.07593	0.07449	0.03302
V221	0.0396	0.21951	0.40648	0.06008	0.27433
V222	0.02982	0.09111	0.02873	0.09674	0.7536
V223	0.39537	0.15586	0.24953	0.1662	0.03305
V224	0.03875	0.51221	0.04509	0.14125	0.2627
V225	0.5483	0.23428	0.11724	0.06789	0.03229
V226	0.39315	0.47311	0.02379	0.07386	0.0361
V227	0.08198	0.25213	0.02391	0.58835	0.05363
V228	0.43993	0.16446	0.22012	0.12562	0.04987
V229	0.21826	0.40639	0.22916	0.1005	0.0457
V230	0.02988	0.08406	0.02894	0.09773	0.75938
V231	0.05645	0.54554	0.07403	0.23067	0.09331
V232	0.60051	0.14331	0.15576	0.07365	0.02677
V233	0.05746	0.13087	0.1476	0.14031	0.52376
V234	0.01882	0.37334	0.19256	0.37324	0.04204
V235	0.7227	0.11656	0.01956	0.10607	0.0351
V236	0.06635	0.19936	0.47367	0.20825	0.05238
V237	0.10508	0.1825	0.22883	0.32631	0.15728
V238	0.0177	0.0766	0.02547	0.32802	0.55221
V239	0.06002	0.39578	0.0644	0.22487	0.25493
V240	0.06028	0.74345	0.03498	0.08565	0.07564
V241	0.04738	0.81118	0.03026	0.07432	0.03686
V242	0.03204	0.34837	0.25506	0.29862	0.06592
V243	0.36886	0.16241	0.26341	0.08342	0.1219
V244	0.02945	0.4161	0.18388	0.13138	0.2392
V245	0.04398	0.77984	0.05177	0.09607	0.02834
V246	0.4925	0.28942	0.04364	0.07614	0.0983
V247	0.15192	0.25603	0.45456	0.0971	0.04039
V248	0.0874	0.55718	0.04554	0.07466	0.23522
V249	0.21008	0.17603	0.18684	0.14382	0.28323
V250	0.02033	0.22198	0.49691	0.07774	0.18305
V251	0.17781	0.10209	0.08917	0.56764	0.06329
V252	0.02294	0.25679	0.4315	0.17672	0.11205
V253	0.25118	0.51014	0.09207	0.1089	0.03771
V254	0.42852	0.35997	0.02035	0.15062	0.04053
V255	0.63273	0.16053	0.01799	0.09672	0.09203
V256	0.03736	0.68468	0.04092	0.07539	0.16164
V257	0.35724	0.327	0.13496	0.0968	0.084
V258	0.13633	0.30697	0.05939	0.46441	0.03289
V259	0.41892	0.31267	0.15764	0.06942	0.04135
V260	0.22585	0.13411	0.1097	0.13607	0.39427
V261	0.02098	0.18042	0.40055	0.29124	0.10682
V262	0.68146	0.13366	0.05878	0.09004	0.03606
V263	0.60626	0.15878	0.02876	0.17599	0.0302
V264	0.06209	0.76064	0.03578	0.11288	0.02861
V265	0.62126	0.17589	0.07754	0.09126	0.03406
V266	0.02524	0.09845	0.09682	0.09382	0.68567
V267	0.05515	0.08263	0.02564	0.20981	0.62678
V268	0.16604	0.41019	0.13639	0.22618	0.0612
V269	0.07375	0.35949	0.29719	0.22466	0.0449
V270	0.0474	0.06075	0.04119	0.82063	0.03003
V271	0.20067	0.62151	0.03225	0.09248	0.05309
V272	0.0948	0.71211	0.04873	0.0838	0.06055
V273	0.23446	0.12477	0.15783	0.34088	0.14206
V274	0.08966	0.11711	0.05345	0.24197	0.49781
V275	0.03939	0.62173	0.15272	0.14969	0.03647
V276	0.01166	0.20493	0.50847	0.2397	0.03524
V277	0.27485	0.1995	0.42726	0.05811	0.04028
V278	0.00853	0.15743	0.27973	0.44136	0.11295
V279	0.12533	0.06351	0.02675	0.71717	0.06724
V280	0.16301	0.08766	0.04721	0.60304	0.09908
V281	0.02701	0.22334	0.05149	0.66397	0.03419
V282	0.05647	0.80287	0.0299	0.07402	0.03674
V283	0.30557	0.11917	0.11365	0.08783	0.37377
V284	0.02429	0.26775	0.42712	0.05206	0.22879
V285	0.42548	0.41587	0.02195	0.10109	0.03562
V286	0.06416	0.24361	0.58904	0.08079	0.0224
V287	0.20132	0.1597	0.15383	0.31235	0.17282
V288	0.15809	0.20812	0.46563	0.05635	0.11181
V289	0.13301	0.22653	0.03651	0.57	0.03394
V290	0.34967	0.42899	0.12987	0.06533	0.02613
V291	0.33014	0.22367	0.02326	0.38879	0.03414
V292	0.10069	0.18467	0.33677	0.08366	0.29421
V293	0.00606	0.2899	0.58547	0.09001	0.02856
V294	0.02088	0.0924	0.02956	0.09013	0.76703
V295	0.01592	0.14611	0.26834	0.49047	0.07915
V296	0.65488	0.1801	0.01898	0.09255	0.0535
V297	0.01858	0.2218	0.55968	0.1544	0.04554
V298	0.24375	0.07254	0.02059	0.55132	0.11179
V299	0.21951	0.06284	0.02638	0.66162	0.02965
V300	0.73066	0.1185	0.02014	0.09492	0.03578
V301	0.71557	0.11098	0.02453	0.10989	0.03902
V302	0.0167	0.07042	0.02413	0.44614	0.44261
V303	0.09363	0.24687	0.19422	0.21247	0.25281
V304	0.14404	0.23839	0.52913	0.0548	0.03363
V305	0.17825	0.33465	0.0988	0.15811	0.23019
V306	0.28257	0.56464	0.02484	0.08664	0.04131
V307	0.18528	0.12884	0.22083	0.44136	0.0237
V308	0.17803	0.20956	0.47238	0.11628	0.02375
V309	0.50691	0.15217	0.05879	0.1731	0.10902
V310	0.03782	0.09987	0.02678	0.16055	0.67499
V311	0.02192	0.05476	0.04899	0.83781	0.03652
V312	0.07715	0.31343	0.22756	0.05914	0.32271
V313	0.05786	0.29781	0.03321	0.35523	0.25588
V314	0.07877	0.07885	0.02288	0.41207	0.40742
V315	0.71805	0.11349	0.0303	0.08353	0.05463
V316	0.094	0.52045	0.22526	0.08727	0.07302
V317	0.2917	0.23652	0.37589	0.05982	0.03608
V318	0.69449	0.10903	0.02369	0.08095	0.09184
V319	0.08143	0.26122	0.57852	0.06128	0.01755
V320	0.07393	0.04988	0.02044	0.81867	0.03708
V321	0.11033	0.35961	0.25721	0.2335	0.03935
V322	0.0114	0.35197	0.45041	0.09393	0.0923
V323	0.19669	0.30769	0.34279	0.07396	0.07887
V324	0.03929	0.09024	0.04853	0.7867	0.03524
V325	0.48742	0.18464	0.0856	0.17073	0.07162
V326	0.05203	0.10121	0.0702	0.18423	0.59234
V327	0.27458	0.45456	0.11244	0.08452	0.0739
V328	0.04234	0.29794	0.15048	0.47244	0.0368
V329	0.00835	0.16935	0.30805	0.48624	0.02802
V330	0.06419	0.24645	0.59243	0.04676	0.05016
V331	0.12408	0.11991	0.09808	0.14134	0.51658
V332	0.35	0.20854	0.33783	0.06151	0.04212
V333	0.31302	0.16445	0.24827	0.19386	0.08039
V334	0.03575	0.36088	0.43168	0.12346	0.04823
V335	0.55356	0.15608	0.08389	0.10002	0.10644
V336	0.13774	0.53368	0.23506	0.05872	0.03479
V337	0.01839	0.08467	0.03434	0.21434	0.64827
V338	0.54457	0.14506	0.13532	0.08315	0.09191
V339	0.17664	0.50205	0.17524	0.05981	0.08625
V340	0.03573	0.23142	0.1191	0.10814	0.50561
V341	0.01931	0.49134	0.36507	0.06069	0.06359
V342	0.22401	0.26212	0.34119	0.15177	0.02092
V343	0.51361	0.15956	0.22855	0.07401	0.02427
V344	0.09093	0.66424	0.06205	0.08926	0.09353
V345	0.1922	0.11408	0.02273	0.32181	0.34918
V346	0.03133	0.34141	0.26837	0.3127	0.04618
V347	0.07188	0.45672	0.04191	0.37025	0.05924
V348	0.01715	0.24931	0.36129	0.25604	0.11621
V349	0.05322	0.37705	0.41867	0.06518	0.08588
V350	0.09498	0.3972	0.093	0.2796	0.13522
V351	0.13819	0.17704	0.33412	0.31862	0.03202
V352	0.09089	0.51744	0.30071	0.06354	0.02744
V353	0.21875	0.33876	0.05453	0.1048	0.28316
V354	0.42226	0.18539	0.3117	0.05814	0.02251
V355	0.07237	0.14149	0.26971	0.48821	0.02822
V356	0.07212	0.24216	0.58034	0.0667	0.03867
V357	0.03879	0.20676	0.4136	0.0741	0.26675
V358	0.03114	0.08046	0.04179	0.81072	0.0359
V359	0.05096	0.13236	0.02177	0.76489	0.03001
V360	0.53412	0.14641	0.08904	0.20354	0.02689
V361	0.2845	0.45303	0.09806	0.06394	0.10047
V362	0.62041	0.12775	0.09489	0.06942	0.08753
V363	0.03725	0.10431	0.02616	0.20192	0.63036
V364	0.03831	0.28292	0.03938	0.47027	0.16912
V365	0.01563	0.0539	0.02168	0.85702	0.05176
V366	0.16032	0.21963	0.43976	0.10444	0.07585
V367	0.18547	0.27657	0.18839	0.20674	0.14283
V368	0.56777	0.18381	0.11581	0.07954	0.05307
V369	0.03599	0.58397	0.21938	0.13774	0.02293
V370	0.02365	0.2104	0.12277	0.38381	0.25937
V371	0.05327	0.77999	0.06756	0.07089	0.0283
V372	0.49177	0.17063	0.13054	0.16598	0.04108
V373	0.10035	0.57875	0.13429	0.15628	0.03033
V374	0.0811	0.17284	0.30021	0.42394	0.0219
V375	0.22599	0.20346	0.43358	0.11746	0.0195
V376	0.01666	0.16325	0.34828	0.06554	0.40626
V377	0.07458	0.46968	0.19302	0.23371	0.02901
V378	0.11501	0.5161	0.17214	0.05985	0.13689
V379	0.03229	0.10834	0.11806	0.1299	0.6114
V380	0.01964	0.13803	0.15772	0.50004	0.18457
V381	0.14034	0.12616	0.02597	0.07759	0.62993
V382	0.35023	0.07781	0.02122	0.33047	0.22028
V383	0.0323	0.11658	0.22395	0.60313	0.02405
V384	0.23121	0.1389	0.14793	0.42124	0.06071
V385	0.08614	0.16285	0.02694	0.0777	0.64637
V386	0.5085	0.09696	0.02102	0.3438	0.02972
V387	0.22273	0.08178	0.0205	0.62769	0.0473
V388	0.04914	0.7262	0.0568	0.13421	0.03365
V389	0.11116	0.67573	0.04034	0.09925	0.07352
V390	0.15313	0.06487	0.02041	0.66139	0.10021
V391	0.56108	0.20551	0.01778	0.14137	0.07426
V392	0.71447	0.13429	0.02536	0.09152	0.03436
V393	0.08825	0.11367	0.1383	0.52062	0.13915
V394	0.5529	0.10823	0.03867	0.20947	0.09073
V395	0.00772	0.13774	0.29771	0.52825	0.02858
V396	0.40885	0.19206	0.3144	0.05751	0.02719
V397	0.52404	0.19985	0.04695	0.17367	0.05549
V398	0.05925	0.0917	0.15082	0.61581	0.08242
V399	0.0453	0.09612	0.01768	0.3154	0.5255
V400	0.13942	0.48309	0.15259	0.20105	0.02385
V401	0.23892	0.20408	0.45462	0.08304	0.01934
V402	0.28307	0.19171	0.33928	0.11496	0.07098
V403	0.1399	0.14034	0.01796	0.19113	0.51068
V404	0.00715	0.19105	0.37954	0.37216	0.05011
V405	0.28456	0.28088	0.07893	0.26046	0.09517
V406	0.01898	0.25975	0.64532	0.04764	0.02831
V407	0.66634	0.13992	0.0468	0.11594	0.031
V408	0.03368	0.36262	0.02762	0.30242	0.27366
V409	0.09819	0.0759	0.06896	0.65809	0.09886
V410	0.10685	0.24213	0.27852	0.09331	0.2792
V411	0.02151	0.09031	0.02165	0.10061	0.76593
V412	0.02627	0.21952	0.13521	0.08368	0.53532
V413	0.02502	0.28476	0.14668	0.3864	0.15714
V414	0.04381	0.13021	0.01645	0.49365	0.31589
V415	0.15728	0.08441	0.02571	0.07964	0.65296
V416	0.10172	0.15255	0.03938	0.19863	0.50771
V417	0.01132	0.21961	0.55591	0.15549	0.05768
V418	0.44971	0.37461	0.0396	0.08458	0.0515
V419	0.221	0.10455	0.03715	0.17633	0.46097
V420	0.20583	0.1065	0.10986	0.10562	0.47219
V421	0.01488	0.11398	0.13517	0.10539	0.63058
V422	0.02156	0.07478	0.05677	0.70375	0.14314
V423	0.2286	0.2631	0.24074	0.22829	0.03926
V424	0.00768	0.18505	0.40681	0.05571	0.34475
V425	0.29338	0.36949	0.0208	0.07761	0.23871
V426	0.19837	0.20533	0.03605	0.47505	0.08519
V427	0.17989	0.57275	0.15374	0.06288	0.03074
V428	0.08482	0.58202	0.08974	0.15145	0.09198
V429	0.11214	0.6803	0.02618	0.13389	0.04748
V430	0.03118	0.16923	0.34021	0.21105	0.24833
V431	0.09742	0.3738	0.18354	0.28465	0.0606
V432	0.24782	0.14931	0.12008	0.36083	0.12195
V433	0.15246	0.18074	0.39007	0.24052	0.0362
V434	0.19339	0.34885	0.30923	0.06837	0.08016
V435	0.41018	0.19343	0.27906	0.08967	0.02765
V436	0.05515	0.54896	0.11378	0.11004	0.17206
V437	0.17377	0.10319	0.04444	0.21953	0.45907
V438	0.11337	0.32701	0.18189	0.31056	0.06717
V439	0.47555	0.09323	0.05686	0.33595	0.03842
V440	0.02204	0.41429	0.44339	0.06538	0.0549
V441	0.03023	0.5239	0.33365	0.08516	0.02706
V442	0.0563	0.80216	0.03774	0.07396	0.02984
V443	0.70993	0.10973	0.02423	0.1224	0.03371
V444	0.13265	0.39478	0.04717	0.37363	0.05176
V445	0.05867	0.37436	0.05451	0.47314	0.03931
V446	0.09882	0.10916	0.09969	0.55938	0.13296
V447	0.06803	0.07067	0.02928	0.48126	0.35077
V448	0.1561	0.0934	0.03938	0.09235	0.61878
V449	0.00395	0.26162	0.66731	0.04951	0.01761
V450	0.17143	0.1966	0.22087	0.1735	0.2376
V451	0.22747	0.22973	0.07157	0.36753	0.1037
V452	0.0183	0.09196	0.1434	0.68891	0.05743
V453	0.02539	0.07297	0.01632	0.49606	0.38926
V454	0.01207	0.21488	0.52186	0.07035	0.18083
V455	0.05742	0.30234	0.25188	0.09503	0.29333
V456	0.70918	0.11423	0.01871	0.10293	0.05494
V457	0.52416	0.24717	0.04845	0.12431	0.05592
V458	0.02262	0.41338	0.41183	0.10308	0.04909
V459	0.12108	0.12411	0.06405	0.4957	0.19506
V460	0.50549	0.16402	0.16892	0.12141	0.04017
V461	0.15889	0.3504	0.22168	0.07202	0.19702
V462	0.05128	0.12501	0.0297	0.52709	0.26692
V463	0.17971	0.10768	0.02724	0.65064	0.03474
V464	0.12886	0.31281	0.47069	0.06359	0.02405
V465	0.04832	0.16393	0.03469	0.09491	0.65815
V466	0.0384	0.07671	0.01958	0.17373	0.69158
V467	0.05471	0.25181	0.03792	0.56107	0.09449
V468	0.44789	0.32683	0.11059	0.06614	0.04855
V469	0.02153	0.33437	0.07135	0.31668	0.25606
V470	0.63068	0.14608	0.04022	0.14781	0.03521
V471	0.32514	0.30305	0.04461	0.19711	0.13009
V472	0.01914	0.11968	0.0595	0.08185	0.71983
V473	0.03058	0.27341	0.21791	0.33229	0.14581
V474	0.23929	0.17915	0.06932	0.45523	0.05701
V475	0.12725	0.21368	0.44746	0.07718	0.13444
V476	0.13285	0.10871	0.09765	0.59081	0.06998
V477	0.04744	0.81014	0.03814	0.07435	0.02993
V478	0.16673	0.09124	0.02558	0.07905	0.63739
V479	0.63071	0.14778	0.04621	0.14038	0.03491
V480	0.12194	0.57713	0.07356	0.17639	0.05097
V481	0.20611	0.36222	0.07525	0.23129	0.12513
V482	0.10103	0.61394	0.18771	0.06111	0.03621
V483	0.27281	0.47124	0.02208	0.169	0.06487
V484	0.18663	0.46989	0.12151	0.18559	0.03638
V485	0.50204	0.17139	0.11031	0.17458	0.04168
V486	0.06302	0.20112	0.26543	0.05959	0.41085
V487	0.10837	0.23413	0.32504	0.30592	0.02654
V488	0.34183	0.12757	0.01554	0.37105	0.14402
V489	0.01001	0.34171	0.50411	0.11455	0.02962
V490	0.01148	0.21335	0.5367	0.21497	0.02349
V491	0.03523	0.44632	0.06628	0.15695	0.29522
V492	0.03358	0.16192	0.04303	0.71386	0.04761
V493	0.02397	0.0469	0.02143	0.86911	0.03858
V494	0.26821	0.07062	0.03287	0.54434	0.08396
V495	0.26232	0.27455	0.18887	0.20941	0.06485
V496	0.12732	0.12261	0.06927	0.07289	0.60791
V497	0.09379	0.13825	0.14579	0.15414	0.46802
V498	0.06983	0.75449	0.0504	0.07728	0.048
V499	0.0405	0.29766	0.23744	0.11241	0.31199
V500	0.09554	0.4518	0.11644	0.26668	0.06954
V501	0.0711	0.33804	0.03603	0.07922	0.4756
V502	0.12038	0.68976	0.06305	0.09962	0.02719
V503	0.34989	0.14167	0.18215	0.1837	0.14257
V504	0.40465	0.24131	0.02481	0.07805	0.25118
V505	0.5009	0.10268	0.03995	0.14834	0.20813
V506	0.02812	0.49968	0.08335	0.07322	0.31564
V507	0.63775	0.10655	0.045	0.16003	0.05067
V508	0.02704	0.58643	0.20728	0.09745	0.0818
V509	0.04898	0.43945	0.14213	0.24289	0.12655
V510	0.3426	0.4514	0.06189	0.11099	0.03312
V511	0.05354	0.38149	0.41109	0.08678	0.06711
V512	0.13008	0.45049	0.17077	0.10465	0.14402
V513	0.15047	0.59906	0.08916	0.11057	0.05073
V514	0.02052	0.12726	0.21194	0.09758	0.54269
V515	0.0693	0.14605	0.01533	0.73908	0.03024
V516	0.13567	0.35011	0.11177	0.36544	0.03701
V517	0.02214	0.08441	0.05628	0.80169	0.03548
V518	0.31669	0.15959	0.25853	0.22119	0.04401
V519	0.60077	0.14376	0.02262	0.19727	0.03558
V520	0.06883	0.73382	0.04207	0.12737	0.02791
V521	0.17232	0.09092	0.12382	0.58131	0.03162
V522	0.04085	0.30639	0.43728	0.16768	0.04781
V523	0.1136	0.24687	0.52842	0.08813	0.02298
V524	0.2548	0.21462	0.41538	0.05202	0.06318
V525	0.02242	0.24528	0.05088	0.08273	0.59869
V526	0.03387	0.25429	0.60583	0.06703	0.03898
V527	0.0703	0.48373	0.33864	0.06884	0.0385
V528	0.1321	0.05808	0.03312	0.74728	0.02941
V529	0.15979	0.23675	0.51971	0.05533	0.02842
V530	0.0184	0.2481	0.6116	0.08837	0.03353
V531	0.15495	0.48929	0.10232	0.07788	0.17556
V532	0.058	0.32806	0.26716	0.05735	0.28944
V533	0.24783	0.09165	0.01799	0.0784	0.56412
V534	0.11104	0.10584	0.01456	0.72017	0.04839
V535	0.63222	0.19711	0.06029	0.07497	0.03542
V536	0.10506	0.28251	0.32198	0.08288	0.20757
V537	0.02953	0.1074	0.03623	0.08507	0.74178
V538	0.50378	0.17777	0.02332	0.09952	0.19562
V539	0.01548	0.29186	0.49137	0.13602	0.06527
V540	0.14444	0.45301	0.1018	0.10897	0.19178
V541	0.03581	0.40277	0.04453	0.09429	0.42261
V542	0.03649	0.33165	0.11421	0.44686	0.07079
V543	0.05354	0.27102	0.50305	0.08999	0.08241
V544	0.27761	0.26009	0.16851	0.11899	0.1748
V545	0.51041	0.34997	0.0274	0.08152	0.03071
V546	0.06338	0.69124	0.10118	0.07196	0.07223
V547	0.08386	0.67527	0.02576	0.16772	0.0474
V548	0.01649	0.09515	0.02186	0.82898	0.03751
V549	0.01775	0.08521	0.04145	0.22998	0.6256
V550	0.0395	0.74189	0.11147	0.07436	0.03278
V551	0.02487	0.04514	0.01468	0.8822	0.03311
V552	0.20202	0.10037	0.03824	0.10574	0.55364
V553	0.59363	0.10972	0.03295	0.202	0.0617
V554	0.08684	0.19712	0.37519	0.30948	0.03137
V555	0.04545	0.79562	0.03706	0.07212	0.04975
V556	0.07305	0.10568	0.06255	0.69284	0.06589
V557	0.25539	0.25763	0.0502	0.37284	0.06394
V558	0.01147	0.22668	0.5578	0.16976	0.03429
V559	0.084	0.44803	0.36419	0.06015	0.04363
V560	0.49196	0.28726	0.12721	0.06679	0.02678
V561	0.54661	0.12583	0.12856	0.07727	0.12173
V562	0.11256	0.15622	0.15343	0.14388	0.43392
V563	0.17824	0.30935	0.18984	0.15838	0.16419
V564	0.28692	0.10775	0.0684	0.36444	0.17249
V565	0.0196	0.09102	0.03619	0.12169	0.73149
V566	0.24766	0.18563	0.04279	0.35479	0.16914
V567	0.01858	0.25229	0.6584	0.04805	0.02268
V568	0.02738	0.29761	0.34469	0.30944	0.02088
V569	0.483	0.18266	0.10516	0.17599	0.05319
V570	0.1097	0.1437	0.23723	0.43727	0.07211
V571	0.2103	0.12998	0.20479	0.34318	0.11175
V572	0.65749	0.10835	0.01749	0.08506	0.13161
V573	0.0666	0.18452	0.28074	0.37009	0.09805
V574	0.41608	0.30651	0.08344	0.1509	0.04307
V575	0.30637	0.13383	0.12081	0.10917	0.32982
V576	0.04279	0.76715	0.03573	0.07804	0.07628
V577	0.34286	0.44958	0.05513	0.11904	0.03339
V578	0.02435	0.27447	0.40565	0.24062	0.05491
V579	0.02153	0.5042	0.28996	0.07821	0.10611
V580	0.18375	0.4752	0.03517	0.26007	0.0458
V581	0.04469	0.47896	0.31922	0.13035	0.02677
V582	0.0047	0.27287	0.64891	0.0561	0.01743
V583	0.4534	0.17365	0.26576	0.08406	0.02314
V584	0.19003	0.47247	0.11564	0.09174	0.13011
V585	0.04412	0.67692	0.08546	0.12104	0.07246
V586	0.03503	0.69038	0.17043	0.07928	0.02489
V587	0.05331	0.61492	0.03221	0.09253	0.20703
V588	0.18598	0.42621	0.30415	0.0563	0.02736
V589	0.08508	0.37193	0.06161	0.43615	0.04523
V590	0.04804	0.69394	0.0264	0.07701	0.15461
V591	0.38278	0.45124	0.05535	0.07655	0.03408
V592	0.01859	0.21841	0.56215	0.07554	0.12531
V593	0.33769	0.07777	0.02047	0.49936	0.06472
V594	0.00748	0.27532	0.48996	0.17401	0.05323
V595	0.41076	0.12661	0.07192	0.33573	0.05499
V596	0.35586	0.25658	0.18085	0.16654	0.04018
V597	0.03128	0.22721	0.02727	0.16918	0.54506
V598	0.48392	0.10049	0.02295	0.07478	0.31787
V599	0.06549	0.37668	0.09928	0.40795	0.05061
V600	0.22271	0.12499	0.16473	0.38116	0.10641
V601	0.12442	0.14107	0.02254	0.49227	0.2197
V602	0.64392	0.216	0.02009	0.08719	0.0328
V603	0.12099	0.19428	0.0467	0.18657	0.45146
V604	0.01938	0.21919	0.52557	0.13427	0.1016
V605	0.03288	0.1567	0.13386	0.12598	0.55059
V606	0.65679	0.10293	0.01745	0.08537	0.13745
V607	0.14954	0.17395	0.0399	0.08112	0.55549
V608	0.58122	0.12048	0.04531	0.14506	0.10793
V609	0.15726	0.2968	0.03162	0.42825	0.08607
V610	0.07795	0.5641	0.03022	0.29405	0.03368
V611	0.2049	0.2194	0.44881	0.06995	0.05694
V612	0.29623	0.18642	0.25984	0.07082	0.18668
V613	0.34249	0.47539	0.05609	0.09793	0.02811
V614	0.44191	0.11854	0.03473	0.13587	0.26896
V615	0.01311	0.15521	0.12634	0.56414	0.1412
V616	0.4984	0.12742	0.13586	0.18646	0.05187
V617	0.17592	0.22079	0.36212	0.13039	0.11077
V618	0.56034	0.17938	0.07203	0.08128	0.10697
V619	0.42925	0.15777	0.14353	0.06983	0.19962
V620	0.03924	0.15033	0.28497	0.49731	0.02815
V621	0.11851	0.29959	0.26237	0.05705	0.26247
V622	0.0216	0.29801	0.30673	0.06399	0.30968
V623	0.06609	0.06072	0.02098	0.68689	0.16532
V624	0.68948	0.10723	0.02335	0.09939	0.08056
V625	0.01347	0.11673	0.09304	0.74288	0.03389
V626	0.06029	0.19422	0.41867	0.29049	0.03634
V627	0.09879	0.22686	0.12433	0.08923	0.46079
V628	0.71029	0.12148	0.02467	0.10971	0.03385
V629	0.09875	0.34301	0.46304	0.07097	0.02423
V630	0.02224	0.22727	0.04314	0.09241	0.61494
V631	0.01177	0.14521	0.25107	0.07208	0.51986
V632	0.04665	0.6807	0.03307	0.10031	0.13928
V633	0.0548	0.08623	0.09448	0.52502	0.23947
V634	0.33227	0.42711	0.14421	0.07081	0.02559
V635	0.04085	0.20166	0.18152	0.08011	0.49586
V636	0.1602	0.25636	0.26416	0.21606	0.10322
V637	0.16703	0.17098	0.32452	0.25699	0.08047
V638	0.07263	0.4412	0.04365	0.14054	0.30198
V639	0.42707	0.38541	0.08609	0.06828	0.03314
V640	0.0988	0.23351	0.09128	0.26704	0.30938
V641	0.08901	0.62105	0.04572	0.19814	0.04608
V642	0.56076	0.12011	0.02167	0.26748	0.02999
V643	0.04967	0.74354	0.0882	0.09187	0.02672
V644	0.04208	0.38662	0.04066	0.47774	0.0529
V645	0.14555	0.63898	0.03944	0.14844	0.02758
V646	0.11856	0.47331	0.0492	0.2803	0.07863
V647	0.70016	0.10831	0.02389	0.13439	0.03325
V648	0.36273	0.16062	0.0223	0.31102	0.14333
V649	0.22919	0.17071	0.08776	0.1606	0.35174
V650	0.02947	0.05922	0.06275	0.81914	0.02942
V651	0.12431	0.20998	0.01654	0.61994	0.02923
V652	0.29191	0.08144	0.04555	0.54163	0.03947
V653	0.27718	0.09243	0.05955	0.51367	0.05716
V654	0.03946	0.14346	0.01977	0.13234	0.66497
V655	0.12596	0.16817	0.24866	0.42866	0.02855
V656	0.11109	0.09081	0.0182	0.16281	0.61709
V657	0.03494	0.44024	0.04945	0.36652	0.10885
V658	0.0314	0.08856	0.04293	0.61098	0.22612
V659	0.02087	0.08533	0.078	0.74251	0.07329
V660	0.06134	0.34781	0.04327	0.10264	0.44494
V661	0.04125	0.57522	0.03794	0.23582	0.10977
V662	0.03681	0.42826	0.04501	0.06958	0.42035
V663	0.73448	0.11562	0.02597	0.08832	0.03561
V664	0.02866	0.08999	0.12008	0.41112	0.35014
V665	0.02657	0.57499	0.20605	0.13782	0.05457
V666	0.08772	0.74181	0.06533	0.0774	0.02775
V667	0.0312	0.51461	0.24329	0.15096	0.05994
V668	0.4997	0.27091	0.06176	0.12344	0.04418
V669	0.3849	0.31528	0.04444	0.14816	0.10722
V670	0.08609	0.5687	0.06746	0.09642	0.18133
V671	0.56702	0.14212	0.16384	0.09639	0.03064
V672	0.0857	0.14651	0.09733	0.3306	0.33986
V673	0.02022	0.09851	0.02	0.17408	0.6872
V674	0.2778	0.24838	0.37328	0.05342	0.04713
V675	0.53288	0.10509	0.05124	0.20203	0.10876
V676	0.19907	0.25	0.38335	0.05252	0.11506
V677	0.04063	0.30182	0.19926	0.39045	0.06784
V678	0.05209	0.32929	0.03594	0.09618	0.4865
V679	0.01424	0.16346	0.35876	0.43669	0.02686
V680	0.15074	0.07932	0.03582	0.37648	0.35764
V681	0.41567	0.11501	0.05228	0.32435	0.09269
V682	0.00395	0.26162	0.66731	0.04951	0.01761
V683	0.0566	0.31535	0.48278	0.04947	0.0958
V684	0.05738	0.05545	0.02071	0.8353	0.03116
V685	0.01116	0.2401	0.59424	0.13191	0.02259
V686	0.24479	0.5427	0.08633	0.08787	0.03831
V687	0.00533	0.183	0.44223	0.33838	0.03106
V688	0.00354	0.25628	0.65651	0.05515	0.02853
V689	0.38551	0.16842	0.17315	0.15245	0.12047
V690	0.09681	0.73217	0.04216	0.09412	0.03474
V691	0.12067	0.16594	0.05619	0.60515	0.05205
V692	0.06558	0.07378	0.02744	0.73854	0.09466
V693	0.02016	0.50088	0.36846	0.08388	0.02662
V694	0.07882	0.20956	0.05066	0.58147	0.0795
V695	0.11506	0.20259	0.14656	0.0802	0.45559
V696	0.0965	0.21854	0.53926	0.0542	0.0915
V697	0.08616	0.21179	0.26622	0.33748	0.09835
V698	0.02246	0.13221	0.17374	0.07688	0.59471
V699	0.03849	0.07756	0.05668	0.64687	0.1804
V700	0.05583	0.71121	0.09467	0.06523	0.07307
V701	0.02272	0.22596	0.03584	0.08533	0.63016
V702	0.02573	0.14483	0.02258	0.66848	0.13838
V703	0.02299	0.06437	0.03501	0.84055	0.03707
V704	0.0423	0.20287	0.3348	0.07114	0.34889
V705	0.7094	0.12013	0.01885	0.09664	0.05497
V706	0.12758	0.20843	0.14734	0.43472	0.08193
V707	0.12502	0.18304	0.08197	0.30224	0.30773
V708	0.02411	0.55695	0.33294	0.0642	0.0218
V709	0.01937	0.10357	0.05214	0.08444	0.74048
V710	0.10631	0.19835	0.3854	0.05338	0.25656
V711	0.06513	0.08591	0.04206	0.09866	0.70824
V712	0.05015	0.21477	0.50698	0.19898	0.02912
V713	0.2052	0.43147	0.26939	0.07152	0.02242
V714	0.05861	0.08969	0.02049	0.0873	0.74391
V715	0.01188	0.36421	0.46052	0.13879	0.0246
V716	0.57523	0.22876	0.03014	0.12009	0.04578
V717	0.32733	0.23506	0.12162	0.08478	0.23121
V718	0.50177	0.15674	0.21936	0.06694	0.05519
V719	0.32784	0.27786	0.10705	0.16736	0.1199
V720	0.11566	0.13589	0.09893	0.10061	0.54891
V721	0.03603	0.09816	0.06591	0.09682	0.70308
V722	0.02691	0.24941	0.068	0.50369	0.15199
V723	0.0948	0.2441	0.10962	0.50753	0.04395
V724	0.11311	0.56755	0.05883	0.22809	0.03243
V725	0.03934	0.09139	0.02857	0.08726	0.75344
V726	0.19318	0.4634	0.07095	0.11805	0.15443
V727	0.01105	0.25468	0.65135	0.05463	0.0283
V728	0.58301	0.13983	0.11326	0.13217	0.03173
V729	0.47535	0.17235	0.04017	0.27863	0.0335
V730	0.09812	0.1643	0.30543	0.36869	0.06346
V731	0.01365	0.0722	0.06365	0.82085	0.02964
V732	0.02411	0.04682	0.0215	0.87521	0.03236
V733	0.02701	0.26274	0.63445	0.04755	0.02825
V734	0.37606	0.21745	0.27763	0.09614	0.03272
V735	0.06751	0.2458	0.20459	0.0841	0.39799
V736	0.02115	0.12066	0.02892	0.08613	0.74315
V737	0.73087	0.12025	0.02589	0.08768	0.03531
V738	0.0287	0.44179	0.03793	0.07842	0.41316
V739	0.02491	0.05871	0.01462	0.86917	0.03259
V740	0.19078	0.17251	0.11204	0.08176	0.44292
V741	0.40675	0.09852	0.02098	0.34642	0.12733
V742	0.06134	0.19719	0.41711	0.19193	0.13244
V743	0.03426	0.13513	0.08659	0.16516	0.57885
V744	0.15897	0.14837	0.15049	0.48715	0.05501
V745	0.14156	0.08569	0.05377	0.68511	0.03387
V746	0.31266	0.49804	0.05677	0.07511	0.05742
V747	0.02667	0.26012	0.62557	0.054	0.03365
V748	0.13718	0.28734	0.24667	0.10882	0.21999
V749	0.15665	0.1714	0.11584	0.43114	0.12497
V750	0.58885	0.23297	0.02494	0.1226	0.03065
V751	0.03106	0.42623	0.44424	0.0734	0.02507
V752	0.03031	0.18901	0.04286	0.08546	0.65236
V753	0.41832	0.18057	0.20457	0.08608	0.11045
V754	0.10184	0.29884	0.02483	0.54002	0.03447
V755	0.21466	0.62182	0.06082	0.06885	0.03385
V756	0.02943	0.17104	0.0421	0.12776	0.62966
V757	0.14746	0.07941	0.09534	0.64523	0.03257
V758	0.06113	0.38321	0.01989	0.50107	0.03469
V759	0.08817	0.13176	0.10821	0.07048	0.60138
V760	0.07144	0.1449	0.19234	0.27593	0.31539
V761	0.05063	0.36488	0.50365	0.05684	0.02399
V762	0.01991	0.13545	0.15983	0.40565	0.27917
V763	0.03428	0.29441	0.02891	0.07527	0.56713
V764	0.0987	0.12044	0.08357	0.65836	0.03893
V765	0.13365	0.22065	0.47482	0.08976	0.08112
V766	0.06526	0.47464	0.22832	0.10289	0.1289
V767	0.23675	0.44648	0.07709	0.10918	0.13051
V768	0.05753	0.72154	0.07169	0.11612	0.03312
V769	0.5665	0.14725	0.15855	0.0707	0.057
V770	0.23314	0.1835	0.37197	0.18579	0.0256
V771	0.06301	0.63763	0.03194	0.15811	0.10931
V772	0.04203	0.25604	0.63015	0.05464	0.01713
V773	0.03733	0.0802	0.01874	0.23187	0.63186
V774	0.12889	0.19435	0.41551	0.05208	0.20917
V775	0.68374	0.10882	0.03451	0.13092	0.04201
V776	0.29384	0.41602	0.1531	0.08974	0.04731
V777	0.17686	0.39212	0.21766	0.15494	0.05842
V778	0.43117	0.13101	0.02775	0.25683	0.15323
V779	0.0578	0.44567	0.39806	0.06703	0.03144
V780	0.01865	0.25175	0.65727	0.05517	0.01715
V781	0.15441	0.34732	0.16866	0.06071	0.2689
V782	0.20871	0.27428	0.04024	0.07764	0.39914
V783	0.00533	0.20652	0.49161	0.07231	0.22423
V784	0.03175	0.54148	0.02289	0.308	0.09588
V785	0.55984	0.19174	0.01736	0.1627	0.06837
V786	0.14184	0.21073	0.02948	0.57144	0.04651
V787	0.12282	0.52513	0.02259	0.2494	0.08006
V788	0.32031	0.4058	0.08196	0.06493	0.12701
V789	0.01929	0.18769	0.02476	0.43291	0.33534
V790	0.24247	0.26459	0.07397	0.16722	0.25176
V791	0.15698	0.2573	0.08281	0.23709	0.26581
V792	0.71182	0.12578	0.03626	0.08256	0.04358
V793	0.2812	0.29196	0.06621	0.15001	0.21062
V794	0.02341	0.11588	0.10934	0.22362	0.52775
V795	0.12333	0.7159	0.04195	0.07762	0.0412
V796	0.24607	0.39331	0.11111	0.20076	0.04874
V797	0.13972	0.08154	0.01875	0.09769	0.66229
V798	0.12118	0.47325	0.02946	0.14854	0.22758
V799	0.0334	0.18279	0.05784	0.65973	0.06624
V800	0.03665	0.09277	0.03375	0.18443	0.6524
V801	0.3013	0.10527	0.11462	0.43032	0.0485
V802	0.04101	0.24157	0.03541	0.08339	0.59861
V803	0.24988	0.09053	0.02065	0.59194	0.047
V804	0.16272	0.22627	0.17674	0.37386	0.06042
V805	0.11847	0.25321	0.34657	0.19462	0.08713
V806	0.37806	0.1425	0.17397	0.11711	0.18837
V807	0.56267	0.11485	0.07014	0.11504	0.1373
V808	0.64315	0.11897	0.0579	0.07921	0.10077
V809	0.17946	0.54509	0.04415	0.0971	0.13419
V810	0.03243	0.11813	0.05176	0.48272	0.31496
V811	0.05563	0.16113	0.04066	0.16765	0.57494
V812	0.02782	0.59421	0.19068	0.13875	0.04853
V813	0.0341	0.29126	0.20639	0.06163	0.40661
V814	0.17216	0.49145	0.07804	0.2144	0.04396
V815	0.20565	0.58783	0.0521	0.1212	0.03321
V816	0.02778	0.44532	0.02806	0.44511	0.05373
V817	0.59467	0.15304	0.13229	0.09298	0.02702
V818	0.03784	0.29823	0.30628	0.08514	0.27251
V819	0.70574	0.12242	0.03019	0.10835	0.0333
V820	0.06329	0.35101	0.12156	0.41423	0.0499
V821	0.02173	0.09092	0.02187	0.09221	0.77327
V822	0.15957	0.07161	0.02671	0.71262	0.02949
V823	0.04789	0.1954	0.21195	0.06309	0.48168
V824	0.07499	0.11542	0.04187	0.07958	0.68813
V825	0.11452	0.20109	0.46808	0.19753	0.01877
V826	0.03377	0.2496	0.63156	0.06811	0.01695
V827	0.2895	0.18175	0.01643	0.40811	0.10421
V828	0.21055	0.21613	0.11154	0.11849	0.34328
V829	0.07892	0.20227	0.26489	0.20704	0.24689
V830	0.11519	0.2215	0.50239	0.06845	0.09248
V831	0.03391	0.63596	0.06883	0.2157	0.04561
V832	0.18817	0.08986	0.07895	0.28126	0.36175
V833	0.17557	0.66106	0.03344	0.06969	0.06025
V834	0.57838	0.20379	0.0475	0.09736	0.07297
V835	0.21036	0.29952	0.09501	0.30591	0.0892
V836	0.28126	0.21524	0.33437	0.14291	0.02622
V837	0.03924	0.72104	0.04163	0.10893	0.08916
V838	0.01278	0.0631	0.07776	0.81089	0.03548
V839	0.04426	0.12586	0.08786	0.07504	0.66697
V840	0.69752	0.1188	0.041	0.10544	0.03723
V841	0.16659	0.23226	0.52238	0.0555	0.02327
V842	0.39917	0.1592	0.17534	0.23149	0.0348
V843	0.37309	0.12665	0.13905	0.12773	0.23348
V844	0.01558	0.32282	0.55751	0.06942	0.03466
V845	0.0328	0.06087	0.01521	0.6283	0.26283
V846	0.10568	0.13658	0.10696	0.12478	0.526
V847	0.1909	0.09721	0.0657	0.18265	0.46355
V848	0.57603	0.12539	0.02204	0.15523	0.12132
V849	0.10725	0.24422	0.51366	0.05474	0.08014
V850	0.1762	0.16774	0.24964	0.18695	0.21947
V851	0.73169	0.11304	0.0199	0.09454	0.04083
V852	0.20926	0.14549	0.0873	0.21863	0.33931
V853	0.03067	0.27075	0.46017	0.16666	0.07176
V854	0.04346	0.37929	0.22979	0.12783	0.21964
V855	0.09267	0.36895	0.09909	0.34791	0.09138
V856	0.14449	0.39404	0.0716	0.06582	0.32404
V857	0.07149	0.13596	0.15745	0.42763	0.20747
V858	0.02705	0.36317	0.18183	0.24972	0.17823
V859	0.1167	0.07095	0.03343	0.72503	0.05389
V860	0.0407	0.17358	0.0722	0.64106	0.07246
V861	0.12137	0.10535	0.11843	0.62302	0.03182
V862	0.07264	0.08851	0.04023	0.16269	0.63594
V863	0.04417	0.78365	0.04406	0.07897	0.04915
V864	0.03311	0.2363	0.61134	0.10228	0.01696
V865	0.06616	0.19612	0.46559	0.25322	0.01892
V866	0.02814	0.22269	0.47237	0.24129	0.03551
V867	0.47822	0.11945	0.02312	0.07419	0.30501
V868	0.18086	0.30412	0.32292	0.15456	0.03754
V869	0.02864	0.08686	0.04408	0.09423	0.7462
V870	0.22899	0.21757	0.08684	0.28358	0.18302
V871	0.04215	0.14201	0.10951	0.1527	0.55364
V872	0.31476	0.10481	0.02696	0.48906	0.06442
V873	0.0526	0.32826	0.14562	0.39707	0.07647
V874	0.09464	0.12558	0.02659	0.08739	0.6658
V875	0.01849	0.20245	0.03844	0.51761	0.22302
V876	0.39886	0.15017	0.06916	0.08239	0.29942
V877	0.20335	0.5489	0.05796	0.1512	0.03858
V878	0.03239	0.59168	0.06043	0.27627	0.03923
V879	0.68914	0.13719	0.02984	0.10626	0.03757
V880	0.07832	0.1337	0.04395	0.45227	0.29175
V881	0.01427	0.19276	0.43331	0.05366	0.30599
V882	0.04377	0.41079	0.03407	0.4836	0.02776
V883	0.41714	0.21373	0.02932	0.23301	0.10679
V884	0.02168	0.08331	0.02189	0.10196	0.77117
V885	0.13693	0.20734	0.31892	0.15058	0.18624
V886	0.01674	0.077	0.04828	0.2804	0.57758
V887	0.08902	0.74962	0.03548	0.07058	0.05529
V888	0.05716	0.14206	0.06369	0.66464	0.07245
V889	0.11159	0.69483	0.06298	0.09082	0.03978
V890	0.03534	0.09821	0.13007	0.62501	0.11138
V891	0.00459	0.27159	0.64357	0.06292	0.01734
V892	0.48753	0.26909	0.03703	0.07641	0.12994
V893	0.11693	0.29585	0.39896	0.12224	0.06601
V894	0.08951	0.46659	0.06385	0.31523	0.06482
V895	0.50347	0.15734	0.22418	0.08607	0.02894
V896	0.17027	0.26966	0.20592	0.32518	0.02897
V897	0.0136	0.05751	0.04972	0.75644	0.12273
V898	0.34586	0.09683	0.0299	0.09605	0.43136
V899	0.45998	0.32751	0.09039	0.06721	0.05491
