mature.neutrophil	CD14.pos.CD16.neg.classical.monocyte	macrophage	memory.CD4.pos.AB.T.cell	cytotoxic.CD56.dim.NK.cell
V1	0.26884	0.20667	0.22849	0.17584	0.12017
V2	0.05589	0.69713	0.0908	0.11074	0.04544
V3	0.05724	0.1464	0.35982	0.40613	0.0304
V4	0.01792	0.11087	0.21556	0.10234	0.55331
V5	0.02306	0.06587	0.07007	0.15144	0.68955
V6	0.27153	0.13496	0.23913	0.25327	0.10111
V7	0.01343	0.16078	0.3597	0.11168	0.35442
V8	0.0141	0.22657	0.64318	0.09778	0.01837
V9	0.05121	0.10108	0.22579	0.59346	0.02846
V10	0.36549	0.1811	0.37312	0.0446	0.03569
V11	0.03866	0.08999	0.10715	0.11788	0.64632
V12	0.07306	0.10439	0.19903	0.3219	0.30162
V13	0.11649	0.09311	0.04961	0.44139	0.2994
V14	0.13714	0.06436	0.07638	0.62946	0.09266
V15	0.02608	0.05455	0.01398	0.86075	0.04463
V16	0.46543	0.12488	0.02697	0.35566	0.02705
V17	0.06584	0.24586	0.03791	0.11393	0.53646
V18	0.07693	0.41116	0.24648	0.24263	0.02279
V19	0.0352	0.06081	0.01725	0.16916	0.71758
V20	0.00655	0.18755	0.55206	0.22684	0.02699
V21	0.02443	0.27443	0.13912	0.20422	0.35781
V22	0.66359	0.15987	0.07362	0.0625	0.04044
V23	0.07607	0.07137	0.03737	0.18415	0.63104
V24	0.39116	0.16417	0.03666	0.1054	0.30262
V25	0.0282	0.069	0.02923	0.44958	0.42398
V26	0.40192	0.23494	0.07432	0.09847	0.19035
V27	0.11207	0.47398	0.19408	0.05926	0.16062
V28	0.02978	0.13856	0.18387	0.60021	0.04757
V29	0.00944	0.10707	0.27987	0.5692	0.03441
V30	0.60465	0.16595	0.04104	0.08678	0.10158
V31	0.35848	0.17457	0.02987	0.275	0.16208
V32	0.75305	0.08952	0.02055	0.07416	0.06272
V33	0.02855	0.2055	0.03673	0.16789	0.56134
V34	0.1207	0.75551	0.04825	0.06446	0.01108
V35	0.08756	0.56659	0.25961	0.07448	0.01177
V36	0.03076	0.21834	0.16771	0.13743	0.44577
V37	0.61948	0.08074	0.01295	0.08101	0.20583
V38	0.10148	0.16574	0.39002	0.21607	0.12671
V39	0.26667	0.15646	0.28364	0.06422	0.22901
V40	0.20749	0.54389	0.04994	0.15787	0.04081
V41	0.05338	0.75625	0.0562	0.05967	0.07449
V42	0.70036	0.11852	0.03295	0.07596	0.07221
V43	0.38172	0.22806	0.29372	0.07208	0.02442
V44	0.03342	0.35909	0.46504	0.04493	0.09753
V45	0.03866	0.59862	0.1245	0.19117	0.04705
V46	0.11115	0.67694	0.1044	0.0833	0.0242
V47	0.00673	0.23877	0.69449	0.03594	0.02407
V48	0.14134	0.19201	0.20248	0.3445	0.11968
V49	0.37324	0.21687	0.2044	0.17913	0.02635
V50	0.023	0.24629	0.67794	0.03511	0.01766
V51	0.09414	0.29301	0.19339	0.11117	0.30829
V52	0.05903	0.81328	0.05222	0.06523	0.01025
V53	0.02999	0.16954	0.02598	0.74278	0.0317
V54	0.18644	0.05338	0.02542	0.56237	0.17239
V55	0.06897	0.04191	0.01275	0.83916	0.0372
V56	0.06755	0.03661	0.0191	0.75763	0.11911
V57	0.1282	0.25205	0.4485	0.06652	0.10474
V58	0.06803	0.07406	0.13445	0.24297	0.48049
V59	0.6839	0.12119	0.09059	0.07449	0.02984
V60	0.35428	0.24163	0.12694	0.17143	0.10572
V61	0.17291	0.0676	0.04138	0.2691	0.44901
V62	0.05564	0.13006	0.26563	0.17189	0.37677
V63	0.34133	0.27403	0.07728	0.09308	0.21429
V64	0.75536	0.10588	0.03421	0.0712	0.03335
V65	0.07867	0.11172	0.05067	0.6216	0.13734
V66	0.02886	0.07145	0.12548	0.73539	0.03882
V67	0.01463	0.12946	0.29573	0.13727	0.42291
V68	0.36311	0.15197	0.3231	0.08257	0.07925
V69	0.47369	0.20203	0.18257	0.07431	0.0674
V70	0.06066	0.62406	0.07898	0.20951	0.02679
V71	0.09369	0.68971	0.08225	0.11661	0.01774
V72	0.04311	0.37143	0.05168	0.09471	0.43907
V73	0.05593	0.06728	0.10148	0.57835	0.19696
V74	0.01773	0.0851	0.02222	0.78398	0.09098
V75	0.37816	0.26425	0.26804	0.06019	0.02935
V76	0.01592	0.04359	0.02812	0.83351	0.07886
V77	0.02169	0.22744	0.66333	0.06944	0.0181
V78	0.00688	0.24129	0.6853	0.04262	0.02391
V79	0.07641	0.37298	0.06484	0.19201	0.29376
V80	0.12101	0.647	0.04204	0.10777	0.08219
V81	0.0146	0.23863	0.69342	0.03535	0.01799
V82	0.20214	0.17703	0.04504	0.5419	0.0339
V83	0.08925	0.10836	0.03599	0.56051	0.20589
V84	0.09122	0.18119	0.02761	0.11993	0.58006
V85	0.00677	0.23855	0.6939	0.04258	0.0182
V86	0.02607	0.28627	0.27249	0.38758	0.0276
V87	0.37555	0.07925	0.05194	0.45238	0.04087
V88	0.26589	0.19169	0.06702	0.24106	0.23435
V89	0.04071	0.26782	0.60496	0.06945	0.01706
V90	0.02637	0.1996	0.0737	0.16213	0.5382
V91	0.01385	0.05807	0.08067	0.81246	0.03495
V92	0.21157	0.09403	0.04303	0.12111	0.53026
V93	0.01519	0.13828	0.15396	0.5205	0.17207
V94	0.04225	0.18128	0.04139	0.29179	0.44329
V95	0.06392	0.23153	0.04395	0.16642	0.49417
V96	0.6414	0.09544	0.03756	0.09185	0.13375
V97	0.14635	0.08667	0.05779	0.17636	0.53283
V98	0.05233	0.37039	0.18417	0.16901	0.22411
V99	0.42843	0.16573	0.02248	0.26686	0.1165
V100	0.44468	0.20322	0.06486	0.11227	0.17496
V101	0.06745	0.79912	0.05893	0.06432	0.01018
V102	0.26338	0.26804	0.13925	0.15551	0.17383
V103	0.12258	0.05075	0.02244	0.12702	0.6772
V104	0.04939	0.38906	0.10541	0.09087	0.36526
V105	0.02381	0.06909	0.05495	0.1611	0.69105
V106	0.05285	0.67653	0.17597	0.05763	0.03702
V107	0.04584	0.32535	0.52797	0.07909	0.02175
V108	0.0205	0.31818	0.60938	0.03583	0.01611
V109	0.05926	0.22337	0.07233	0.32046	0.32459
V110	0.156	0.47038	0.19131	0.15517	0.02714
V111	0.23225	0.31135	0.39213	0.04778	0.01649
V112	0.15593	0.06883	0.1065	0.48262	0.18612
V113	0.20713	0.08197	0.10731	0.20637	0.39721
V114	0.46721	0.13673	0.0607	0.22093	0.11443
V115	0.70675	0.08396	0.01921	0.08112	0.10896
V116	0.02735	0.05563	0.01808	0.14324	0.7557
V117	0.04504	0.21253	0.60124	0.10523	0.03596
V118	0.04275	0.04065	0.01301	0.85211	0.05149
V119	0.2584	0.15044	0.31907	0.24994	0.02215
V120	0.01379	0.2061	0.60862	0.12874	0.04275
V121	0.18683	0.6379	0.04111	0.06708	0.06707
V122	0.03676	0.36492	0.10373	0.2799	0.21469
V123	0.40458	0.11297	0.08148	0.23476	0.16621
V124	0.18673	0.15098	0.07384	0.27002	0.31843
V125	0.04102	0.46491	0.42788	0.04688	0.01931
V126	0.13591	0.23421	0.20574	0.16134	0.26281
V127	0.21672	0.18428	0.48977	0.08482	0.02441
V128	0.19709	0.67061	0.05049	0.05632	0.02549
V129	0.21974	0.13854	0.2357	0.20803	0.19799
V130	0.03363	0.45471	0.06966	0.27691	0.16509
V131	0.01874	0.09256	0.20238	0.65642	0.0299
V132	0.30306	0.07125	0.01261	0.37902	0.23405
V133	0.01076	0.19151	0.45136	0.1226	0.22377
V134	0.0619	0.21451	0.58533	0.06048	0.07778
V135	0.02519	0.25478	0.5587	0.06344	0.09788
V136	0.77526	0.09318	0.02172	0.07482	0.03501
V137	0.72205	0.11056	0.02063	0.09684	0.04991
V138	0.21627	0.18138	0.08994	0.19065	0.32176
V139	0.10624	0.07472	0.14538	0.63703	0.03663
V140	0.03588	0.08077	0.15212	0.11208	0.61915
V141	0.02148	0.31945	0.51275	0.12373	0.02258
V142	0.17722	0.1207	0.28285	0.17015	0.24908
V143	0.02238	0.27843	0.40617	0.16866	0.12435
V144	0.41883	0.24403	0.08129	0.17115	0.0847
V145	0.00672	0.23758	0.67603	0.04985	0.02981
V146	0.03803	0.31554	0.03296	0.36219	0.25128
V147	0.0806	0.22607	0.52163	0.12982	0.04188
V148	0.15184	0.68485	0.05124	0.08688	0.02519
V149	0.01718	0.03999	0.01369	0.8559	0.07324
V150	0.12129	0.29882	0.46674	0.04265	0.07049
V151	0.36257	0.07107	0.02481	0.42684	0.1147
V152	0.0207	0.05944	0.10978	0.7222	0.08788
V153	0.14296	0.27086	0.38183	0.09062	0.11373
V154	0.11358	0.53148	0.05788	0.09305	0.204
V155	0.03727	0.07177	0.12503	0.72748	0.03844
V156	0.08695	0.15091	0.33608	0.18415	0.24191
V157	0.08506	0.11639	0.15965	0.31125	0.32764
V158	0.16272	0.14463	0.36643	0.09568	0.23054
V159	0.10382	0.21553	0.03398	0.59227	0.05439
V160	0.38134	0.205	0.10195	0.10569	0.20602
V161	0.19102	0.08699	0.07177	0.10574	0.54448
V162	0.00724	0.24524	0.69374	0.03572	0.01806
V163	0.06011	0.05693	0.03091	0.15462	0.69743
V164	0.73988	0.12744	0.02878	0.0767	0.02719
V165	0.49719	0.24705	0.09353	0.10598	0.05625
V166	0.05143	0.09019	0.21121	0.55809	0.08909
V167	0.0406	0.56967	0.05368	0.18951	0.14655
V168	0.00724	0.24524	0.69374	0.03572	0.01806
V169	0.05623	0.61224	0.17994	0.12704	0.02454
V170	0.21643	0.36135	0.0765	0.23712	0.1086
V171	0.24797	0.18901	0.30364	0.20207	0.0573
V172	0.16325	0.24095	0.0872	0.1041	0.4045
V173	0.18231	0.14775	0.09566	0.41979	0.1545
V174	0.17631	0.12414	0.299	0.22614	0.17441
V175	0.07393	0.18416	0.12481	0.23311	0.38398
V176	0.31095	0.06549	0.01863	0.57354	0.03139
V177	0.15768	0.1855	0.44127	0.18963	0.02592
V178	0.2236	0.17808	0.37027	0.14654	0.08152
V179	0.09682	0.06389	0.02334	0.1284	0.68755
V180	0.03081	0.13335	0.30137	0.08662	0.44784
V181	0.06697	0.26548	0.02448	0.14349	0.49958
V182	0.46995	0.24058	0.02599	0.21008	0.0534
V183	0.07672	0.79792	0.05098	0.05703	0.01734
V184	0.25697	0.12273	0.25171	0.32637	0.04222
V185	0.09877	0.4362	0.05301	0.20136	0.21066
V186	0.12407	0.19468	0.04739	0.30248	0.33139
V187	0.07985	0.59489	0.03972	0.26343	0.0221
V188	0.6677	0.11174	0.04462	0.14478	0.03116
V189	0.3807	0.24733	0.05397	0.28905	0.02895
V190	0.33965	0.15791	0.19641	0.08126	0.22476
V191	0.18994	0.21968	0.02639	0.44727	0.11671
V192	0.27112	0.22526	0.12912	0.24995	0.12454
V193	0.06378	0.29487	0.43064	0.08334	0.12737
V194	0.22944	0.1156	0.09376	0.17357	0.38763
V195	0.45722	0.2429	0.21236	0.06281	0.02471
V196	0.02294	0.0588	0.06992	0.15255	0.69579
V197	0.07406	0.77017	0.04931	0.08886	0.0176
V198	0.20277	0.23311	0.05549	0.25504	0.2536
V199	0.60379	0.13092	0.1893	0.05374	0.02225
V200	0.62104	0.08252	0.0432	0.09313	0.1601
V201	0.04076	0.0397	0.03375	0.70859	0.1772
V202	0.74107	0.13061	0.01655	0.07844	0.03333
V203	0.44812	0.26401	0.04715	0.1162	0.12451
V204	0.29589	0.12916	0.05025	0.09528	0.42942
V205	0.10702	0.10155	0.11916	0.15459	0.51768
V206	0.04516	0.11395	0.01595	0.76402	0.06092
V207	0.02608	0.05455	0.01398	0.86075	0.04463
V208	0.13416	0.29658	0.3959	0.08779	0.08558
V209	0.14328	0.09248	0.10228	0.12528	0.53669
V210	0.0066	0.23656	0.69016	0.04269	0.02398
V211	0.13922	0.11557	0.18851	0.11167	0.44503
V212	0.06303	0.67201	0.11237	0.09345	0.05914
V213	0.09679	0.05724	0.07128	0.3146	0.4601
V214	0.02897	0.52572	0.35659	0.05752	0.0312
V215	0.2166	0.25113	0.1397	0.13966	0.2529
V216	0.05602	0.14477	0.28765	0.1105	0.40106
V217	0.01539	0.03843	0.0351	0.81161	0.09947
V218	0.06796	0.24042	0.25634	0.34601	0.08928
V219	0.11181	0.31613	0.33155	0.21665	0.02387
V220	0.18319	0.64514	0.09343	0.06007	0.01817
V221	0.04416	0.19086	0.41204	0.07123	0.28171
V222	0.03502	0.05642	0.02489	0.14633	0.73734
V223	0.40994	0.13642	0.26213	0.15856	0.03294
V224	0.04675	0.49217	0.0569	0.14742	0.25677
V225	0.57267	0.22152	0.12379	0.05571	0.0263
V226	0.41085	0.47346	0.03286	0.05942	0.02342
V227	0.08744	0.24477	0.02855	0.58521	0.05403
V228	0.45666	0.14443	0.2305	0.11845	0.04996
V229	0.22811	0.39729	0.24473	0.09007	0.0398
V230	0.035	0.04934	0.02483	0.14777	0.74306
V231	0.0643	0.53908	0.08937	0.22203	0.08521
V232	0.62894	0.12469	0.16187	0.06171	0.0228
V233	0.06092	0.09857	0.14397	0.17166	0.52487
V234	0.02355	0.36699	0.20698	0.36323	0.03925
V235	0.76543	0.0958	0.01539	0.09403	0.02936
V236	0.07062	0.17963	0.49232	0.20071	0.05671
V237	0.10999	0.16033	0.23452	0.32976	0.1654
V238	0.02169	0.04877	0.02261	0.35294	0.554
V239	0.06656	0.37481	0.07254	0.23128	0.2548
V240	0.07098	0.73987	0.05514	0.07409	0.05992
V241	0.059	0.81422	0.05213	0.05738	0.01727
V242	0.0371	0.33788	0.2698	0.29018	0.06504
V243	0.37864	0.13837	0.2734	0.0824	0.12719
V244	0.03595	0.39514	0.19397	0.13697	0.23796
V245	0.05502	0.78231	0.07372	0.07903	0.00993
V246	0.51022	0.27697	0.04759	0.07056	0.09466
V247	0.15849	0.23885	0.47422	0.08746	0.04098
V248	0.09573	0.53863	0.05868	0.07967	0.22728
V249	0.21546	0.14877	0.18866	0.1564	0.29071
V250	0.02433	0.19734	0.50788	0.08053	0.18992
V251	0.18366	0.0863	0.09138	0.5698	0.06886
V252	0.02717	0.23639	0.44664	0.17298	0.11682
V253	0.26425	0.50677	0.10574	0.09642	0.02681
V254	0.44628	0.35594	0.02596	0.13987	0.03195
V255	0.66058	0.14251	0.01554	0.09088	0.09049
V256	0.04679	0.67212	0.05881	0.07284	0.14943
V257	0.36896	0.31445	0.14447	0.09111	0.081
V258	0.14402	0.30058	0.067	0.45839	0.03001
V259	0.43534	0.30237	0.16818	0.05852	0.03559
V260	0.22723	0.1052	0.10816	0.15795	0.40146
V261	0.02408	0.15944	0.41384	0.28832	0.11432
V262	0.71671	0.11456	0.05855	0.07881	0.03138
V263	0.63694	0.14355	0.02752	0.16685	0.02515
V264	0.0731	0.76356	0.05667	0.09609	0.01058
V265	0.65124	0.16004	0.07986	0.08001	0.02885
V266	0.03018	0.06475	0.09181	0.13941	0.67385
V267	0.05822	0.05186	0.02238	0.24591	0.62163
V268	0.17462	0.40202	0.14903	0.21803	0.0563
V269	0.0798	0.34952	0.31349	0.2147	0.04248
V270	0.0494	0.04865	0.04176	0.82446	0.03573
V271	0.2133	0.62024	0.0472	0.07994	0.03932
V272	0.1059	0.70952	0.06785	0.07147	0.04527
V273	0.24106	0.1036	0.16029	0.34492	0.15013
V274	0.09164	0.08793	0.05122	0.2689	0.50031
V275	0.04762	0.61908	0.17298	0.13568	0.02464
V276	0.01438	0.18788	0.52903	0.22978	0.03893
V277	0.28466	0.17821	0.44768	0.04832	0.04113
V278	0.01109	0.13741	0.28835	0.44174	0.1214
V279	0.1296	0.04903	0.02563	0.72139	0.07434
V280	0.16776	0.07178	0.04712	0.60617	0.10717
V281	0.03028	0.2179	0.05734	0.65948	0.035
V282	0.06802	0.80588	0.05151	0.05724	0.01735
V283	0.30747	0.09036	0.11193	0.10895	0.38129
V284	0.0292	0.24161	0.43634	0.05863	0.23422
V285	0.44365	0.41465	0.02911	0.08798	0.02462
V286	0.06901	0.22514	0.61339	0.06904	0.02342
V287	0.20748	0.1377	0.1566	0.31703	0.18118
V288	0.16396	0.1849	0.48112	0.05323	0.11679
V289	0.13991	0.21914	0.04097	0.56661	0.03336
V290	0.36455	0.42555	0.14257	0.05137	0.01595
V291	0.34374	0.21377	0.02545	0.38555	0.03149
V292	0.10494	0.15505	0.34036	0.09714	0.30251
V293	0.00978	0.27474	0.60843	0.07811	0.02894
V294	0.02658	0.05717	0.02564	0.14081	0.74979
V295	0.01824	0.12835	0.27819	0.48891	0.08631
V296	0.68772	0.16432	0.01722	0.08227	0.04847
V297	0.02177	0.20418	0.5805	0.14444	0.04911
V298	0.25089	0.05536	0.01829	0.55597	0.11948
V299	0.22799	0.04826	0.02493	0.66592	0.0329
V300	0.77498	0.0974	0.01595	0.08198	0.02969
V301	0.75617	0.08983	0.02069	0.099	0.0343
V302	0.01995	0.04612	0.0217	0.46179	0.45044
V303	0.09887	0.22184	0.19842	0.22131	0.25956
V304	0.15084	0.21847	0.55199	0.04421	0.03448
V305	0.18522	0.31279	0.10508	0.16476	0.23214
V306	0.29738	0.565	0.03741	0.07266	0.02754
V307	0.19312	0.1122	0.23037	0.43822	0.02609
V308	0.18554	0.1902	0.49421	0.10557	0.02448
V309	0.52389	0.13272	0.05936	0.17247	0.11156
V310	0.04224	0.06746	0.02384	0.20079	0.66567
V311	0.02294	0.04255	0.04995	0.84133	0.04322
V312	0.08305	0.28548	0.2328	0.07391	0.32476
V313	0.06323	0.27698	0.03775	0.3623	0.25975
V314	0.08062	0.05464	0.02058	0.4288	0.41536
V315	0.75704	0.09187	0.02689	0.07313	0.05107
V316	0.10206	0.51108	0.24281	0.07863	0.06542
V317	0.30215	0.21807	0.39546	0.0493	0.03503
V318	0.72787	0.08668	0.01968	0.07449	0.09128
V319	0.0867	0.24325	0.60417	0.04856	0.01731
V320	0.07671	0.03704	0.01928	0.82381	0.04315
V321	0.11752	0.34968	0.273	0.22365	0.03615
V322	0.0161	0.33663	0.46741	0.08746	0.09241
V323	0.20458	0.29057	0.3593	0.06726	0.07829
V324	0.04136	0.07948	0.0504	0.78822	0.04054
V325	0.50585	0.16802	0.08869	0.16625	0.07119
V326	0.05527	0.07013	0.06686	0.21959	0.58815
V327	0.28652	0.44683	0.12432	0.07604	0.06629
V328	0.04709	0.29047	0.16174	0.46491	0.0358
V329	0.01048	0.15426	0.32272	0.48092	0.03162
V330	0.06907	0.226	0.61492	0.03761	0.0524
V331	0.12554	0.08861	0.09511	0.17197	0.51876
V332	0.36236	0.18911	0.35522	0.05178	0.04152
V333	0.32349	0.14343	0.25803	0.19086	0.0842
V334	0.04081	0.349	0.45091	0.11285	0.04644
V335	0.57304	0.13623	0.08545	0.09735	0.10793
V336	0.14735	0.52735	0.25447	0.04604	0.02479
V337	0.02315	0.05351	0.03097	0.25034	0.64203
V338	0.56408	0.12467	0.13903	0.07899	0.09323
V339	0.18605	0.49214	0.19068	0.05237	0.07876
V340	0.04104	0.19778	0.11886	0.13863	0.50369
V341	0.02563	0.48082	0.38482	0.05106	0.05766
V342	0.23388	0.24716	0.36	0.14038	0.01858
V343	0.53545	0.14053	0.24039	0.06235	0.02128
V344	0.10092	0.6572	0.08002	0.08089	0.08097
V345	0.19362	0.09003	0.02091	0.33805	0.35739
V346	0.03622	0.33185	0.2841	0.303	0.04483
V347	0.07931	0.45301	0.0537	0.36085	0.05314
V348	0.02095	0.23077	0.37386	0.25311	0.1213
V349	0.05912	0.36183	0.43635	0.05833	0.08437
V350	0.10202	0.38411	0.103	0.27727	0.1336
V351	0.1448	0.15873	0.34993	0.31206	0.03448
V352	0.09925	0.51061	0.32162	0.05007	0.01844
V353	0.22566	0.3156	0.05975	0.11572	0.28326
V354	0.43951	0.1663	0.32834	0.04585	0.02
V355	0.07608	0.1256	0.28191	0.48436	0.03205
V356	0.07712	0.22231	0.60323	0.05672	0.04062
V357	0.04323	0.17805	0.41933	0.08454	0.27485
V358	0.03281	0.06963	0.04306	0.81286	0.04164
V359	0.05387	0.12387	0.02337	0.76594	0.03296
V360	0.55824	0.12988	0.09194	0.19608	0.02386
V361	0.29621	0.44351	0.10905	0.05778	0.09344
V362	0.64568	0.10652	0.09632	0.06378	0.08769
V363	0.04134	0.07305	0.02361	0.23818	0.62381
V364	0.0431	0.26833	0.04463	0.47118	0.17276
V365	0.01657	0.0418	0.02105	0.86142	0.05915
V366	0.16675	0.19878	0.45655	0.09867	0.07924
V367	0.19333	0.25743	0.19634	0.20738	0.14552
V368	0.59134	0.16729	0.12039	0.0707	0.05027
V369	0.04346	0.5811	0.24064	0.12288	0.01192
V370	0.02772	0.18768	0.12567	0.39139	0.26754
V371	0.06466	0.78202	0.08961	0.05396	0.00975
V372	0.51213	0.1539	0.13571	0.15889	0.03936
V373	0.11012	0.57579	0.15241	0.14273	0.01895
V374	0.08568	0.15701	0.31428	0.41871	0.02432
V375	0.23544	0.18421	0.45464	0.10639	0.01932
V376	0.02109	0.13123	0.34574	0.08849	0.41345
V377	0.08203	0.46537	0.20999	0.22094	0.02167
V378	0.12322	0.50282	0.18695	0.05682	0.13019
V379	0.03655	0.07587	0.11345	0.16825	0.60588
V380	0.02238	0.11798	0.16078	0.50374	0.19511
V381	0.14138	0.09315	0.02348	0.11843	0.62356
V382	0.35492	0.05622	0.01799	0.34076	0.23012
V383	0.03436	0.10249	0.23392	0.60072	0.02852
V384	0.24004	0.12212	0.15297	0.42024	0.06464
V385	0.08954	0.12867	0.02571	0.11976	0.63633
V386	0.53167	0.07967	0.01843	0.34186	0.02837
V387	0.23076	0.06742	0.01901	0.63146	0.05134
V388	0.05953	0.72698	0.07727	0.11872	0.01749
V389	0.12173	0.67171	0.05805	0.08866	0.05984
V390	0.1578	0.04904	0.01859	0.66569	0.10889
V391	0.58449	0.1909	0.01732	0.13558	0.07171
V392	0.75573	0.11487	0.02233	0.07884	0.02824
V393	0.09129	0.09457	0.14097	0.5239	0.14927
V394	0.57321	0.08829	0.03702	0.20854	0.09293
V395	0.00939	0.12272	0.31119	0.52351	0.03319
V396	0.42484	0.17305	0.33126	0.04585	0.02501
V397	0.54568	0.18535	0.04868	0.16744	0.05285
V398	0.06173	0.07486	0.15523	0.61712	0.09106
V399	0.04842	0.06826	0.01555	0.34022	0.52755
V400	0.14877	0.47939	0.16887	0.18814	0.01484
V401	0.2485	0.18384	0.47726	0.07149	0.01891
V402	0.29273	0.17028	0.35424	0.10913	0.07362
V403	0.14131	0.1106	0.01653	0.21979	0.51177
V404	0.00962	0.17433	0.39536	0.36596	0.05473
V405	0.29486	0.26693	0.08495	0.25809	0.09517
V406	0.02264	0.24257	0.66987	0.03556	0.02937
V407	0.70111	0.12202	0.04595	0.10513	0.02579
V408	0.03959	0.34199	0.0344	0.30955	0.27447
V409	0.10125	0.06	0.06974	0.66107	0.10795
V410	0.11195	0.21467	0.28332	0.1047	0.28536
V411	0.02707	0.05526	0.01789	0.15069	0.74909
V412	0.03182	0.18554	0.13425	0.11686	0.53152
V413	0.02974	0.26826	0.15424	0.38666	0.1611
V414	0.04672	0.10906	0.01622	0.50318	0.32482
V415	0.157	0.05195	0.02177	0.12273	0.64654
V416	0.1041	0.12227	0.03814	0.22711	0.50838
V417	0.01445	0.2015	0.57579	0.14646	0.06181
V418	0.4679	0.36947	0.04623	0.07349	0.04293
V419	0.22055	0.07628	0.03443	0.20241	0.46634
V420	0.20589	0.07607	0.10679	0.13409	0.47715
V421	0.02007	0.08046	0.13007	0.14613	0.62329
V422	0.02329	0.0591	0.05728	0.706	0.15433
V423	0.23858	0.24939	0.25351	0.22048	0.03804
V424	0.01219	0.15404	0.40803	0.07333	0.35241
V425	0.30266	0.35011	0.02592	0.08404	0.23726
V426	0.20581	0.19259	0.03863	0.47526	0.08772
V427	0.19198	0.56909	0.17165	0.04891	0.01837
V428	0.0933	0.57461	0.10605	0.14356	0.08248
V429	0.123	0.68024	0.04384	0.12042	0.0325
V430	0.03488	0.14228	0.3444	0.21939	0.25905
V431	0.10406	0.36463	0.19684	0.27655	0.05792
V432	0.2552	0.13022	0.1231	0.36312	0.12836
V433	0.15909	0.16124	0.40792	0.23276	0.03898
V434	0.20176	0.33374	0.32492	0.06148	0.0781
V435	0.42633	0.17511	0.29393	0.0791	0.02552
V436	0.063	0.53414	0.12847	0.10939	0.165
V437	0.17372	0.07508	0.04187	0.24482	0.46452
V438	0.12001	0.31591	0.19371	0.30413	0.06625
V439	0.49405	0.07501	0.05679	0.33502	0.03913
V440	0.02768	0.40188	0.46374	0.05518	0.05152
V441	0.03698	0.51788	0.35503	0.07144	0.01867
V442	0.06794	0.8059	0.05951	0.05646	0.01019
V443	0.75059	0.08881	0.02047	0.11147	0.02866
V444	0.14103	0.38959	0.05664	0.36583	0.04691
V445	0.06505	0.37043	0.06428	0.46486	0.03538
V446	0.10196	0.09129	0.10135	0.56262	0.14279
V447	0.07004	0.04816	0.02704	0.49389	0.36086
V448	0.15608	0.0614	0.03579	0.13211	0.61462
V449	0.00724	0.24524	0.69374	0.03572	0.01806
V450	0.17696	0.17075	0.22459	0.18206	0.24565
V451	0.23584	0.21478	0.07572	0.36738	0.10628
V452	0.01982	0.07763	0.14864	0.68905	0.06485
V453	0.02822	0.0504	0.01425	0.50879	0.39834
V454	0.01593	0.1897	0.53323	0.07295	0.18819
V455	0.06311	0.27537	0.25769	0.10703	0.29679
V456	0.74773	0.09316	0.01449	0.09321	0.05141
V457	0.54578	0.23478	0.0516	0.11633	0.05151
V458	0.02819	0.40226	0.43194	0.09204	0.04557
V459	0.1245	0.10483	0.06452	0.50149	0.20467
V460	0.5265	0.14595	0.176	0.11305	0.03849
V461	0.16596	0.32897	0.23107	0.07583	0.19817
V462	0.05396	0.10511	0.02956	0.53391	0.27745
V463	0.18679	0.09546	0.02732	0.65281	0.03762
V464	0.13607	0.29738	0.49328	0.05146	0.02181
V465	0.05295	0.12955	0.03338	0.13749	0.64662
V466	0.04255	0.04454	0.01605	0.21448	0.68238
V467	0.05915	0.2417	0.04293	0.55899	0.09723
V468	0.466	0.31764	0.11917	0.05524	0.04194
V469	0.02705	0.31364	0.07787	0.32279	0.25865
V470	0.66202	0.12947	0.03931	0.13833	0.03087
V471	0.33623	0.28829	0.04931	0.19658	0.1296
V472	0.02485	0.08478	0.05591	0.13002	0.70444
V473	0.03527	0.2559	0.22646	0.3322	0.15019
V474	0.24868	0.16561	0.07257	0.45426	0.05888
V475	0.13271	0.1902	0.46094	0.07611	0.14004
V476	0.13778	0.09311	0.10032	0.59236	0.07642
V477	0.05912	0.8139	0.06029	0.0566	0.01009
V478	0.16634	0.05895	0.02193	0.12075	0.63204
V479	0.66163	0.1312	0.04577	0.13086	0.03055
V480	0.13166	0.57387	0.08963	0.16476	0.04008
V481	0.21536	0.34829	0.08318	0.22946	0.12371
V482	0.11126	0.60983	0.20754	0.04756	0.02381
V483	0.28596	0.46694	0.0319	0.15934	0.05586
V484	0.19661	0.46574	0.13573	0.17402	0.0279
V485	0.52268	0.15501	0.11485	0.16769	0.03977
V486	0.06745	0.16886	0.26538	0.08305	0.41526
V487	0.11452	0.21993	0.34147	0.29716	0.02694
V488	0.35036	0.10929	0.01387	0.37644	0.15004
V489	0.01417	0.32991	0.52558	0.10212	0.02823
V490	0.0143	0.19689	0.55903	0.2035	0.02628
V491	0.04242	0.42342	0.0758	0.1663	0.29207
V492	0.03623	0.15324	0.04645	0.71267	0.05141
V493	0.02503	0.03478	0.02062	0.87427	0.0453
V494	0.27678	0.0537	0.03122	0.54801	0.09028
V495	0.27275	0.26016	0.19901	0.20384	0.06424
V496	0.12887	0.0898	0.06625	0.1127	0.60237
V497	0.09657	0.10701	0.14307	0.18099	0.47235
V498	0.08097	0.75392	0.07111	0.06302	0.03098
V499	0.04615	0.27057	0.2425	0.12568	0.31509
V500	0.1029	0.44518	0.12993	0.25784	0.06414
V501	0.07697	0.30436	0.04033	0.10643	0.47191
V502	0.13207	0.69083	0.08195	0.08406	0.01108
V503	0.35904	0.11902	0.18633	0.18637	0.14924
V504	0.41258	0.21945	0.02582	0.08699	0.25517
V505	0.51174	0.07897	0.0377	0.15567	0.21592
V506	0.03616	0.47533	0.09449	0.08509	0.30893
V507	0.66793	0.08648	0.04308	0.15344	0.04907
V508	0.03459	0.57789	0.22623	0.08864	0.07265
V509	0.05545	0.42812	0.15489	0.23813	0.12342
V510	0.35756	0.44907	0.07253	0.09832	0.02253
V511	0.05937	0.36794	0.42972	0.0781	0.06487
V512	0.13762	0.43617	0.1835	0.10274	0.13997
V513	0.16114	0.59557	0.10585	0.09879	0.03865
V514	0.02509	0.09387	0.20671	0.13182	0.54251
V515	0.07305	0.1377	0.01683	0.73995	0.03247
V516	0.14358	0.34311	0.12274	0.35738	0.03319
V517	0.02354	0.07362	0.05842	0.80319	0.04123
V518	0.32783	0.14013	0.27078	0.21557	0.04569
V519	0.6308	0.12763	0.02058	0.1894	0.0316
V520	0.07972	0.73609	0.06222	0.11108	0.01089
V521	0.1789	0.07527	0.12803	0.5822	0.0356
V522	0.04554	0.29195	0.45678	0.15772	0.04801
V523	0.11984	0.22868	0.55146	0.07672	0.02331
V524	0.26398	0.19351	0.43358	0.0442	0.06474
V525	0.02868	0.21033	0.05201	0.12093	0.58806
V526	0.03808	0.23568	0.62858	0.05677	0.04089
V527	0.07793	0.47489	0.35886	0.05682	0.0315
V528	0.13734	0.04459	0.03252	0.75167	0.03389
V529	0.16698	0.21696	0.54315	0.04416	0.02875
V530	0.022	0.23011	0.63493	0.07738	0.03558
V531	0.16336	0.47392	0.11442	0.07843	0.16987
V532	0.06394	0.30181	0.27402	0.06875	0.29148
V533	0.24631	0.06066	0.01443	0.11389	0.56472
V534	0.11542	0.09433	0.01438	0.72296	0.05291
V535	0.66339	0.18266	0.06212	0.06267	0.02917
V536	0.11077	0.25844	0.33075	0.08791	0.21213
V537	0.03485	0.07247	0.03275	0.13452	0.72541
V538	0.51714	0.15647	0.02221	0.10441	0.19977
V539	0.01936	0.27646	0.50968	0.12747	0.06703
V540	0.15216	0.43605	0.11246	0.11134	0.18799
V541	0.04288	0.37234	0.05153	0.11606	0.41718
V542	0.04144	0.3233	0.12441	0.44071	0.07014
V543	0.05822	0.25247	0.52007	0.08378	0.08546
V544	0.28557	0.23864	0.17517	0.12198	0.17864
V545	0.5341	0.34596	0.03225	0.0675	0.02019
V546	0.07327	0.68565	0.12116	0.06148	0.05844
V547	0.09391	0.67535	0.04361	0.15414	0.033
V548	0.01787	0.08555	0.02261	0.83127	0.04269
V549	0.02232	0.05459	0.03815	0.26383	0.6211
V550	0.04997	0.74115	0.13359	0.05898	0.01631
V551	0.02586	0.03322	0.01343	0.88836	0.03912
V552	0.20147	0.0698	0.03509	0.14021	0.55344
V553	0.61991	0.09051	0.03067	0.19755	0.06137
V554	0.09192	0.17991	0.39303	0.3015	0.03365
V555	0.05673	0.79606	0.05875	0.05713	0.03132
V556	0.0762	0.09281	0.06454	0.69416	0.07229
V557	0.26553	0.24655	0.05505	0.36973	0.06314
V558	0.01456	0.20983	0.57979	0.15877	0.03705
V559	0.09122	0.43734	0.38419	0.0491	0.03816
V560	0.5129	0.27782	0.13616	0.05372	0.0194
V561	0.56432	0.10345	0.13088	0.07594	0.12541
V562	0.11543	0.12498	0.15166	0.16833	0.4396
V563	0.1856	0.28999	0.19832	0.15984	0.16626
V564	0.29289	0.08732	0.06797	0.37055	0.18127
V565	0.02508	0.05701	0.03235	0.16816	0.7174
V566	0.25458	0.16689	0.04396	0.35946	0.17511
V567	0.02211	0.23489	0.684	0.03529	0.02371
V568	0.03152	0.28753	0.36289	0.29841	0.01963
V569	0.50212	0.16635	0.10953	0.17005	0.05194
V570	0.11431	0.12534	0.24501	0.437	0.07834
V571	0.21738	0.10856	0.2095	0.34522	0.11934
V572	0.68415	0.08623	0.01319	0.08282	0.13362
V573	0.07069	0.16478	0.29074	0.36911	0.10467
V574	0.43215	0.29761	0.09068	0.14203	0.03754
V575	0.30947	0.10629	0.12027	0.12636	0.3376
V576	0.05365	0.76353	0.05646	0.06637	0.05999
V577	0.35789	0.44754	0.06542	0.10636	0.02278
V578	0.0284	0.25959	0.42335	0.23197	0.05668
V579	0.02822	0.49172	0.30749	0.07214	0.10043
V580	0.19391	0.47286	0.04657	0.24959	0.03706
V581	0.05151	0.47225	0.33957	0.11701	0.01965
V582	0.00819	0.25729	0.67451	0.0424	0.01761
V583	0.47193	0.1546	0.27994	0.07284	0.0207
V584	0.19902	0.46018	0.12794	0.08859	0.12426
V585	0.05359	0.67149	0.10494	0.11037	0.0596
V586	0.04503	0.68873	0.19249	0.06365	0.0101
V587	0.06219	0.59882	0.0476	0.09413	0.19727
V588	0.19605	0.4165	0.32379	0.04339	0.02027
V589	0.09212	0.36644	0.07124	0.42862	0.04158
V590	0.05764	0.68266	0.04427	0.07363	0.1418
V591	0.39946	0.44945	0.06531	0.06304	0.02274
V592	0.02222	0.19618	0.57728	0.07316	0.13116
V593	0.34895	0.06117	0.01807	0.50284	0.06896
V594	0.01087	0.26055	0.50897	0.16444	0.05517
V595	0.42479	0.10952	0.07358	0.33528	0.05683
V596	0.36865	0.24355	0.19153	0.15866	0.0376
V597	0.03684	0.19485	0.02862	0.19925	0.54043
V598	0.4905	0.07431	0.01932	0.08949	0.32638
V599	0.07186	0.37047	0.11044	0.39983	0.0474
V600	0.22974	0.105	0.16832	0.38321	0.11372
V601	0.12811	0.12222	0.02238	0.49856	0.22873
V602	0.678	0.20364	0.01961	0.0739	0.02485
V603	0.12393	0.16389	0.04669	0.21099	0.45451
V604	0.02277	0.1987	0.54122	0.12977	0.10753
V605	0.03741	0.12376	0.13085	0.15955	0.54843
V606	0.68321	0.08021	0.01295	0.08369	0.13995
V607	0.15149	0.14158	0.03886	0.11575	0.55233
V608	0.6027	0.09977	0.04383	0.14347	0.11023
V609	0.16451	0.28651	0.03697	0.42616	0.08585
V610	0.08658	0.56535	0.04527	0.28025	0.02255
V611	0.21297	0.19861	0.4675	0.06199	0.05893
V612	0.30417	0.16087	0.26645	0.07492	0.19359
V613	0.35826	0.47449	0.06718	0.08389	0.01617
V614	0.44797	0.09446	0.03263	0.14747	0.27747
V615	0.0158	0.13858	0.13028	0.5652	0.15013
V616	0.51807	0.10792	0.13995	0.18159	0.05247
V617	0.1829	0.1983	0.37563	0.12766	0.11552
V618	0.58062	0.16081	0.07352	0.07772	0.10733
V619	0.43868	0.13361	0.14601	0.07543	0.20627
V620	0.0421	0.1351	0.29792	0.49284	0.03204
V621	0.12459	0.27344	0.26941	0.06652	0.26603
V622	0.02717	0.27039	0.31229	0.07755	0.3126
V623	0.06829	0.04407	0.01943	0.69133	0.17687
V624	0.72294	0.08536	0.0194	0.09268	0.07962
V625	0.01498	0.10634	0.09773	0.74237	0.03858
V626	0.06435	0.17653	0.43705	0.28237	0.03969
V627	0.10287	0.19403	0.12439	0.11647	0.46224
V628	0.75074	0.10159	0.02124	0.09808	0.02835
V629	0.10544	0.32954	0.48508	0.05858	0.02136
V630	0.02847	0.19251	0.04379	0.13105	0.60418
V631	0.0167	0.11188	0.24673	0.10461	0.52007
V632	0.05593	0.67042	0.05093	0.09563	0.12709
V633	0.05682	0.06537	0.09409	0.53205	0.25168
V634	0.34644	0.42316	0.15751	0.05711	0.01578
V635	0.04571	0.16793	0.1797	0.11068	0.49598
V636	0.16731	0.23809	0.27502	0.21333	0.10626
V637	0.17388	0.14957	0.33719	0.25354	0.08582
V638	0.08006	0.41818	0.0525	0.15094	0.29832
V639	0.44458	0.38113	0.09575	0.055	0.02355
V640	0.10356	0.20825	0.09373	0.2799	0.31456
V641	0.09864	0.6202	0.06265	0.18492	0.03359
V642	0.58774	0.10362	0.01936	0.26225	0.02703
V643	0.06022	0.74435	0.11	0.07564	0.00978
V644	0.04803	0.38228	0.05023	0.47011	0.04935
V645	0.15736	0.64052	0.056	0.13332	0.0128
V646	0.127	0.4674	0.0611	0.2723	0.0722
V647	0.73984	0.08773	0.02007	0.12394	0.02841
V648	0.37294	0.14223	0.02163	0.31486	0.14833
V649	0.23215	0.14337	0.08766	0.17856	0.35826
V650	0.0308	0.04698	0.06456	0.82212	0.03554
V651	0.13074	0.20276	0.01953	0.61819	0.02877
V652	0.30273	0.06592	0.04525	0.54348	0.04262
V653	0.28685	0.07628	0.05993	0.51546	0.06149
V654	0.04425	0.11016	0.01835	0.17305	0.6542
V655	0.13204	0.15211	0.26005	0.4248	0.031
V656	0.11234	0.05966	0.01515	0.20001	0.61284
V657	0.04115	0.43216	0.06064	0.36056	0.10549
V658	0.03365	0.07052	0.04257	0.61526	0.238
V659	0.02247	0.07239	0.08045	0.74327	0.08143
V660	0.06727	0.31526	0.048	0.12693	0.44254
V661	0.04926	0.56849	0.05342	0.22792	0.10091
V662	0.04438	0.39774	0.05261	0.0914	0.41387
V663	0.77914	0.09399	0.02209	0.07517	0.02962
V664	0.03138	0.0653	0.11844	0.42478	0.3601
V665	0.03392	0.56892	0.22558	0.12633	0.04525
V666	0.09902	0.7436	0.08622	0.06098	0.01018
V667	0.03818	0.50657	0.26195	0.14034	0.05296
V668	0.52027	0.2605	0.06677	0.11402	0.03845
V669	0.39749	0.30283	0.04963	0.14506	0.105
V670	0.09446	0.55411	0.08202	0.09646	0.17296
V671	0.59241	0.12305	0.17054	0.08621	0.02779
V672	0.08878	0.12106	0.09703	0.34543	0.34771
V673	0.02539	0.06593	0.01717	0.21413	0.67739
V674	0.28745	0.22998	0.3922	0.04383	0.04654
V675	0.55056	0.08407	0.05003	0.20273	0.11261
V676	0.20635	0.22861	0.39768	0.04925	0.1181
V677	0.04551	0.29057	0.21076	0.38451	0.06865
V678	0.0582	0.29578	0.04015	0.12352	0.48234
V679	0.01653	0.14736	0.37481	0.43051	0.0308
V680	0.15169	0.0553	0.03334	0.39246	0.36721
V681	0.42788	0.09674	0.05215	0.32626	0.09696
V682	0.00724	0.24524	0.69374	0.03572	0.01806
V683	0.06186	0.29685	0.49993	0.04408	0.09728
V684	0.05963	0.04327	0.01987	0.84033	0.0369
V685	0.01442	0.22316	0.61801	0.11991	0.0245
V686	0.25754	0.54064	0.10094	0.07467	0.02621
V687	0.0076	0.16606	0.46211	0.32937	0.03485
V688	0.00683	0.23938	0.68106	0.0429	0.02982
V689	0.39596	0.14736	0.17854	0.15289	0.12525
V690	0.10859	0.73345	0.06168	0.07864	0.01763
V691	0.12614	0.15469	0.05934	0.60461	0.05523
V692	0.06812	0.05973	0.02695	0.74161	0.1036
V693	0.02656	0.49388	0.39014	0.0702	0.01921
V694	0.08338	0.1986	0.05484	0.58034	0.08284
V695	0.11861	0.16998	0.14577	0.10706	0.45858
V696	0.10167	0.19592	0.55676	0.04943	0.09622
V697	0.09121	0.19298	0.27659	0.33561	0.10361
V698	0.02729	0.0983	0.16895	0.11583	0.58964
V699	0.04055	0.06024	0.05665	0.65034	0.19222
V700	0.06615	0.7059	0.11495	0.05443	0.05858
V701	0.02902	0.19041	0.03646	0.12533	0.61879
V702	0.02842	0.13138	0.02385	0.66964	0.14672
V703	0.02421	0.05292	0.03552	0.84396	0.04339
V704	0.04686	0.1723	0.33552	0.08911	0.3562
V705	0.74782	0.09957	0.01483	0.08659	0.05119
V706	0.13356	0.19337	0.15396	0.43335	0.08576
V707	0.12893	0.15814	0.08276	0.31577	0.3144
V708	0.03114	0.55189	0.35558	0.04945	0.01193
V709	0.02502	0.06875	0.04812	0.13356	0.72455
V710	0.11102	0.16917	0.39206	0.06311	0.26464
V711	0.06828	0.0521	0.03788	0.14594	0.6958
V712	0.05411	0.197	0.52836	0.18876	0.03177
V713	0.21598	0.42349	0.28788	0.05812	0.01453
V714	0.06232	0.05502	0.0168	0.13722	0.72865
V715	0.01641	0.35343	0.48249	0.12568	0.02199
V716	0.60145	0.21654	0.0312	0.11058	0.04022
V717	0.33431	0.2114	0.12551	0.09269	0.23608
V718	0.52113	0.13606	0.22931	0.05866	0.05484
V719	0.3385	0.26128	0.11333	0.16632	0.12057
V720	0.118	0.10358	0.09633	0.13485	0.54724
V721	0.04061	0.06427	0.06164	0.1431	0.69038
V722	0.03099	0.23492	0.07314	0.50376	0.15718
V723	0.10044	0.23448	0.11738	0.50308	0.04462
V724	0.12236	0.56738	0.07466	0.21458	0.02101
V725	0.04411	0.05659	0.02469	0.1374	0.73721
V726	0.20223	0.4498	0.0817	0.11698	0.1493
V727	0.01453	0.23733	0.67599	0.04253	0.02962
V728	0.6097	0.12182	0.11679	0.12297	0.02873
V729	0.49507	0.15871	0.0413	0.27407	0.03085
V730	0.10293	0.14482	0.3173	0.36614	0.0688
V731	0.01457	0.06096	0.06596	0.82313	0.03537
V732	0.02513	0.0349	0.02071	0.88067	0.03859
V733	0.03087	0.24555	0.65892	0.0355	0.02916
V734	0.38994	0.20027	0.29275	0.08631	0.03073
V735	0.07238	0.21433	0.20543	0.10617	0.40169
V736	0.02697	0.0855	0.02607	0.13544	0.72601
V737	0.77474	0.09917	0.02222	0.0746	0.02928
V738	0.03652	0.41146	0.04612	0.09915	0.40675
V739	0.02605	0.04746	0.01382	0.87436	0.03832
V740	0.19227	0.14148	0.11095	0.10821	0.44709
V741	0.41801	0.07948	0.0185	0.35068	0.13332
V742	0.06527	0.17451	0.4295	0.19082	0.1399
V743	0.0386	0.10311	0.08397	0.19968	0.57464
V744	0.16526	0.13288	0.15642	0.48647	0.05896
V745	0.14719	0.07258	0.05485	0.68712	0.03826
V746	0.3267	0.49418	0.0683	0.06398	0.04684
V747	0.03057	0.24268	0.64896	0.04274	0.03504
V748	0.14328	0.26331	0.2538	0.11501	0.2246
V749	0.16201	0.15353	0.11961	0.43321	0.13164
V750	0.618	0.22207	0.02575	0.11099	0.0232
V751	0.03693	0.41603	0.46685	0.06012	0.02007
V752	0.03594	0.15376	0.04214	0.12783	0.64032
V753	0.43118	0.15848	0.2128	0.08387	0.11367
V754	0.10875	0.29384	0.03094	0.53467	0.0318
V755	0.22788	0.622	0.07688	0.05419	0.01905
V756	0.03467	0.13747	0.04109	0.16661	0.62017
V757	0.15302	0.06467	0.09798	0.64697	0.03736
V758	0.06763	0.38102	0.0286	0.49305	0.0297
V759	0.09112	0.09835	0.10488	0.11009	0.59556
V760	0.0747	0.11738	0.19217	0.29049	0.32526
V761	0.05635	0.35268	0.52596	0.04404	0.02097
V762	0.02303	0.11162	0.16087	0.41495	0.28953
V763	0.04051	0.25936	0.03203	0.11009	0.558
V764	0.10289	0.10819	0.08712	0.65852	0.04328
V765	0.13933	0.19976	0.49186	0.08401	0.08503
V766	0.07227	0.46098	0.24321	0.09929	0.12425
V767	0.24671	0.43446	0.08752	0.10616	0.12515
V768	0.06802	0.72163	0.09227	0.10094	0.01714
V769	0.58979	0.12748	0.16427	0.06254	0.05592
V770	0.24314	0.16378	0.39039	0.17629	0.0264
V771	0.07188	0.63083	0.04875	0.15045	0.09808
V772	0.0461	0.23879	0.65608	0.04149	0.01754
V773	0.04113	0.04974	0.01566	0.26616	0.62732
V774	0.13378	0.16644	0.42483	0.05772	0.21724
V775	0.7198	0.08842	0.03164	0.12166	0.03848
V776	0.30556	0.40885	0.16631	0.0792	0.04008
V777	0.18544	0.38218	0.23223	0.14602	0.05413
V778	0.44184	0.11105	0.0264	0.26157	0.15914
V779	0.06455	0.43526	0.42001	0.05441	0.02576
V780	0.02215	0.23471	0.68337	0.04183	0.01796
V781	0.16087	0.32271	0.17596	0.07055	0.26991
V782	0.21261	0.2452	0.04251	0.09898	0.40069
V783	0.00942	0.17954	0.50014	0.07864	0.23226
V784	0.03902	0.53712	0.03701	0.29879	0.08805
V785	0.58369	0.17676	0.01657	0.15698	0.066
V786	0.14868	0.20165	0.03275	0.56965	0.04727
V787	0.13187	0.52055	0.0353	0.24067	0.07161
V788	0.33176	0.39386	0.09084	0.06139	0.12216
V789	0.02342	0.16547	0.02613	0.44341	0.34157
V790	0.24915	0.24155	0.07743	0.17627	0.25561
V791	0.16232	0.23365	0.08622	0.24717	0.27064
V792	0.75081	0.10543	0.03386	0.07104	0.03886
V793	0.28852	0.27181	0.07089	0.15564	0.21314
V794	0.02757	0.08567	0.10599	0.25296	0.52781
V795	0.13515	0.71655	0.06079	0.06292	0.02458
V796	0.25775	0.38595	0.12217	0.19142	0.0427
V797	0.14001	0.04906	0.01502	0.14054	0.65538
V798	0.12901	0.45559	0.03941	0.15274	0.22325
V799	0.03644	0.17344	0.06219	0.65748	0.07044
V800	0.04081	0.06112	0.03052	0.22299	0.64456
V801	0.31116	0.08797	0.11787	0.43082	0.05217
V802	0.04661	0.20688	0.03668	0.12114	0.58869
V803	0.25954	0.0764	0.01925	0.59446	0.05035
V804	0.16991	0.21164	0.18549	0.37065	0.0623
V805	0.12461	0.23466	0.36097	0.18972	0.09004
V806	0.38542	0.11837	0.1772	0.12256	0.19646
V807	0.58016	0.0929	0.06957	0.11585	0.14153
V808	0.66986	0.09745	0.05658	0.07469	0.10141
V809	0.18917	0.53518	0.05698	0.09329	0.12539
V810	0.03529	0.09647	0.05147	0.49217	0.3246
V811	0.05968	0.1294	0.03963	0.20153	0.56976
V812	0.03535	0.58922	0.2106	0.12652	0.03831
V813	0.03982	0.26056	0.20883	0.0834	0.40738
V814	0.18195	0.48779	0.09169	0.20348	0.03509
V815	0.21836	0.58767	0.06696	0.10723	0.01978
V816	0.03401	0.44295	0.03926	0.43558	0.0482
V817	0.62251	0.13553	0.13738	0.08179	0.0228
V818	0.04335	0.27205	0.31268	0.09547	0.27646
V819	0.74548	0.10249	0.0273	0.09685	0.02788
V820	0.06912	0.34361	0.13276	0.4068	0.04771
V821	0.02735	0.05563	0.01808	0.14324	0.7557
V822	0.16592	0.05827	0.02589	0.71657	0.03334
V823	0.0526	0.16179	0.20987	0.0925	0.48323
V824	0.07814	0.08124	0.03873	0.12539	0.67651
V825	0.12025	0.18341	0.48928	0.18695	0.02011
V826	0.03764	0.23219	0.65733	0.05512	0.01772
V827	0.2992	0.16634	0.01658	0.41021	0.10767
V828	0.21473	0.18833	0.11302	0.13567	0.34826
V829	0.08335	0.17586	0.26949	0.21572	0.25557
V830	0.12067	0.19913	0.51944	0.06372	0.09703
V831	0.04249	0.63466	0.0874	0.2021	0.03335
V832	0.18869	0.06396	0.07673	0.29912	0.37149
V833	0.18778	0.65942	0.04979	0.05742	0.04559
V834	0.60222	0.18839	0.04876	0.0905	0.07013
V835	0.21953	0.28644	0.10254	0.30261	0.08888
V836	0.2922	0.19758	0.352	0.133	0.02521
V837	0.04876	0.71582	0.06144	0.09911	0.07487
V838	0.0136	0.05085	0.08034	0.81309	0.04212
V839	0.0486	0.09163	0.08412	0.11997	0.65568
V840	0.73503	0.09861	0.03888	0.09475	0.03272
V841	0.1741	0.21234	0.54649	0.04371	0.02336
V842	0.41394	0.14171	0.18313	0.22653	0.03469
V843	0.37917	0.10131	0.14009	0.13732	0.24212
V844	0.01988	0.30876	0.57955	0.05784	0.03397
V845	0.03488	0.04189	0.01327	0.63439	0.27558
V846	0.10821	0.10458	0.10422	0.1566	0.52639
V847	0.19051	0.06846	0.0628	0.20902	0.46921
V848	0.59678	0.10511	0.01928	0.15477	0.12407
V849	0.11285	0.22339	0.53175	0.04867	0.08334
V850	0.18171	0.14127	0.25367	0.19446	0.22889
V851	0.77546	0.09143	0.01548	0.0822	0.03544
V852	0.21186	0.11904	0.08666	0.23583	0.34661
V853	0.0348	0.25391	0.47751	0.15933	0.07445
V854	0.04955	0.35809	0.23991	0.13223	0.22022
V855	0.09953	0.35863	0.10915	0.34295	0.08974
V856	0.15118	0.36853	0.07848	0.07969	0.32212
V857	0.07459	0.11387	0.1595	0.43407	0.21797
V858	0.03254	0.34593	0.19173	0.25029	0.17951
V859	0.12083	0.05736	0.03309	0.7286	0.06012
V860	0.04388	0.16269	0.07648	0.63968	0.07728
V861	0.12638	0.09113	0.12306	0.62333	0.0361
V862	0.07537	0.0568	0.03672	0.20161	0.6295
V863	0.05521	0.7836	0.06574	0.0642	0.03125
V864	0.03687	0.21876	0.63626	0.08982	0.01829
V865	0.07043	0.17847	0.48714	0.24293	0.02103
V866	0.03154	0.20587	0.49251	0.23167	0.03841
V867	0.48507	0.09399	0.02012	0.08796	0.31286
V868	0.18912	0.29078	0.34027	0.14442	0.03541
V869	0.03376	0.05238	0.03979	0.14349	0.73058
V870	0.23608	0.19705	0.0899	0.2881	0.18886
V871	0.04627	0.10967	0.10672	0.18581	0.55152
V872	0.32527	0.08937	0.0259	0.49136	0.06809
V873	0.05796	0.31801	0.15626	0.39153	0.07624
V874	0.09723	0.09194	0.02412	0.13082	0.6559
V875	0.02218	0.18469	0.04098	0.52147	0.23067
V876	0.40328	0.12452	0.06866	0.09646	0.30708
V877	0.21502	0.54738	0.07213	0.13851	0.02696
V878	0.04031	0.59149	0.0775	0.26242	0.02828
V879	0.726	0.11874	0.02748	0.09534	0.03244
V880	0.08118	0.11168	0.04384	0.46214	0.30117
V881	0.01874	0.16248	0.43685	0.06772	0.31421
V882	0.05	0.41037	0.0446	0.47327	0.02175
V883	0.43014	0.19821	0.03062	0.23276	0.10826
V884	0.02718	0.04827	0.01786	0.15201	0.75467
V885	0.14251	0.18221	0.32719	0.15454	0.19354
V886	0.0209	0.04797	0.04488	0.30934	0.57692
V887	0.10072	0.74885	0.05516	0.05695	0.03833
V888	0.06032	0.13002	0.06676	0.66477	0.07813
V889	0.123	0.69403	0.0819	0.07679	0.02428
V890	0.03747	0.08138	0.13338	0.62631	0.12147
V891	0.00799	0.25588	0.66923	0.0493	0.0176
V892	0.50373	0.25364	0.03978	0.07411	0.12874
V893	0.12295	0.27928	0.41701	0.11444	0.06632
V894	0.09737	0.46196	0.07646	0.3057	0.05851
V895	0.52425	0.1381	0.23551	0.07554	0.0266
V896	0.17865	0.25833	0.21815	0.31765	0.02722
V897	0.01487	0.04248	0.04973	0.75904	0.13388
V898	0.34631	0.0685	0.02643	0.1213	0.43746
V899	0.47813	0.31836	0.0981	0.05698	0.04842
V900	0.2139	0.27792	0.24869	0.22188	0.03761
