B_cells	NK_cells	T_cells_CD4.	Monocytes
V1	0.56898	0	0.20091	0.2301
V2	0.21999	0.05957	0.09425	0.62619
V3	0.10111	0.58613	0.04929	0.26347
V4	0.86121	0.08267	0.01676	0.03936
V5	0.14256	0.42829	0.30659	0.12256
V6	0.12347	0.78286	0.08117	0.01251
V7	0.19265	0.33007	0.12274	0.35454
V8	0.16286	0	0.8123	0.02484
V9	0.29562	0.20918	0.06454	0.43066
V10	0.056	0	0.89909	0.04491
V11	0.23076	0.30567	0.46357	0
V12	0.05904	0.52032	0.42065	0
V13	0.30968	0.63309	0.05191	0.00531
V14	0.11654	0.82049	0.06297	0
V15	0.15937	0.54279	0.17484	0.123
V16	0.85787	0.01182	0.07469	0.05562
V17	0.13438	0.78724	0.0656	0.01278
V18	0.58773	0.29393	0.09086	0.02748
V19	0.20517	0.73851	0.05604	0.00028
V20	0.21433	0.42999	0.04964	0.30604
V21	0.16196	0.04914	0.76745	0.02145
V22	0.05978	0.06725	0.2721	0.60087
V23	0.3931	0.02368	0.58322	0
V24	0.89245	0.00067	0.10688	0
V25	0.38193	0.20416	0.16598	0.24793
V26	0.4333	0.34319	0.04955	0.17396
V27	0.18424	0.03414	0.05243	0.72919
V28	0.00559	0.05808	0.93633	0
V29	0.44977	0.00564	0.52438	0.02021
V30	0.13943	0.19192	0.32678	0.34187
V31	0.24009	0.16383	0.34118	0.2549
V32	0.16649	0	0.09004	0.74347
V33	0.07625	0.45046	0.4084	0.06489
V34	0.16212	0.02868	0.78548	0.02373
V35	0.20339	0.64256	0.14522	0.00883
V36	0.03958	0.02138	0.53818	0.40086
V37	0.57242	0.03022	0.14208	0.25528
V38	0.46433	0	0.2002	0.33547
V39	0.2045	0.50859	0.18232	0.10459
V40	0.13379	0.72372	0.14249	0
V41	0.03707	0.63567	0.10478	0.22249
V42	0.27944	0	0.26107	0.45949
V43	0.16301	0.30158	0.53487	0.00054
V44	0.04136	0.06829	0.76182	0.12853
V45	0.13507	0.52925	0.27678	0.05891
V46	0.77957	0.03798	0.18245	0
V47	0.46179	0.15436	0.35522	0.02863
V48	0.79988	0.1268	0.04477	0.02856
V49	0.75699	0.15532	0.00244	0.08525
V50	0.10668	0.73671	0.15661	0
V51	0.33972	0.35072	0.30956	0
V52	0.05666	0.10468	0.81238	0.02628
V53	0.71893	0.07969	0.20138	0
V54	0.43776	0.15755	0.40468	0
V55	0.25922	0.09887	0.29084	0.35107
V56	0.11959	0	0.15423	0.72619
V57	0.14454	0.7719	0.08356	0
V58	0.65859	0	0.07212	0.26929
V59	0.45907	0.35586	0.15667	0.0284
V60	0.17357	0.12807	0.37729	0.32107
V61	0.79934	0.06626	0.04573	0.08867
V62	0.83686	0.00267	0.13342	0.02705
V63	0.05435	0.74284	0.19756	0.00525
V64	0.05326	0.82403	0.01937	0.10334
V65	0.07195	0	0.17084	0.75721
V66	0.25993	0.62812	0.06541	0.04654
V67	0.17985	0.28558	0.53457	0
V68	0.23069	0.12128	0.04944	0.59859
V69	0.05421	0.28171	0.64049	0.02359
V70	0.55211	0.11527	0.22616	0.10646
V71	0.20821	0.04373	0.42793	0.32014
V72	0.59151	0.12072	0.13675	0.15102
V73	0.19132	0.55182	0.19707	0.05978
V74	0.08266	0.19282	0.72452	0
V75	0.69255	0	0.22587	0.08158
V76	0.01701	0.15571	0.2523	0.57499
V77	0.09481	0.27274	0.03134	0.60111
V78	0.35191	0.08294	0.23409	0.33105
V79	0.03066	0.0941	0.80793	0.06731
V80	0.37333	0	0.56122	0.06546
V81	0.08769	0.14385	0.76846	0
V82	0.00957	0.07746	0.9018	0.01117
V83	0.19732	0.15152	0.11832	0.53284
V84	0.44247	0.00601	0.2121	0.33943
V85	0.13999	0.28324	0.44552	0.13125
V86	0.08068	0.04834	0.83414	0.03684
V87	0.0753	0.7529	0.12486	0.04694
V88	0.21905	0.02721	0.32727	0.42647
V89	0.07443	0	0.2694	0.65617
V90	0.07179	0.79066	0.13601	0.00154
V91	0.0723	0.66228	0.25763	0.0078
V92	0.47307	0	0.41583	0.1111
V93	0.89008	0	0	0.10992
V94	0.05931	0.42438	0.06702	0.44929
V95	0.29301	0.38652	0.20357	0.11689
V96	0.15283	0.08196	0.06056	0.70466
V97	0.67495	0.06893	0.25611	0
V98	0.71874	0.25635	0.00994	0.01496
V99	0.77686	0.01347	0.207	0.00268
V100	0.11224	0.02371	0.84103	0.02301
V101	0.11675	0.0546	0	0.82865
V102	0.88389	0.02636	0.04955	0.04021
V103	0.06149	0.02213	0.17165	0.74473
V104	0.08358	0.84783	0.06603	0.00256
V105	0.10606	0.81643	0.07752	0
V106	0.15387	0.46089	0.37615	0.00909
V107	0.21546	0.17648	0.58343	0.02463
V108	0.18377	0.66143	0.15481	0
V109	0.03941	0.1458	0.63084	0.18395
V110	0.102	0.77758	0.10885	0.01156
V111	0.8559	0	0.12852	0.01558
V112	0.17233	0.03776	0.48042	0.3095
V113	0.24463	0.07623	0.23361	0.44554
V114	0.31306	0.00607	0.13727	0.5436
V115	0.04006	0.66919	0.29076	0
V116	0.17461	0.2799	0.41341	0.13208
V117	0.68097	0.2056	0.07959	0.03383
V118	0.20967	0.53508	0.07476	0.18049
V119	0.18995	0.05139	0.10039	0.65826
V120	0.11278	0.06742	0.81441	0.00539
V121	0.61186	0.09068	0.13786	0.1596
V122	0.87649	0	0.07555	0.04797
V123	0.04009	0.48959	0.09882	0.3715
V124	0.68749	0.25013	0.00993	0.05245
V125	0.41327	0.36113	0.2256	0
V126	0.10157	0.12813	0.0999	0.6704
V127	0.22066	0.01536	0.31829	0.44569
V128	0.10067	0	0.17906	0.72028
V129	0.58369	0.18966	0.21312	0.01353
V130	0.03802	0.57994	0.38204	0
V131	0.07257	0.84011	0.02985	0.05747
V132	0.86168	0	0.08906	0.04926
V133	0.85193	0	0.11595	0.03212
V134	0.1539	0.36519	0.17576	0.30515
V135	0.14326	0	0.24385	0.61289
V136	0.29749	0.36953	0.03713	0.29586
V137	0.64553	0.00418	0.28983	0.06046
V138	0.24883	0.36316	0.22579	0.16223
V139	0.38589	0.17198	0.24144	0.2007
V140	0.09554	0.07126	0.11492	0.71829
V141	0.09725	0.14031	0.5776	0.18484
V142	0.76069	0	0.23931	0
V143	0.46803	0.22601	0.10308	0.20287
V144	0.22033	0.13023	0.22214	0.4273
V145	0.01114	0.6914	0.29746	0
V146	0.14888	0	0.09917	0.75195
V147	0.86169	0	0.07499	0.06331
V148	0.16506	0.05825	0.60902	0.16767
V149	0.28768	0.44612	0.2662	0
V150	0.11908	0.21979	0.6092	0.05193
V151	0.25133	0.57213	0.07868	0.09786
V152	0.2657	0.39468	0.27018	0.06945
V153	0.15467	0.69243	0.06647	0.08642
V154	0.27419	0.40315	0.32266	0
V155	0.48504	0.11255	0.32463	0.07778
V156	0.06128	0.13263	0.71016	0.09593
V157	0.33655	0.12806	0.35441	0.18097
V158	0.10481	0	0.1189	0.77629
V159	0.87528	0.04354	0.01051	0.07067
V160	0.69814	0	0.09999	0.20187
V161	0.28296	0	0.0741	0.64294
V162	0.1164	0.28194	0.13015	0.47151
V163	0.13577	0.45468	0.22115	0.18839
V164	0.38017	0.27567	0.14163	0.20253
V165	0.06638	0.26311	0	0.6705
V166	0.05838	0.08223	0.13894	0.72044
V167	0.4102	0	0.03773	0.55207
V168	0.3224	0.50948	0.1328	0.03532
V169	0.26528	0.02412	0.08741	0.62319
V170	0.14831	0.0029	0.57041	0.27838
V171	0.16294	0.2182	0.60439	0.01447
V172	0.69238	0	0.29847	0.00916
V173	0.08982	0.12893	0.09239	0.68885
V174	0.06528	0.14874	0.13534	0.65065
V175	0.10123	0.00208	0.80022	0.09647
V176	0.04199	0.71859	0.23942	0
V177	0.06422	0.89273	0.02011	0.02294
V178	0.04685	0.72185	0.0599	0.1714
V179	0.20872	0	0.42876	0.36252
V180	0.06611	0.78251	0.15138	0
V181	0.1965	0.11468	0.56522	0.1236
V182	0.32291	0.15602	0.48558	0.03549
V183	0.22139	0.71869	0.05992	0
V184	0.90473	0	0.09527	0
V185	0.58673	0.34811	0.06406	0.00109
V186	0.15456	0.43541	0.31544	0.09459
V187	0.87407	0	0.09972	0.02621
V188	0.12432	0.2277	0	0.64798
V189	0.80432	0	0.06028	0.1354
V190	0.64089	0	0.34913	0.00997
V191	0.21597	0.18619	0.58329	0.01454
V192	0.34292	0.42211	0.08924	0.14574
V193	0.60836	0.00018	0.28202	0.10944
V194	0.08695	0.83654	0.05587	0.02065
V195	0.05726	0.0416	0.8814	0.01975
V196	0.0795	0.07114	0.05737	0.79198
V197	0.47602	0.01026	0.06391	0.44981
V198	0.10062	0.4552	0.41667	0.0275
V199	0.22886	0	0.2379	0.53324
V200	0.17712	0.53075	0.05492	0.2372
V201	0.13423	0.50721	0.24485	0.11371
V202	0.0508	0.02163	0.79241	0.13516
V203	0.19447	0.37809	0.42744	0
V204	0.0507	0.5132	0.0489	0.3872
V205	0.05686	0.06695	0.85755	0.01864
V206	0.08133	0.09675	0.82192	0
V207	0.19907	0.17487	0.08981	0.53624
V208	0.2723	0.05747	0.67022	0
V209	0.34108	0.42245	0.10869	0.12778
V210	0.12867	0.68421	0.15854	0.02858
V211	0.47574	0	0.06987	0.45439
V212	0.50841	0.0193	0.45754	0.01474
V213	0.64999	0	0.1573	0.19271
V214	0.37177	0.13295	0.21089	0.28439
V215	0.36134	0.07146	0.04626	0.52094
V216	0.13421	0	0.09677	0.76903
V217	0.07677	0.45726	0.28922	0.17675
V218	0.13627	0.41836	0.21803	0.22733
V219	0.15491	0.59805	0.04962	0.19742
V220	0.04834	0.77201	0.06401	0.11564
V221	0.79972	0	0.03927	0.16102
V222	0.34271	0.1098	0.40257	0.14492
V223	0.0303	0.13793	0.77397	0.0578
V224	0.89699	0	0.10301	0
V225	0.10007	0.76833	0.13161	0
V226	0.32491	0.07011	0.60498	0
V227	0.75335	0	0.23124	0.01541
V228	0.75936	0.03114	0.11696	0.09253
V229	0.06003	0.03253	0.87625	0.0312
V230	0.09148	0.01984	0.10621	0.78246
V231	0.0549	0.26768	0.16432	0.5131
V232	0.09408	0.64455	0.00233	0.25904
V233	0.57325	0.05745	0.24513	0.12417
V234	0.08434	0.80499	0.10416	0.00651
V235	0.39043	0.04508	0.54864	0.01585
V236	0.0783	0.07178	0.79062	0.0593
V237	0.23463	0	0.08115	0.68423
V238	0.16608	0.49606	0.31815	0.01971
V239	0.11914	0.38559	0.05204	0.44323
V240	0.49455	0.01705	0.45262	0.03578
V241	0.05532	0.00334	0.88467	0.05668
V242	0.16953	0.67218	0.15829	0
V243	0.26629	0.03137	0.64459	0.05776
V244	0.23494	0	0.70069	0.06437
V245	0.6091	0.2479	0.09609	0.04691
V246	0.08923	0.14562	0.75867	0.00648
V247	0.18606	0.0233	0.79064	0
V248	0.09824	0.01598	0.12939	0.75638
V249	0.00296	0.05752	0.88101	0.05851
V250	0.73499	0	0.25493	0.01008
V251	0.89472	0.0212	0.05837	0.02571
V252	0.04189	0.73861	0.2195	0
V253	0.40959	0.03788	0.21268	0.33986
V254	0.05215	0.81508	0.13278	0
V255	0.09679	0.85117	0.01884	0.0332
V256	0.20522	0.19303	0.54083	0.06092
V257	0.44893	0.07138	0.27897	0.20073
V258	0.20751	0.23813	0.45804	0.09633
V259	0.06722	0.27162	0.64617	0.01499
V260	0.00658	0.2678	0.72562	0
V261	0.6211	0	0.24496	0.13394
V262	0.18238	0.04361	0.05109	0.72293
V263	0.07165	0.88158	0.02123	0.02554
V264	0.20542	0.01465	0.47933	0.3006
V265	0.09581	0	0.1999	0.7043
V266	0.65944	0.28307	0.05748	0
V267	0.0107	0.16909	0.3529	0.4673
V268	0.43135	0	0.18773	0.38092
V269	0.0324	0.50684	0.44096	0.01981
V270	0.63733	0	0.28689	0.07578
V271	0.78823	0.03176	0.07857	0.10145
V272	0.10026	0.76047	0.06076	0.07851
V273	0.1442	0	0.11134	0.74445
V274	0.68665	0	0.2165	0.09685
V275	0.00995	0.05051	0.91171	0.02784
V276	0.53303	0.29299	0.04238	0.13159
V277	0.07742	0.19164	0.22129	0.50964
V278	0.08535	0.03717	0.35701	0.52047
V279	0.68796	0.02141	0.16224	0.12839
V280	0.10481	0	0.1189	0.77629
V281	0.56835	0	0.18638	0.24526
V282	0.08976	0.07193	0.79206	0.04625
V283	0.2514	0.52738	0.1048	0.11642
V284	0.0717	0.7917	0.1366	0
V285	0.10289	0.01007	0.88705	0
V286	0.28077	0.48953	0.15901	0.07069
V287	0.145	0.77774	0.06565	0.01161
V288	0.04131	0.26104	0.4754	0.22224
V289	0.30352	0.19347	0.45032	0.0527
V290	0.81956	0.11141	0.06903	0
V291	0.49008	0.04766	0.46051	0.00174
V292	0.91276	0	0.00571	0.08153
V293	0.31561	0.00519	0.65364	0.02556
V294	0.14593	0.36222	0	0.49185
V295	0.05525	0.16116	0.2553	0.5283
V296	0.20518	0.10902	0.62186	0.06393
V297	0.15292	0	0.13503	0.71205
V298	0.31489	0.08745	0.59765	0
V299	0.12765	0.26116	0.04029	0.57089
V300	0.02171	0.00972	0.31408	0.65449
V301	0.15269	0.10388	0.65495	0.08848
V302	0.67733	0.29204	0.01743	0.01321
V303	0.0146	0.54646	0.43447	0.00447
V304	0.08995	0.02439	0.75654	0.12913
V305	0.15431	0.14424	0.49651	0.20494
V306	0.78337	0.05822	0.10169	0.05673
V307	0.06824	0.83333	0.08342	0.01502
V308	0.25948	0.20296	0.33897	0.19859
V309	0.37764	0.28339	0.05266	0.2863
V310	0.11958	0.29509	0.20231	0.38302
V311	0.53859	0.40595	0.05385	0.0016
V312	0.13926	0.65335	0.20739	0
V313	0.02581	0.10356	0.07829	0.79234
V314	0.04895	0.45464	0.16265	0.33376
V315	0.16467	0.57859	0.07733	0.17941
V316	0.33073	0.11115	0.42275	0.13537
V317	0.12998	0.64186	0.09791	0.13025
V318	0.08198	0.52822	0.04812	0.34168
V319	0.09039	0.06677	0.81516	0.02768
V320	0.10884	0.13532	0.66024	0.09561
V321	0.65016	0.29241	0.05743	0
V322	0.2418	0.29757	0.10524	0.35539
V323	0.12823	0	0.16144	0.71033
V324	0.65932	0.20793	0.1197	0.01306
V325	0.33314	0.55718	0.10968	0
V326	0.01055	0.54235	0.15025	0.29685
V327	0.06435	0.12852	0.16847	0.63866
V328	0.08003	0.02525	0.7572	0.13752
V329	0.2233	0.0867	0.22541	0.46458
V330	0.41034	0	0.36776	0.2219
V331	0.39903	0.05552	0.08373	0.46172
V332	0.05189	0.02693	0.25857	0.66261
V333	0.43315	0.04931	0.42374	0.0938
V334	0.3788	0	0.39008	0.23112
V335	0.05184	0.30961	0.54519	0.09336
V336	0.21769	0.63812	0.06443	0.07976
V337	0.30692	0.35313	0.33995	0
V338	0.01689	0.87604	0.08883	0.01823
V339	0.15409	0	0.84587	4e-05
V340	0.08406	0.21024	0.55706	0.14864
V341	0.09262	0.01237	0.14595	0.74907
V342	0.268	0	0.62642	0.10558
V343	0.89531	0.00184	0.06345	0.0394
V344	0.66419	0.10842	0.2274	0
V345	0.06138	0.04443	0.89419	0
V346	0.26726	0.08968	0.33119	0.31187
V347	0.10986	0	0.19324	0.69689
V348	0.0905	0.59555	0.20158	0.11236
V349	0.35884	0.13993	0.41873	0.0825
V350	0.06062	0.70504	0.23434	0
V351	0.0593	0.015	0.45627	0.46943
V352	0.08079	0.02067	0.83769	0.06085
V353	0.83556	0	0.08699	0.07745
V354	0.0824	0.61915	0.28359	0.01486
V355	0.29753	0.05584	0.49308	0.15355
V356	0.10224	0	0.17441	0.72335
V357	0.14395	0.30329	0.32669	0.22607
V358	0.56788	0.07007	0.08759	0.27446
V359	0.60116	0.01752	0.07213	0.3092
V360	0.56136	0.36262	0.07062	0.0054
V361	0.0056	0.41041	0.58399	0
V362	0.00764	0.87389	0.10393	0.01453
V363	0.19943	0.10109	0.50293	0.19656
V364	0.1835	0.05694	0.68666	0.07291
V365	0.3317	0	0.04614	0.62216
V366	0.11687	0.6225	0.13916	0.12148
V367	0.60168	0.10823	0.02382	0.26627
V368	0.12883	0.65832	0.1438	0.06905
V369	0.04655	0.35524	0.59822	0
V370	0.31489	0.24149	0.44326	0.00036
V371	0.22684	0.65023	0.07629	0.04665
V372	0.22351	0.02259	0.18294	0.57096
V373	0.11284	0.1259	0.51055	0.25071
V374	0.74828	0	0.25172	0
V375	0.10328	0.01115	0.21676	0.66881
V376	0.10096	0.00435	0.17524	0.71945
V377	0.77571	0	0.04582	0.17847
V378	0.04387	0.01693	0.46862	0.47058
V379	0.38715	0.16989	0.03354	0.40942
V380	0.20208	0.04704	0.25863	0.49225
V381	0.71976	0	0.13249	0.14775
V382	0.11414	0.04082	0.84504	0
V383	0.79867	0	0.09175	0.10957
V384	0.56712	0.04346	0.178	0.21142
V385	0.80741	0	0.12702	0.06558
V386	0.34546	0	0.19243	0.4621
V387	0.57656	0.11516	0.23624	0.07205
V388	0.39314	0.29179	0.18635	0.12872
V389	0.44254	0.45867	0.05136	0.04742
V390	0.30377	0.21846	0.47778	0
V391	0.46625	0.0742	0.04366	0.41589
V392	0.43782	0.18971	0.20677	0.1657
V393	0.29789	0.20083	0.38545	0.11583
V394	0.14217	0.20663	0.16315	0.48805
V395	0.24868	0.35211	0.24728	0.15193
V396	0.0557	0.85149	0.06851	0.0243
V397	0.74742	0.05081	0.15824	0.04353
V398	0.47157	0.10644	0.13833	0.28366
V399	0.22402	0.495	0.20278	0.0782
V400	0.01671	0.55786	0.12123	0.30419
V401	0.06104	0.15242	0.72977	0.05677
V402	0.78609	0.12386	0.09005	0
V403	0.09275	0	0.15759	0.74966
V404	0.11843	0.18283	0.62901	0.06973
V405	0.27273	0	0.22829	0.49897
V406	0.64588	0.20927	0.05177	0.09307
V407	0.01689	0.87604	0.08883	0.01823
V408	0.11992	0.22398	0.44112	0.21497
V409	0.03306	0.01006	0.13698	0.81991
V410	0.13325	0.76483	0.09171	0.01021
V411	0.49569	0	0	0.50431
V412	0.18965	0.06138	0.53433	0.21465
V413	0.09101	0.45146	0.23152	0.22601
V414	0.06423	0.4624	0.38061	0.09276
V415	0.46451	0	0.28101	0.25448
V416	0.04523	0.08346	0.87131	0
V417	0.40753	0.53673	0.05575	0
V418	0.1279	0.08198	0.20511	0.585
V419	0.09528	0	0.12844	0.77628
V420	0.00423	0.83662	0.08561	0.07354
V421	0.18428	0.03544	0.69056	0.08972
V422	0.13501	0.05911	0.03959	0.76629
V423	0.11224	0.02371	0.84103	0.02301
V424	0.00575	0.05124	0.67281	0.2702
V425	0.0836	0.22283	0.6157	0.07786
V426	0.12146	0.0488	0.77726	0.05248
V427	0.10302	0.36936	0.24313	0.2845
V428	0.13037	0.69372	0.11419	0.06172
V429	0.08932	0	0.13601	0.77467
V430	0.74011	0.13078	0.05372	0.07539
V431	0.21517	0.00527	0.49793	0.28163
V432	0.17713	0.07231	0.09958	0.65098
V433	0.10224	0.70534	0.01296	0.17946
V434	0.38765	0.04637	0.09551	0.47047
V435	0.52893	0	0.15964	0.31142
V436	0.41995	0	0.15765	0.42241
V437	0.28873	0.20755	0.02538	0.47834
V438	0.62068	0.128	0.06453	0.18679
V439	0.10968	0.09285	0.03829	0.75918
V440	0.52473	0	0.07502	0.40025
V441	0.09822	0.12255	0.62216	0.15706
V442	0.34338	0.30851	0.17447	0.17365
V443	0.72513	0	0.12868	0.14619
V444	0.06138	0.04443	0.89419	0
V445	0.59644	0	0.37926	0.02429
V446	0.07511	0.74702	0.12318	0.0547
V447	0.61614	0.06444	0.22717	0.09226
V448	0.06409	0.0463	0.26382	0.62579
V449	0.55511	0.01542	0.34049	0.08898
V450	0.17759	0.74797	0.07445	0
V451	0.89694	0.03113	0.01759	0.05434
V452	0.10892	0	0.15137	0.73971
V453	0.77524	0.03997	0.12087	0.06393
V454	0.01375	0.83754	0.13687	0.01184
V455	0.5881	0.00755	0.34786	0.0565
V456	0.34143	0.10101	0.42191	0.13564
V457	0.031	0.04075	0.09549	0.83276
V458	0.32112	0.20569	0.02382	0.44938
V459	0.04706	0.72078	0.16294	0.06922
V460	0.86538	0	0.09339	0.04123
V461	0.15549	0.02704	0.04464	0.77283
V462	0.39926	0.22563	0	0.37511
V463	0.27953	0.42489	0.20744	0.08814
V464	0.54875	0.06909	0.02354	0.35862
V465	0.42876	0.38082	0.06095	0.12947
V466	0.60498	0.15552	0.02715	0.21235
V467	0.3423	0.50524	0.13475	0.01771
V468	0.51173	0.34908	0.09828	0.04091
V469	0.04999	0.1645	0.34579	0.43972
V470	0.54543	0.09543	0.22657	0.13256
V471	0.32656	0.08313	0.06847	0.52184
V472	0.37315	0.30888	0	0.31797
V473	0.13244	0.48375	0.3838	0
V474	0.18418	0	0.15807	0.65775
V475	0.22471	0.36973	0.11868	0.28689
V476	0.23201	0	0.11247	0.65553
V477	0.59487	0.00772	0.25482	0.1426
V478	0.17744	0.54867	0.03694	0.23695
V479	0.04019	0.09291	0.79974	0.06715
V480	0.13119	0.29073	0.08663	0.49145
V481	0.17233	0.02189	0.79838	0.00741
V482	0.67478	0.12666	0.16504	0.03352
V483	0.19139	0.08859	0.12752	0.5925
V484	0.09332	0.06245	0.0843	0.75993
V485	0.1662	0.67535	0.0542	0.10425
V486	0.3044	0.23926	0.17059	0.28574
V487	0.14612	0.01952	0.15573	0.67863
V488	0.01294	0.00593	0.89723	0.0839
V489	0.23203	0.09638	0.67159	0
V490	0.37279	0.285	0.10315	0.23905
V491	0.46342	0.41213	0.07651	0.04794
V492	0.0649	0.7318	0.2033	0
V493	0.1491	0	0	0.8509
V494	0.21685	0.14277	0.5431	0.09728
V495	0.25358	0.54786	0.19856	0
V496	0.31678	0.63003	0.02273	0.03046
V497	0.06144	0	0.91447	0.02409
V498	0.3655	0.0792	0.09186	0.46344
V499	0.60572	0.21928	0.175	0
V500	0.13159	0.12115	0.72264	0.02461
V501	0.0259	0	0.15705	0.81706
V502	0.54615	0.23836	0.20465	0.01085
V503	0.24273	0.07669	0.25415	0.42644
V504	0.27051	0.62651	0.05612	0.04686
V505	0.23085	0.19519	0.29996	0.274
V506	0.11713	0.23625	0.48783	0.15879
V507	0.60878	0.07193	0.16868	0.15061
V508	0.73307	0.13057	0.08668	0.04967
V509	0.25314	0.04967	0.53598	0.16122
V510	0.24455	0.44853	0.30692	0
V511	0.09222	0.39529	0.09114	0.42135
V512	0.30159	0.01827	0.1358	0.54435
V513	0.11352	0.5753	0.27047	0.04072
V514	0.09058	0.08089	0	0.82853
V515	0.75132	0.03072	0.09553	0.12244
V516	0.9015	0.06355	0.01499	0.01995
V517	0.09329	0.00262	0.31973	0.58436
V518	0.9254	0.02654	0.01242	0.03563
V519	0.06923	0.79862	0.05445	0.0777
V520	0.06329	0	0.65632	0.28039
V521	0.55075	0.02416	0.40298	0.02211
V522	0.02921	0.12403	0.61615	0.23061
V523	0.37417	0.10492	0.30244	0.21847
V524	0.03809	0.69217	0.26038	0.00936
V525	0.30894	0.18633	0.05546	0.44927
V526	0.64408	0.04881	0.12151	0.18561
V527	0.24145	0.00155	0.44646	0.31054
V528	0.14667	0.79243	0.02529	0.0356
V529	0.11255	0.04322	0.28602	0.55821
V530	0.02938	0.19928	0.69324	0.07809
V531	0.05486	0.76045	0.18469	0
V532	0.22246	0.30797	0.05539	0.41419
V533	0.31109	0.3215	0.17556	0.19185
V534	0.0415	0.01882	0.73367	0.206
V535	0.575	0	0.04102	0.38399
V536	0.22917	0	0.41109	0.35974
V537	0.58071	0.21528	0.20401	0
V538	0.48859	0.01924	0.13573	0.35643
V539	0.29301	0.38652	0.20357	0.11689
V540	0.23673	0.61557	0.12983	0.01788
V541	0.05076	0.48073	0.11625	0.35226
V542	0.23608	0.11119	0.30168	0.35105
V543	0.84071	0	0.05454	0.10475
V544	0.15893	0.06967	0.23197	0.53942
V545	0.40363	0.11861	0.10843	0.36933
V546	0.08927	0.7689	0.14183	0
V547	0.07056	0.56485	0.36459	0
V548	0.18741	0.6654	0.14718	0
V549	0.33313	0.02703	0.63672	0.00313
V550	0.63441	0	0	0.36559
V551	0.21571	0.65895	0.08793	0.03741
V552	0.01247	0.5132	0.05866	0.41566
V553	0.24578	0.13866	0.61557	0
V554	0.1324	0.07463	0.06921	0.72377
V555	0.12335	0.21391	0.38027	0.28247
V556	0.0026	0.0535	0.90331	0.04059
V557	0.80726	0	0.04668	0.14607
V558	0.10945	0.71613	0.08051	0.09391
V559	0.04077	0.70682	0.25242	0
V560	0.6992	0.26813	0.02308	0.00959
V561	0.00995	0.05051	0.91171	0.02784
V562	0.74622	0	0.16015	0.09364
V563	0.26058	0	0.7381	0.00133
V564	0.09324	0.08741	0.81679	0.00257
V565	0.15349	0.24227	0.41725	0.18699
V566	0.70983	0.06658	0.0274	0.19619
V567	0.26015	0.41478	0.05769	0.26738
V568	0.30032	0	0.09978	0.5999
V569	0.71595	0	0	0.28405
V570	0.05264	0.27248	0.6334	0.04148
V571	0.81309	0.09562	0.01589	0.0754
V572	0.44725	0	0.4692	0.08356
V573	0.13143	0.16007	0.03094	0.67756
V574	0.07327	0.68831	0.23842	0
V575	0.06693	0.06745	0.19599	0.66962
V576	0.19273	0.70767	0.0996	0
V577	0.094	0.02245	0.28038	0.60316
V578	0.0884	0.06973	0.69522	0.14665
V579	0.04199	0.77649	0.17168	0.00984
V580	0.2136	0	0.16733	0.61907
V581	0.15707	0.07888	0.0031	0.76095
V582	0.59538	0.11951	0.06347	0.22164
V583	0.03304	0.04691	0.63528	0.28477
V584	0.51097	0.1328	0.33503	0.0212
V585	0.05122	0	0.5035	0.44528
V586	0.25637	0.00426	0.66454	0.07483
V587	0.28324	0.00874	0.68954	0.01848
V588	0.64772	0.00822	0.06257	0.2815
V589	0.09729	0.72497	0.13178	0.04596
V590	0.08098	0.66683	0.25219	0
V591	0.02171	0.01816	0.28629	0.67383
V592	0.17655	0.03904	0.7844	0
V593	0.58251	0	0.2159	0.20159
V594	0.34863	0.25682	0.37428	0.02026
V595	0.11625	0.01449	0.09707	0.7722
V596	0.07054	0.26871	0.2788	0.38195
V597	0.00851	0.53698	0.39869	0.05581
V598	0.05132	0.12523	0.82012	0.00332
V599	0.62427	0.27105	0.08282	0.02185
V600	0.38248	0.42475	0.09115	0.10163
V601	0.21002	0.25612	0.12216	0.4117
V602	0.12474	0.02645	0.06194	0.78688
V603	0.05127	0.35169	0.05872	0.53832
V604	0.50732	0.0977	0.38065	0.01433
V605	0.09443	0.30728	0.44005	0.15823
V606	0.72336	0.122	0.0409	0.11374
V607	0.64587	0	0.14902	0.20512
V608	0.24521	0.14565	0.42085	0.18829
V609	0.06112	0.22606	0.2917	0.42112
V610	0.74209	0	0.13893	0.11897
V611	0.34142	0	0.09524	0.56334
V612	0.05167	0.10168	0.79415	0.0525
V613	0.06822	0.30772	0.61108	0.01298
V614	0.74483	0.0307	0.09495	0.12952
V615	0.21389	0.04115	0.03125	0.7137
V616	0.11938	0.64304	0.09846	0.13912
V617	0.46556	0.13229	0.40215	0
V618	0.74431	0	0	0.25569
V619	0.40626	0.00356	0.36278	0.22741
V620	0.03802	0.57994	0.38204	0
V621	0.44235	0.13023	0.21667	0.21075
V622	0.36697	0.20014	0.42987	0.00302
V623	0.06562	0.0571	0.21618	0.6611
V624	0.79557	0.16004	0.01755	0.02684
V625	0.2948	0.44574	0.14223	0.11723
V626	0.9168	0.01764	0.01119	0.05437
V627	0.01828	0.00627	0.17561	0.79985
V628	0.02933	0.21227	0.0678	0.69059
V629	0.15838	0.27097	0.32557	0.24508
V630	0.06659	0.30818	0.60355	0.02169
V631	0.06062	0.17982	0.1646	0.59495
V632	0.58808	0	0.16754	0.24439
V633	0.00443	0.05135	0.84607	0.09815
V634	0.39929	0.22847	0.37224	0
V635	0.06864	0.70942	0.04763	0.17431
V636	0.15301	0.10314	0.64728	0.09657
V637	0.34509	0.17526	0.12763	0.35203
V638	0.40763	0.23183	0.10293	0.25761
V639	0.2825	0.36987	0.34763	0
V640	0.0633	0.15375	0.74879	0.03416
V641	0.83936	0.00891	0.07901	0.07271
V642	0.76915	0.14418	0.00811	0.07856
V643	0.03139	0.18026	0.49892	0.28942
V644	0.87188	0.04678	0.04854	0.03279
V645	0.28173	0.36119	0.35707	0
V646	0.06357	0.84889	0.07597	0.01157
V647	0.17232	0.08831	0.69855	0.04082
V648	0.42708	0.37944	0.18682	0.00666
V649	0.05543	0.07642	0.82037	0.04778
V650	0.08822	0.09765	0.76315	0.05099
V651	0.31997	0	0.67797	0.00206
V652	0.12829	0.08041	0.48233	0.30898
V653	0.1611	0.59417	0.15866	0.08608
V654	0.68201	0.16231	0.10307	0.05261
V655	0.07993	0.535	0.06533	0.31974
V656	0.263	0.25182	0.03328	0.4519
V657	0.10171	0.07191	0.04408	0.78229
V658	0.60142	0.17821	0.09504	0.12533
V659	0.34598	0.06972	0.40402	0.18028
V660	0.08071	0.87076	0.02434	0.02418
V661	0.10297	0.39551	0.09979	0.40173
V662	0.41892	0	0.49668	0.08441
V663	0.25953	0.06546	0.58434	0.09066
V664	0.22378	0.06624	0.67797	0.03201
V665	0.68051	0.15377	0.07814	0.08758
V666	0.59091	0	0.13199	0.2771
V667	0.74259	0.03721	0.2202	0
V668	0.15357	0.69807	0.14836	0
V669	0.25511	0.36746	0.29903	0.0784
V670	0.12758	0.83591	0.0195	0.01701
V671	0.37198	0.25278	0.30229	0.07295
V672	0.05579	0.04426	0.86489	0.03507
V673	0.25792	0.33085	0.2775	0.13372
V674	0.71504	0.11381	0.04961	0.12154
V675	0.16604	0.3004	0.3653	0.16826
V676	0.0781	0.09701	0.17157	0.65331
V677	0.40273	0.35628	0.13912	0.10188
V678	0.52807	0.40679	0.06515	0
V679	0.0774	0.2859	0.63669	0
V680	0.33012	0.47867	0.19122	0
V681	0.85476	0.03711	0.05521	0.05292
V682	0.14149	0.27529	0.57085	0.01237
V683	0.06039	0.84286	0.09675	0
V684	0.67699	0.12488	0.14524	0.05289
V685	0.49977	0.29785	0.17192	0.03045
V686	0.14018	0.16629	0.20601	0.48751
V687	0.12116	0	0.10678	0.77206
V688	0.41033	0.46558	0.01226	0.11183
V689	0.30955	0	0.08506	0.60539
V690	0.46778	0.02581	0.45548	0.05093
V691	0.18297	0	0.81617	0.00086
V692	0.10928	0.13918	0.70359	0.04795
V693	0.26025	0.09305	0.41123	0.23548
V694	0.04944	0.01008	0.36289	0.57759
V695	0.29097	0	0.20371	0.50532
V696	0.15706	0.07549	0.04839	0.71907
V697	0.08485	0.05834	0.06049	0.79632
V698	0.79814	0	0.0487	0.15316
V699	0.56507	0.24471	0.10957	0.08065
V700	0.30621	0	0.03015	0.66365
V701	0.15026	0.48227	0.16009	0.20738
V702	0.57809	0.04737	0.03451	0.34003
V703	0.16883	0.04118	0.52868	0.26131
V704	0.79934	0.0136	0.07069	0.11638
V705	0.87797	0	0.06536	0.05667
V706	0.11095	0.05667	0.76602	0.06636
V707	0.06942	0.39064	0.52867	0.01128
V708	0.0789	0.78544	0.08024	0.05542
V709	0.1612	0.24391	0.54369	0.05119
V710	0.60283	0.17775	0.08496	0.13446
V711	0.12957	0.6969	0.16137	0.01215
V712	0.8095	0.02436	0.03361	0.13254
V713	0.45873	0.26481	0.06496	0.2115
V714	0.04101	0.62242	0.07723	0.25935
V715	0.31756	0.2958	0.34549	0.04115
V716	0.11212	0.02421	0.11995	0.74371
V717	0.12854	0.8383	0.02559	0.00756
V718	0.17998	0.50002	0.23369	0.08631
V719	0.09733	0.64666	0.08976	0.16624
V720	0.6715	0	0.26274	0.06576
V721	0.15337	0.15466	0.50541	0.18656
V722	0.14588	0.32194	0.03875	0.49343
V723	0.18974	0.07283	0.03048	0.70695
V724	0.59141	0	0.12973	0.27886
V725	0.01125	0.11056	0.84802	0.03017
V726	0.07497	0.36025	0.17097	0.39381
V727	0.29129	0.5624	0.1463	0
V728	0.06704	0.76338	0.16959	0
V729	0.43882	0	0.2008	0.36038
V730	0.84189	0.00012	0.10597	0.05202
V731	0.05502	0.1878	0.4468	0.31038
V732	0.36851	0.05836	0.39227	0.18087
V733	0.64231	0.15443	0.0679	0.13536
V734	0.2516	0.26741	0.48099	0
V735	0.05488	0.02034	0.53489	0.38989
V736	0.2261	0	0.04072	0.73318
V737	0.34456	0.2552	0.28312	0.11711
V738	0.10531	0.30531	0.4854	0.10398
V739	3e-04	0.01673	0.6641	0.31887
V740	0.80389	0.05193	0.12965	0.01453
V741	0.50069	0.07482	0.16876	0.25573
V742	0.42176	0.51048	0.06777	0
V743	0.16411	0.13838	0.69751	0
V744	0.51534	0.01681	0.37096	0.09688
V745	0.04585	0.62423	0.24601	0.08392
V746	0.94204	0	0	0.05796
V747	0.09096	0	0.73748	0.17156
V748	0.1532	0.09962	0.60677	0.1404
V749	0.32972	0.15604	0.08528	0.42895
V750	0.43648	0.40713	0.0546	0.10178
V751	0.0887	0.76729	0.10298	0.04104
V752	0.46961	0.19627	0.17669	0.15743
V753	0.13148	0.03851	0	0.83
V754	0.05594	0.87021	0.02199	0.05186
V755	0.18091	0.17879	0.38625	0.25406
V756	0.10416	0	0.13564	0.76019
V757	0.36313	0.50999	0.11666	0.01022
V758	0.08083	0.67778	0.18879	0.05261
V759	0.1637	0.0468	0.45116	0.33835
V760	0.32491	0.03415	0.32926	0.31168
V761	0.0994	0.51367	0.33011	0.05683
V762	0.01985	0.36832	0.06483	0.547
V763	0.4154	0.31826	0.05555	0.21079
V764	0.05106	0.83289	0.06724	0.0488
V765	0.69785	0.0591	0	0.24305
V766	0.04128	0.30079	0.48304	0.17489
V767	0.48244	0.10045	0.28675	0.13037
V768	0.1041	0.799	0.08202	0.01488
V769	0.18342	0.72572	0.09085	0
V770	0.06357	0.84889	0.07597	0.01157
V771	0.19168	0.0203	0.78131	0.00671
V772	0.16112	0.05358	0.7853	0
V773	0.20517	0.73851	0.05604	0.00028
V774	0.05971	0	0.90267	0.03762
V775	0.16427	0.02009	0.34147	0.47418
V776	0.4465	0.36917	0.09069	0.09364
V777	0.22552	0.09733	0.19387	0.48329
V778	0.54062	0.23883	0.10567	0.11487
V779	0.20171	0.03046	0.53439	0.23344
V780	0.14252	0.66443	0.19305	0
V781	0.13447	0.01696	0.09676	0.75182
V782	0.03086	0.13004	0.78783	0.05127
V783	0.76411	0	0.0934	0.14249
V784	0.15177	0.77389	0.07434	0
V785	0.0857	0.82613	0.06872	0.01945
V786	0.69424	0.12465	0.13583	0.04528
V787	0.00543	0.75467	0.23989	0
V788	0.50822	0.25931	0.2023	0.03018
V789	0.11995	0.3442	0.06322	0.47262
V790	0.48762	0	0.12366	0.38872
V791	0.16344	0.33917	0.37433	0.12306
V792	0.179	0.5014	0.03432	0.28528
V793	0.16478	0.5962	0.0786	0.16041
V794	0.07679	0.0895	0.77473	0.05898
V795	0.18142	0.0201	0.12115	0.67734
V796	0.06019	0.09748	0.82312	0.01921
V797	0.72226	0	0.26395	0.01379
V798	0.61429	0.24726	0.12982	0.00864
V799	0.17513	0.6925	0.07747	0.05489
V800	0.10772	0.01531	0.56212	0.31485
V801	0.17529	0.10687	0.37753	0.34031
V802	0.08139	0.06854	0.33632	0.51375
V803	0.24094	0.44621	0.31285	0
V804	0.51734	0	0.42267	0.05999
V805	0.06905	0	0.93095	0
V806	0.09354	0.80994	0.06602	0.03049
V807	0.31206	0.13571	0.06587	0.48637
V808	0.65349	0.2252	0.08972	0.03158
V809	0.07502	0.05519	0.86979	0
V810	0.0696	0.88941	0.02414	0.01686
V811	0.44509	0.04937	0.24942	0.25612
V812	0.5538	0.22798	0.08551	0.13271
V813	0.58276	0.16299	0.24026	0.01399
V814	0.44736	0.45367	0.09897	0
V815	0.01964	0.81782	0.16254	0
V816	0.87426	0	0.12574	0
V817	0.06399	0.09086	0.83651	0.00864
V818	0.03169	0.04804	0.12259	0.79769
V819	0.79018	0.0501	0.10207	0.05764
V820	0.20328	0.08541	0.05418	0.65712
V821	0.23977	0.28364	0.42683	0.04976
V822	0.10225	0.03733	0.83719	0.02323
V823	0.05007	0.1885	0.6903	0.07113
V824	0.11122	0.33058	0.5582	0
V825	0.24862	0.26343	0.29869	0.18925
V826	0.44163	0.35593	0.20245	0
V827	0.40625	0.52294	0.05696	0.01385
V828	0.26878	0.14769	0.15622	0.42731
V829	0.09232	0.22885	0.08293	0.5959
V830	0.27538	0.21047	0.05486	0.4593
V831	0.75541	0.05894	0.06993	0.11571
V832	0.29339	0.35761	0.21441	0.13459
V833	0.18117	0.45589	0.23016	0.13278
V834	0.34218	0.04845	0.12886	0.48051
V835	0.37768	0.39547	0.1636	0.06325
V836	0.04815	0.62959	0.0547	0.26756
V837	0.24961	0.34306	0.2367	0.17063
V838	0.87264	0.01547	0.09717	0.01471
V839	0.32199	0.52478	0.15323	0
V840	0.31876	0.61805	0.06319	0
V841	0.01002	0.06639	0.87221	0.05138
V842	0.37132	0.14432	0.30269	0.18167
V843	0.05128	0.03961	0.84865	0.06046
V844	0.15309	0.07705	0.43072	0.33914
V845	0.09821	0.11375	0.73781	0.05023
V846	0	0.02917	0.79604	0.17479
V847	0.02017	0	0.1496	0.83023
V848	0.12436	0.46515	0.22221	0.18828
V849	0.01045	0.87495	0.07838	0.03622
V850	0.87887	0	0.07449	0.04663
V851	0.34978	0.45499	0.19523	0
V852	0.16843	0.02674	0.19775	0.60708
V853	0.2621	0.20474	0.43595	0.09721
V854	0.58784	0.13956	0.14789	0.1247
V855	0.02017	0	0.1496	0.83023
V856	0.07531	0.32796	0.40199	0.19475
V857	0.66767	0.14397	0.06811	0.12025
V858	0.53728	0	0.45501	0.00771
V859	0.65496	0.19981	0.05164	0.09359
V860	0.2477	0.09729	0.09709	0.55793
V861	0.11704	0.31773	0.56523	0
V862	0.16208	0.09063	0.71383	0.03346
V863	0.27758	0.04681	0	0.6756
V864	0.14488	0.01418	0.12325	0.71769
V865	0.16503	0	0.32241	0.51256
V866	0.69189	0	0.29239	0.01572
V867	0.69396	0.00282	0.29648	0.00674
V868	0.51106	0.23968	0.1801	0.06916
V869	0.07508	0.85024	0.06732	0.00737
V870	0.15644	0.32122	0.04917	0.47317
V871	0.01045	0.87495	0.07838	0.03622
V872	0.05571	0	0.32319	0.6211
V873	0.83116	0	0.11105	0.05779
V874	0.22521	0.68581	0.08898	0
V875	0.05358	0.18294	0.26384	0.49964
V876	0.184	0.29756	0.44986	0.06859
V877	0.07627	0.36874	0.35092	0.20408
V878	0.1651	0.70559	0.12931	0
V879	0.22844	0.61627	0.09215	0.06313
V880	0.3409	0.49351	0.03892	0.12667
V881	0.1754	0.0392	0.62639	0.15901
V882	0.75625	0	0.16554	0.07821
V883	0.2881	0.17411	0.53779	0
V884	0.07624	0.27282	0	0.65093
V885	0.69666	0.16637	0.13697	0
V886	0.04096	0.33933	0.50861	0.11111
V887	0.62332	0.03504	0.20736	0.13429
V888	0.13208	0.05347	0.74135	0.0731
V889	0.85929	0.02113	0.07344	0.04615
V890	0.06135	0.14602	0.64468	0.14794
V891	0.60549	0.02665	0.32765	0.04021
V892	0.33389	0.16413	0.03352	0.46846
V893	0.56638	0.18002	0.2	0.0536
V894	0.09847	0.28748	0.60089	0.01316
V895	0.5836	0.03798	0.24496	0.13345
V896	0.08695	0.83654	0.05587	0.02065
V897	0.68718	0.21418	0.03782	0.06082
V898	0.49786	0	0.03723	0.46491
V899	0.06901	0.18129	0.20272	0.54698
V900	0.10813	0.27568	0.41122	0.20497
V901	0.0785	0.76821	0.05132	0.10197
V902	0.09156	0.78433	0.12411	0
V903	0.0313	0.38603	0.5622	0.02047
V904	0.07896	0.88969	0.01921	0.01215
V905	0.2045	0	0.2261	0.5694
V906	0.43306	0.06629	0.15222	0.34843
V907	0.45151	0.44847	0.0611	0.03892
V908	0.06279	0.03394	0.15263	0.75065
V909	0.17813	0.74175	0.02391	0.05621
V910	0.22079	0	0.17026	0.60896
V911	0.5253	0.34062	0.07424	0.05984
V912	0.40619	0.29177	0.16358	0.13846
V913	0.19857	0	0.04355	0.75788
V914	0.20989	0.43719	0.34444	0.00848
V915	0.28577	0	0.0396	0.67464
V916	0.26493	0.05343	0.64961	0.03204
V917	0.68774	0	0.21663	0.09564
V918	0.07748	0.56479	0.29094	0.06679
V919	0.22618	0.21582	0.34125	0.21675
V920	0.60223	0.16715	0.13983	0.0908
V921	0.08966	0.14759	0.07955	0.6832
V922	0.13086	0.4161	0.43491	0.01812
V923	0.16004	0	0.11429	0.72566
V924	0.07271	0.59321	0.32948	0.0046
V925	0.25306	0.00833	0.0509	0.68771
V926	0.26684	0	0.08026	0.6529
V927	0.09002	0.02478	0.13463	0.75058
V928	0.09293	0.80452	0.05306	0.0495
V929	0.09135	0.57987	0.18878	0.14
V930	0.51822	0.32398	0.07139	0.08641
V931	0.16148	0.2532	0.53506	0.05026
V932	0.06265	0.11548	0.63761	0.18426
V933	0.59968	0.33182	0.06007	0.00844
V934	0.03952	0.14392	0.33713	0.47943
V935	0.54595	0.13676	0.25535	0.06194
V936	0.53921	0.23699	0.04758	0.17622
V937	0.55013	0.10223	0.12724	0.22039
V938	0.39595	0.02269	0.35376	0.22761
V939	0.7317	0	0.11843	0.14986
V940	0.06082	0.69855	0.22113	0.01951
V941	0.01637	0.0116	0.94047	0.03156
V942	0.71354	0.15162	0.11871	0.01614
V943	0.39672	0.11286	0.45262	0.03781
V944	0.05842	0.25368	0.11744	0.57046
V945	0.56726	0.30749	0.04587	0.07939
V946	0.45434	0.22773	0.30253	0.0154
V947	0.13497	0.03135	0.29433	0.53936
V948	0.34454	0.02429	0.61996	0.01122
V949	0.011	0.10505	0.27777	0.60618
V950	0.08751	0.48742	0.26579	0.15927
V951	0.78124	0	0.20801	0.01075
V952	0.11158	0.11878	0.32156	0.44807
V953	0.04997	0.07215	0.84549	0.03239
V954	0.08047	0.17011	0.20265	0.54677
V955	0.16583	0.55094	0.06574	0.21749
V956	0.0758	0.01944	0.56281	0.34195
V957	0.39977	0	0	0.60023
V958	0.1491	0	0	0.8509
V959	0.24913	0.23563	0.46339	0.05185
V960	0.27684	0.25431	0.11387	0.35498
V961	0.16241	0.34772	0.39409	0.09578
V962	0.36774	0.15055	0.42716	0.05454
V963	0.57761	0.14166	0.20875	0.07198
V964	0.78965	0	0.16019	0.05017
V965	0.09025	0.46045	0.2428	0.2065
V966	0.89282	0	0.05503	0.05214
V967	0.09483	0.03849	0.57148	0.2952
V968	0.00512	0.1599	0.78316	0.05182
V969	0.04882	0.27208	0.08927	0.58983
V970	0.0683	0.11565	0.47746	0.33859
V971	0.4928	0.06702	0.37143	0.06875
V972	0.52283	0.17302	0.08306	0.22108
V973	0.30193	0.38046	0.11671	0.2009
V974	0.03585	0.70247	0.20153	0.06016
V975	0.12512	0.26153	0.61334	0
V976	0.45215	0.21743	0.15518	0.17525
V977	0.32719	0.30577	0.36704	0
V978	0.13085	0.0751	0.12717	0.66688
V979	0.75746	0	0.23249	0.01005
V980	0.94204	0	0	0.05796
V981	0.35396	0.0133	0.47014	0.16261
V982	0.4539	0.34872	0.12244	0.07493
V983	0.71424	0.02789	0.02686	0.23101
V984	0.05088	0.73941	0.18628	0.02344
V985	0.13945	0.17818	0.02996	0.65241
V986	0.34964	0.46567	0.09336	0.09132
V987	0.28104	0.68143	0.03065	0.00688
V988	0.27994	0	0.05104	0.66902
V989	0.45566	0.40869	0.13304	0.00261
V990	0.00304	0.06645	0.8163	0.11421
V991	0.66228	0.31553	0.00859	0.0136
V992	0.2313	0	0.5555	0.2132
V993	0.10377	0.6346	0.23606	0.02557
V994	0.22302	0.68809	0.08889	0
V995	0.72472	0.0768	0.06821	0.13027
V996	0.32853	0.10404	0.03502	0.5324
V997	0.05149	0.02556	0.82838	0.09457
V998	0.81447	0	0.11858	0.06695
V999	0.16663	0.80802	0.02535	0
V1000	0.38346	0	0	0.61654
