cytotoxic.CD56.dim.NK.cell	memory.CD4.pos.AB.T.cell	memory.B.cell	CD14.pos.CD16.neg.classical.monocyte
V1	0.6078	0.01133	0.20837	0.17251
V2	0.22575	0.1158	0.08152	0.57693
V3	0.07646	0.69758	0.0193	0.20666
V4	0.86139	0.12431	0.00017	0.01413
V5	0.13272	0.47255	0.29451	0.10022
V6	0.09021	0.8678	0.02732	0.01467
V7	0.19279	0.40876	0.11421	0.28424
V8	0.13675	0.00869	0.83497	0.01959
V9	0.31384	0.27953	0.05529	0.35134
V10	0.02146	0.0102	0.93743	0.03092
V11	0.22014	0.32332	0.45238	0.00417
V12	0.03256	0.55886	0.39928	0.00929
V13	0.28304	0.69437	0.00826	0.01432
V14	0.07928	0.90584	0.01021	0.00467
V15	0.1454	0.61003	0.14475	0.09982
V16	0.91076	0.0475	0.02345	0.01829
V17	0.10042	0.86677	0.01812	0.01469
V18	0.58254	0.3416	0.05171	0.02415
V19	0.17561	0.80608	0.00897	0.00933
V20	0.21542	0.51635	0.02902	0.23921
V21	0.13809	0.038	0.80435	0.01956
V22	0.02977	0.11279	0.31762	0.53981
V23	0.38771	0.02963	0.57844	0.00421
V24	0.92932	0.03637	0.03416	0.00015
V25	0.40096	0.24698	0.16246	0.1896
V26	0.43702	0.40854	0.02549	0.12895
V27	0.15739	0.08142	0.03524	0.72595
V28	0.00178	0.03117	0.96642	0.00064
V29	0.43844	0.01981	0.5231	0.01864
V30	0.13222	0.22878	0.36399	0.27501
V31	0.24677	0.19084	0.36442	0.19797
V32	0.12576	0.04588	0.0536	0.77476
V33	0.0566	0.48289	0.39931	0.06121
V34	0.13718	0.02213	0.82117	0.01953
V35	0.17941	0.7066	0.09434	0.01965
V36	0.01206	0.03156	0.6306	0.32577
V37	0.61313	0.07312	0.12368	0.19007
V38	0.50654	0.00606	0.22572	0.26168
V39	0.19099	0.56907	0.15386	0.08608
V40	0.11069	0.80357	0.08567	6e-05
V41	0.01236	0.74699	0.06184	0.17881
V42	0.29692	0.0312	0.29215	0.37974
V43	0.14277	0.30753	0.53016	0.01954
V44	0.02103	0.05408	0.82171	0.10319
V45	0.11503	0.57968	0.25031	0.05499
V46	0.7869	0.07377	0.1352	0.00413
V47	0.45367	0.17327	0.34271	0.03035
V48	0.79989	0.17882	0.00732	0.01398
V49	0.75128	0.19702	6e-05	0.05165
V50	0.07825	0.822	0.09536	0.00439
V51	0.32243	0.3783	0.28013	0.01914
V52	0.03163	0.08499	0.86342	0.01997
V53	0.71932	0.11856	0.16203	9e-05
V54	0.42623	0.17248	0.38759	0.0137
V55	0.2753	0.1315	0.31614	0.27706
V56	0.07109	0.03009	0.14604	0.75279
V57	0.11114	0.85212	0.02738	0.00936
V58	0.72841	0.01306	0.0564	0.20213
V59	0.44747	0.3993	0.12293	0.0303
V60	0.17111	0.15225	0.41925	0.25739
V61	0.82168	0.11117	0.0151	0.05204
V62	0.87581	0.0391	0.07653	0.00856
V63	0.0227	0.82482	0.13784	0.01464
V64	0.01269	0.89945	0.00193	0.08593
V65	0.02125	0.01945	0.16752	0.79177
V66	0.24015	0.6925	0.02544	0.04192
V67	0.16601	0.29465	0.5303	0.00905
V68	0.23668	0.19078	0.03893	0.53361
V69	0.03173	0.27959	0.65791	0.03078
V70	0.57209	0.14296	0.2078	0.07715
V71	0.20892	0.06442	0.47434	0.25231
V72	0.61453	0.15966	0.11739	0.10843
V73	0.17438	0.61049	0.16078	0.05435
V74	0.06423	0.19045	0.745	0.00032
V75	0.72036	0.00616	0.21723	0.05625
V76	0.00183	0.21546	0.28088	0.50183
V77	0.0619	0.39165	0.01554	0.53092
V78	0.37522	0.11903	0.24627	0.25948
V79	0.01011	0.07399	0.86169	0.05421
V80	0.36328	0.01153	0.57307	0.05212
V81	0.06401	0.13257	0.79882	0.0046
V82	0.0012	0.04882	0.94458	0.0054
V83	0.19862	0.22115	0.11582	0.46441
V84	0.47465	0.04643	0.21678	0.26214
V85	0.13133	0.30263	0.46094	0.1051
V86	0.05366	0.03144	0.88965	0.02525
V87	0.0456	0.84482	0.06672	0.04286
V88	0.22512	0.05938	0.36914	0.34636
V89	0.03209	0.023	0.3284	0.61651
V90	0.03397	0.8897	0.06684	0.00949
V91	0.04459	0.72486	0.21076	0.01978
V92	0.47378	0.01781	0.42542	0.08298
V93	0.91371	0.02389	0.00013	0.06226
V94	0.02763	0.56011	0.03488	0.37738
V95	0.28749	0.43347	0.18626	0.09279
V96	0.11856	0.14501	0.04691	0.68952
V97	0.6797	0.09711	0.2192	0.004
V98	0.68818	0.30252	3e-04	0.00901
V99	0.78544	0.04794	0.16248	0.00414
V100	0.08651	0.01653	0.88218	0.01479
V101	0.02817	0.07041	0.01234	0.88908
V102	0.92437	0.05925	0.00751	0.00888
V103	0.01926	0.07115	0.16323	0.74636
V104	0.03517	0.94922	0.0108	0.0048
V105	0.0677	0.90832	0.01933	0.00464
V106	0.13477	0.48797	0.35203	0.02523
V107	0.19792	0.17362	0.59803	0.03043
V108	0.16554	0.72977	0.10463	6e-05
V109	0.02156	0.14377	0.68876	0.14591
V110	0.0675	0.87131	0.04655	0.01463
V111	0.90833	0.01022	0.07721	0.00424
V112	0.16625	0.05407	0.53728	0.24239
V113	0.2608	0.11716	0.25276	0.36928
V114	0.34362	0.05763	0.12719	0.47156
V115	0.01177	0.73468	0.24907	0.00448
V116	0.16998	0.3016	0.4232	0.10522
V117	0.68234	0.25153	0.04201	0.02411
V118	0.20077	0.61338	0.0474	0.13845
V119	0.18064	0.10801	0.08537	0.62599
V120	0.08636	0.04937	0.85469	0.00958
V121	0.64006	0.12936	0.11717	0.11341
V122	0.9563	0.0184	0.01629	0.00901
V123	0.01318	0.61267	0.06777	0.30639
V124	0.66972	0.29533	0.00013	0.03482
V125	0.39898	0.39495	0.19228	0.0138
V126	0.06558	0.20873	0.08749	0.63821
V127	0.22785	0.0501	0.3596	0.36245
V128	0.05324	0.02885	0.19259	0.72532
V129	0.58747	0.21716	0.17673	0.01863
V130	0.01138	0.63049	0.35367	0.00446
V131	0.03477	0.91465	0.00183	0.04876
V132	0.937	0.01672	0.03276	0.01352
V133	0.90768	0.02407	0.05952	0.00873
V134	0.1461	0.43656	0.17344	0.24389
V135	0.12624	0.02972	0.28845	0.55558
V136	0.30412	0.45021	0.01829	0.22738
V137	0.65522	0.03442	0.27072	0.03964
V138	0.24958	0.4097	0.21568	0.12504
V139	0.40099	0.20732	0.24077	0.15091
V140	0.05198	0.13544	0.09427	0.71831
V141	0.08282	0.14288	0.62927	0.14504
V142	0.78287	0.01007	0.2069	0.00015
V143	0.48251	0.27715	0.08992	0.15042
V144	0.2307	0.17584	0.23869	0.35477
V145	0.00206	0.74471	0.2487	0.00453
V146	0.0928	0.03521	0.05703	0.81497
V147	0.92279	0.03063	0.0234	0.02319
V148	0.15263	0.06057	0.65913	0.12767
V149	0.27653	0.48529	0.23406	0.00413
V150	0.09956	0.217	0.63513	0.0483
V151	0.23873	0.63713	0.04528	0.07887
V152	0.2573	0.43441	0.24832	0.05998
V153	0.12957	0.772	0.02651	0.07192
V154	0.25598	0.43104	0.29364	0.01934
V155	0.48603	0.13467	0.3196	0.05971
V156	0.04396	0.11947	0.75831	0.07826
V157	0.34316	0.15086	0.3697	0.13628
V158	0.02791	0.02292	0.05271	0.89647
V159	0.89371	0.07666	5e-05	0.02959
V160	0.7569	0.01257	0.08454	0.14599
V161	0.32023	0.02299	0.05611	0.60067
V162	0.10159	0.3758	0.12591	0.39671
V163	0.12408	0.51683	0.21047	0.14861
V164	0.39242	0.32119	0.13569	0.1507
V165	0.0173	0.38287	0.00651	0.59332
V166	0.01814	0.15024	0.12546	0.70616
V167	0.49086	0.0115	0.01416	0.48348
V168	0.30624	0.56317	0.09417	0.03641
V169	0.28462	0.07696	0.06673	0.57169
V170	0.1347	0.01867	0.63354	0.21309
V171	0.14159	0.21449	0.61887	0.02505
V172	0.70383	0.00866	0.28337	0.00414
V173	0.04977	0.21307	0.07479	0.66237
V174	0.03169	0.2323	0.12969	0.60632
V175	0.07674	0.00745	0.83963	0.07618
V176	0.01205	0.7959	0.18755	0.0045
V177	0.01387	0.97378	0.0023	0.01005
V178	0.01247	0.83676	0.00974	0.14103
V179	0.20941	0.01221	0.49258	0.2858
V180	0.03468	0.87766	0.08758	8e-05
V181	0.18738	0.1171	0.59854	0.09698
V182	0.31265	0.1631	0.4882	0.03606
V183	0.19647	0.78983	0.00924	0.00446
V184	0.97555	0.01408	0.01015	0.00022
V185	0.57728	0.40251	0.01605	0.00416
V186	0.14324	0.47601	0.30097	0.07978
V187	0.94409	0.01841	0.03321	0.00429
V188	0.0949	0.3294	0.00581	0.56989
V189	0.85412	0.02941	0.02419	0.09228
V190	0.64749	0.01502	0.33334	0.00414
V191	0.1973	0.18355	0.59432	0.02483
V192	0.34028	0.48238	0.0666	0.11075
V193	0.62213	0.03352	0.26789	0.07646
V194	0.0459	0.92934	0.00982	0.01494
V195	0.01204	0.02255	0.95994	0.00547
V196	0.02208	0.12872	0.02722	0.82197
V197	0.52787	0.06218	0.04223	0.36772
V198	0.07885	0.48373	0.40027	0.03716
V199	0.24042	0.03476	0.26614	0.45869
V200	0.16674	0.62196	0.02804	0.18326
V201	0.12012	0.56245	0.22445	0.09298
V202	0.02127	0.01387	0.85671	0.10816
V203	0.17851	0.40009	0.40731	0.01409
V204	0.01362	0.65324	0.01185	0.32129
V205	0.02163	0.04428	0.92405	0.01005
V206	0.05378	0.07867	0.86275	0.00479
V207	0.19807	0.24916	0.08867	0.46409
V208	0.25823	0.05438	0.67836	0.00903
V209	0.33711	0.47775	0.08705	0.09808
V210	0.10219	0.76028	0.10664	0.03089
V211	0.54274	0.02408	0.05467	0.37851
V212	0.50515	0.03585	0.44551	0.01348
V213	0.69323	0.03491	0.13734	0.13452
V214	0.3962	0.17014	0.21351	0.22015
V215	0.40211	0.12665	0.03466	0.43658
V216	0.06348	0.02205	0.04833	0.86613
V217	0.06037	0.51386	0.28269	0.14308
V218	0.12573	0.47906	0.2152	0.18001
V219	0.13674	0.69295	0.01806	0.15224
V220	0.01243	0.87895	0.00947	0.09914
V221	0.86349	0.01479	0.00733	0.1144
V222	0.34645	0.12788	0.41738	0.10829
V223	0.01007	0.12043	0.82116	0.04834
V224	0.95949	0.01355	0.02675	2e-04
V225	0.06722	0.86177	0.06653	0.00447
V226	0.3135	0.07072	0.60688	0.0089
V227	0.78106	0.00782	0.20271	0.00841
V228	0.79037	0.07124	0.0809	0.05748
V229	0.0217	0.0189	0.94414	0.01526
V230	0.02451	0.06027	0.04743	0.86779
V231	0.02812	0.35703	0.17172	0.44313
V232	0.06317	0.73744	0.00226	0.19713
V233	0.5978	0.08548	0.22902	0.0877
V234	0.04543	0.9073	0.03774	0.00953
V235	0.37737	0.05202	0.55183	0.01877
V236	0.05395	0.05425	0.84409	0.0477
V237	0.25163	0.0256	0.06037	0.66241
V238	0.14768	0.53392	0.28732	0.03108
V239	0.09983	0.50125	0.03374	0.36518
V240	0.48952	0.03459	0.44626	0.02963
V241	0.02132	0.00953	0.92692	0.04223
V242	0.14462	0.74142	0.10484	0.00912
V243	0.25317	0.03431	0.66567	0.04685
V244	0.21853	0.00656	0.72296	0.05195
V245	0.60965	0.29381	0.06146	0.03508
V246	0.06429	0.13024	0.79086	0.01461
V247	0.17043	0.01945	0.80972	0.00039
V248	0.03923	0.06364	0.08953	0.8076
V249	0.00082	0.03301	0.92371	0.04246
V250	0.76123	0.00828	0.22651	0.00397
V251	0.93603	0.0518	0.00784	0.00433
V252	0.01286	0.82021	0.16683	0.00011
V253	0.44105	0.07593	0.21829	0.26472
V254	0.01301	0.92403	0.0583	0.00466
V255	0.05688	0.9157	0.0018	0.02562
V256	0.19191	0.19575	0.55821	0.05414
V257	0.46335	0.10033	0.28695	0.14937
V258	0.19843	0.2513	0.47094	0.07933
V259	0.04282	0.26712	0.6649	0.02516
V260	0.00116	0.26087	0.73327	0.0047
V261	0.6448	0.0337	0.22909	0.0924
V262	0.15731	0.09407	0.03479	0.71383
V263	0.02426	0.95848	0.00211	0.01514
V264	0.20422	0.03516	0.53011	0.23051
V265	0.05205	0.01619	0.23646	0.69529
V266	0.64186	0.34941	0.00864	9e-05
V267	0.00139	0.20992	0.40336	0.38533
V268	0.4731	0.0293	0.19681	0.30079
V269	0.01078	0.53768	0.42055	0.031
V270	0.65102	0.0261	0.27201	0.05087
V271	0.82018	0.07273	0.04277	0.06431
V272	0.06982	0.84553	0.0177	0.06695
V273	0.09157	0.0474	0.07082	0.79021
V274	0.71785	0.00593	0.20857	0.06765
V275	0.00126	0.02457	0.96849	0.00568
V276	0.53986	0.34974	0.01543	0.09496
V277	0.0576	0.25904	0.2422	0.44116
V278	0.0564	0.06681	0.42587	0.45091
V279	0.72005	0.06039	0.13255	0.08701
V280	0.02791	0.02292	0.05271	0.89647
V281	0.60614	0.03504	0.17788	0.18095
V282	0.06428	0.05468	0.84475	0.03629
V283	0.24129	0.59007	0.0766	0.09204
V284	0.03417	0.8939	0.06737	0.00456
V285	0.0766	0.01364	0.90925	0.00051
V286	0.26869	0.54267	0.1283	0.06034
V287	0.11165	0.85574	0.01799	0.01462
V288	0.02272	0.28265	0.515	0.17964
V289	0.29571	0.20392	0.4522	0.04817
V290	0.8097	0.17294	0.01725	0.00012
V291	0.48385	0.06124	0.44624	0.00868
V292	0.94995	0.01667	8e-05	0.03329
V293	0.29731	0.01294	0.6653	0.02445
V294	0.13144	0.46879	0.00371	0.39606
V295	0.02812	0.22162	0.28897	0.4613
V296	0.18902	0.10606	0.6516	0.05332
V297	0.12087	0.01666	0.12607	0.7364
V298	0.30214	0.0883	0.60066	0.0089
V299	0.10721	0.36983	0.02603	0.49693
V300	0.00205	0.04559	0.36837	0.58399
V301	0.13545	0.09726	0.69559	0.0717
V302	0.64904	0.34156	0.00037	0.00903
V303	0.00141	0.57461	0.40407	0.01991
V304	0.0664	0.01946	0.81238	0.10176
V305	0.14846	0.1533	0.53819	0.16006
V306	0.81014	0.09971	0.06088	0.02928
V307	0.02398	0.94673	0.01953	0.00976
V308	0.26593	0.22948	0.35265	0.15194
V309	0.39524	0.34763	0.03803	0.2191
V310	0.11016	0.36415	0.20874	0.31695
V311	0.524	0.46379	0.00799	0.00422
V312	0.11145	0.71763	0.15656	0.01436
V313	0.00325	0.18044	0.03923	0.77708
V314	0.02523	0.54896	0.15319	0.27262
V315	0.14947	0.66363	0.04794	0.13896
V316	0.33203	0.12725	0.4375	0.10323
V317	0.10788	0.72892	0.0577	0.10549
V318	0.05222	0.6513	0.0207	0.27577
V319	0.06396	0.04813	0.86809	0.01981
V320	0.09045	0.12777	0.70388	0.0779
V321	0.6319	0.35937	0.00865	9e-05
V322	0.25037	0.36749	0.10105	0.28109
V323	0.08663	0.04006	0.15774	0.71557
V324	0.65531	0.25103	0.08003	0.01363
V325	0.31813	0.61434	0.06335	0.00418
V326	0.00175	0.63702	0.1245	0.23673
V327	0.03123	0.20099	0.17297	0.59482
V328	0.05562	0.01967	0.81726	0.10744
V329	0.23418	0.1323	0.24502	0.3885
V330	0.4252	0.0107	0.39856	0.16554
V331	0.44866	0.10647	0.06682	0.37804
V332	0.01639	0.07007	0.30176	0.61177
V333	0.42978	0.06836	0.43015	0.07172
V334	0.39295	0.01065	0.42348	0.17292
V335	0.03293	0.32163	0.56601	0.07943
V336	0.19664	0.71103	0.02583	0.06649
V337	0.28935	0.37853	0.31285	0.01927
V338	0.00309	0.98027	0.01165	0.00498
V339	0.12708	0.01072	0.85732	0.00487
V340	0.07005	0.21685	0.59552	0.11758
V341	0.03777	0.05969	0.11801	0.78453
V342	0.2579	0.00581	0.65478	0.08152
V343	0.95956	0.02781	0.00819	0.00443
V344	0.66226	0.14519	0.19246	9e-05
V345	0.01347	0.02749	0.95848	0.00056
V346	0.27979	0.11655	0.36018	0.24347
V347	0.06822	0.02621	0.21763	0.68794
V348	0.07025	0.66966	0.16759	0.09251
V349	0.35811	0.15427	0.42146	0.06616
V350	0.03411	0.77961	0.18618	1e-04
V351	0.02609	0.03384	0.54813	0.39193
V352	0.05382	0.01443	0.8843	0.04745
V353	0.88596	0.03068	0.04285	0.04051
V354	0.05561	0.67527	0.24378	0.02534
V355	0.29678	0.0685	0.52111	0.11361
V356	0.05326	0.0418	0.17659	0.72834
V357	0.13864	0.3428	0.33898	0.17958
V358	0.6108	0.11619	0.06895	0.20406
V359	0.65117	0.06622	0.04804	0.23457
V360	0.55013	0.4165	0.02454	0.00883
V361	0.00132	0.42119	0.57296	0.00454
V362	0.00305	0.97131	0.02075	0.0049
V363	0.19724	0.10995	0.54318	0.14963
V364	0.16833	0.0515	0.7214	0.05877
V365	0.37097	0.04238	0.02715	0.5595
V366	0.09469	0.70499	0.10039	0.09994
V367	0.63869	0.15866	0.00792	0.19473
V368	0.10513	0.73646	0.09777	0.06064
V369	0.02126	0.37103	0.60326	0.00445
V370	0.29852	0.25346	0.4288	0.01922
V371	0.2051	0.71736	0.03528	0.04226
V372	0.23153	0.07072	0.18903	0.50871
V373	0.09819	0.13546	0.56806	0.19828
V374	0.76562	0.01654	0.21772	0.00013
V375	0.06519	0.05823	0.23969	0.6369
V376	0.0526	0.05355	0.17452	0.71932
V377	0.84246	0.00791	0.01609	0.13354
V378	0.01293	0.0344	0.56223	0.39044
V379	0.42333	0.23193	0.01962	0.32513
V380	0.20585	0.08639	0.29046	0.41729
V381	0.76368	0.01953	0.11324	0.10354
V382	0.08671	0.02677	0.8816	0.00491
V383	0.85017	0.01379	0.06161	0.07444
V384	0.6045	0.07995	0.16382	0.15173
V385	0.86097	0.02049	0.08548	0.03305
V386	0.38705	0.02243	0.20748	0.38304
V387	0.59244	0.1419	0.214	0.05166
V388	0.39649	0.33176	0.17426	0.09749
V389	0.42461	0.5179	0.0158	0.0417
V390	0.29628	0.23075	0.46884	0.00413
V391	0.50974	0.12772	0.03043	0.33211
V392	0.45004	0.22578	0.20032	0.12386
V393	0.29759	0.21934	0.39143	0.09164
V394	0.13295	0.28444	0.16894	0.41367
V395	0.24793	0.39653	0.23782	0.11773
V396	0.01318	0.96139	0.01034	0.01509
V397	0.76912	0.08886	0.11807	0.02395
V398	0.50268	0.14943	0.12863	0.21927
V399	0.211	0.54904	0.17285	0.06711
V400	0.00184	0.66535	0.0881	0.24471
V401	0.04297	0.13832	0.77075	0.04796
V402	0.77754	0.17886	0.04351	9e-05
V403	0.03776	0.04678	0.13391	0.78154
V404	0.10044	0.17675	0.66344	0.05937
V405	0.29274	0.04297	0.24484	0.41946
V406	0.6538	0.25741	0.02376	0.06503
V407	0.00309	0.98027	0.01165	0.00498
V408	0.11037	0.24561	0.47364	0.17038
V409	0.00375	0.05174	0.05279	0.89173
V410	0.10057	0.84831	0.03655	0.01457
V411	0.56595	0.01856	0.00349	0.41201
V412	0.18595	0.07077	0.5788	0.16448
V413	0.07434	0.51679	0.22879	0.18008
V414	0.0454	0.50136	0.37298	0.08026
V415	0.48545	0.0344	0.28895	0.1912
V416	0.01239	0.06783	0.91929	0.00049
V417	0.3903	0.59703	0.00838	0.00429
V418	0.10838	0.13683	0.22585	0.52894
V419	0.02638	0.0226	0.06718	0.88383
V420	0.00244	0.91825	0.01852	0.0608
V421	0.16815	0.03415	0.72704	0.07066
V422	0.07452	0.10745	0.02504	0.79298
V423	0.08651	0.01653	0.88218	0.01479
V424	0.00081	0.04739	0.74349	0.20831
V425	0.06685	0.21947	0.64649	0.06719
V426	0.09757	0.03663	0.82414	0.04165
V427	0.09016	0.43282	0.24888	0.22814
V428	0.10488	0.77376	0.06654	0.05482
V429	0.02508	0.02207	0.08118	0.87167
V430	0.75364	0.17642	0.02369	0.04625
V431	0.21428	0.026	0.54631	0.2134
V432	0.16396	0.13415	0.08482	0.61707
V433	0.07293	0.78626	0.00186	0.13895
V434	0.43571	0.09567	0.07988	0.38874
V435	0.57949	0.0196	0.16247	0.23844
V436	0.47145	0.02181	0.16343	0.34331
V437	0.30296	0.28702	0.01156	0.39846
V438	0.64859	0.17409	0.04495	0.13237
V439	0.05516	0.1619	0.02338	0.75957
V440	0.58109	0.05035	0.05179	0.31677
V441	0.08089	0.11976	0.67659	0.12276
V442	0.34678	0.35241	0.16871	0.1321
V443	0.77125	0.01248	0.11307	0.1032
V444	0.01347	0.02749	0.95848	0.00056
V445	0.60015	0.01996	0.36152	0.01838
V446	0.04585	0.83811	0.06706	0.04898
V447	0.63788	0.09498	0.20295	0.06419
V448	0.03047	0.08964	0.30642	0.57346
V449	0.56671	0.04115	0.32842	0.06372
V450	0.1537	0.82686	0.01937	6e-05
V451	0.92735	0.05891	1e-04	0.01364
V452	0.0555	0.03223	0.13364	0.77863
V453	0.80344	0.08105	0.08058	0.03493
V454	0.00265	0.92956	0.0581	0.00969
V455	0.59379	0.03404	0.33223	0.03994
V456	0.34289	0.11693	0.43709	0.10309
V457	0.00379	0.06989	0.03524	0.89108
V458	0.34457	0.28033	0.01094	0.36416
V459	0.02279	0.80588	0.1101	0.06124
V460	0.94026	0.01756	0.03331	0.00887
V461	0.0944	0.06554	0.02655	0.81351
V462	0.42483	0.28803	0.00194	0.28519
V463	0.27222	0.47028	0.18364	0.07385
V464	0.59421	0.12281	0.00911	0.27387
V465	0.42749	0.44164	0.03457	0.0963
V466	0.62929	0.20957	0.00752	0.15362
V467	0.32344	0.55824	0.09342	0.0249
V468	0.50554	0.39716	0.06187	0.03543
V469	0.0261	0.20633	0.39937	0.36821
V470	0.56587	0.12652	0.2128	0.09481
V471	0.35557	0.13865	0.05944	0.44634
V472	0.38594	0.37323	0.0016	0.23922
V473	0.11046	0.51708	0.35812	0.01433
V474	0.18255	0.01344	0.17509	0.62893
V475	0.22738	0.44095	0.10858	0.22309
V476	0.24531	0.03361	0.09924	0.62183
V477	0.61879	0.04157	0.24122	0.09842
V478	0.16626	0.64265	0.00909	0.182
V479	0.02071	0.07346	0.85187	0.05396
V480	0.11886	0.39423	0.07356	0.41334
V481	0.14716	0.01618	0.82719	0.00947
V482	0.68762	0.16127	0.12731	0.02379
V483	0.18851	0.15063	0.12205	0.53881
V484	0.03802	0.11977	0.05474	0.78747
V485	0.14137	0.75628	0.01721	0.08515
V486	0.32149	0.28895	0.16726	0.2223
V487	0.11615	0.07232	0.14957	0.66197
V488	0.00119	0.0103	0.92284	0.06568
V489	0.21428	0.08993	0.68671	0.00908
V490	0.38732	0.3395	0.0921	0.18107
V491	0.44808	0.46653	0.04361	0.04178
V492	0.03366	0.81501	0.1469	0.00444
V493	0.03494	0.02505	0.01348	0.92653
V494	0.20697	0.14617	0.56825	0.07861
V495	0.23516	0.59669	0.15406	0.01409
V496	0.28855	0.68001	0.00092	0.03052
V497	0.01247	0.01318	0.96875	0.0056
V498	0.40892	0.13051	0.07985	0.38072
V499	0.60241	0.25742	0.13615	0.00402
V500	0.10825	0.10859	0.75825	0.02492
V501	0.00411	0.02447	0.0861	0.88531
V502	0.54977	0.26531	0.16636	0.01857
V503	0.25788	0.11517	0.27763	0.34931
V504	0.2487	0.69275	0.01644	0.04211
V505	0.23896	0.22785	0.31853	0.21465
V506	0.10653	0.2493	0.51922	0.12495
V507	0.64017	0.10708	0.14663	0.10612
V508	0.74645	0.1733	0.05102	0.02923
V509	0.25165	0.05973	0.56795	0.12066
V510	0.23325	0.48689	0.27571	0.00415
V511	0.06893	0.51023	0.06977	0.35107
V512	0.33112	0.06859	0.12738	0.47291
V513	0.09082	0.6298	0.2366	0.04277
V514	0.02383	0.12057	0.01136	0.84423
V515	0.78454	0.07119	0.06231	0.08196
V516	0.8966	0.09849	4e-04	0.0045
V517	0.05969	0.03877	0.38233	0.51922
V518	0.95	0.04516	0.00037	0.00447
V519	0.03471	0.88937	0.00919	0.06672
V520	0.03449	0.00716	0.73708	0.22127
V521	0.55209	0.04335	0.3861	0.01846
V522	0.01064	0.12494	0.6816	0.18283
V523	0.3891	0.13179	0.31415	0.16496
V524	0.0115	0.75696	0.21159	0.01995
V525	0.32929	0.25671	0.04422	0.36978
V526	0.68386	0.09007	0.09578	0.1303
V527	0.24632	0.02648	0.49003	0.23717
V528	0.11268	0.85492	0.00149	0.0309
V529	0.08937	0.08197	0.33563	0.49303
V530	0.01014	0.19092	0.73166	0.06729
V531	0.02377	0.84891	0.12723	9e-05
V532	0.22815	0.39258	0.04334	0.33593
V533	0.31449	0.36914	0.17114	0.14523
V534	0.01068	0.01384	0.81288	0.16261
V535	0.65609	0.00839	0.01943	0.31609
V536	0.23855	0.0061	0.47246	0.28288
V537	0.57851	0.24722	0.16568	0.00859
V538	0.53723	0.06761	0.12076	0.2744
V539	0.28749	0.43347	0.18626	0.09279
V540	0.2152	0.67566	0.08412	0.02503
V541	0.02584	0.59697	0.09158	0.28561
V542	0.24805	0.14307	0.331	0.27787
V543	0.90123	0.01535	0.01535	0.06807
V544	0.15012	0.11572	0.2584	0.47577
V545	0.44278	0.16871	0.0993	0.28921
V546	0.05605	0.86305	0.07644	0.00447
V547	0.0439	0.6121	0.33477	0.00923
V548	0.16581	0.73576	0.09416	0.00428
V549	0.32199	0.02907	0.64003	0.0089
V550	0.68066	0.04127	0.0017	0.27637
V551	0.19194	0.7264	0.04504	0.03662
V552	0.00219	0.64841	0.0124	0.33701
V553	0.22862	0.13477	0.6227	0.0139
V554	0.08715	0.13776	0.04986	0.72523
V555	0.11565	0.24348	0.41536	0.22552
V556	0.00099	0.02774	0.95059	0.02067
V557	0.84871	0.03788	0.01533	0.09809
V558	0.08177	0.80186	0.03688	0.0795
V559	0.01259	0.78035	0.20695	0.00011
V560	0.67628	0.31893	0.00047	0.00432
V561	0.00126	0.02457	0.96849	0.00568
V562	0.7857	0.0127	0.13891	0.06268
V563	0.24485	0.00944	0.74119	0.00452
V564	0.06379	0.06745	0.85915	0.00961
V565	0.15012	0.26431	0.43978	0.14579
V566	0.74395	0.11278	0.00718	0.1361
V567	0.26406	0.49356	0.0385	0.20388
V568	0.33983	0.01983	0.09168	0.54866
V569	0.75359	0.03979	0.0011	0.20552
V570	0.03177	0.27032	0.65525	0.04266
V571	0.81834	0.14093	3e-05	0.04069
V572	0.44197	0.01118	0.48296	0.06389
V573	0.09816	0.25312	0.01798	0.63074
V574	0.04449	0.75841	0.18783	0.00927
V575	0.03237	0.12398	0.20983	0.63382
V576	0.16521	0.78017	0.04541	0.00921
V577	0.06115	0.0628	0.33095	0.5451
V578	0.06766	0.06189	0.75509	0.11536
V579	0.0121	0.86602	0.10713	0.01475
V580	0.22365	0.02034	0.18209	0.57392
V581	0.10711	0.12937	0.00902	0.7545
V582	0.6255	0.16695	0.04609	0.16146
V583	0.01103	0.0468	0.71641	0.22576
V584	0.50614	0.15259	0.31695	0.02431
V585	0.0127	0.0162	0.60319	0.36791
V586	0.24315	0.01181	0.6874	0.05765
V587	0.26641	0.01356	0.70097	0.01906
V588	0.69815	0.05632	0.03673	0.20881
V589	0.06878	0.81158	0.07679	0.04285
V590	0.05562	0.73277	0.20723	0.00437
V591	0.00219	0.05863	0.32928	0.60989
V592	0.15982	0.03514	0.80467	0.00037
V593	0.61948	0.00549	0.22643	0.1486
V594	0.33567	0.27544	0.35827	0.03062
V595	0.04202	0.05688	0.04543	0.85566
V596	0.05262	0.32528	0.30286	0.31924
V597	0.00131	0.56864	0.37466	0.05539
V598	0.02118	0.10584	0.86324	0.00975
V599	0.61823	0.32076	0.04213	0.01888
V600	0.37678	0.48005	0.06482	0.07834
V601	0.21492	0.32918	0.11789	0.338
V602	0.04318	0.06005	0.0309	0.86587
V603	0.01513	0.48993	0.02608	0.46886
V604	0.50401	0.11429	0.36298	0.01873
V605	0.08339	0.33081	0.45929	0.12651
V606	0.74136	0.16753	0.01488	0.07623
V607	0.69356	0.0189	0.13898	0.14856
V608	0.25036	0.16191	0.44459	0.14314
V609	0.03985	0.28159	0.32537	0.3532
V610	0.77941	0.02756	0.11161	0.08142
V611	0.39753	0.01839	0.08809	0.49598
V612	0.03152	0.08239	0.84402	0.04207
V613	0.04295	0.30939	0.62244	0.02522
V614	0.77832	0.07123	0.06252	0.08793
V615	0.20462	0.09118	0.0198	0.68439
V616	0.09609	0.73435	0.05819	0.11137
V617	0.45944	0.1555	0.38492	0.00013
V618	0.79666	0.01516	0.00098	0.1872
V619	0.41905	0.03395	0.37942	0.16758
V620	0.01138	0.63049	0.35367	0.00446
V621	0.45921	0.16511	0.21673	0.15894
V622	0.35496	0.21157	0.41442	0.01905
V623	0.03204	0.10853	0.23928	0.62015
V624	0.77849	0.2073	0.00018	0.01403
V625	0.28735	0.49968	0.12023	0.09275
V626	0.95484	0.03574	0.00031	0.00911
V627	0.00318	0.05096	0.13604	0.80983
V628	0.00274	0.33214	0.03207	0.63305
V629	0.15401	0.30951	0.34187	0.19461
V630	0.04307	0.31042	0.61575	0.03076
V631	0.03034	0.26669	0.16853	0.53445
V632	0.63555	0.00573	0.17547	0.18325
V633	0.00073	0.03079	0.89154	0.07695
V634	0.39188	0.2508	0.35323	0.0041
V635	0.03602	0.81441	0.00954	0.14004
V636	0.13664	0.09732	0.68842	0.07761
V637	0.37146	0.22767	0.12394	0.27693
V638	0.4279	0.28388	0.09273	0.19549
V639	0.27779	0.39971	0.3224	1e-04
V640	0.04265	0.13932	0.78734	0.0307
V641	0.88892	0.04569	0.03183	0.03356
V642	0.7672	0.18683	3e-05	0.04594
V643	0.01124	0.19769	0.55834	0.23272
V644	0.89484	0.08822	0.00777	0.00917
V645	0.26555	0.3881	0.33238	0.01396
V646	0.01378	0.97008	0.01125	0.0049
V647	0.15266	0.07895	0.73236	0.03602
V648	0.40936	0.41821	0.15324	0.01919
V649	0.03155	0.05595	0.87596	0.03654
V650	0.06486	0.08077	0.81275	0.04162
V651	0.30832	0.00898	0.67831	0.0044
V652	0.1144	0.09587	0.5446	0.24514
V653	0.14197	0.66447	0.12034	0.07323
V654	0.69013	0.20371	0.07095	0.03521
V655	0.05175	0.65853	0.03091	0.25881
V656	0.27518	0.33406	0.02145	0.36931
V657	0.03983	0.12645	0.02627	0.80744
V658	0.61985	0.21789	0.07322	0.08904
V659	0.35416	0.08835	0.42351	0.13398
V660	0.03501	0.94782	0.00206	0.01511
V661	0.08336	0.50473	0.08119	0.33071
V662	0.41011	0.01789	0.50759	0.06441
V663	0.24991	0.0681	0.61052	0.07148
V664	0.2062	0.06101	0.70264	0.03016
V665	0.69688	0.19329	0.05142	0.05841
V666	0.65144	0.00605	0.1325	0.21002
V667	0.74395	0.07485	0.18108	0.00011
V668	0.13319	0.77187	0.09488	6e-05
V669	0.24751	0.40265	0.28309	0.06675
V670	0.09025	0.89321	0.00174	0.0148
V671	0.37041	0.27918	0.2904	0.06001
V672	0.02151	0.02574	0.93241	0.02035
V673	0.25591	0.36853	0.26979	0.10577
V674	0.73719	0.1571	0.02374	0.08196
V675	0.16108	0.33102	0.37512	0.13278
V676	0.04796	0.16202	0.17571	0.61431
V677	0.39943	0.40416	0.11719	0.07922
V678	0.51174	0.46761	0.01645	0.00421
V679	0.05387	0.28811	0.64871	0.00931
V680	0.30958	0.52201	0.15435	0.01406
V681	0.88944	0.07593	0.01561	0.01902
V682	0.1211	0.27651	0.57727	0.02512
V683	0.01463	0.96312	0.02215	0.00011
V684	0.69257	0.16289	0.10964	0.0349
V685	0.49263	0.33508	0.14228	0.03001
V686	0.13221	0.2287	0.22533	0.41376
V687	0.0432	0.04268	0.04728	0.86683
V688	0.3949	0.51961	0.00064	0.08484
V689	0.35603	0.01183	0.07847	0.55367
V690	0.46206	0.042	0.45533	0.04061
V691	0.15826	0.0103	0.8267	0.00474
V692	0.08765	0.12715	0.7434	0.04179
V693	0.26734	0.1113	0.4415	0.17986
V694	0.0145	0.03966	0.44119	0.50465
V695	0.31904	0.01549	0.2313	0.43416
V696	0.12092	0.1351	0.03424	0.70974
V697	0.02322	0.1038	0.02895	0.84403
V698	0.86078	0.01448	0.01559	0.10915
V699	0.5736	0.28544	0.08158	0.05938
V700	0.33611	0.04649	0.01728	0.60013
V701	0.13906	0.55615	0.14067	0.16412
V702	0.62768	0.09891	0.01794	0.25547
V703	0.16134	0.05311	0.58406	0.20149
V704	0.83611	0.05493	0.03341	0.07555
V705	0.9559	0.00999	0.01565	0.01847
V706	0.08756	0.04448	0.81466	0.0533
V707	0.04331	0.40612	0.52531	0.02525
V708	0.04594	0.87819	0.02722	0.04865
V709	0.14656	0.24799	0.55664	0.04881
V710	0.62272	0.21932	0.06362	0.09434
V711	0.10113	0.77335	0.10575	0.01977
V712	0.84024	0.06516	0.00697	0.08764
V713	0.47247	0.32331	0.04665	0.15757
V714	0.01275	0.7491	0.03016	0.20799
V715	0.30626	0.32018	0.33116	0.0424
V716	0.05566	0.07452	0.08569	0.78412
V717	0.09016	0.89835	0.00184	0.00966
V718	0.16599	0.55204	0.208	0.07396
V719	0.07297	0.74566	0.04861	0.13276
V720	0.69104	0.00628	0.25769	0.04498
V721	0.1452	0.16331	0.54643	0.14507
V722	0.13334	0.43326	0.0237	0.4097
V723	0.17041	0.13161	0.0195	0.67848
V724	0.64533	0.03626	0.11212	0.20629
V725	0.00088	0.08747	0.89142	0.02023
V726	0.05392	0.44738	0.1716	0.32711
V727	0.27417	0.61853	0.10312	0.00417
V728	0.03386	0.85496	0.10668	0.00449
V729	0.47799	0.02025	0.21886	0.2829
V730	0.89381	0.03846	0.04954	0.01818
V731	0.03624	0.21179	0.49941	0.25256
V732	0.37795	0.07863	0.40976	0.13366
V733	0.66528	0.19774	0.04303	0.09394
V734	0.24579	0.2807	0.46936	0.00415
V735	0.02414	0.0307	0.62681	0.31834
V736	0.22485	0.02997	0.02208	0.72311
V737	0.34519	0.28644	0.27614	0.09224
V738	0.09195	0.32092	0.50156	0.08557
V739	0.00092	0.01536	0.73878	0.24494
V740	0.81737	0.09324	0.08049	0.0089
V741	0.53252	0.11408	0.16048	0.19293
V742	0.40905	0.5733	0.01759	6e-05
V743	0.13885	0.12812	0.71872	0.01431
V744	0.52064	0.04142	0.36645	0.0715
V745	0.02244	0.69386	0.20983	0.07387
V746	0.9818	0.01302	0.00061	0.00457
V747	0.06789	0.00674	0.79166	0.1337
V748	0.13957	0.09807	0.65352	0.10884
V749	0.355	0.21406	0.07943	0.35151
V750	0.43021	0.4664	0.02466	0.07873
V751	0.05672	0.85978	0.04653	0.03697
V752	0.48329	0.23529	0.16498	0.11644
V753	0.02992	0.05626	0.01253	0.90128
V754	0.0129	0.94232	0.00196	0.04283
V755	0.18095	0.20288	0.41707	0.1991
V756	0.04025	0.03723	0.09155	0.83097
V757	0.34365	0.56403	0.07299	0.01933
V758	0.05689	0.7536	0.14053	0.04898
V759	0.1563	0.06565	0.51134	0.26671
V760	0.34185	0.06344	0.35456	0.24014
V761	0.08027	0.55852	0.30624	0.05497
V762	0.00236	0.50478	0.02628	0.46658
V763	0.42669	0.37966	0.03614	0.1575
V764	0.01263	0.93498	0.00959	0.04279
V765	0.72426	0.10515	0.00075	0.16984
V766	0.02206	0.32224	0.51355	0.14215
V767	0.49033	0.12781	0.28582	0.09604
V768	0.06745	0.89026	0.02757	0.01472
V769	0.15394	0.80058	0.03624	0.00925
V770	0.01378	0.97008	0.01125	0.0049
V771	0.16907	0.01587	0.8057	0.00936
V772	0.13664	0.04112	0.81762	0.00463
V773	0.17561	0.80608	0.00897	0.00933
V774	0.02177	0.01086	0.94694	0.02044
V775	0.15661	0.05221	0.39806	0.39312
V776	0.44038	0.42297	0.06418	0.07247
V777	0.2377	0.14601	0.20485	0.41144
V778	0.5492	0.28175	0.0839	0.08515
V779	0.19856	0.04283	0.58194	0.17667
V780	0.12205	0.73285	0.14504	7e-05
V781	0.07525	0.06312	0.05686	0.80477
V782	0.01011	0.1112	0.83653	0.04216
V783	0.81122	0.02824	0.06237	0.09818
V784	0.12194	0.85492	0.01862	0.00452
V785	0.04563	0.92077	0.01874	0.01487
V786	0.70835	0.16296	0.09943	0.02925
V787	0.0023	0.81548	0.17765	0.00458
V788	0.50388	0.29378	0.17225	0.03009
V789	0.10201	0.45674	0.04717	0.39409
V790	0.54053	0.03949	0.11022	0.30975
V791	0.15631	0.36919	0.37498	0.09953
V792	0.16879	0.59969	0.00955	0.22198
V793	0.1479	0.67962	0.04751	0.12497
V794	0.05411	0.07226	0.82581	0.04782
V795	0.16776	0.07261	0.10344	0.6562
V796	0.03176	0.0769	0.8765	0.01484
V797	0.74594	0.00752	0.23822	0.00832
V798	0.6081	0.28904	0.08932	0.01354
V799	0.1498	0.76584	0.03583	0.04853
V800	0.08722	0.0278	0.63722	0.24776
V801	0.17333	0.13132	0.42451	0.27084
V802	0.05654	0.10118	0.39604	0.44623
V803	0.23164	0.48391	0.28436	1e-04
V804	0.51836	0.01834	0.41744	0.04585
V805	0.01452	0.01555	0.96932	0.00061
V806	0.05658	0.89977	0.01812	0.02553
V807	0.33542	0.19669	0.05771	0.41018
V808	0.65335	0.27107	0.05142	0.02416
V809	0.04414	0.03994	0.91544	0.00048
V810	0.01431	0.97821	0.00244	0.00504
V811	0.46559	0.0824	0.25679	0.19522
V812	0.56451	0.27518	0.06448	0.09583
V813	0.58636	0.1882	0.20688	0.01856
V814	0.43314	0.50973	0.053	0.00413
V815	0.00263	0.90504	0.08769	0.00464
V816	0.91765	0.01225	0.06993	0.00017
V817	0.03197	0.06941	0.8888	0.00982
V818	0.00331	0.09827	0.07465	0.82377
V819	0.81904	0.0906	0.06099	0.02937
V820	0.19654	0.14789	0.04287	0.61269
V821	0.23058	0.29991	0.42104	0.04848
V822	0.07538	0.02443	0.88537	0.01482
V823	0.03198	0.17972	0.72808	0.06022
V824	0.09704	0.34659	0.55617	2e-04
V825	0.25147	0.29882	0.30433	0.14539
V826	0.42897	0.3923	0.17001	0.00872
V827	0.38408	0.5804	0.01619	0.01933
V828	0.28676	0.20254	0.15751	0.35319
V829	0.06158	0.33512	0.06664	0.53666
V830	0.28909	0.28583	0.04496	0.38011
V831	0.78131	0.09955	0.04256	0.07659
V832	0.29101	0.40294	0.19965	0.1064
V833	0.17124	0.50859	0.21415	0.10603
V834	0.37781	0.09749	0.12075	0.40396
V835	0.36878	0.4401	0.13716	0.05395
V836	0.01301	0.76232	0.01062	0.21405
V837	0.24928	0.38894	0.22853	0.13326
V838	0.91416	0.04926	0.03243	0.00415
V839	0.30903	0.57449	0.11235	0.00413
V840	0.30424	0.68615	0.00954	6e-05
V841	0.00084	0.04168	0.92057	0.03691
V842	0.38351	0.17169	0.309	0.1358
V843	0.02089	0.02282	0.90823	0.04807
V844	0.14408	0.09815	0.48802	0.26975
V845	0.07678	0.09889	0.78238	0.04195
V846	0.00076	0.01533	0.84969	0.13422
V847	0.00447	0.02607	0.0459	0.92357
V848	0.11095	0.52969	0.21066	0.14871
V849	0.00271	0.96111	0.01014	0.02603
V850	0.96341	0.011	0.01651	0.00908
V851	0.34148	0.49806	0.1604	6e-05
V852	0.15876	0.07527	0.21256	0.55342
V853	0.25927	0.21731	0.44398	0.07944
V854	0.60923	0.17652	0.12521	0.08904
V855	0.00447	0.02607	0.0459	0.92357
V856	0.06039	0.36301	0.42108	0.15553
V857	0.68826	0.18651	0.04266	0.08257
V858	0.53434	0.01483	0.4466	0.00423
V859	0.66591	0.24579	0.02364	0.06466
V860	0.26278	0.15724	0.08938	0.49061
V861	0.09726	0.3273	0.5663	0.00914
V862	0.13955	0.07958	0.75065	0.03022
V863	0.29187	0.0961	0.00618	0.60586
V864	0.10457	0.06697	0.09502	0.73345
V865	0.15913	0.01565	0.38712	0.43809
V866	0.6989	0.02172	0.2707	0.00868
V867	0.69881	0.03026	0.26685	0.00408
V868	0.51681	0.27578	0.15446	0.05295
V869	0.02452	0.95962	0.01102	0.00484
V870	0.14479	0.42777	0.03444	0.39299
V871	0.00271	0.96111	0.01014	0.02603
V872	0.01538	0.03162	0.39212	0.56087
V873	0.8815	0.03732	0.05817	0.02301
V874	0.20886	0.75429	0.0368	6e-05
V875	0.02769	0.24506	0.29979	0.42746
V876	0.17479	0.31347	0.45149	0.06025
V877	0.06081	0.41391	0.36181	0.16347
V878	0.14406	0.78038	0.0755	6e-05
V879	0.20789	0.68319	0.05504	0.05387
V880	0.33275	0.5633	0.00769	0.09626
V881	0.16508	0.04231	0.67266	0.11996
V882	0.79544	0.00683	0.14723	0.0505
V883	0.28452	0.18353	0.53174	2e-04
V884	0.03176	0.38931	0.00609	0.57283
V885	0.69002	0.21157	0.09835	7e-05
V886	0.02149	0.35747	0.5281	0.09294
V887	0.65082	0.06889	0.18708	0.09321
V888	0.11043	0.04382	0.78644	0.05931
V889	0.90643	0.05651	0.02366	0.0134
V890	0.04486	0.14116	0.69747	0.11651
V891	0.61148	0.05097	0.30839	0.02916
V892	0.36276	0.23164	0.02146	0.38415
V893	0.57828	0.21022	0.17098	0.04052
V894	0.07676	0.28713	0.61096	0.02514
V895	0.60946	0.06787	0.23013	0.09253
V896	0.0459	0.92934	0.00982	0.01494
V897	0.68687	0.26579	0.00679	0.04055
V898	0.58653	0.00977	0.01184	0.39187
V899	0.044	0.25381	0.21963	0.48256
V900	0.09787	0.30436	0.4346	0.16317
V901	0.04714	0.85789	0.00905	0.08591
V902	0.05624	0.88203	0.05721	0.00452
V903	0.01048	0.39838	0.56005	0.03109
V904	0.02498	0.96767	0.00235	0.00499
V905	0.21279	0.00998	0.27322	0.504
V906	0.47233	0.10941	0.14531	0.27296
V907	0.43288	0.50622	0.02468	0.03622
V908	0.0193	0.08547	0.13023	0.765
V909	0.14835	0.80226	0.00133	0.04806
V910	0.23786	0.01142	0.19424	0.55649
V911	0.518	0.3919	0.04287	0.04723
V912	0.40826	0.33387	0.15316	0.10471
V913	0.18052	0.01932	0.02524	0.77492
V914	0.19054	0.46597	0.3183	0.02519
V915	0.32667	0.01503	0.01911	0.63919
V916	0.25018	0.05192	0.66784	0.03006
V917	0.71186	0.03437	0.1906	0.06316
V918	0.0566	0.6192	0.2631	0.06109
V919	0.23031	0.24326	0.35721	0.16922
V920	0.61875	0.20351	0.11239	0.06535
V921	0.04955	0.24112	0.05974	0.64959
V922	0.11173	0.43897	0.41848	0.03081
V923	0.12294	0.04263	0.08152	0.75291
V924	0.04427	0.64032	0.29557	0.01984
V925	0.26484	0.06038	0.03116	0.64362
V926	0.2915	0.04505	0.05611	0.60735
V927	0.03773	0.07511	0.10184	0.78532
V928	0.05725	0.89126	0.00908	0.04241
V929	0.07141	0.65642	0.15933	0.11284
V930	0.51438	0.37655	0.04331	0.06577
V931	0.14787	0.25835	0.54504	0.04874
V932	0.04541	0.1118	0.699	0.14378
V933	0.58799	0.38734	0.01582	0.00885
V934	0.01335	0.18778	0.39649	0.40239
V935	0.56003	0.16072	0.23306	0.04619
V936	0.55723	0.2911	0.02496	0.12672
V937	0.58165	0.14402	0.11144	0.16289
V938	0.40781	0.05158	0.37118	0.16942
V939	0.77365	0.0279	0.09366	0.10479
V940	0.03338	0.7715	0.16964	0.02548
V941	0.00143	0.01444	0.97825	0.00588
V942	0.71552	0.19154	0.0794	0.01354
V943	0.38598	0.12468	0.45329	0.03605
V944	0.02946	0.35788	0.10647	0.50619
V945	0.56503	0.36093	0.0151	0.05895
V946	0.44584	0.25194	0.27777	0.02445
V947	0.11853	0.06793	0.3436	0.46994
V948	0.33132	0.02848	0.62642	0.01379
V949	0.00187	0.15164	0.31611	0.53038
V950	0.07198	0.54423	0.25606	0.12774
V951	0.80878	0.02246	0.16476	0.004
V952	0.09836	0.15569	0.37213	0.37383
V953	0.02119	0.05028	0.90831	0.02022
V954	0.0594	0.2392	0.2191	0.4823
V955	0.15252	0.64117	0.03809	0.16823
V956	0.04929	0.02907	0.64831	0.27333
V957	0.45872	0.03078	0.00471	0.50579
V958	0.03494	0.02505	0.01348	0.92653
V959	0.24171	0.2451	0.46498	0.04821
V960	0.29099	0.31624	0.11288	0.27989
V961	0.15317	0.37559	0.39192	0.07932
V962	0.36444	0.16367	0.4242	0.04769
V963	0.59325	0.17221	0.18276	0.05178
V964	0.81995	0.03785	0.11821	0.02398
V965	0.07334	0.52383	0.2381	0.16473
V966	0.9564	0.02667	0.00789	0.00904
V967	0.07384	0.04562	0.64775	0.23279
V968	0.00073	0.14098	0.81607	0.04222
V969	0.01556	0.39175	0.06687	0.52582
V970	0.04996	0.1313	0.54406	0.27469
V971	0.4947	0.08605	0.36613	0.05312
V972	0.54923	0.21954	0.06736	0.16387
V973	0.30372	0.44156	0.10261	0.15211
V974	0.01158	0.78044	0.15272	0.05526
V975	0.10769	0.26564	0.62232	0.00434
V976	0.46434	0.26067	0.14461	0.13038
V977	0.31951	0.33209	0.34431	0.0041
V978	0.09819	0.13843	0.11749	0.64588
V979	0.77199	0.02319	0.20068	0.00414
V980	0.9818	0.01302	0.00061	0.00457
V981	0.3553	0.033	0.49306	0.11864
V982	0.44649	0.39905	0.09446	0.06
V983	0.75258	0.07526	0.00757	0.1646
V984	0.02258	0.82362	0.12829	0.02551
V985	0.11227	0.27584	0.01677	0.59512
V986	0.34142	0.5211	0.06477	0.0727
V987	0.24981	0.73462	0.00115	0.01442
V988	0.30801	0.03536	0.0307	0.62592
V989	0.44335	0.45192	0.09095	0.01378
V990	0.00071	0.04689	0.86252	0.08988
V991	0.63005	0.36055	0.00038	0.00901
V992	0.22811	0.01085	0.60073	0.16032
V993	0.07892	0.69982	0.19034	0.03092
V994	0.19706	0.75791	0.03583	0.0092
V995	0.75144	0.11848	0.04264	0.08744
V996	0.35757	0.16613	0.02352	0.45279
V997	0.02104	0.01439	0.8879	0.07667
V998	0.86962	0.02071	0.07652	0.03316
V999	0.13208	0.86145	0.0018	0.00467
V1000	0.42701	0.0418	0.00488	0.52631
