B_cells	NK_cells	T_cells_CD4.	Monocytes
V1	0.57757	0	0.19279	0.22964
V2	0.22072	0.07244	0.08045	0.62639
V3	0.10205	0.59641	0.04055	0.26098
V4	0.86932	0.09644	0	0.03424
V5	0.14281	0.44056	0.29697	0.11965
V6	0.12431	0.79146	0.075	0.00923
V7	0.1938	0.34264	0.11099	0.35258
V8	0.16367	0.00309	0.80855	0.02469
V9	0.29796	0.22249	0.05	0.42955
V10	0.05501	0.00722	0.89302	0.04475
V11	0.23009	0.31926	0.45065	0
V12	0.0578	0.53261	0.40959	0
V13	0.3119	0.64366	0.04263	0.00181
V14	0.11653	0.82763	0.05585	0
V15	0.16019	0.55405	0.16576	0.12001
V16	0.86368	0.02699	0.05886	0.05047
V17	0.13539	0.79657	0.05859	0.00945
V18	0.59234	0.3066	0.07757	0.02349
V19	0.20556	0.74679	0.04765	0
V20	0.21607	0.44145	0.03878	0.3037
V21	0.16091	0.06539	0.75471	0.01899
V22	0.05705	0.08089	0.26147	0.60059
V23	0.39354	0.03925	0.56722	0
V24	0.89238	0.01659	0.09103	0
V25	0.38461	0.21715	0.15347	0.24477
V26	0.43712	0.35532	0.03694	0.17062
V27	0.18516	0.04678	0.03601	0.73205
V28	0.00317	0.07561	0.92122	0
V29	0.45244	0.02099	0.5098	0.01677
V30	0.13898	0.20547	0.31576	0.33979
V31	0.2407	0.17747	0.3296	0.25223
V32	0.168	0.0022	0.08	0.74979
V33	0.07567	0.46381	0.39845	0.06207
V34	0.16096	0.04516	0.77258	0.0213
V35	0.20439	0.65289	0.13721	0.0055
V36	0.03665	0.03406	0.5278	0.40149
V37	0.57867	0.04005	0.12821	0.25307
V38	0.47093	0	0.19286	0.33621
V39	0.20555	0.52012	0.17275	0.10157
V40	0.13351	0.73122	0.13527	0
V41	0.03731	0.64506	0.09792	0.21971
V42	0.28264	0	0.25494	0.46242
V43	0.16197	0.31603	0.52199	0
V44	0.03881	0.08394	0.75008	0.12718
V45	0.13542	0.54135	0.26738	0.05585
V46	0.78168	0.05178	0.16654	0
V47	0.46403	0.16892	0.34212	0.02494
V48	0.80812	0.13914	0.02869	0.02405
V49	0.75988	0.1616	0	0.07852
V50	0.10625	0.74412	0.14964	0
V51	0.33982	0.36275	0.29743	0
V52	0.05477	0.12132	0.79986	0.02405
V53	0.72181	0.0922	0.18599	0
V54	0.43829	0.17169	0.39002	0
V55	0.26	0.11192	0.27911	0.34897
V56	0.12013	0	0.14946	0.73041
V57	0.14447	0.77957	0.07597	0
V58	0.66814	0	0.06325	0.26861
V59	0.4624	0.36849	0.14435	0.02476
V60	0.17332	0.14183	0.36569	0.31916
V61	0.8077	0.07957	0.02852	0.08421
V62	0.84112	0.01816	0.11882	0.0219
V63	0.05442	0.75252	0.19088	0.00217
V64	0.05455	0.83287	0.01237	0.10021
V65	0.06964	0	0.16779	0.76257
V66	0.2619	0.639	0.05588	0.04322
V67	0.17881	0.29992	0.52127	0
V68	0.23204	0.13484	0.03338	0.59973
V69	0.05251	0.29789	0.62852	0.02108
V70	0.55636	0.12848	0.21248	0.10268
V71	0.20815	0.05698	0.41621	0.31866
V72	0.5968	0.13314	0.12278	0.14728
V73	0.19216	0.5634	0.18782	0.05661
V74	0.08036	0.20906	0.71058	0
V75	0.70238	0	0.21807	0.07955
V76	0.01404	0.16989	0.24217	0.5739
V77	0.09465	0.28585	0.01825	0.60125
V78	0.35408	0.09497	0.22206	0.32889
V79	0.02831	0.1105	0.79578	0.06541
V80	0.37592	0.01171	0.54936	0.06301
V81	0.08529	0.1601	0.75461	0
V82	0.00734	0.09469	0.8892	0.00878
V83	0.19786	0.16466	0.10571	0.53176
V84	0.44624	0.01632	0.19956	0.33788
V85	0.13964	0.29749	0.43424	0.12863
V86	0.07872	0.06506	0.82154	0.03468
V87	0.07575	0.76153	0.11899	0.04374
V88	0.21933	0.03918	0.31591	0.42558
V89	0.07241	0	0.26555	0.66203
V90	0.07163	0.79774	0.13063	0
V91	0.07224	0.67395	0.24901	0.0048
V92	0.47842	0.0049	0.40709	0.10959
V93	0.89644	0	0	0.10356
V94	0.05937	0.43501	0.05844	0.44718
V95	0.29461	0.39873	0.19301	0.11366
V96	0.15324	0.09721	0.04382	0.70574
V97	0.67713	0.08246	0.24041	0
V98	0.72401	0.26625	0	0.00974
V99	0.78065	0.02808	0.19126	0
V100	0.11018	0.04048	0.82857	0.02076
V101	0.11279	0.06326	0	0.82395
V102	0.89112	0.04267	0.03132	0.03489
V103	0.05835	0.03648	0.16167	0.74349
V104	0.08392	0.85645	0.05963	0
V105	0.10582	0.82369	0.07049	0
V106	0.15389	0.4739	0.36621	0.006
V107	0.21545	0.19231	0.57053	0.02171
V108	0.18359	0.67009	0.14632	0
V109	0.03684	0.16121	0.61935	0.1826
V110	0.10256	0.78567	0.1032	0.00856
V111	0.86604	0	0.12138	0.01258
V112	0.17169	0.0516	0.46841	0.30831
V113	0.2454	0.08821	0.22194	0.44445
V114	0.31513	0.0164	0.1245	0.54397
V115	0.03927	0.6789	0.28183	0
V116	0.1746	0.29395	0.40226	0.1292
V117	0.68684	0.21855	0.06501	0.0296
V118	0.21139	0.54634	0.06452	0.17775
V119	0.19024	0.0646	0.0868	0.65836
V120	0.11067	0.08418	0.80219	0.00295
V121	0.61752	0.10275	0.12379	0.15594
V122	0.88745	0	0.06737	0.04518
V123	0.04	0.49984	0.09079	0.36937
V124	0.6925	0.26008	0	0.04742
V125	0.4142	0.37247	0.21332	0
V126	0.10106	0.1428	0.08662	0.66952
V127	0.22097	0.02695	0.30693	0.44514
V128	0.10036	0	0.17513	0.72451
V129	0.58731	0.20334	0.19985	0.0095
V130	0.03698	0.59134	0.37168	0
V131	0.07354	0.85154	0.02054	0.05438
V132	0.87211	0	0.08147	0.04642
V133	0.8621	9e-05	0.10844	0.02938
V134	0.15465	0.37756	0.16481	0.30297
V135	0.14411	0	0.2386	0.61729
V136	0.29994	0.38133	0.02548	0.29325
V137	0.65102	0.01644	0.27585	0.05669
V138	0.25004	0.37536	0.21547	0.15913
V139	0.38808	0.18538	0.22921	0.19733
V140	0.09449	0.0868	0.10198	0.71673
V141	0.09569	0.15545	0.56573	0.18313
V142	0.77003	0	0.22997	0
V143	0.47239	0.23898	0.08895	0.19969
V144	0.22079	0.14323	0.2104	0.42558
V145	0.01032	0.70079	0.28889	0
V146	0.15016	0	0.09143	0.7584
V147	0.86993	0.00886	0.06202	0.0592
V148	0.16431	0.07332	0.59649	0.16589
V149	0.2877	0.45704	0.25527	0
V150	0.11799	0.23567	0.59692	0.04941
V151	0.2534	0.58336	0.06849	0.09476
V152	0.26678	0.40713	0.25984	0.06624
V153	0.15591	0.70295	0.05785	0.08328
V154	0.27403	0.41486	0.31111	0
V155	0.48792	0.12668	0.31127	0.07413
V156	0.05906	0.14863	0.69825	0.09407
V157	0.33809	0.14189	0.34205	0.17797
V158	0.10498	0	0.1138	0.78122
V159	0.88069	0.05501	0	0.0643
V160	0.70871	0	0.09073	0.20056
V161	0.28659	0	0.0656	0.64781
V162	0.11651	0.29462	0.11896	0.46991
V163	0.1364	0.46625	0.21173	0.18562
V164	0.38317	0.28825	0.12923	0.19935
V165	0.06357	0.26994	0	0.66649
V166	0.05606	0.0979	0.1273	0.71874
V167	0.41539	0	0.03019	0.55442
V168	0.32452	0.52074	0.12278	0.03196
V169	0.26683	0.035	0.0735	0.62467
V170	0.14722	0.0164	0.55875	0.27763
V171	0.16239	0.23424	0.59173	0.01164
V172	0.70241	0	0.29063	0.00696
V173	0.08918	0.1439	0.07901	0.68791
V174	0.06376	0.16254	0.12412	0.64958
V175	0.09902	0.01784	0.78824	0.0949
V176	0.04118	0.72806	0.23076	0
V177	0.06544	0.90394	0.01143	0.01919
V178	0.0474	0.72995	0.05442	0.16823
V179	0.21073	0	0.42406	0.36521
V180	0.06554	0.78925	0.14521	0
V181	0.19635	0.1297	0.55273	0.12122
V182	0.32398	0.1713	0.47246	0.03227
V183	0.22159	0.72637	0.05204	0
V184	0.91231	0	0.08769	0
V185	0.58937	0.35893	0.05169	0
V186	0.15477	0.44775	0.30581	0.09167
V187	0.88384	0	0.09291	0.02325
V188	0.12146	0.23464	0	0.64391
V189	0.81617	0	0.05042	0.1334
V190	0.64957	0.00156	0.34097	0.00789
V191	0.21597	0.20207	0.57034	0.01161
V192	0.34596	0.43442	0.07698	0.14264
V193	0.61382	0.01209	0.26812	0.10598
V194	0.08779	0.84644	0.04843	0.01735
V195	0.05578	0.05883	0.8679	0.01748
V196	0.07794	0.08854	0.04098	0.79254
V197	0.48095	0.01966	0.05012	0.44928
V198	0.10024	0.46872	0.4065	0.02454
V199	0.23124	0	0.23168	0.53707
V200	0.17865	0.54148	0.04526	0.23462
V201	0.13473	0.5189	0.23559	0.11078
V202	0.04811	0.03768	0.78026	0.13396
V203	0.19368	0.391	0.41532	0
V204	0.05094	0.52262	0.04161	0.38483
V205	0.05524	0.08398	0.8444	0.01639
V206	0.07888	0.11302	0.8081	0
V207	0.19989	0.18797	0.07682	0.53532
V208	0.27173	0.07303	0.65523	0
V209	0.34398	0.43487	0.09655	0.1246
V210	0.12921	0.69391	0.15152	0.02536
V211	0.48252	0	0.06139	0.45609
V212	0.51152	0.03437	0.44305	0.01106
V213	0.65949	0.00186	0.1472	0.19144
V214	0.37416	0.14578	0.19837	0.28169
V215	0.365	0.08263	0.03039	0.52198
V216	0.13512	0	0.08958	0.77529
V217	0.0766	0.46911	0.28011	0.17419
V218	0.13693	0.42997	0.2085	0.2246
V219	0.15629	0.60838	0.04064	0.19469
V220	0.04892	0.78018	0.05855	0.11235
V221	0.81138	0	0.02961	0.15901
V222	0.34414	0.12401	0.39	0.14184
V223	0.02807	0.15462	0.76154	0.05577
V224	0.90437	0	0.09563	0
V225	0.09963	0.77493	0.12544	0
V226	0.32489	0.0856	0.58951	0
V227	0.76402	0	0.22301	0.01297
V228	0.76551	0.04421	0.10225	0.08804
V229	0.05833	0.04949	0.86304	0.02914
V230	0.08983	0.0347	0.09322	0.78224
V231	0.05363	0.28056	0.15373	0.51207
V232	0.09451	0.65038	0	0.25511
V233	0.57783	0.07027	0.23142	0.12048
V234	0.0848	0.81279	0.09932	0.00308
V235	0.39213	0.06105	0.53433	0.01249
V236	0.07619	0.08829	0.77823	0.05729
V237	0.23751	0	0.07239	0.6901
V238	0.16639	0.50848	0.30853	0.0166
V239	0.11994	0.39705	0.04146	0.44155
V240	0.49761	0.03166	0.43854	0.03219
V241	0.05313	0.02008	0.87185	0.05494
V242	0.16929	0.68067	0.15004	0
V243	0.26682	0.04704	0.63101	0.05513
V244	0.23779	0	0.69749	0.06472
V245	0.61428	0.2609	0.08195	0.04288
V246	0.08741	0.16251	0.74605	0.00402
V247	0.18448	0.03973	0.77579	0
V248	0.09667	0.02999	0.118	0.75534
V249	0	0.07431	0.86904	0.05665
V250	0.74505	0	0.24726	0.0077
V251	0.90123	0.038	0.04051	0.02026
V252	0.04122	0.74757	0.21121	0
V253	0.41287	0.04859	0.20027	0.33828
V254	0.05147	0.8208	0.12772	0
V255	0.09803	0.86648	0.00545	0.03004
V256	0.20515	0.20841	0.52838	0.05807
V257	0.45201	0.08423	0.26614	0.19762
V258	0.20764	0.25268	0.44611	0.09357
V259	0.06563	0.2879	0.63401	0.01247
V260	0.00388	0.28367	0.71245	0
V261	0.6282	0.00719	0.23327	0.13134
V262	0.18318	0.05704	0.03462	0.72515
V263	0.07292	0.89264	0.01233	0.02211
V264	0.20539	0.02776	0.46737	0.29949
V265	0.09511	0	0.19634	0.70855
V266	0.66188	0.2939	0.04422	0
V267	0.0077	0.18328	0.34271	0.46632
V268	0.4377	0	0.17954	0.38276
V269	0.0315	0.5205	0.43102	0.01698
V270	0.64514	0.00501	0.2765	0.07335
V271	0.79534	0.04505	0.06268	0.09693
V272	0.10116	0.77058	0.05296	0.0753
V273	0.14457	0.00604	0.10147	0.74792
V274	0.69704	0	0.20797	0.09499
V275	0.00714	0.06802	0.89927	0.02557
V276	0.53794	0.30529	0.02888	0.12788
V277	0.07599	0.20546	0.21034	0.50821
V278	0.08302	0.04965	0.34645	0.52088
V279	0.69408	0.03344	0.14799	0.1245
V280	0.10498	0	0.1138	0.78122
V281	0.57679	0.00137	0.17692	0.24492
V282	0.08774	0.08828	0.77985	0.04413
V283	0.25332	0.53833	0.09501	0.11334
V284	0.07112	0.79798	0.1309	0
V285	0.10047	0.02611	0.87342	0
V286	0.28257	0.50115	0.14883	0.06746
V287	0.14607	0.78718	0.05846	0.0083
V288	0.0394	0.27545	0.46474	0.22041
V289	0.30443	0.20836	0.43773	0.04948
V290	0.82372	0.12312	0.05315	0
V291	0.49199	0.06286	0.44514	0
V292	0.92325	0	0	0.07675
V293	0.31656	0.02176	0.63916	0.02252
V294	0.14441	0.36829	0	0.4873
V295	0.05307	0.17492	0.24468	0.52733
V296	0.20506	0.12471	0.60885	0.06137
V297	0.1542	0	0.12956	0.71624
V298	0.31482	0.10283	0.58235	0
V299	0.12791	0.27469	0.02672	0.57068
V300	0.01786	0.02268	0.30406	0.65541
V301	0.15184	0.1194	0.64239	0.08636
V302	0.68406	0.30442	0.00252	0.00901
V303	0.01375	0.55978	0.42484	0.00164
V304	0.08769	0.04002	0.74457	0.12772
V305	0.15372	0.15879	0.48468	0.20281
V306	0.78928	0.07176	0.08684	0.05211
V307	0.06877	0.84106	0.07885	0.01133
V308	0.26039	0.21665	0.32729	0.19566
V309	0.38105	0.29618	0.0392	0.28357
V310	0.11957	0.30786	0.19158	0.38098
V311	0.54128	0.41642	0.0423	0
V312	0.13879	0.6627	0.19851	0
V313	0.02298	0.12057	0.06381	0.79264
V314	0.04861	0.46649	0.15269	0.33221
V315	0.16596	0.58899	0.06853	0.17652
V316	0.33201	0.1255	0.41017	0.13232
V317	0.13093	0.6519	0.08997	0.1272
V318	0.08271	0.53795	0.03993	0.33941
V319	0.08842	0.08344	0.80273	0.02541
V320	0.10739	0.15106	0.64794	0.09361
V321	0.65253	0.30315	0.04431	0
V322	0.24355	0.31055	0.09248	0.35342
V323	0.12904	0	0.15633	0.71463
V324	0.66421	0.22099	0.10595	0.00884
V325	0.33391	0.56658	0.0995	0
V326	0.01016	0.55327	0.14173	0.29484
V327	0.06255	0.14253	0.15727	0.63764
V328	0.07773	0.04092	0.74513	0.13622
V329	0.22379	0.09897	0.21381	0.46343
V330	0.41598	0	0.36184	0.22218
V331	0.40276	0.06579	0.07015	0.4613
V332	0.04828	0.04072	0.24836	0.66263
V333	0.43546	0.06373	0.41032	0.0905
V334	0.38392	0	0.38445	0.23163
V335	0.05023	0.32466	0.53413	0.09097
V336	0.21939	0.64887	0.0552	0.07654
V337	0.30679	0.3654	0.32781	0
V338	0.01729	0.88261	0.08605	0.01404
V339	0.15412	0.00548	0.8404	0
V340	0.08254	0.22533	0.54555	0.14658
V341	0.09076	0.02596	0.13527	0.74802
V342	0.27135	0	0.62257	0.10608
V343	0.90115	0.01784	0.04702	0.03399
V344	0.66677	0.12141	0.21183	0
V345	0.05959	0.06173	0.87867	0
V346	0.26805	0.10294	0.31928	0.30973
V347	0.10984	0	0.18912	0.70104
V348	0.09076	0.60675	0.19308	0.10941
V349	0.36019	0.15456	0.40604	0.07921
V350	0.05992	0.71468	0.2254	0
V351	0.0563	0.0274	0.44591	0.47039
V352	0.07869	0.03717	0.82523	0.05891
V353	0.84615	0.00227	0.07694	0.07464
V354	0.08238	0.63077	0.27495	0.0119
V355	0.29857	0.07032	0.48013	0.15097
V356	0.10189	0.00188	0.16923	0.72701
V357	0.14397	0.31646	0.31613	0.22343
V358	0.57393	0.08064	0.07348	0.27194
V359	0.60765	0.02718	0.0581	0.30707
V360	0.56522	0.37435	0.05888	0.00155
V361	0.00354	0.42451	0.57195	0
V362	0.00799	0.88006	0.10158	0.01037
V363	0.1993	0.11554	0.49075	0.19441
V364	0.18298	0.07263	0.67372	0.07067
V365	0.33643	0	0.03632	0.62725
V366	0.11757	0.63276	0.13125	0.11842
V367	0.60874	0.11875	0.00881	0.26369
V368	0.12951	0.66833	0.13633	0.06583
V369	0.04454	0.36987	0.58559	0
V370	0.31477	0.25552	0.42971	0
V371	0.22848	0.66082	0.06738	0.04332
V372	0.2239	0.03446	0.17091	0.57073
V373	0.11153	0.14063	0.49881	0.24902
V374	0.75774	0	0.24226	0
V375	0.10167	0.02421	0.20589	0.66823
V376	0.09927	0.01723	0.16497	0.71854
V377	0.78671	0	0.03689	0.1764
V378	0.04087	0.02941	0.45826	0.47146
V379	0.39072	0.1823	0.0191	0.40788
V380	0.2022	0.05907	0.24717	0.49156
V381	0.73043	0	0.12343	0.14613
V382	0.11153	0.05713	0.83134	0
V383	0.80991	0	0.08274	0.10735
V384	0.57251	0.05518	0.16388	0.20842
V385	0.81817	0	0.1187	0.06313
V386	0.34999	0	0.18524	0.46477
V387	0.58077	0.12865	0.22248	0.06811
V388	0.39581	0.30427	0.17466	0.12527
V389	0.44611	0.47015	0.03993	0.0438
V390	0.30353	0.2327	0.46377	0
V391	0.47176	0.0842	0.02843	0.41561
V392	0.44078	0.20275	0.19429	0.16217
V393	0.29886	0.21494	0.3735	0.1127
V394	0.14216	0.21996	0.15152	0.48637
V395	0.2498	0.36454	0.23688	0.14877
V396	0.05626	0.8599	0.06314	0.0207
V397	0.75264	0.0644	0.14391	0.03904
V398	0.47593	0.11844	0.12443	0.28121
V399	0.22509	0.50631	0.19363	0.07498
V400	0.01653	0.56808	0.11347	0.30192
V401	0.05887	0.16899	0.71755	0.05459
V402	0.79	0.13646	0.07354	0
V403	0.09118	0.00911	0.14921	0.7505
V404	0.11722	0.19863	0.61674	0.06741
V405	0.27435	0.008	0.21777	0.49988
V406	0.65234	0.22205	0.0366	0.08901
V407	0.01729	0.88261	0.08605	0.01404
V408	0.11911	0.23828	0.42994	0.21267
V409	0.02838	0.025	0.1269	0.81972
V410	0.13404	0.77374	0.0853	0.00692
V411	0.49825	0	0	0.50175
V412	0.18929	0.076	0.52191	0.21281
V413	0.09121	0.46294	0.22237	0.22349
V414	0.0636	0.47524	0.3711	0.09006
V415	0.46848	0.01034	0.26876	0.25242
V416	0.04337	0.09977	0.85686	0
V417	0.40868	0.54547	0.04585	0
V418	0.12698	0.0953	0.19375	0.58397
V419	0.09501	0	0.1241	0.7809
V420	0.00469	0.84412	0.08102	0.07017
V421	0.18376	0.05085	0.67774	0.08764
V422	0.13485	0.07513	0.02106	0.76895
V423	0.11018	0.04048	0.82857	0.02076
V424	0.00245	0.06632	0.66145	0.26978
V425	0.08203	0.23867	0.60378	0.07553
V426	0.11981	0.06503	0.76482	0.05034
V427	0.10304	0.38139	0.23351	0.28206
V428	0.13117	0.70324	0.10711	0.05848
V429	0.0886	0	0.13211	0.77929
V430	0.74783	0.14366	0.03736	0.07115
V431	0.21521	0.01833	0.48608	0.28037
V432	0.17721	0.08613	0.08603	0.65063
V433	0.1038	0.71452	0.00498	0.1767
V434	0.39111	0.05679	0.0819	0.47021
V435	0.53734	0	0.15022	0.31243
V436	0.42598	0	0.1496	0.42442
V437	0.29087	0.22089	0.01114	0.4771
V438	0.62766	0.14023	0.04856	0.18355
V439	0.10928	0.1096	0.02054	0.76058
V440	0.53055	0.008	0.06209	0.39936
V441	0.09661	0.13779	0.61026	0.15534
V442	0.3457	0.32088	0.16302	0.1704
V443	0.73582	0	0.11974	0.14444
V444	0.05959	0.06173	0.87867	0
V445	0.60248	0.008	0.36816	0.02136
V446	0.0756	0.7557	0.11721	0.05149
V447	0.62102	0.07751	0.21312	0.08835
V448	0.06145	0.06006	0.25308	0.62541
V449	0.55973	0.02757	0.3271	0.08559
V450	0.17756	0.75532	0.06712	0
V451	0.90518	0.04601	0	0.04881
V452	0.1091	0	0.14678	0.74411
V453	0.7809	0.05359	0.10618	0.05933
V454	0.014	0.84458	0.13332	0.0081
V455	0.59282	0.02024	0.33407	0.05287
V456	0.3428	0.11538	0.40924	0.13258
V457	0.02733	0.05788	0.08151	0.83328
V458	0.32364	0.2187	0.0097	0.44795
V459	0.04734	0.73018	0.15644	0.06605
V460	0.87559	0	0.08609	0.03832
V461	0.15584	0.03956	0.02766	0.77694
V462	0.39909	0.23198	0	0.36893
V463	0.28102	0.43693	0.19713	0.08493
V464	0.55559	0.07874	0.00822	0.35745
V465	0.43257	0.39301	0.04843	0.12599
V466	0.61142	0.16721	0.01237	0.20901
V467	0.34446	0.51652	0.12474	0.01429
V468	0.51576	0.36147	0.08569	0.03708
V469	0.04761	0.17854	0.33538	0.43847
V470	0.54969	0.10852	0.21294	0.12885
V471	0.32936	0.0947	0.05391	0.52203
V472	0.37295	0.31503	0	0.31202
V473	0.13152	0.49581	0.37268	0
V474	0.18572	0	0.15248	0.6618
V475	0.22634	0.38203	0.10706	0.28457
V476	0.2347	0	0.1047	0.66059
V477	0.60026	0.01937	0.24118	0.13919
V478	0.17899	0.559	0.02781	0.23419
V479	0.03797	0.10934	0.78748	0.06522
V480	0.13162	0.30342	0.07482	0.49015
V481	0.17124	0.03868	0.78524	0.00483
V482	0.67956	0.14018	0.15105	0.02922
V483	0.19158	0.10173	0.11468	0.59201
V484	0.09212	0.07877	0.06969	0.75943
V485	0.1676	0.68566	0.04564	0.1011
V486	0.30623	0.25216	0.15873	0.28289
V487	0.1457	0.03254	0.14406	0.6777
V488	0.00671	0.02335	0.88723	0.08272
V489	0.23116	0.11203	0.65681	0
V490	0.37628	0.29843	0.08887	0.23642
V491	0.46711	0.4239	0.06472	0.04426
V492	0.0642	0.74026	0.19553	0
V493	0.14685	0	0	0.85315
V494	0.21689	0.15788	0.53052	0.09471
V495	0.2537	0.55807	0.18823	0
V496	0.3198	0.64132	0.01179	0.02709
V497	0.0604	0.01302	0.90382	0.02276
V498	0.36879	0.09012	0.07808	0.46301
V499	0.60797	0.23159	0.16044	0
V500	0.13029	0.13769	0.70992	0.0221
V501	0.01987	0	0.15537	0.82476
V502	0.54958	0.25181	0.19172	0.0069
V503	0.2433	0.08929	0.24252	0.42489
V504	0.27248	0.63715	0.04684	0.04354
V505	0.23148	0.20852	0.28862	0.27138
V506	0.11626	0.25085	0.47641	0.15648
V507	0.61426	0.08416	0.15463	0.14695
V508	0.73922	0.14353	0.072	0.04526
V509	0.25365	0.06436	0.5231	0.15889
V510	0.24437	0.45982	0.29581	0
V511	0.09259	0.40666	0.08137	0.41939
V512	0.30335	0.02919	0.12305	0.54441
V513	0.1138	0.58704	0.26152	0.03764
V514	0.08645	0.0906	0	0.82295
V515	0.75813	0.04313	0.08054	0.11821
V516	0.90833	0.07759	0	0.01408
V517	0.09095	0.01494	0.30882	0.58528
V518	0.93119	0.03996	0	0.02885
V519	0.06992	0.80847	0.0471	0.0745
V520	0.06205	0	0.6539	0.28404
V521	0.55405	0.03876	0.38896	0.01823
V522	0.0262	0.13937	0.60478	0.22965
V523	0.37624	0.11825	0.29001	0.2155
V524	0.03802	0.70356	0.2521	0.00632
V525	0.31146	0.1995	0.04078	0.44826
V526	0.65053	0.05955	0.10764	0.18228
V527	0.24185	0.01421	0.43461	0.30933
V528	0.14829	0.80262	0.01678	0.0323
V529	0.11104	0.05609	0.2749	0.55797
V530	0.02707	0.21558	0.68138	0.07598
V531	0.05423	0.76831	0.17747	0
V532	0.22409	0.32087	0.0425	0.41254
V533	0.31307	0.33385	0.16428	0.18881
V534	0.03889	0.03447	0.72144	0.2052
V535	0.58277	0	0.03327	0.38396
V536	0.23164	0	0.40626	0.3621
V537	0.58274	0.22792	0.18934	0
V538	0.49374	0.02852	0.12238	0.35537
V539	0.29461	0.39873	0.19301	0.11366
V540	0.23808	0.62607	0.12131	0.01454
V541	0.05067	0.49141	0.10768	0.35023
V542	0.23661	0.12443	0.28992	0.34904
V543	0.85233	0	0.04533	0.10233
V544	0.15849	0.08236	0.22061	0.53853
V545	0.4072	0.1306	0.09449	0.36771
V546	0.08872	0.77556	0.13572	0
V547	0.06954	0.57623	0.35423	0
V548	0.18723	0.67388	0.13889	0
V549	0.33426	0.04352	0.62221	0
V550	0.63747	0.00238	0	0.36016
V551	0.2172	0.66955	0.07918	0.03407
V552	0.01235	0.52226	0.05236	0.41303
V553	0.24503	0.15411	0.60086	0
V554	0.13228	0.09013	0.05393	0.72366
V555	0.12266	0.22789	0.36923	0.28023
V556	0	0.0705	0.89098	0.03852
V557	0.8172	0.00718	0.0328	0.14281
V558	0.11036	0.7256	0.07332	0.09071
V559	0.04003	0.71684	0.24313	0
V560	0.70605	0.28065	0.00798	0.00532
V561	0.00714	0.06802	0.89927	0.02557
V562	0.75693	0	0.15159	0.09148
V563	0.26135	0.01171	0.72694	0
V564	0.0913	0.1044	0.8042	1e-04
V565	0.15317	0.25629	0.40609	0.18444
V566	0.71834	0.07722	0.01148	0.19296
V567	0.26235	0.42647	0.04632	0.26486
V568	0.30419	0	0.09119	0.60463
V569	0.71911	0.00323	0	0.27766
V570	0.0509	0.28863	0.62145	0.03902
V571	0.82178	0.10757	0	0.07065
V572	0.45277	0.00312	0.46181	0.08231
V573	0.13168	0.17475	0.01527	0.67831
V574	0.07257	0.69784	0.2296	0
V575	0.06468	0.08204	0.185	0.66828
V576	0.19278	0.71614	0.09108	0
V577	0.09189	0.03536	0.26954	0.60321
V578	0.08639	0.08509	0.68333	0.14519
V579	0.04211	0.78517	0.16613	0.00659
V580	0.21569	0	0.16095	0.62336
V581	0.15402	0.0881	0	0.75788
V582	0.60226	0.13146	0.04755	0.21874
V583	0.03008	0.06169	0.62379	0.28443
V584	0.51376	0.14737	0.32151	0.01736
V585	0.04846	0.0116	0.49344	0.44649
V586	0.25666	0.02022	0.6508	0.07233
V587	0.28366	0.02547	0.67536	0.0155
V588	0.65442	0.0187	0.04818	0.2787
V589	0.09781	0.734	0.12543	0.04276
V590	0.08032	0.67694	0.24274	0
V591	0.01774	0.03188	0.27621	0.67417
V592	0.17501	0.05502	0.76997	0
V593	0.59125	0	0.20792	0.20083
V594	0.34979	0.27107	0.36237	0.01678
V595	0.11532	0.02808	0.08362	0.77298
V596	0.06946	0.28189	0.26856	0.38009
V597	0.00766	0.5498	0.3896	0.05294
V598	0.04955	0.14209	0.80739	0.00097
V599	0.62917	0.28375	0.06935	0.01773
V600	0.38572	0.43681	0.0792	0.09826
V601	0.21112	0.26898	0.1102	0.4097
V602	0.12431	0.04025	0.04602	0.78942
V603	0.05066	0.36307	0.04928	0.53699
V604	0.50985	0.11287	0.36679	0.0105
V605	0.09356	0.32133	0.42935	0.15577
V606	0.73106	0.13457	0.02476	0.10962
V607	0.65584	0	0.13988	0.20428
V608	0.24566	0.15985	0.40895	0.18554
V609	0.05952	0.23963	0.28143	0.41942
V610	0.75292	0	0.12992	0.11716
V611	0.34601	0	0.08667	0.56732
V612	0.04957	0.11826	0.78174	0.05044
V613	0.06675	0.32354	0.59933	0.01038
V614	0.75166	0.04291	0.08006	0.12537
V615	0.21527	0.0534	0.01411	0.71722
V616	0.12025	0.65299	0.09067	0.13609
V617	0.46637	0.14648	0.38716	0
V618	0.74962	0	0	0.25038
V619	0.40888	0.01606	0.35012	0.22494
V620	0.03698	0.59134	0.37168	0
V621	0.44542	0.14307	0.204	0.20751
V622	0.36804	0.215	0.41696	0
V623	0.06323	0.07143	0.20552	0.65981
V624	0.80373	0.17291	0.00114	0.02222
V625	0.29693	0.4577	0.13127	0.1141
V626	0.92242	0.02993	0	0.04765
V627	0.01386	0.01995	0.16706	0.79912
V628	0.02788	0.22507	0.0565	0.69055
V629	0.15847	0.28443	0.31464	0.24246
V630	0.06511	0.32395	0.59189	0.01905
V631	0.05906	0.19357	0.15353	0.59384
V632	0.59738	0	0.15851	0.24411
V633	0.00121	0.06765	0.83447	0.09667
V634	0.39957	0.24184	0.35859	0
V635	0.06942	0.71914	0.03998	0.17146
V636	0.15216	0.11857	0.63474	0.09453
V637	0.34756	0.18787	0.11479	0.34978
V638	0.4113	0.24485	0.08906	0.2548
V639	0.28237	0.38196	0.33567	0
V640	0.06122	0.17051	0.73643	0.03184
V641	0.84571	0.02316	0.06336	0.06777
V642	0.77417	0.15311	0	0.07272
V643	0.02828	0.19521	0.48815	0.28836
V644	0.87909	0.06253	0.0308	0.02758
V645	0.28145	0.37346	0.34509	0
V646	0.06405	0.85665	0.07173	0.00757
V647	0.17163	0.1045	0.68555	0.03831
V648	0.42979	0.39198	0.17515	0.00308
V649	0.0534	0.09293	0.80798	0.04569
V650	0.08611	0.11413	0.75091	0.04885
V651	0.32237	0.00952	0.66809	3e-05
V652	0.12709	0.09462	0.47053	0.30776
V653	0.1619	0.60497	0.1502	0.08293
V654	0.68777	0.17532	0.08857	0.04835
V655	0.08049	0.54464	0.05769	0.31718
V656	0.26486	0.26476	0.02	0.45038
V657	0.10094	0.0889	0.02678	0.78339
V658	0.60705	0.19082	0.08062	0.12151
V659	0.34754	0.08375	0.39131	0.1774
V660	0.08207	0.88063	0.01652	0.02078
V661	0.1034	0.40698	0.08981	0.3998
V662	0.42165	0.01299	0.48378	0.08158
V663	0.25996	0.08072	0.57125	0.08808
V664	0.22373	0.08237	0.66459	0.02932
V665	0.68748	0.16663	0.06238	0.0835
V666	0.60022	0	0.12274	0.27704
V667	0.74538	0.0506	0.20402	0
V668	0.15336	0.70605	0.14059	0
V669	0.25601	0.38025	0.2885	0.07525
V670	0.12931	0.84528	0.01173	0.01368
V671	0.37367	0.26644	0.29041	0.06948
V672	0.05398	0.06125	0.8518	0.03298
V673	0.25898	0.34362	0.26685	0.13055
V674	0.72281	0.12639	0.03324	0.11755
V675	0.16619	0.31382	0.35452	0.16547
V676	0.07672	0.11151	0.16001	0.65175
V677	0.40591	0.36888	0.12681	0.09841
V678	0.52986	0.4167	0.05345	0
V679	0.07533	0.30126	0.62342	0
V680	0.33086	0.48943	0.17971	0
V681	0.8623	0.05243	0.03736	0.04791
V682	0.14082	0.2909	0.55875	0.00954
V683	0.05979	0.84771	0.0925	0
V684	0.68217	0.13791	0.1313	0.04862
V685	0.50346	0.31103	0.15883	0.02668
V686	0.13995	0.17958	0.19458	0.48589
V687	0.12148	0.00312	0.09811	0.77729
V688	0.41415	0.47632	0.0012	0.10833
V689	0.31364	0	0.07663	0.60973
V690	0.47054	0.04048	0.44158	0.0474
V691	0.18175	0.01497	0.80327	0
V692	0.10773	0.1555	0.69114	0.04563
V693	0.26089	0.107	0.3991	0.23301
V694	0.04646	0.02243	0.35273	0.57838
V695	0.29437	0	0.1972	0.50843
V696	0.15749	0.09101	0.03065	0.72085
V697	0.08339	0.07557	0.0436	0.79744
V698	0.80943	0	0.0395	0.15106
V699	0.57016	0.25792	0.09515	0.07678
V700	0.3106	0.00171	0.01815	0.66955
V701	0.15122	0.49379	0.1502	0.20478
V702	0.58575	0.05602	0.01906	0.33916
V703	0.16814	0.05546	0.5166	0.2598
V704	0.80671	0.02629	0.05498	0.11202
V705	0.88948	0	0.05675	0.05377
V706	0.10912	0.07269	0.75388	0.06431
V707	0.06834	0.40545	0.51764	0.00856
V708	0.07957	0.79436	0.07387	0.05219
V709	0.16074	0.25919	0.53164	0.04843
V710	0.60872	0.19029	0.0703	0.13068
V711	0.13009	0.70649	0.15452	0.0089
V712	0.81844	0.03695	0.01621	0.1284
V713	0.46305	0.27754	0.05105	0.20837
V714	0.0413	0.63122	0.07101	0.25647
V715	0.31865	0.30951	0.33405	0.03779
V716	0.111	0.03847	0.10769	0.74284
V717	0.1301	0.84818	0.0173	0.00442
V718	0.18069	0.51174	0.22431	0.08326
V719	0.0981	0.65619	0.08243	0.16328
V720	0.68137	0	0.25479	0.06384
V721	0.15278	0.16931	0.49344	0.18447
V722	0.14674	0.33456	0.02625	0.49245
V723	0.19041	0.08722	0.01319	0.70917
V724	0.60074	0	0.12018	0.27909
V725	0.00887	0.1273	0.83575	0.02807
V726	0.07475	0.37246	0.1607	0.39209
V727	0.29175	0.57207	0.13618	0
V728	0.06637	0.77072	0.16291	0
V729	0.44508	0	0.19321	0.36171
V730	0.84694	0.01497	0.09113	0.04696
V731	0.05282	0.20226	0.43601	0.30891
V732	0.37038	0.07213	0.37952	0.17798
V733	0.64921	0.16717	0.05201	0.13162
V734	0.25099	0.28141	0.4676	0
V735	0.05197	0.03299	0.52452	0.39053
V736	0.22907	0	0.03129	0.73964
V737	0.34619	0.26851	0.2715	0.1138
V738	0.10443	0.31984	0.47431	0.10142
V739	0	0.031	0.65133	0.31767
V740	0.80862	0.06659	0.11518	0.0096
V741	0.50503	0.08649	0.15547	0.25301
V742	0.42278	0.51933	0.05789	0
V743	0.16255	0.15423	0.68322	0
V744	0.519	0.03027	0.35728	0.09345
V745	0.04585	0.63523	0.23799	0.08093
V746	0.948	0	0	0.052
V747	0.0905	0	0.73562	0.17388
V748	0.15235	0.11474	0.59448	0.13844
V749	0.33251	0.16831	0.07118	0.428
V750	0.44023	0.41906	0.0425	0.09822
V751	0.08933	0.77593	0.097	0.03774
V752	0.47309	0.20928	0.16387	0.15376
V753	0.12776	0.04555	0	0.82668
V754	0.05724	0.87913	0.01487	0.04875
V755	0.18087	0.19271	0.3748	0.25162
V756	0.10422	0	0.13087	0.76492
V757	0.36555	0.52136	0.10634	0.00674
V758	0.08103	0.68799	0.18146	0.04952
V759	0.16302	0.06026	0.43945	0.33726
V760	0.3265	0.04673	0.31701	0.30977
V761	0.09931	0.52605	0.32083	0.05381
V762	0.01883	0.37948	0.05616	0.54553
V763	0.41918	0.33074	0.04246	0.20761
V764	0.05162	0.84092	0.06188	0.04559
V765	0.70078	0.06279	0	0.23642
V766	0.03952	0.3151	0.47255	0.17283
V767	0.48558	0.11395	0.27359	0.12688
V768	0.10483	0.80725	0.07614	0.01178
V769	0.18344	0.73384	0.08272	0
V770	0.06405	0.85665	0.07173	0.00757
V771	0.19087	0.03711	0.76797	0.00405
V772	0.15926	0.06944	0.7713	0
V773	0.20556	0.74679	0.04765	0
V774	0.05822	0.01322	0.89222	0.03634
V775	0.1638	0.03205	0.33028	0.47388
V776	0.45043	0.38166	0.07786	0.09005
V777	0.22612	0.1097	0.18206	0.48212
V778	0.54537	0.25157	0.09199	0.11107
V779	0.20149	0.04458	0.52214	0.23179
V780	0.14216	0.67343	0.18441	0
V781	0.13394	0.03006	0.08331	0.75269
V782	0.02868	0.14663	0.77547	0.04922
V783	0.77562	0	0.08367	0.14071
V784	0.15178	0.78116	0.06706	0
V785	0.08657	0.83446	0.06285	0.01613
V786	0.69954	0.13752	0.12197	0.04097
V787	0.00459	0.76341	0.232	0
V788	0.51151	0.27257	0.18958	0.02634
V789	0.12059	0.35603	0.0523	0.47108
V790	0.49512	0	0.11442	0.39046
V791	0.16351	0.35258	0.36372	0.12018
V792	0.18061	0.51189	0.02475	0.28275
V793	0.16611	0.6066	0.06981	0.15748
V794	0.07469	0.10584	0.76251	0.05696
V795	0.18137	0.0323	0.10866	0.67767
V796	0.05838	0.11419	0.81049	0.01694
V797	0.7323	0	0.25621	0.01148
V798	0.61869	0.26027	0.11648	0.00456
V799	0.17643	0.70295	0.06902	0.05161
V800	0.10583	0.02896	0.55067	0.31454
V801	0.17498	0.12055	0.36594	0.33853
V802	0.07918	0.08159	0.32574	0.51349
V803	0.24075	0.45757	0.30167	0
V804	0.52288	0.00675	0.41281	0.05756
V805	0.0675	0.01519	0.91731	0
V806	0.09437	0.81925	0.05918	0.0272
V807	0.31472	0.14854	0.05034	0.48641
V808	0.659	0.23826	0.07533	0.02741
V809	0.07288	0.07209	0.85503	0
V810	0.0707	0.90099	0.01543	0.01287
V811	0.44836	0.06146	0.2367	0.25347
V812	0.55947	0.24113	0.07033	0.12907
V813	0.58635	0.17691	0.22676	0.00997
V814	0.44886	0.46357	0.08757	0
V815	0.01893	0.82395	0.15711	0
V816	0.88232	0	0.11768	0
V817	0.06228	0.10773	0.82366	0.00633
V818	0.02792	0.06483	0.11094	0.79631
V819	0.79599	0.06383	0.08722	0.05296
V820	0.20423	0.09961	0.03723	0.65893
V821	0.2401	0.29807	0.41525	0.04657
V822	0.10026	0.05403	0.82472	0.02099
V823	0.0478	0.20483	0.67844	0.06894
V824	0.10972	0.34493	0.54535	0
V825	0.2495	0.27661	0.2876	0.18628
V826	0.44294	0.36724	0.18982	0
V827	0.40918	0.53368	0.04686	0.01028
V828	0.27011	0.16028	0.14403	0.42558
V829	0.09176	0.24228	0.07065	0.59531
V830	0.27742	0.22393	0.04038	0.45827
V831	0.76309	0.07137	0.05401	0.11154
V832	0.29495	0.36992	0.20385	0.13129
V833	0.182	0.46753	0.22065	0.12982
V834	0.34466	0.05939	0.11596	0.48
V835	0.38017	0.40758	0.15246	0.05979
V836	0.04857	0.63811	0.04866	0.26466
V837	0.25075	0.35548	0.22623	0.16755
V838	0.87656	0.03191	0.08226	0.00927
V839	0.32274	0.53472	0.14254	0
V840	0.31917	0.62593	0.0549	0
V841	0.00695	0.08318	0.86038	0.04949
V842	0.37319	0.15799	0.2904	0.17843
V843	0.04915	0.05646	0.83584	0.05855
V844	0.15233	0.09091	0.41903	0.33772
V845	0.09639	0.13011	0.7255	0.048
V846	0	0.04488	0.78224	0.17288
V847	0.0143	0	0.14758	0.83813
V848	0.12489	0.47663	0.21295	0.18552
V849	0.01093	0.88213	0.07407	0.03286
V850	0.88948	0	0.0669	0.04362
V851	0.35047	0.46533	0.1842	0
V852	0.16798	0.03936	0.18621	0.60645
V853	0.26268	0.21921	0.42388	0.09422
V854	0.59284	0.15225	0.13402	0.12089
V855	0.0143	0	0.14758	0.83813
V856	0.0743	0.34143	0.39184	0.19242
V857	0.67498	0.1566	0.05198	0.11645
V858	0.54237	0.00925	0.44358	0.00481
V859	0.66157	0.21251	0.03637	0.08955
V860	0.24893	0.10964	0.08368	0.55775
V861	0.1155	0.33225	0.55225	0
V862	0.16114	0.10697	0.70094	0.03095
V863	0.27618	0.05095	0	0.67287
V864	0.14452	0.02725	0.11089	0.71734
V865	0.16618	0	0.31743	0.51639
V866	0.70025	0.00457	0.28222	0.01296
V867	0.69917	0.01644	0.28177	0.00261
V868	0.51468	0.25273	0.16731	0.06528
V869	0.07575	0.8586	0.06218	0.00347
V870	0.15742	0.33395	0.03648	0.47214
V871	0.01093	0.88213	0.07407	0.03286
V872	0.05278	0.00932	0.31436	0.62354
V873	0.83727	0.01241	0.09711	0.05321
V874	0.22529	0.69396	0.08075	0
V875	0.05144	0.19703	0.25306	0.49847
V876	0.18394	0.31203	0.43844	0.06559
V877	0.07558	0.3816	0.34122	0.20159
V878	0.16491	0.71329	0.12179	0
V879	0.23014	0.62715	0.08281	0.0599
V880	0.3437	0.50436	0.02857	0.12338
V881	0.17477	0.05414	0.61385	0.15724
V882	0.76701	0	0.15713	0.07586
V883	0.28785	0.18894	0.52321	0
V884	0.0733	0.27935	0	0.64735
V885	0.69948	0.17848	0.12204	0
V886	0.03935	0.35402	0.49789	0.10874
V887	0.62921	0.04695	0.19309	0.13074
V888	0.13063	0.0693	0.72902	0.07104
V889	0.86502	0.0366	0.05743	0.04095
V890	0.05927	0.16155	0.63287	0.14631
V891	0.6101	0.03977	0.31371	0.03642
V892	0.33683	0.17665	0.01877	0.46775
V893	0.57025	0.19339	0.1867	0.04967
V894	0.09732	0.30331	0.58893	0.01043
V895	0.58844	0.05062	0.23109	0.12986
V896	0.08779	0.84644	0.04843	0.01735
V897	0.69371	0.22686	0.02283	0.0566
V898	0.50439	0	0.02957	0.46604
V899	0.06752	0.1948	0.19201	0.54567
V900	0.10735	0.28954	0.40054	0.20257
V901	0.07928	0.77794	0.04392	0.09886
V902	0.09105	0.79064	0.11831	0
V903	0.02986	0.40104	0.55127	0.01784
V904	0.07994	0.90621	0.00561	0.00824
V905	0.20645	0	0.2206	0.57295
V906	0.43677	0.07742	0.1391	0.34672
V907	0.45518	0.46024	0.0493	0.03528
V908	0.05994	0.04908	0.14195	0.74903
V909	0.17994	0.7518	0.01533	0.05293
V910	0.22301	0	0.16405	0.61294
V911	0.52985	0.35303	0.06109	0.05604
V912	0.40929	0.30421	0.15147	0.13503
V913	0.20076	0	0.03485	0.76439
V914	0.21032	0.45007	0.33427	0.00534
V915	0.28908	0	0.03211	0.67882
V916	0.26532	0.06955	0.63598	0.02916
V917	0.69538	0.00803	0.2041	0.09249
V918	0.07753	0.57674	0.28192	0.06381
V919	0.22676	0.22948	0.32984	0.21393
V920	0.60715	0.18002	0.12607	0.08675
V921	0.08923	0.16241	0.06552	0.68283
V922	0.13062	0.42993	0.42432	0.01513
V923	0.1616	0	0.10712	0.73128
V924	0.07256	0.60525	0.32059	0.0016
V925	0.25504	0.01778	0.03623	0.69096
V926	0.27033	0	0.07091	0.65877
V927	0.08823	0.03943	0.12313	0.74921
V928	0.09379	0.81439	0.04555	0.04628
V929	0.09178	0.59103	0.18012	0.13707
V930	0.52299	0.33663	0.05773	0.08266
V931	0.16104	0.26848	0.52302	0.04746
V932	0.06013	0.13072	0.62612	0.18302
V933	0.60404	0.34381	0.04775	0.0044
V934	0.03669	0.15785	0.32679	0.47867
V935	0.54956	0.15055	0.2418	0.05809
V936	0.54446	0.24959	0.03325	0.1727
V937	0.55552	0.11411	0.11299	0.21738
V938	0.39827	0.03574	0.34101	0.22498
V939	0.74262	0	0.10911	0.14827
V940	0.06085	0.70904	0.21362	0.01649
V941	0.01082	0.02729	0.93196	0.02994
V942	0.71892	0.16483	0.10452	0.01173
V943	0.39838	0.12809	0.43912	0.0344
V944	0.05724	0.26718	0.10552	0.57007
V945	0.57243	0.31975	0.03233	0.0755
V946	0.45664	0.24171	0.28987	0.01179
V947	0.13394	0.04381	0.28305	0.5392
V948	0.34577	0.04067	0.60552	0.00803
V949	0.00719	0.11876	0.268	0.60605
V950	0.08766	0.49905	0.25672	0.15657
V951	0.79138	0.00121	0.1993	0.0081
V952	0.1104	0.13232	0.3106	0.44668
V953	0.04815	0.08891	0.8327	0.03024
V954	0.07915	0.18367	0.19186	0.54532
V955	0.16724	0.56191	0.05597	0.21488
V956	0.07278	0.03321	0.55183	0.34218
V957	0.40092	0	0	0.59908
V958	0.14685	0	0	0.85315
V959	0.24952	0.25045	0.4513	0.04873
V960	0.27879	0.26715	0.10141	0.35265
V961	0.16239	0.36131	0.38337	0.09292
V962	0.36915	0.16541	0.41429	0.05115
V963	0.58171	0.15507	0.1952	0.06802
V964	0.79562	0.01195	0.14658	0.04585
V965	0.09045	0.47191	0.23374	0.2039
V966	0.90012	0.0139	0.03885	0.04713
V967	0.09268	0.05278	0.55993	0.29461
V968	0.00259	0.17669	0.77097	0.04975
V969	0.04768	0.28513	0.07794	0.58925
V970	0.0659	0.13022	0.46621	0.33767
V971	0.49574	0.08136	0.35777	0.06513
V972	0.52791	0.18556	0.06866	0.21787
V973	0.30437	0.39299	0.10446	0.19819
V974	0.03595	0.71265	0.19433	0.05707
V975	0.12353	0.2767	0.59977	0
V976	0.45566	0.2302	0.14237	0.17178
V977	0.32707	0.31847	0.35445	0
V978	0.13035	0.08962	0.11471	0.66532
V979	0.76701	0.00302	0.22271	0.00726
V980	0.948	0	0	0.052
V981	0.35568	0.0273	0.45713	0.1599
V982	0.45765	0.36164	0.10941	0.0713
V983	0.72328	0.03814	0.01046	0.22812
V984	0.05095	0.74885	0.17982	0.02037
V985	0.13984	0.19208	0.01491	0.65316
V986	0.35253	0.47747	0.08199	0.088
V987	0.28335	0.69207	0.02117	0.00341
V988	0.28371	0	0.04171	0.67457
V989	0.45845	0.4206	0.12094	0
V990	0	0.08217	0.80495	0.11288
V991	0.66767	0.32489	0	0.00744
V992	0.23275	0.0069	0.54728	0.21307
V993	0.10396	0.64608	0.22748	0.02248
V994	0.22316	0.69647	0.08037	0
V995	0.73259	0.08857	0.05243	0.12641
V996	0.33156	0.11593	0.0195	0.53301
V997	0.04894	0.04202	0.81603	0.093
V998	0.82534	0	0.11017	0.06449
V999	0.16746	0.81761	0.01493	0
V1000	0.38425	0	0	0.61575
