B_cells	NK_cells	T_cells_CD4.	Monocytes
V1	0.53944	0.0059	0.21202	0.24264
V2	0.21083	0.08108	0.12821	0.57987
V3	0.09766	0.54911	0.09423	0.259
V4	0.80237	0.11814	0.02636	0.05313
V5	0.13376	0.42247	0.31006	0.13371
V6	0.12424	0.73125	0.11283	0.03168
V7	0.1801	0.32263	0.15661	0.34066
V8	0.16149	0.02708	0.7695	0.04194
V9	0.27502	0.21667	0.10063	0.40767
V10	0.05768	0.03467	0.84629	0.06136
V11	0.22731	0.32578	0.44691	0
V12	0.06442	0.5125	0.41309	0.00999
V13	0.2902	0.60456	0.08029	0.02495
V14	0.12197	0.76748	0.09676	0.01379
V15	0.1503	0.51929	0.1973	0.1331
V16	0.8109	0.04963	0.06664	0.07283
V17	0.13355	0.73442	0.10036	0.03167
V18	0.54877	0.30668	0.09895	0.0456
V19	0.19683	0.6946	0.08839	0.02019
V20	0.19928	0.41157	0.09145	0.2977
V21	0.15973	0.0859	0.7175	0.03688
V22	0.05685	0.09207	0.28313	0.56795
V23	0.37715	0.06629	0.54312	0.01344
V24	0.86544	0.04462	0.08995	0
V25	0.35308	0.21684	0.18259	0.24749
V26	0.40015	0.34404	0.07495	0.18085
V27	0.18224	0.05972	0.09646	0.66159
V28	0.01271	0.09928	0.88801	0
V29	0.42846	0.04953	0.48486	0.03715
V30	0.13117	0.20719	0.32893	0.33271
V31	0.22584	0.18468	0.33452	0.25496
V32	0.17036	0.02295	0.12707	0.67962
V33	0.07344	0.44527	0.40115	0.08015
V34	0.15995	0.06719	0.73399	0.03886
V35	0.19481	0.61274	0.16443	0.02802
V36	0.03847	0.05613	0.51508	0.39032
V37	0.53188	0.06485	0.14463	0.25864
V38	0.44088	0	0.21874	0.34037
V39	0.19279	0.49039	0.2007	0.11612
V40	0.14011	0.69473	0.16516	0
V41	0.03847	0.59821	0.13898	0.22434
V42	0.26602	0.02386	0.26844	0.44169
V43	0.15708	0.31653	0.50782	0.01857
V44	0.04087	0.10295	0.71765	0.13853
V45	0.12887	0.51272	0.28463	0.07378
V46	0.74269	0.07801	0.16131	0.01799
V47	0.43633	0.18308	0.33512	0.04547
V48	0.7507	0.15827	0.04578	0.04525
V49	0.6988	0.18197	0.02073	0.0985
V50	0.11594	0.70706	0.177	0
V51	0.32198	0.3587	0.30066	0.01866
V52	0.05573	0.13698	0.76482	0.04247
V53	0.69117	0.12247	0.18636	0
V54	0.41626	0.18757	0.37982	0.01635
V55	0.2435	0.12325	0.29216	0.34109
V56	0.12485	0.0064	0.18896	0.6798
V57	0.14406	0.72441	0.11252	0.01901
V58	0.62771	0.00172	0.0885	0.28208
V59	0.42859	0.36084	0.16485	0.04572
V60	0.16393	0.1519	0.36937	0.3148
V61	0.74754	0.10239	0.04728	0.10279
V62	0.79757	0.04398	0.11412	0.04433
V63	0.0568	0.70536	0.21233	0.02552
V64	0.05922	0.75968	0.07081	0.1103
V65	0.08166	0	0.20782	0.71053
V66	0.2441	0.59693	0.09637	0.0626
V67	0.17934	0.30763	0.513	2e-05
V68	0.21849	0.13782	0.09098	0.55271
V69	0.05335	0.29839	0.60814	0.04011
V70	0.51605	0.14523	0.21928	0.11943
V71	0.19691	0.07761	0.41071	0.31477
V72	0.54963	0.14749	0.14147	0.16141
V73	0.1814	0.53134	0.21241	0.07484
V74	0.08796	0.22317	0.68887	0
V75	0.66711	0	0.22849	0.1044
V76	0.013	0.17155	0.27082	0.54463
V77	0.09131	0.2703	0.08192	0.55647
V78	0.32765	0.10884	0.23962	0.32388
V79	0.02875	0.1264	0.76231	0.08254
V80	0.35563	0.04029	0.52406	0.08002
V81	0.09406	0.17826	0.72768	0
V82	0.00625	0.11206	0.85201	0.02969
V83	0.18814	0.16366	0.14994	0.49826
V84	0.41005	0.04134	0.21626	0.33235
V85	0.13188	0.29583	0.43021	0.14208
V86	0.08309	0.0826	0.78213	0.05217
V87	0.07691	0.70712	0.15101	0.06495
V88	0.20768	0.05969	0.32399	0.40864
V89	0.07918	0.01546	0.28387	0.62149
V90	0.07657	0.74505	0.15637	0.022
V91	0.07331	0.63247	0.26663	0.02759
V92	0.44796	0.03471	0.39174	0.12559
V93	0.8284	0.03608	0.01285	0.12267
V94	0.05916	0.40524	0.10946	0.42614
V95	0.27384	0.38268	0.21609	0.12739
V96	0.14955	0.10151	0.10594	0.643
V97	0.64327	0.10832	0.23628	0.01212
V98	0.66263	0.27105	0.03298	0.03334
V99	0.74038	0.05643	0.18211	0.02107
V100	0.11458	0.06178	0.78597	0.03767
V101	0.11523	0.09274	0.05186	0.74017
V102	0.83364	0.06555	0.04498	0.05583
V103	0.06015	0.05072	0.19542	0.6937
V104	0.0908	0.78632	0.1019	0.02098
V105	0.11354	0.76527	0.1093	0.01188
V106	0.14743	0.45651	0.36801	0.02805
V107	0.20734	0.20329	0.54854	0.04083
V108	0.18462	0.64015	0.17522	0
V109	0.03776	0.17232	0.59893	0.19099
V110	0.10522	0.72908	0.13421	0.03149
V111	0.83379	0	0.12667	0.03954
V112	0.16335	0.07333	0.45753	0.30579
V113	0.2311	0.10011	0.24379	0.425
V114	0.29437	0.03665	0.15726	0.51173
V115	0.04803	0.6441	0.29994	0.00794
V116	0.16488	0.29203	0.40035	0.14275
V117	0.63777	0.22949	0.08176	0.05099
V118	0.19582	0.5082	0.111	0.18498
V119	0.18457	0.07362	0.13414	0.60768
V120	0.11548	0.10225	0.76173	0.02054
V121	0.56917	0.12164	0.13946	0.16973
V122	0.8412	0.01748	0.07142	0.06989
V123	0.03965	0.46597	0.13692	0.35746
V124	0.63534	0.26707	0.03045	0.06714
V125	0.39016	0.36851	0.22613	0.0152
V126	0.0973	0.14175	0.14076	0.62019
V127	0.20941	0.04864	0.31588	0.42607
V128	0.10405	0.01176	0.20839	0.6758
V129	0.54919	0.21479	0.20437	0.03165
V130	0.04552	0.56531	0.38158	0.00759
V131	0.07534	0.77317	0.07979	0.0717
V132	0.83041	0.01175	0.08567	0.07217
V133	0.81871	0.02527	0.10399	0.05203
V134	0.14422	0.35554	0.20311	0.29713
V135	0.14235	0.01765	0.25968	0.58032
V136	0.27552	0.35964	0.0761	0.28874
V137	0.60989	0.04553	0.26912	0.07547
V138	0.23265	0.36156	0.23635	0.16944
V139	0.35884	0.19288	0.24244	0.20584
V140	0.09242	0.09337	0.14917	0.66504
V141	0.09209	0.16688	0.54914	0.19189
V142	0.75341	0.00766	0.23892	0
V143	0.431	0.23828	0.12347	0.20724
V144	0.20839	0.14921	0.2351	0.40729
V145	0.01344	0.6656	0.30769	0.01327
V146	0.15691	0.00809	0.1414	0.6936
V147	0.81702	0.03314	0.06773	0.08212
V148	0.15758	0.09307	0.574	0.17534
V149	0.27939	0.44994	0.27067	0
V150	0.11449	0.24124	0.57667	0.0676
V151	0.23483	0.54508	0.11064	0.10945
V152	0.25026	0.39353	0.27252	0.08368
V153	0.14853	0.64946	0.10327	0.09873
V154	0.2612	0.40555	0.31559	0.01766
V155	0.45608	0.1447	0.30717	0.09205
V156	0.05889	0.16158	0.67074	0.1088
V157	0.31516	0.15579	0.34054	0.18851
V158	0.11417	0	0.16083	0.725
V159	0.81389	0.08267	0.0184	0.08504
V160	0.66709	0.00322	0.11064	0.21904
V161	0.27572	0	0.11437	0.6099
V162	0.10965	0.27914	0.16635	0.44486
V163	0.12674	0.43984	0.24038	0.19304
V164	0.35022	0.28087	0.16341	0.2055
V165	0.06553	0.26458	0.05874	0.61114
V166	0.05622	0.10312	0.17066	0.67
V167	0.39267	0	0.07095	0.53638
V168	0.30179	0.49455	0.15128	0.05239
V169	0.25232	0.05111	0.11754	0.57903
V170	0.14131	0.04266	0.53845	0.27758
V171	0.15792	0.24095	0.57012	0.03101
V172	0.66986	0	0.29666	0.03348
V173	0.08595	0.14328	0.13431	0.63646
V174	0.06147	0.16077	0.17068	0.60708
V175	0.10105	0.04194	0.75	0.10701
V176	0.04986	0.68863	0.2535	0.00801
V177	0.06671	0.8136	0.08082	0.03886
V178	0.05258	0.67101	0.09985	0.17656
V179	0.20069	0.02244	0.41894	0.35793
V180	0.0776	0.74878	0.17361	0
V181	0.18716	0.14605	0.5324	0.13439
V182	0.30719	0.18492	0.45653	0.05135
V183	0.2137	0.68217	0.09012	0.01401
V184	0.8955	0	0.09857	0.00592
V185	0.54943	0.35658	0.07207	0.02192
V186	0.14633	0.42942	0.31655	0.1077
V187	0.84388	0.01807	0.09051	0.04755
V188	0.11826	0.23945	0.04841	0.59389
V189	0.76364	0.0247	0.06029	0.15137
V190	0.61416	0.03185	0.3249	0.02909
V191	0.20826	0.21265	0.54841	0.03068
V192	0.31758	0.41237	0.11601	0.15404
V193	0.57132	0.04188	0.26443	0.12237
V194	0.09213	0.7751	0.09425	0.03852
V195	0.05847	0.07825	0.82716	0.03612
V196	0.07563	0.09957	0.10116	0.72363
V197	0.43984	0.04502	0.08441	0.43073
V198	0.09764	0.45122	0.40631	0.04483
V199	0.22043	0.02287	0.25016	0.50654
V200	0.16521	0.50263	0.09611	0.23605
V201	0.12652	0.48975	0.25891	0.12481
V202	0.05462	0.05843	0.74426	0.14268
V203	0.19095	0.38821	0.41369	0.00716
V204	0.0537	0.48304	0.09387	0.36939
V205	0.0564	0.1013	0.80715	0.03514
V206	0.09001	0.13381	0.77618	0
V207	0.18838	0.18277	0.12981	0.49903
V208	0.26304	0.09555	0.62708	0.01432
V209	0.3161	0.41288	0.13364	0.13738
V210	0.12676	0.64838	0.17749	0.04737
V211	0.44912	0.00723	0.09802	0.44563
V212	0.48337	0.06231	0.42169	0.03263
V213	0.61037	0.03121	0.15506	0.20336
V214	0.3449	0.15459	0.21911	0.2814
V215	0.33523	0.09612	0.07996	0.48869
V216	0.14756	0	0.14017	0.71227
V217	0.07228	0.4447	0.29992	0.18309
V218	0.12642	0.40564	0.2399	0.22803
V219	0.14629	0.56321	0.09046	0.20003
V220	0.05438	0.71742	0.10244	0.12576
V221	0.76507	0.01016	0.04626	0.17851
V222	0.32194	0.14058	0.38199	0.15549
V223	0.02897	0.16709	0.73021	0.07373
V224	0.88617	0	0.1051	0.00873
V225	0.11062	0.73436	0.15502	0
V226	0.31322	0.10901	0.56623	0.01154
V227	0.73071	0.00437	0.22575	0.03917
V228	0.71423	0.06939	0.10888	0.1075
V229	0.06121	0.06929	0.82237	0.04713
V230	0.09057	0.04842	0.13858	0.72242
V231	0.05115	0.26711	0.19851	0.48323
V232	0.09104	0.59657	0.0616	0.25079
V233	0.5366	0.09227	0.23445	0.13668
V234	0.09044	0.75419	0.12928	0.02609
V235	0.37211	0.08525	0.51004	0.0326
V236	0.0794	0.10537	0.74192	0.07331
V237	0.23357	0	0.12307	0.64335
V238	0.15889	0.4863	0.31716	0.03765
V239	0.1128	0.3685	0.10072	0.41798
V240	0.46976	0.05911	0.41937	0.05176
V241	0.05716	0.04221	0.83023	0.0704
V242	0.17003	0.64599	0.17746	0.00653
V243	0.2541	0.07146	0.6023	0.07214
V244	0.22827	0.0208	0.67027	0.08066
V245	0.56856	0.2654	0.10297	0.06308
V246	0.09004	0.17504	0.71245	0.02246
V247	0.18832	0.06732	0.74436	0
V248	0.09876	0.04308	0.15813	0.70003
V249	0	0.09238	0.83211	0.07551
V250	0.71333	0.003	0.24931	0.03436
V251	0.84663	0.06037	0.05076	0.04223
V252	0.05423	0.70958	0.23619	0
V253	0.38021	0.0695	0.21821	0.33209
V254	0.05823	0.77427	0.15432	0.01318
V255	0.09927	0.78318	0.06809	0.04947
V256	0.19632	0.21744	0.51069	0.07555
V257	0.41848	0.10353	0.27061	0.20738
V258	0.19704	0.2564	0.4374	0.10916
V259	0.0663	0.28931	0.61235	0.03205
V260	0.00561	0.28993	0.69278	0.01168
V261	0.58335	0.03742	0.23232	0.14691
V262	0.17996	0.06813	0.09521	0.65669
V263	0.07513	0.8075	0.07587	0.04149
V264	0.19421	0.05265	0.45513	0.29801
V265	0.10146	0	0.23229	0.66625
V266	0.62984	0.30759	0.06257	0
V267	0.00618	0.18523	0.36014	0.44846
V268	0.40398	0.01867	0.20316	0.37419
V269	0.03573	0.49711	0.42997	0.03719
V270	0.60298	0.03538	0.2701	0.09154
V271	0.73986	0.06868	0.07583	0.11564
V272	0.09968	0.70877	0.10026	0.09129
V273	0.1485	0.02436	0.14378	0.68336
V274	0.66085	0	0.22	0.11916
V275	0.00454	0.08649	0.86083	0.04814
V276	0.4934	0.30219	0.06159	0.14282
V277	0.07206	0.2026	0.24308	0.48226
V278	0.08383	0.06744	0.35483	0.4939
V279	0.64583	0.05934	0.1533	0.14153
V280	0.11417	0	0.16083	0.725
V281	0.5303	0.03194	0.18729	0.25047
V282	0.09092	0.10589	0.74198	0.06121
V283	0.23414	0.50428	0.13508	0.1265
V284	0.08155	0.75431	0.15874	0.0054
V285	0.11329	0.04686	0.83986	0
V286	0.26293	0.47511	0.17744	0.08452
V287	0.14254	0.72699	0.09975	0.03072
V288	0.04042	0.2726	0.4612	0.22579
V289	0.28798	0.21837	0.42562	0.06803
V290	0.78549	0.14896	0.06555	0
V291	0.46651	0.08812	0.4254	0.01997
V292	0.85669	0.03292	0.01182	0.09856
V293	0.30197	0.04814	0.60862	0.04127
V294	0.1369	0.35156	0.05403	0.45751
V295	0.0523	0.17643	0.27212	0.49914
V296	0.19721	0.14124	0.58364	0.07791
V297	0.16111	0	0.1718	0.66709
V298	0.30491	0.12572	0.56106	0.00831
V299	0.12051	0.25974	0.08952	0.53023
V300	0.01794	0.04255	0.31883	0.62068
V301	0.14757	0.13588	0.61586	0.10068
V302	0.62533	0.30185	0.04091	0.03191
V303	0.01699	0.53268	0.42518	0.02514
V304	0.08989	0.06244	0.70979	0.13788
V305	0.14583	0.16995	0.4739	0.21032
V306	0.73837	0.09395	0.0946	0.07308
V307	0.074	0.77715	0.1148	0.03404
V308	0.24394	0.22137	0.33109	0.2036
V309	0.34822	0.28698	0.08379	0.28102
V310	0.11176	0.29325	0.22731	0.36768
V311	0.50317	0.40664	0.06802	0.02217
V312	0.13827	0.62573	0.21972	0.01628
V313	0.01779	0.12783	0.1205	0.73388
V314	0.04673	0.43499	0.19485	0.32343
V315	0.1545	0.546	0.11581	0.18369
V316	0.31112	0.14235	0.40012	0.14641
V317	0.12453	0.60533	0.13084	0.1393
V318	0.08048	0.49589	0.09592	0.32771
V319	0.09296	0.10142	0.76265	0.04297
V320	0.10541	0.16431	0.62234	0.10794
V321	0.62116	0.31616	0.06268	0
V322	0.22506	0.29331	0.14132	0.34031
V323	0.13069	0.01942	0.18833	0.66156
V324	0.61827	0.23076	0.11905	0.03192
V325	0.32055	0.54722	0.13057	0.00167
V326	0.01083	0.51368	0.18386	0.29163
V327	0.06115	0.14403	0.19593	0.5989
V328	0.08092	0.06267	0.71083	0.14558
V329	0.21205	0.11028	0.23661	0.44106
V330	0.38924	0.02085	0.35822	0.2317
V331	0.36986	0.08251	0.10824	0.4394
V332	0.05054	0.05678	0.26929	0.62338
V333	0.40847	0.08758	0.39678	0.10717
V334	0.35957	0.02247	0.37832	0.23965
V335	0.05036	0.31933	0.52311	0.1072
V336	0.20441	0.60466	0.09759	0.09333
V337	0.29189	0.36166	0.3289	0.01754
V338	0.01701	0.82149	0.12068	0.04082
V339	0.1542	0.03427	0.79396	0.01757
V340	0.07901	0.23066	0.53189	0.15843
V341	0.09341	0.04007	0.1723	0.69423
V342	0.25769	0.02312	0.59873	0.12047
V343	0.84839	0.04016	0.05476	0.05668
V344	0.63747	0.14768	0.21485	0
V345	0.07167	0.08553	0.8428	0
V346	0.25116	0.11728	0.32499	0.30658
V347	0.11321	0.00864	0.22183	0.65632
V348	0.08626	0.56733	0.22231	0.1241
V349	0.33855	0.16962	0.39532	0.09651
V350	0.07034	0.67929	0.25037	0
V351	0.05999	0.04896	0.44165	0.44939
V352	0.08303	0.05927	0.78359	0.07411
V353	0.79399	0.02779	0.08179	0.09643
V354	0.08174	0.59377	0.2909	0.0336
V355	0.28036	0.09244	0.46438	0.16282
V356	0.10411	0.02277	0.19933	0.67379
V357	0.13443	0.30811	0.32838	0.22908
V358	0.52482	0.09985	0.10077	0.27455
V359	0.55681	0.05414	0.0818	0.30726
V360	0.52462	0.36815	0.08092	0.02631
V361	0.00875	0.4175	0.56218	0.01158
V362	0.00527	0.82309	0.13304	0.03859
V363	0.18842	0.13224	0.47683	0.2025
V364	0.1773	0.09303	0.6438	0.08587
V365	0.31289	0.02059	0.0835	0.58303
V366	0.11211	0.58896	0.16748	0.13144
V367	0.55612	0.1363	0.04027	0.2673
V368	0.12524	0.62341	0.16758	0.08377
V369	0.05431	0.3683	0.57443	0.00296
V370	0.3003	0.26276	0.41832	0.01862
V371	0.21316	0.61608	0.10763	0.06313
V372	0.21457	0.05115	0.1984	0.53587
V373	0.10716	0.15257	0.48833	0.25195
V374	0.73214	0.03175	0.23611	0
V375	0.10213	0.04229	0.23067	0.62491
V376	0.1011	0.03567	0.19579	0.66743
V377	0.74635	0	0.05458	0.19906
V378	0.04224	0.05081	0.45452	0.45243
V379	0.35761	0.18415	0.06737	0.39087
V380	0.19323	0.07437	0.2659	0.46651
V381	0.68514	0.01453	0.13565	0.16468
V382	0.11899	0.07795	0.7907	0.01236
V383	0.76645	0.00566	0.09667	0.13122
V384	0.5269	0.07729	0.17812	0.21768
V385	0.77345	0.01874	0.12088	0.08692
V386	0.3281	0.00931	0.21425	0.44834
V387	0.54083	0.14693	0.22518	0.08705
V388	0.36477	0.2996	0.19669	0.13894
V389	0.41142	0.45017	0.07507	0.06333
V390	0.29675	0.24747	0.45578	0
V391	0.4297	0.10044	0.07112	0.39874
V392	0.40583	0.20834	0.21194	0.1739
V393	0.28056	0.22226	0.36928	0.1279
V394	0.13513	0.21295	0.19215	0.45978
V395	0.2334	0.35157	0.25501	0.16001
V396	0.05925	0.79259	0.10486	0.0433
V397	0.70739	0.08807	0.14403	0.0605
V398	0.43644	0.13081	0.15065	0.2821
V399	0.21092	0.48033	0.21708	0.09168
V400	0.01982	0.52637	0.1561	0.29771
V401	0.05892	0.18028	0.68826	0.07254
V402	0.75272	0.15999	0.08729	0
V403	0.09411	0.02757	0.1828	0.69553
V404	0.11386	0.20766	0.59435	0.08413
V405	0.25856	0.03044	0.23703	0.47397
V406	0.60042	0.23031	0.06233	0.10693
V407	0.01701	0.82149	0.12068	0.04082
V408	0.11209	0.24045	0.42787	0.21959
V409	0.03447	0.04015	0.16423	0.76116
V410	0.13232	0.71693	0.121	0.02975
V411	0.46707	0.02592	0.01803	0.48898
V412	0.17988	0.0959	0.50527	0.21896
V413	0.08543	0.43556	0.25228	0.22672
V414	0.062	0.45433	0.37729	0.10638
V415	0.433	0.03781	0.27189	0.2573
V416	0.05044	0.12255	0.82701	0
V417	0.38272	0.52137	0.07776	0.01816
V418	0.12373	0.10427	0.22248	0.54952
V419	0.10352	0	0.16994	0.72654
V420	0	0.78465	0.12219	0.09316
V421	0.17751	0.07341	0.64748	0.1016
V422	0.13428	0.08547	0.08744	0.6928
V423	0.11458	0.06178	0.78597	0.03767
V424	0.00274	0.08631	0.6381	0.27286
V425	0.07943	0.24348	0.58487	0.09222
V426	0.12096	0.08474	0.72782	0.06648
V427	0.09606	0.36116	0.26274	0.28004
V428	0.12731	0.65328	0.14285	0.07656
V429	0.09609	0	0.17721	0.72669
V430	0.69174	0.16066	0.05682	0.09078
V431	0.20305	0.04523	0.47088	0.28085
V432	0.1719	0.09276	0.13408	0.60126
V433	0.09865	0.64654	0.07422	0.18059
V434	0.3601	0.07371	0.11895	0.44723
V435	0.49938	0.00817	0.175	0.31745
V436	0.3964	0.00747	0.18132	0.41481
V437	0.26985	0.21548	0.06486	0.4498
V438	0.57461	0.15439	0.07688	0.19412
V439	0.10572	0.11545	0.08921	0.68963
V440	0.48587	0.03645	0.08921	0.38847
V441	0.09419	0.15136	0.58889	0.16556
V442	0.31791	0.31145	0.19127	0.17937
V443	0.6934	0.00662	0.13502	0.16497
V444	0.07167	0.08553	0.8428	0
V445	0.56899	0.03681	0.35248	0.04173
V446	0.07662	0.70084	0.15086	0.07167
V447	0.57847	0.09959	0.21544	0.1065
V448	0.06274	0.07317	0.27405	0.59004
V449	0.52265	0.05575	0.31871	0.1029
V450	0.18036	0.71542	0.10421	0
V451	0.83796	0.07072	0.02255	0.06878
V452	0.1134	0.00981	0.18518	0.69161
V453	0.73107	0.07863	0.10996	0.08034
V454	0.0146	0.7911	0.15991	0.03439
V455	0.55602	0.04981	0.3227	0.07147
V456	0.32136	0.13267	0.39914	0.14683
V457	0.02814	0.07111	0.13233	0.76842
V458	0.29769	0.21418	0.0641	0.42403
V459	0.04878	0.67995	0.18624	0.08502
V460	0.83484	0.014	0.08767	0.06349
V461	0.158	0.05496	0.09094	0.6961
V462	0.36773	0.23835	0.03427	0.35965
V463	0.26146	0.41783	0.21958	0.10113
V464	0.50571	0.09944	0.04539	0.34946
V465	0.39652	0.37912	0.08473	0.13963
V466	0.55957	0.17928	0.04334	0.21781
V467	0.32072	0.49231	0.15087	0.03611
V468	0.47703	0.35478	0.11067	0.05752
V469	0.04773	0.18103	0.35026	0.42099
V470	0.50913	0.12633	0.22032	0.14422
V471	0.3038	0.10473	0.10295	0.48852
V472	0.34254	0.30856	0.04123	0.30767
V473	0.13125	0.48093	0.37807	0.00975
V474	0.18769	0	0.19	0.62231
V475	0.20892	0.35965	0.15113	0.2803
V476	0.22758	0.00845	0.14928	0.61469
V477	0.55697	0.04686	0.24189	0.15428
V478	0.16576	0.51854	0.07977	0.23593
V479	0.03772	0.12557	0.75427	0.08245
V480	0.12336	0.28647	0.12833	0.46184
V481	0.17038	0.06101	0.74617	0.02244
V482	0.63481	0.15748	0.1566	0.0511
V483	0.184	0.10895	0.15508	0.55198
V484	0.09062	0.0858	0.12615	0.69743
V485	0.15841	0.63478	0.09205	0.11476
V486	0.28254	0.24615	0.19071	0.28059
V487	0.14522	0.04694	0.1786	0.62925
V488	0.01231	0.03962	0.85043	0.09764
V489	0.22828	0.13273	0.63261	0.00638
V490	0.3438	0.28821	0.12945	0.23855
V491	0.43051	0.4095	0.09644	0.06356
V492	0.07366	0.70449	0.2202	0.00165
V493	0.17188	0	0.04793	0.78019
V494	0.206	0.1721	0.51192	0.10998
V495	0.24314	0.53364	0.21092	0.01231
V496	0.29481	0.5985	0.05964	0.04705
V497	0.06363	0.03711	0.85901	0.04025
V498	0.33922	0.10174	0.1195	0.43954
V499	0.57377	0.24425	0.17187	0.01011
V500	0.13012	0.15203	0.67744	0.04041
V501	0.02612	0	0.19991	0.77397
V502	0.51293	0.25732	0.20031	0.02945
V503	0.2292	0.10187	0.26091	0.40802
V504	0.25353	0.59613	0.08733	0.06301
V505	0.21699	0.21071	0.30099	0.27131
V506	0.10963	0.25305	0.46927	0.16805
V507	0.56761	0.10434	0.16634	0.16171
V508	0.68742	0.16044	0.08594	0.06621
V509	0.23933	0.08694	0.50406	0.16967
V510	0.23962	0.45204	0.30834	0
V511	0.08876	0.37939	0.13152	0.40032
V512	0.28337	0.04751	0.15753	0.51159
V513	0.10938	0.55392	0.27961	0.05709
V514	0.08362	0.1116	0.0648	0.73998
V515	0.70459	0.06808	0.09201	0.13532
V516	0.8372	0.10131	0.02591	0.03558
V517	0.09279	0.0364	0.32022	0.55059
V518	0.86383	0.06949	0.01695	0.04972
V519	0.07292	0.74011	0.09649	0.09048
V520	0.06762	0.0192	0.63083	0.28235
V521	0.52304	0.06569	0.37184	0.03943
V522	0.02884	0.15146	0.58567	0.23402
V523	0.34929	0.13305	0.29469	0.22297
V524	0.04057	0.65938	0.27081	0.02924
V525	0.28717	0.19701	0.09182	0.424
V526	0.60023	0.08421	0.1209	0.19466
V527	0.22769	0.04061	0.42488	0.30682
V528	0.14151	0.73113	0.07491	0.05245
V529	0.10931	0.07117	0.29205	0.52747
V530	0.02969	0.22245	0.65578	0.09209
V531	0.06596	0.72985	0.20419	0
V532	0.20744	0.30227	0.09813	0.39216
V533	0.28837	0.32068	0.19544	0.1955
V534	0.04564	0.05554	0.68913	0.2097
V535	0.54857	0	0.06312	0.38831
V536	0.22296	0	0.41648	0.36056
V537	0.5484	0.23949	0.19728	0.01484
V538	0.4525	0.05293	0.14569	0.34888
V539	0.27384	0.38268	0.21609	0.12739
V540	0.22429	0.58776	0.15225	0.03569
V541	0.04852	0.45844	0.15257	0.34047
V542	0.22216	0.1355	0.30175	0.34059
V543	0.80673	0.0086	0.05807	0.1266
V544	0.153	0.09476	0.24374	0.5085
V545	0.37275	0.13803	0.13255	0.35668
V546	0.10047	0.73544	0.16409	0
V547	0.07539	0.55104	0.36468	0.00889
V548	0.18827	0.64343	0.1683	0
V549	0.31904	0.06828	0.59257	0.02011
V550	0.58362	0.04369	0.01759	0.3551
V551	0.20415	0.62406	0.11784	0.05395
V552	0.01105	0.48613	0.1026	0.40022
V553	0.23833	0.17058	0.57846	0.01262
V554	0.13065	0.09533	0.11324	0.66078
V555	0.11566	0.2289	0.37484	0.28061
V556	0	0.0885	0.85179	0.05971
V557	0.759	0.0348	0.04809	0.15811
V558	0.10722	0.67043	0.11623	0.10612
V559	0.05293	0.67998	0.2671	0
V560	0.65014	0.28536	0.03614	0.02836
V561	0.00454	0.08649	0.86083	0.04814
V562	0.7159	0.01049	0.15888	0.11473
V563	0.25173	0.03471	0.69455	0.019
V564	0.09651	0.12119	0.76392	0.01838
V565	0.14421	0.25769	0.40446	0.19364
V566	0.65964	0.10169	0.03533	0.20334
V567	0.24125	0.3998	0.09576	0.26319
V568	0.29081	0	0.13528	0.5739
V569	0.6603	0.0457	0.01172	0.28228
V570	0.05119	0.28951	0.60152	0.05779
V571	0.75457	0.12673	0.02966	0.08904
V572	0.42596	0.03289	0.44197	0.09918
V573	0.12547	0.17161	0.08196	0.62095
V574	0.07816	0.66037	0.25124	0.01024
V575	0.06398	0.09063	0.21742	0.62798
V576	0.18788	0.67126	0.12545	0.01541
V577	0.09262	0.05285	0.28683	0.5677
V578	0.08691	0.10356	0.65438	0.15515
V579	0.04432	0.73527	0.18973	0.03067
V580	0.21223	0	0.19836	0.58941
V581	0.15422	0.10309	0.06173	0.68096
V582	0.54995	0.14562	0.07827	0.22617
V583	0.03142	0.08137	0.60246	0.28475
V584	0.48269	0.16335	0.3152	0.03875
V585	0.05339	0.03475	0.48305	0.42882
V586	0.24478	0.04627	0.62101	0.08794
V587	0.27173	0.05112	0.64363	0.03352
V588	0.60109	0.04746	0.06909	0.28237
V589	0.09753	0.68252	0.15636	0.06359
V590	0.0881	0.64569	0.26621	0
V591	0.01788	0.05017	0.29503	0.63691
V592	0.17954	0.08155	0.73891	0
V593	0.55556	0	0.22651	0.21792
V594	0.33043	0.27572	0.35685	0.037
V595	0.11893	0.04355	0.13021	0.70731
V596	0.06607	0.27203	0.29367	0.36823
V597	0.01055	0.52179	0.39541	0.07225
V598	0.04981	0.15674	0.7739	0.01955
V599	0.58344	0.28722	0.0889	0.04044
V600	0.35456	0.41735	0.11457	0.11352
V601	0.19738	0.25683	0.15534	0.39044
V602	0.12737	0.0549	0.10538	0.71235
V603	0.05076	0.34104	0.10331	0.5049
V604	0.48064	0.13279	0.35431	0.03227
V605	0.08749	0.31635	0.42869	0.16748
V606	0.67395	0.15353	0.04592	0.1266
V607	0.61224	0.01301	0.15555	0.2192
V608	0.23123	0.17159	0.40228	0.1949
V609	0.05789	0.23529	0.30375	0.40307
V610	0.70403	0.02548	0.13485	0.13564
V611	0.32814	0	0.12934	0.54253
V612	0.05038	0.13356	0.74773	0.06833
V613	0.06766	0.32141	0.58042	0.03051
V614	0.69782	0.06859	0.09153	0.14205
V615	0.20771	0.06857	0.07516	0.64856
V616	0.11505	0.60605	0.13147	0.14743
V617	0.44948	0.16943	0.38109	0
V618	0.69862	0.02698	0.01077	0.26364
V619	0.38	0.04419	0.3438	0.23201
V620	0.04552	0.56531	0.38158	0.00759
V621	0.40971	0.1544	0.22048	0.2154
V622	0.34894	0.22475	0.40521	0.0211
V623	0.0628	0.08183	0.23425	0.62111
V624	0.74114	0.18921	0.02647	0.04318
V625	0.27397	0.43315	0.16543	0.12745
V626	0.85714	0.06042	0.01358	0.06886
V627	0.01088	0.03691	0.20225	0.74997
V628	0.02578	0.22022	0.1106	0.6434
V629	0.14915	0.27975	0.32543	0.24566
V630	0.06544	0.32184	0.57433	0.03839
V631	0.057	0.18964	0.195	0.55835
V632	0.5599	0	0.18159	0.25851
V633	0.00014	0.08758	0.80031	0.11197
V634	0.38522	0.25657	0.35718	0.00102
V635	0.0712	0.65857	0.09214	0.17809
V636	0.14771	0.13515	0.60878	0.10837
V637	0.31928	0.18817	0.15295	0.3396
V638	0.3755	0.24066	0.12779	0.25604
V639	0.27489	0.38236	0.34274	0
V640	0.06173	0.18181	0.70548	0.05098
V641	0.79176	0.04676	0.07185	0.08964
V642	0.7125	0.17249	0.02268	0.09233
V643	0.0311	0.19993	0.48181	0.28715
V644	0.82045	0.0859	0.04539	0.04825
V645	0.27209	0.37158	0.3471	0.00923
V646	0.06948	0.7913	0.10901	0.03022
V647	0.16763	0.12246	0.65442	0.05548
V648	0.39967	0.3819	0.19294	0.02549
V649	0.05476	0.10967	0.77171	0.06387
V650	0.08855	0.12952	0.71612	0.06581
V651	0.30754	0.03679	0.63632	0.01935
V652	0.12219	0.11168	0.46174	0.30439
V653	0.15368	0.5669	0.18054	0.09887
V654	0.6383	0.1896	0.10362	0.06848
V655	0.07879	0.50404	0.10725	0.30992
V656	0.24515	0.25395	0.07559	0.42531
V657	0.09765	0.09761	0.09448	0.71027
V658	0.55722	0.19976	0.10604	0.13698
V659	0.32496	0.10373	0.38305	0.18826
V660	0.08504	0.80007	0.07462	0.04027
V661	0.09849	0.37933	0.13926	0.38292
V662	0.39698	0.04192	0.46307	0.09803
V663	0.24687	0.10176	0.5481	0.10327
V664	0.21594	0.10292	0.63448	0.04666
V665	0.63386	0.18081	0.08365	0.10168
V666	0.56273	0	0.14788	0.28939
V667	0.71646	0.08288	0.20066	0
V668	0.15793	0.67182	0.17025	0
V669	0.24102	0.36968	0.29716	0.09214
V670	0.12643	0.76584	0.07355	0.03418
V671	0.34944	0.26941	0.29366	0.08749
V672	0.05613	0.08012	0.81264	0.05112
V673	0.2424	0.33514	0.27894	0.14352
V674	0.66621	0.14532	0.05451	0.13396
V675	0.15644	0.30873	0.35882	0.17601
V676	0.07367	0.11692	0.19719	0.61222
V677	0.3735	0.35659	0.15598	0.11392
V678	0.49486	0.40855	0.07686	0.01973
V679	0.08047	0.30586	0.60749	0.00618
V680	0.31333	0.47191	0.20152	0.01324
V681	0.8034	0.07448	0.05312	0.069
V682	0.13717	0.29222	0.54133	0.02928
V683	0.07424	0.80034	0.12542	0
V684	0.63576	0.15541	0.13944	0.06938
V685	0.46671	0.30913	0.17687	0.04729
V686	0.13297	0.17915	0.22701	0.46088
V687	0.12702	0.02279	0.14018	0.71002
V688	0.37746	0.45114	0.04922	0.12217
V689	0.30029	0	0.12054	0.57918
V690	0.44366	0.06681	0.4236	0.06593
V691	0.17942	0.04325	0.76034	0.017
V692	0.10742	0.16749	0.6621	0.06299
V693	0.2451	0.12313	0.39373	0.23805
V694	0.04847	0.04224	0.36127	0.54802
V695	0.28092	0.00098	0.22846	0.48965
V696	0.15455	0.09707	0.09438	0.654
V697	0.08063	0.08676	0.10447	0.72814
V698	0.76605	0.00715	0.05473	0.17208
V699	0.52517	0.26017	0.11999	0.09467
V700	0.28864	0.02604	0.07308	0.61223
V701	0.14086	0.46276	0.18664	0.20975
V702	0.53294	0.08042	0.05333	0.33331
V703	0.15996	0.07746	0.50063	0.26196
V704	0.75126	0.05162	0.06733	0.12978
V705	0.84728	0	0.06917	0.08355
V706	0.11072	0.09208	0.71796	0.07925
V707	0.06947	0.39525	0.50691	0.02837
V708	0.08137	0.73182	0.11496	0.07186
V709	0.15393	0.26315	0.51624	0.06668
V710	0.55861	0.19985	0.09605	0.1455
V711	0.12864	0.66098	0.17862	0.03176
V712	0.75757	0.06292	0.03523	0.14428
V713	0.42281	0.27417	0.08779	0.21523
V714	0.04323	0.58423	0.11524	0.2573
V715	0.30039	0.30922	0.33336	0.05703
V716	0.11321	0.0508	0.15041	0.68559
V717	0.12831	0.77089	0.07585	0.02495
V718	0.17032	0.48448	0.24601	0.09918
V719	0.09481	0.60803	0.1249	0.17226
V720	0.64647	0.0048	0.2615	0.08723
V721	0.14484	0.17957	0.48216	0.19343
V722	0.13695	0.3142	0.08719	0.46166
V723	0.18485	0.09622	0.07615	0.64278
V724	0.55364	0.02682	0.13569	0.28385
V725	0.01004	0.14236	0.79902	0.04858
V726	0.07072	0.3496	0.20324	0.37644
V727	0.28221	0.55191	0.16588	0
V728	0.07647	0.73245	0.18916	0.00193
V729	0.41295	0.01199	0.21689	0.35816
V730	0.7992	0.03938	0.09159	0.06983
V731	0.05178	0.20578	0.43645	0.30599
V732	0.34557	0.0935	0.37197	0.18896
V733	0.59593	0.17926	0.07809	0.14672
V734	0.24719	0.29165	0.46116	0
V735	0.05568	0.05503	0.51058	0.3787
V736	0.22628	0.00669	0.08977	0.67726
V737	0.32244	0.26939	0.27937	0.1288
V738	0.0989	0.31653	0.46732	0.11725
V739	0	0.05375	0.6284	0.31785
V740	0.76282	0.09025	0.11493	0.03201
V741	0.46355	0.10437	0.17473	0.25734
V742	0.40448	0.50739	0.08813	0
V743	0.16171	0.16897	0.65393	0.01539
V744	0.48561	0.05738	0.3465	0.11051
V745	0.04656	0.59466	0.26068	0.09809
V746	0.90489	0	0.00989	0.08522
V747	0.09208	0.02155	0.70527	0.1811
V748	0.14654	0.13159	0.57211	0.14976
V749	0.30533	0.16958	0.11827	0.40682
V750	0.40432	0.40315	0.07817	0.11436
V751	0.09038	0.71788	0.13244	0.0593
V752	0.43527	0.21398	0.1843	0.16645
V753	0.13512	0.07523	0.05541	0.73424
V754	0.06007	0.79299	0.08058	0.06636
V755	0.17066	0.19838	0.37641	0.25455
V756	0.10851	0.01432	0.16966	0.70751
V757	0.34055	0.4971	0.13256	0.02978
V758	0.08009	0.64299	0.20725	0.06967
V759	0.15559	0.08005	0.43297	0.33139
V760	0.30416	0.06809	0.32023	0.30752
V761	0.09511	0.49985	0.33245	0.07259
V762	0.01719	0.3564	0.10996	0.51646
V763	0.38319	0.32047	0.08234	0.214
V764	0.05585	0.77401	0.10361	0.06653
V765	0.64215	0.09874	0.01443	0.24468
V766	0.04068	0.31043	0.46684	0.18204
V767	0.45092	0.1309	0.27582	0.14236
V768	0.10716	0.74468	0.11431	0.03385
V769	0.17944	0.68604	0.11778	0.01675
V770	0.06948	0.7913	0.10901	0.03022
V771	0.1881	0.05969	0.73044	0.02177
V772	0.16425	0.09192	0.73968	0.00414
V773	0.19683	0.6946	0.08839	0.02019
V774	0.06078	0.03829	0.84745	0.05349
V775	0.15708	0.05279	0.33834	0.45179
V776	0.41334	0.36963	0.1107	0.10633
V777	0.214	0.11821	0.21097	0.45682
V778	0.50051	0.25325	0.11937	0.12687
V779	0.19125	0.06772	0.5046	0.23642
V780	0.1468	0.64275	0.21045	0
V781	0.13736	0.04467	0.13007	0.6879
V782	0.02917	0.16004	0.74307	0.06773
V783	0.72498	0.02352	0.09332	0.15818
V784	0.1538	0.73101	0.10476	0.01043
V785	0.09054	0.76536	0.10645	0.03766
V786	0.65297	0.156	0.12897	0.06206
V787	0.00583	0.72351	0.25599	0.01467
V788	0.47578	0.27473	0.20251	0.04698
V789	0.11345	0.33338	0.1086	0.44457
V790	0.45526	0.02455	0.13836	0.38182
V791	0.15398	0.34425	0.36748	0.13429
V792	0.16697	0.47474	0.07907	0.27921
V793	0.15499	0.56242	0.11631	0.16628
V794	0.07725	0.12165	0.72776	0.07333
V795	0.1786	0.04658	0.14924	0.62558
V796	0.06012	0.13011	0.77445	0.03533
V797	0.70037	0.0039	0.25761	0.03812
V798	0.57488	0.2657	0.13126	0.02816
V799	0.16767	0.65094	0.11164	0.06975
V800	0.1048	0.05241	0.53238	0.31041
V801	0.16572	0.13336	0.36905	0.33187
V802	0.07862	0.09523	0.33793	0.48823
V803	0.23624	0.44937	0.31439	0
V804	0.49178	0.03792	0.39488	0.07543
V805	0.08025	0.04297	0.87678	0
V806	0.09636	0.75089	0.10415	0.0486
V807	0.29062	0.15146	0.10084	0.45708
V808	0.61124	0.24611	0.09349	0.04916
V809	0.08616	0.09583	0.81801	0
V810	0.07438	0.81679	0.07643	0.03241
V811	0.4135	0.08153	0.24729	0.25768
V812	0.51219	0.24357	0.10066	0.14357
V813	0.54888	0.1912	0.22811	0.03181
V814	0.42535	0.45417	0.11292	0.00756
V815	0.02525	0.77715	0.18293	0.01468
V816	0.86548	0.00162	0.12748	0.00541
V817	0.0648	0.12403	0.78644	0.02474
V818	0.03011	0.07389	0.15591	0.74009
V819	0.74524	0.08654	0.09409	0.07413
V820	0.19518	0.10523	0.09672	0.60287
V821	0.22797	0.29869	0.40799	0.06534
V822	0.10512	0.07351	0.78347	0.0379
V823	0.04767	0.21338	0.6531	0.08585
V824	0.1134	0.34822	0.53837	0
V825	0.23355	0.27359	0.29783	0.19503
V826	0.41763	0.36456	0.20807	0.00975
V827	0.37905	0.50661	0.08091	0.03342
V828	0.25211	0.16186	0.17962	0.4064
V829	0.08875	0.23216	0.12381	0.55529
V830	0.25726	0.21716	0.09355	0.43204
V831	0.7047	0.0937	0.07321	0.12839
V832	0.27419	0.35733	0.22431	0.14417
V833	0.17057	0.44348	0.24411	0.14184
V834	0.31926	0.07526	0.14994	0.45554
V835	0.35222	0.39267	0.17735	0.07775
V836	0.0533	0.58698	0.097	0.26272
V837	0.23393	0.34266	0.2462	0.17721
V838	0.83111	0.05441	0.08203	0.03245
V839	0.31052	0.51817	0.17095	0.00037
V840	0.30863	0.60315	0.08822	0
V841	0.00615	0.1008	0.82344	0.0696
V842	0.34679	0.16903	0.29498	0.1892
V843	0.05282	0.07617	0.79658	0.07443
V844	0.1456	0.10781	0.41538	0.33121
V845	0.09751	0.14453	0.69284	0.06512
V846	0	0.06576	0.75079	0.18345
V847	0.02536	0	0.19126	0.78338
V848	0.11632	0.44924	0.24153	0.19291
V849	0.00648	0.81941	0.11425	0.05985
V850	0.84949	0	0.07754	0.07297
V851	0.33617	0.4564	0.20742	0
V852	0.16406	0.05467	0.21261	0.56866
V853	0.24795	0.22701	0.41478	0.11026
V854	0.54694	0.16617	0.14999	0.1369
V855	0.02536	0	0.19126	0.78338
V856	0.07052	0.33319	0.3956	0.20069
V857	0.62022	0.17069	0.0767	0.13239
V858	0.51391	0.03842	0.42224	0.02544
V859	0.60941	0.22203	0.06096	0.1076
V860	0.23421	0.11487	0.13088	0.52004
V861	0.11922	0.33634	0.54366	0.00078
V862	0.1587	0.12375	0.66894	0.04861
V863	0.26136	0.07683	0.04594	0.61587
V864	0.14629	0.04124	0.15176	0.66072
V865	0.16193	0.01229	0.33232	0.49346
V866	0.66021	0.03469	0.27038	0.03473
V867	0.66056	0.04503	0.27	0.0244
V868	0.47663	0.25569	0.18378	0.0839
V869	0.08211	0.78848	0.10408	0.02533
V870	0.1474	0.31234	0.09676	0.4435
V871	0.00648	0.81941	0.11425	0.05985
V872	0.05656	0.03075	0.32594	0.58675
V873	0.78856	0.038	0.09787	0.07557
V874	0.22212	0.66172	0.11616	0
V875	0.05092	0.19642	0.27913	0.47352
V876	0.17476	0.3106	0.43142	0.08322
V877	0.07166	0.36708	0.35236	0.20891
V878	0.16837	0.67737	0.15426	0
V879	0.21488	0.58449	0.12327	0.07735
V880	0.31604	0.47614	0.07063	0.13719
V881	0.16722	0.07657	0.58902	0.16718
V882	0.73003	0	0.16823	0.10173
V883	0.28142	0.2076	0.51098	0
V884	0.07516	0.27651	0.052	0.59633
V885	0.66582	0.20074	0.13343	0
V886	0.04087	0.34565	0.49	0.12347
V887	0.58377	0.07198	0.19768	0.14657
V888	0.12999	0.08935	0.69489	0.08577
V889	0.81211	0.05951	0.06557	0.06282
V890	0.05795	0.17308	0.61126	0.15771
V891	0.57263	0.0679	0.30355	0.05591
V892	0.3099	0.17775	0.07041	0.44194
V893	0.5306	0.2044	0.1954	0.06959
V894	0.09563	0.3038	0.57032	0.03026
V895	0.54642	0.07456	0.23342	0.14561
V896	0.09213	0.7751	0.09425	0.03852
V897	0.64136	0.23688	0.04508	0.07668
V898	0.47492	0	0.06381	0.46127
V899	0.06449	0.19285	0.22634	0.51632
V900	0.10091	0.28654	0.40225	0.2103
V901	0.08073	0.71315	0.09328	0.11283
V902	0.10278	0.74686	0.14835	0.00201
V903	0.03447	0.39102	0.53744	0.03707
V904	0.08536	0.81516	0.07158	0.02791
V905	0.20347	0	0.25062	0.5459
V906	0.40107	0.0941	0.16504	0.33979
V907	0.42006	0.44115	0.08316	0.05563
V908	0.06124	0.06051	0.18037	0.69789
V909	0.16953	0.69137	0.06901	0.07009
V910	0.21987	0	0.19919	0.58094
V911	0.48801	0.34652	0.09083	0.07464
V912	0.37545	0.29776	0.17942	0.14737
V913	0.20746	0	0.09246	0.70008
V914	0.20081	0.43519	0.33714	0.02685
V915	0.28129	0	0.08197	0.63674
V916	0.25402	0.09195	0.60678	0.04725
V917	0.64978	0.03595	0.20298	0.11129
V918	0.07464	0.54352	0.29996	0.08189
V919	0.21295	0.23123	0.33525	0.22057
V920	0.56151	0.19102	0.14251	0.10495
V921	0.08596	0.16051	0.12265	0.63088
V922	0.12535	0.41728	0.42124	0.03613
V923	0.1643	0.01851	0.14777	0.66943
V924	0.07329	0.57104	0.33234	0.02332
V925	0.2426	0.03846	0.08789	0.63105
V926	0.25704	0.02059	0.11309	0.60928
V927	0.08929	0.05066	0.16389	0.69615
V928	0.09477	0.74706	0.09246	0.06571
V929	0.08704	0.55162	0.21264	0.1487
V930	0.4807	0.33091	0.08853	0.09986
V931	0.15418	0.27177	0.50821	0.06584
V932	0.05962	0.14464	0.60444	0.19129
V933	0.56011	0.34092	0.07004	0.02894
V934	0.03841	0.16202	0.34312	0.45646
V935	0.51221	0.16576	0.24466	0.07737
V936	0.49818	0.25138	0.06649	0.18395
V937	0.50932	0.12983	0.13538	0.22547
V938	0.3701	0.0606	0.33726	0.23204
V939	0.69332	0.02377	0.11813	0.16479
V940	0.06177	0.66431	0.23446	0.03945
V941	0.01528	0.05154	0.88296	0.05023
V942	0.6705	0.18086	0.11446	0.03418
V943	0.37608	0.14645	0.42372	0.05375
V944	0.05444	0.25465	0.15632	0.53459
V945	0.52686	0.31741	0.06192	0.09381
V946	0.42845	0.24963	0.28917	0.03275
V947	0.13081	0.06126	0.29824	0.50969
V948	0.32928	0.06604	0.57701	0.02767
V949	0.00363	0.12609	0.29366	0.57663
V950	0.08163	0.47057	0.28073	0.16707
V951	0.74984	0.03119	0.18796	0.03101
V952	0.1055	0.14023	0.326	0.42828
V953	0.0479	0.10631	0.79669	0.0491
V954	0.07492	0.18243	0.22648	0.51617
V955	0.15533	0.52049	0.10602	0.21817
V956	0.07634	0.05515	0.53396	0.33455
V957	0.37551	0.02841	0.03068	0.5654
V958	0.17188	0	0.04793	0.78019
V959	0.23717	0.25555	0.4403	0.06698
V960	0.25666	0.25556	0.14744	0.34033
V961	0.1532	0.3538	0.38403	0.10897
V962	0.34789	0.17995	0.40255	0.0696
V963	0.54106	0.16987	0.20199	0.08708
V964	0.75017	0.03943	0.14285	0.06755
V965	0.08488	0.44413	0.26163	0.20936
V966	0.84373	0.03727	0.0497	0.0693
V967	0.09271	0.07368	0.54123	0.29238
V968	0.00286	0.18782	0.73996	0.06936
V969	0.04572	0.27207	0.12989	0.55232
V970	0.06482	0.14161	0.46171	0.33186
V971	0.46472	0.10364	0.3483	0.08334
V972	0.48213	0.19165	0.10133	0.22489
V973	0.27945	0.3724	0.14467	0.20348
V974	0.03868	0.66465	0.21989	0.07678
V975	0.12703	0.28607	0.5869	0
V976	0.41757	0.23107	0.16905	0.1823
V977	0.31769	0.32601	0.3563	0
V978	0.12845	0.09473	0.15811	0.61871
V979	0.72643	0.03239	0.21107	0.0301
V980	0.90489	0	0.00989	0.08522
V981	0.33327	0.05405	0.44097	0.17171
V982	0.42149	0.35233	0.13736	0.08881
V983	0.66286	0.06732	0.03451	0.23532
V984	0.05247	0.70011	0.20351	0.04392
V985	0.13265	0.18742	0.08078	0.59915
V986	0.32486	0.45332	0.11837	0.10345
V987	0.26263	0.6406	0.07108	0.02569
V988	0.27035	0.01263	0.09222	0.6248
V989	0.42655	0.40887	0.14146	0.02312
V990	0	0.10096	0.77191	0.12713
V991	0.61424	0.33212	0.02239	0.03125
V992	0.21982	0.03426	0.52605	0.21987
V993	0.10196	0.6068	0.24712	0.04412
V994	0.21433	0.65528	0.11417	0.01621
V995	0.67502	0.10978	0.07323	0.14196
V996	0.30619	0.12454	0.07136	0.49791
V997	0.05447	0.06247	0.7782	0.10486
V998	0.78023	0.01837	0.11307	0.08833
V999	0.16303	0.74945	0.07327	0.01425
V1000	0.35558	0.0313	0.04133	0.57179
