cytotoxic.CD56.dim.NK.cell	memory.CD4.pos.AB.T.cell	memory.B.cell	CD14.pos.CD16.neg.classical.monocyte
V1	0.55434	0.01085	0.17964	0.25518
V2	0.1415	0.08698	0.05536	0.71616
V3	0.05063	0.63506	0.01393	0.30038
V4	0.86888	0.11254	0	0.01858
V5	0.10311	0.46593	0.27884	0.15212
V6	0.07227	0.88758	0.02126	0.0189
V7	0.13987	0.35088	0.08979	0.41947
V8	0.11962	0.02502	0.82824	0.02713
V9	0.23503	0.22408	0.0402	0.50069
V10	0.01715	0.02997	0.909	0.04389
V11	0.20335	0.33501	0.45655	0.00508
V12	0.02319	0.57626	0.38885	0.0117
V13	0.26446	0.71134	0.00564	0.01856
V14	0.06647	0.92035	0.00752	0.00566
V15	0.11412	0.60715	0.12843	0.1503
V16	0.91448	0.04122	0.01922	0.02508
V17	0.08234	0.88519	0.01353	0.01893
V18	0.58559	0.33776	0.04381	0.03284
V19	0.15574	0.82625	0.0062	0.0118
V20	0.16182	0.46256	0.02151	0.3541
V21	0.12024	0.04719	0.80559	0.02698
V22	0.01492	0.08612	0.22594	0.67301
V23	0.37121	0.03755	0.58568	0.00556
V24	0.92734	0.03878	0.03352	0.00036
V25	0.35056	0.21594	0.14021	0.29329
V26	0.40163	0.38207	0.01944	0.19685
V27	0.09317	0.06731	0.02511	0.81441
V28	0.00347	0.07243	0.92221	0.00188
V29	0.43029	0.02435	0.51995	0.02542
V30	0.09154	0.18981	0.30989	0.40876
V31	0.1973	0.1652	0.33108	0.30642
V32	0.07533	0.04449	0.03767	0.8425
V33	0.03945	0.48307	0.38833	0.08915
V34	0.11965	0.03463	0.81871	0.02701
V35	0.15713	0.73349	0.08342	0.02597
V36	0.0062	0.03492	0.51748	0.4414
V37	0.55783	0.05763	0.10142	0.28312
V38	0.42368	0.00955	0.18545	0.38132
V39	0.16063	0.57062	0.13906	0.1297
V40	0.09589	0.826	0.07806	5e-05
V41	0.00658	0.68848	0.04774	0.25719
V42	0.21531	0.02813	0.22916	0.52739
V43	0.12357	0.3117	0.53834	0.02639
V44	0.01265	0.0561	0.78214	0.14911
V45	0.09147	0.59129	0.23738	0.07985
V46	0.80223	0.06794	0.12484	0.005
V47	0.45551	0.16416	0.33865	0.04168
V48	0.8112	0.16548	0.00516	0.01816
V49	0.74961	0.17782	0	0.07257
V50	0.06346	0.84691	0.08456	0.00508
V51	0.31225	0.38604	0.2759	0.02581
V52	0.0231	0.09256	0.85679	0.02755
V53	0.727	0.11715	0.15559	0.00026
V54	0.4251	0.16831	0.38866	0.01792
V55	0.20912	0.10669	0.26882	0.41537
V56	0.04197	0.03322	0.09864	0.82617
V57	0.09302	0.87355	0.0217	0.01173
V58	0.64921	0.01151	0.04389	0.29539
V59	0.44463	0.40131	0.11237	0.04168
V60	0.12487	0.12598	0.36659	0.38256
V61	0.82402	0.09297	0.01096	0.07205
V62	0.8844	0.035	0.06937	0.01123
V63	0.01541	0.8432	0.12268	0.01872
V64	0.00857	0.87071	0.00096	0.11975
V65	0.01528	0.02785	0.11736	0.83951
V66	0.21254	0.70867	0.01965	0.05914
V67	0.14648	0.30268	0.53926	0.01158
V68	0.15263	0.14118	0.0267	0.6795
V69	0.02152	0.27831	0.65742	0.04275
V70	0.5626	0.12833	0.19487	0.11419
V71	0.15605	0.05454	0.41778	0.37163
V72	0.59854	0.1374	0.10117	0.16288
V73	0.1477	0.62501	0.14789	0.0794
V74	0.05471	0.20411	0.74013	0.00104
V75	0.71253	0.00734	0.20051	0.07961
V76	7e-04	0.16234	0.20255	0.63441
V77	0.03533	0.29459	0.01147	0.65861
V78	0.30803	0.09552	0.2074	0.38904
V79	0.00625	0.07807	0.83902	0.07665
V80	0.33997	0.01779	0.5677	0.07454
V81	0.05245	0.14182	0.79946	0.00627
V82	0.00161	0.07275	0.91724	0.00839
V83	0.12911	0.1666	0.0821	0.62219
V84	0.3984	0.03732	0.17881	0.38547
V85	0.10192	0.28648	0.44967	0.16192
V86	0.04134	0.04465	0.87867	0.03535
V87	0.03162	0.85418	0.05503	0.05918
V88	0.1584	0.04892	0.30092	0.49175
V89	0.01791	0.02795	0.22853	0.72562
V90	0.025	0.9067	0.05646	0.01183
V91	0.03174	0.74623	0.1959	0.02613
V92	0.4523	0.01883	0.40906	0.11981
V93	0.8948	0.0194	0	0.08579
V94	0.01473	0.45434	0.02482	0.50611
V95	0.26001	0.42649	0.17246	0.14104
V96	0.06849	0.10836	0.03204	0.79111
V97	0.68775	0.0935	0.2139	0.00485
V98	0.69145	0.29695	0	0.0116
V99	0.7982	0.04436	0.1524	0.00503
V100	0.07121	0.0336	0.8747	0.0205
V101	0.027	0.07803	0.01017	0.8848
V102	0.92773	0.05448	0.00589	0.0119
V103	0.01039	0.06223	0.10856	0.81882
V104	0.02857	0.95732	0.0082	0.00591
V105	0.05556	0.92363	0.01525	0.00557
V106	0.11355	0.50456	0.34748	0.03441
V107	0.17866	0.17046	0.6084	0.04247
V108	0.14779	0.75622	0.0959	8e-05
V109	0.01232	0.12907	0.64353	0.21508
V110	0.05249	0.8906	0.03808	0.01883
V111	0.91186	0.01111	0.07145	0.00558
V112	0.1211	0.04751	0.47547	0.35592
V113	0.18515	0.09141	0.19938	0.52406
V114	0.24249	0.04607	0.09049	0.62096
V115	0.008	0.75339	0.23327	0.00535
V116	0.13669	0.28651	0.41416	0.16264
V117	0.69246	0.24021	0.03471	0.03262
V118	0.16048	0.5913	0.03759	0.21063
V119	0.10938	0.08187	0.05726	0.75148
V120	0.07168	0.06146	0.8538	0.01306
V121	0.61949	0.10894	0.10048	0.17108
V122	0.95696	0.01713	0.01376	0.01216
V123	0.00665	0.52082	0.05004	0.42249
V124	0.67007	0.28143	0	0.0485
V125	0.39261	0.4048	0.18462	0.01796
V126	0.03578	0.15143	0.05825	0.75453
V127	0.15836	0.04196	0.28864	0.51104
V128	0.03101	0.03215	0.12868	0.80816
V129	0.59361	0.21189	0.16947	0.02503
V130	0.00764	0.64856	0.33837	0.00543
V131	0.02488	0.90725	0.00084	0.06704
V132	0.93904	0.01455	0.028	0.0184
V133	0.91429	0.02144	0.0528	0.01146
V134	0.10446	0.38575	0.144	0.36578
V135	0.07399	0.02982	0.20302	0.69316
V136	0.24516	0.40104	0.0133	0.3405
V137	0.65719	0.0299	0.25685	0.05605
V138	0.21246	0.39311	0.19823	0.1962
V139	0.36232	0.18314	0.21826	0.23628
V140	0.02864	0.10166	0.0623	0.8074
V141	0.05731	0.12741	0.59562	0.21966
V142	0.77597	0.01623	0.20732	0.00048
V143	0.44786	0.24591	0.07449	0.23173
V144	0.16307	0.1388	0.18951	0.50862
V145	0.00182	0.76066	0.23204	0.00548
V146	0.05803	0.0379	0.04171	0.86237
V147	0.92318	0.02543	0.01916	0.03224
V148	0.1192	0.05724	0.63018	0.19338
V149	0.26085	0.5074	0.22695	0.00481
V150	0.07877	0.21138	0.64021	0.06965
V151	0.20541	0.64133	0.03656	0.1167
V152	0.23353	0.43784	0.23888	0.08975
V153	0.10171	0.77313	0.02013	0.10503
V154	0.24076	0.44484	0.28839	0.026
V155	0.4844	0.1215	0.30782	0.08628
V156	0.02916	0.11308	0.74358	0.11418
V157	0.30628	0.13296	0.34803	0.21272
V158	0.02707	0.02898	0.04839	0.89557
V159	0.89543	0.06457	0	0.04
V160	0.70458	0.01091	0.06852	0.21599
V161	0.2108	0.02484	0.03882	0.72554
V162	0.06189	0.2973	0.09189	0.54892
V163	0.09231	0.49217	0.18683	0.22868
V164	0.3504	0.2951	0.11805	0.23645
V165	0.01011	0.28244	0.0057	0.70175
V166	0.00905	0.11197	0.08283	0.79615
V167	0.35466	0.0161	0.01181	0.61742
V168	0.28749	0.57782	0.08369	0.051
V169	0.18704	0.06032	0.04551	0.70713
V170	0.09762	0.02328	0.56681	0.31228
V171	0.12248	0.21426	0.62872	0.03454
V172	0.70575	0.01298	0.27592	0.00535
V173	0.02672	0.15488	0.04982	0.76858
V174	0.0162	0.1696	0.08734	0.72687
V175	0.05716	0.0225	0.81073	0.10961
V176	0.00825	0.81422	0.17218	0.00534
V177	0.01196	0.97392	0.00105	0.01308
V178	0.00711	0.78682	0.00712	0.19895
V179	0.1532	0.01752	0.41874	0.41054
V180	0.02915	0.89115	0.07963	8e-05
V181	0.15545	0.1075	0.59073	0.14632
V182	0.29755	0.15735	0.49411	0.051
V183	0.17812	0.80994	0.0066	0.00534
V184	0.9668	0.01834	0.01432	0.00054
V185	0.56956	0.41268	0.01277	0.00499
V186	0.11432	0.4764	0.28901	0.12027
V187	0.94613	0.01806	0.03005	0.00576
V188	0.05627	0.24487	0.00516	0.6937
V189	0.82931	0.02224	0.01831	0.13014
V190	0.64794	0.01894	0.32785	0.00527
V191	0.179	0.18157	0.60519	0.03423
V192	0.30705	0.46808	0.05515	0.16971
V193	0.61045	0.02881	0.25116	0.10958
V194	0.03521	0.93852	0.00689	0.01937
V195	0.01254	0.04744	0.93141	0.00861
V196	0.01446	0.10636	0.02122	0.85797
V197	0.41864	0.04893	0.03062	0.50181
V198	0.05979	0.49306	0.3954	0.05175
V199	0.15946	0.03145	0.19838	0.6107
V200	0.12542	0.57986	0.02095	0.27377
V201	0.09188	0.56067	0.20697	0.14049
V202	0.01376	0.02763	0.80389	0.15473
V203	0.15815	0.41356	0.40986	0.01844
V204	0.00723	0.55134	0.00897	0.43247
V205	0.01733	0.06138	0.90719	0.01409
V206	0.04414	0.09188	0.8572	0.00678
V207	0.12895	0.1886	0.0622	0.62025
V208	0.2406	0.06017	0.68727	0.01196
V209	0.30727	0.46866	0.07459	0.14948
V210	0.08068	0.78362	0.09335	0.04235
V211	0.42568	0.02189	0.03983	0.51261
V212	0.50026	0.03679	0.44498	0.01797
V213	0.65147	0.02795	0.11738	0.20321
V214	0.33628	0.14265	0.18438	0.33669
V215	0.29223	0.09554	0.02438	0.58785
V216	0.04674	0.0274	0.04003	0.88583
V217	0.03944	0.48889	0.25552	0.21615
V218	0.09264	0.44417	0.18825	0.27493
V219	0.1025	0.65666	0.01316	0.22767
V220	0.00736	0.84674	0.00665	0.13925
V221	0.81973	0.01237	0.00547	0.16243
V222	0.31555	0.1136	0.40301	0.16784
V223	0.006	0.11917	0.80653	0.0683
V224	0.95384	0.01731	0.02836	0.00049
V225	0.0541	0.88344	0.05726	0.00521
V226	0.29805	0.07396	0.61635	0.01164
V227	0.78121	0.01003	0.19752	0.01125
V228	0.79335	0.0579	0.068	0.08074
V229	0.01799	0.03941	0.92106	0.02154
V230	0.01896	0.06221	0.03788	0.88096
V231	0.01417	0.27447	0.12459	0.58677
V232	0.04194	0.67304	0.00177	0.28325
V233	0.58016	0.07376	0.21451	0.13156
V234	0.03481	0.92267	0.03057	0.01195
V235	0.36691	0.05306	0.55439	0.02565
V236	0.03905	0.05986	0.83324	0.06785
V237	0.15747	0.02755	0.04152	0.77346
V238	0.12512	0.55198	0.27998	0.04292
V239	0.06239	0.40982	0.02398	0.50382
V240	0.48305	0.034	0.44222	0.04072
V241	0.01626	0.028	0.89632	0.05942
V242	0.12431	0.77136	0.09307	0.01126
V243	0.22842	0.03794	0.66661	0.06702
V244	0.19156	0.0185	0.71546	0.07449
V245	0.61494	0.28368	0.05225	0.04914
V246	0.05042	0.13443	0.79554	0.01962
V247	0.15866	0.03967	0.80045	0.00123
V248	0.02399	0.05875	0.06121	0.85606
V249	0.00081	0.04831	0.89122	0.05965
V250	0.75656	0.0119	0.22625	0.00529
V251	0.93725	0.0503	0.00662	0.00583
V252	0.01134	0.83504	0.15343	0.00019
V253	0.36604	0.06044	0.18115	0.39237
V254	0.00974	0.93455	0.05013	0.00559
V255	0.04373	0.92105	0.00076	0.03446
V256	0.16824	0.18824	0.56426	0.07926
V257	0.42898	0.08366	0.25844	0.22892
V258	0.17131	0.24011	0.46902	0.11956
V259	0.03062	0.26823	0.66651	0.03464
V260	0.00123	0.27112	0.72123	0.00642
V261	0.62556	0.02782	0.20942	0.1372
V262	0.09231	0.07495	0.02463	0.80811
V263	0.01886	0.96037	0.00089	0.01987
V264	0.15368	0.03306	0.47162	0.34165
V265	0.0308	0.02433	0.15933	0.78554
V266	0.63831	0.354	0.00752	0.00017
V267	0.00046	0.16384	0.31496	0.52074
V268	0.38283	0.02498	0.15711	0.43508
V269	0.00633	0.54367	0.40741	0.04259
V270	0.64717	0.0228	0.25722	0.07281
V271	0.81931	0.05824	0.03353	0.08892
V272	0.05085	0.84168	0.01293	0.09455
V273	0.05515	0.04589	0.04892	0.85004
V274	0.70526	0.00703	0.19092	0.09679
V275	0.00174	0.05285	0.93618	0.00923
V276	0.51832	0.32838	0.0113	0.142
V277	0.03154	0.19779	0.18016	0.5905
V278	0.03125	0.05587	0.32434	0.58853
V279	0.70721	0.04929	0.11623	0.12727
V280	0.02707	0.02898	0.04839	0.89557
V281	0.5512	0.0279	0.15117	0.26974
V282	0.04886	0.06128	0.83888	0.05097
V283	0.20776	0.58887	0.06513	0.13823
V284	0.02619	0.91043	0.058	0.00539
V285	0.07279	0.03763	0.88802	0.00156
V286	0.24351	0.55179	0.11581	0.08889
V287	0.09265	0.87502	0.01344	0.01889
V288	0.0126	0.25073	0.47062	0.26605
V289	0.27703	0.19641	0.45688	0.06967
V290	0.81512	0.16974	0.01489	0.00024
V291	0.48006	0.06104	0.44773	0.01117
V292	0.9373	0.01546	0	0.04724
V293	0.27994	0.02212	0.66441	0.03354
V294	0.08453	0.37568	0.00339	0.5364
V295	0.01404	0.16797	0.21362	0.60437
V296	0.16506	0.10189	0.65534	0.0777
V297	0.07259	0.02372	0.08708	0.81661
V298	0.2879	0.09042	0.61008	0.0116
V299	0.064	0.28102	0.01809	0.63688
V300	8e-04	0.04615	0.2587	0.69435
V301	0.10904	0.09259	0.69315	0.10522
V302	0.65031	0.33809	0	0.01161
V303	0.00103	0.58416	0.38839	0.02643
V304	0.0472	0.02846	0.77644	0.1479
V305	0.11129	0.13574	0.50838	0.24459
V306	0.82444	0.08497	0.05085	0.03973
V307	0.01783	0.95461	0.01519	0.01237
V308	0.22331	0.20672	0.33074	0.23924
V309	0.33374	0.30641	0.02883	0.33102
V310	0.07128	0.3047	0.16743	0.4566
V311	0.51322	0.47574	0.00596	0.00509
V312	0.09209	0.74568	0.14376	0.01847
V313	0.00118	0.13857	0.02874	0.83151
V314	0.01359	0.4764	0.12109	0.38893
V315	0.11385	0.63888	0.03779	0.20949
V316	0.30219	0.11405	0.42596	0.15781
V317	0.08071	0.716	0.04667	0.15661
V318	0.03204	0.56636	0.01496	0.38664
V319	0.05057	0.05857	0.86337	0.02749
V320	0.0672	0.12057	0.69691	0.11533
V321	0.62832	0.36403	0.0075	0.00015
V322	0.18809	0.31406	0.0791	0.41875
V323	0.04978	0.03919	0.10511	0.80591
V324	0.6686	0.24297	0.07074	0.01768
V325	0.30098	0.63884	0.05533	0.00485
V326	0.00093	0.56462	0.09776	0.33669
V327	0.0158	0.14645	0.1181	0.71965
V328	0.03825	0.02889	0.77613	0.15673
V329	0.16217	0.10161	0.18922	0.547
V330	0.37402	0.01318	0.36303	0.24977
V331	0.34163	0.08215	0.04909	0.52713
V332	0.00795	0.05852	0.20721	0.72632
V333	0.41497	0.06088	0.42021	0.10394
V334	0.33813	0.01385	0.38737	0.26065
V335	0.02084	0.30764	0.55419	0.11734
V336	0.16824	0.71594	0.0197	0.09612
V337	0.27622	0.38726	0.31058	0.02593
V338	0.00261	0.98127	0.00978	0.00634
V339	0.11501	0.02999	0.84788	0.00712
V340	0.04805	0.198	0.57505	0.1789
V341	0.02252	0.05492	0.0796	0.84297
V342	0.22512	0.01586	0.64012	0.11891
V343	0.95919	0.02755	0.00719	0.00607
V344	0.66869	0.14509	0.18595	0.00027
V345	0.01872	0.06133	0.9183	0.00165
V346	0.21993	0.09621	0.31569	0.36817
V347	0.03915	0.02959	0.14642	0.78484
V348	0.04948	0.66369	0.14876	0.13806
V349	0.33906	0.14305	0.42029	0.0976
V350	0.02797	0.79868	0.17317	0.00018
V351	0.01394	0.03539	0.43116	0.51951
V352	0.0402	0.02901	0.86355	0.06725
V353	0.88793	0.0233	0.03405	0.05472
V354	0.04072	0.69532	0.2298	0.03416
V355	0.26037	0.06157	0.50329	0.17477
V356	0.03045	0.04118	0.11722	0.81115
V357	0.10339	0.31134	0.30942	0.27584
V358	0.54826	0.0929	0.05375	0.30509
V359	0.57388	0.05128	0.03611	0.33873
V360	0.54631	0.42281	0.01978	0.0111
V361	0.00115	0.43371	0.55924	0.0059
V362	0.00266	0.97371	0.01749	0.00615
V363	0.15665	0.09692	0.51534	0.23109
V364	0.14034	0.0533	0.72096	0.0854
V365	0.25536	0.0374	0.01951	0.68774
V366	0.07011	0.69676	0.0853	0.14783
V367	0.57631	0.12991	0.00559	0.28819
V368	0.08056	0.74743	0.08442	0.08759
V369	0.0151	0.38202	0.59721	0.00566
V370	0.28664	0.25297	0.43443	0.02596
V371	0.17904	0.73351	0.02805	0.0594
V372	0.1501	0.05531	0.13503	0.65957
V373	0.0677	0.11706	0.51851	0.29674
V374	0.75975	0.02167	0.21818	4e-04
V375	0.03607	0.0503	0.16344	0.75018
V376	0.02968	0.04873	0.11564	0.80595
V377	0.7906	0.0076	0.01225	0.18955
V378	0.00645	0.03662	0.4408	0.51613
V379	0.331	0.18854	0.01426	0.46619
V380	0.13723	0.06765	0.22265	0.57247
V381	0.73788	0.01541	0.09571	0.151
V382	0.07404	0.04529	0.87351	0.00716
V383	0.83593	0.0107	0.0499	0.10348
V384	0.56019	0.0655	0.1421	0.23221
V385	0.86048	0.01699	0.07583	0.04669
V386	0.28653	0.02165	0.16051	0.53131
V387	0.59218	0.12911	0.20302	0.07569
V388	0.37311	0.31677	0.15986	0.15026
V389	0.41149	0.51809	0.01174	0.05868
V390	0.28155	0.23752	0.47584	0.00509
V391	0.41199	0.09904	0.02187	0.4671
V392	0.4247	0.20258	0.18139	0.19133
V393	0.27009	0.20529	0.38447	0.14014
V394	0.08282	0.21876	0.12439	0.57403
V395	0.21213	0.38155	0.22127	0.18505
V396	0.00973	0.96291	0.00769	0.01967
V397	0.78539	0.07732	0.1052	0.03209
V398	0.44518	0.12195	0.10496	0.32791
V399	0.18415	0.55664	0.1598	0.09941
V400	0.00099	0.58709	0.06759	0.34433
V401	0.02958	0.1355	0.76637	0.06855
V402	0.78557	0.17591	0.03831	0.00021
V403	0.02299	0.04651	0.09053	0.83997
V404	0.07819	0.16932	0.66481	0.08768
V405	0.20555	0.03634	0.18591	0.5722
V406	0.65109	0.23774	0.01829	0.09287
V407	0.00261	0.98127	0.00978	0.00634
V408	0.07976	0.21891	0.44159	0.25974
V409	0.0014	0.0604	0.04842	0.88978
V410	0.08206	0.86974	0.02946	0.01874
V411	0.43223	0.02059	0.00357	0.54361
V412	0.14335	0.06359	0.5439	0.24917
V413	0.04953	0.47907	0.19899	0.27242
V414	0.03005	0.49537	0.35604	0.11855
V415	0.43263	0.0283	0.2532	0.28587
V416	0.01423	0.0925	0.8918	0.00148
V417	0.37294	0.61583	0.00607	0.00516
V418	0.06266	0.10096	0.15934	0.67704
V419	0.02415	0.02947	0.05696	0.88942
V420	0.00175	0.90042	0.01365	0.08418
V421	0.13953	0.03786	0.71979	0.10283
V422	0.04491	0.08787	0.01879	0.84843
V423	0.07121	0.0336	0.8747	0.0205
V424	0.00036	0.04898	0.65611	0.29455
V425	0.04808	0.21026	0.64389	0.09777
V426	0.07803	0.04409	0.81888	0.059
V427	0.05989	0.38448	0.21286	0.34277
V428	0.08081	0.78607	0.05518	0.07794
V429	0.02167	0.02928	0.06527	0.88378
V430	0.75996	0.1573	0.01812	0.06461
V431	0.16413	0.02642	0.49174	0.31772
V432	0.09771	0.09957	0.05694	0.74578
V433	0.05136	0.74706	0.00125	0.20033
V434	0.32892	0.07355	0.05866	0.53887
V435	0.50081	0.01695	0.13182	0.35042
V436	0.36969	0.02016	0.12607	0.48408
V437	0.2212	0.22698	0.00852	0.5433
V438	0.61843	0.14693	0.03502	0.19962
V439	0.03266	0.12225	0.01744	0.82765
V440	0.47757	0.03955	0.03813	0.44474
V441	0.05703	0.10892	0.64876	0.18529
V442	0.31238	0.33074	0.15125	0.20564
V443	0.74439	0.01042	0.09532	0.14987
V444	0.01872	0.06133	0.9183	0.00165
V445	0.59865	0.02117	0.35532	0.02486
V446	0.03138	0.84526	0.05513	0.06823
V447	0.63463	0.08236	0.18991	0.0931
V448	0.01547	0.07061	0.21557	0.69836
V449	0.55331	0.03645	0.31792	0.09233
V450	0.13951	0.84388	0.01661	0
V451	0.92691	0.05425	0	0.01884
V452	0.03397	0.03548	0.09122	0.83933
V453	0.81667	0.06734	0.06833	0.04766
V454	0.00213	0.93648	0.04917	0.01222
V455	0.59075	0.03085	0.32194	0.05646
V456	0.31357	0.10458	0.42456	0.15729
V457	0.0014	0.07907	0.0325	0.88703
V458	0.25663	0.2248	0.00813	0.51045
V459	0.01425	0.80574	0.0937	0.08632
V460	0.94358	0.01581	0.0288	0.01182
V461	0.05847	0.06068	0.0204	0.86045
V462	0.34074	0.2416	0.00188	0.41578
V463	0.24606	0.4728	0.17133	0.10981
V464	0.5035	0.097	0.00658	0.39292
V465	0.40069	0.42594	0.02733	0.14604
V466	0.58862	0.178	0.00521	0.22818
V467	0.30918	0.57405	0.08301	0.03376
V468	0.50105	0.39612	0.05303	0.0498
V469	0.01326	0.16227	0.31716	0.50731
V470	0.55102	0.10978	0.19574	0.14346
V471	0.25662	0.10474	0.04206	0.59658
V472	0.31607	0.32833	0.00151	0.35409
V473	0.09209	0.53649	0.35287	0.01855
V474	0.10978	0.02056	0.12042	0.74925
V475	0.17564	0.39565	0.08832	0.34039
V476	0.15408	0.03285	0.06727	0.7458
V477	0.59518	0.03448	0.22202	0.14832
V478	0.12483	0.59884	0.00652	0.2698
V479	0.01323	0.07702	0.83302	0.07673
V480	0.07303	0.30953	0.05217	0.56527
V481	0.13221	0.0319	0.82288	0.013
V482	0.70087	0.14981	0.11687	0.03246
V483	0.11775	0.11099	0.08381	0.68746
V484	0.02249	0.09505	0.03782	0.84464
V485	0.11244	0.75085	0.01253	0.12417
V486	0.26355	0.25234	0.14237	0.34174
V487	0.06691	0.05875	0.1	0.77434
V488	0.00296	0.02971	0.87512	0.09221
V489	0.19826	0.09386	0.69594	0.01193
V490	0.3371	0.30628	0.07624	0.28038
V491	0.44072	0.46474	0.03566	0.05889
V492	0.02517	0.83656	0.13306	0.0052
V493	0.04734	0.02931	0.01185	0.9115
V494	0.17959	0.13614	0.56703	0.11725
V495	0.21509	0.62282	0.14387	0.01822
V496	0.26569	0.69222	0.00015	0.04193
V497	0.01413	0.03688	0.93996	0.00903
V498	0.3065	0.10082	0.05902	0.53365
V499	0.60839	0.25832	0.12855	0.00473
V500	0.08927	0.10968	0.76648	0.03456
V501	0.00285	0.03431	0.07471	0.88813
V502	0.54891	0.26557	0.1604	0.02512
V503	0.18495	0.0907	0.22245	0.50191
V504	0.22307	0.70561	0.0122	0.05912
V505	0.18676	0.19765	0.28416	0.33142
V506	0.07921	0.22961	0.49855	0.19263
V507	0.61863	0.09061	0.13012	0.16064
V508	0.75861	0.15856	0.04272	0.04011
V509	0.21209	0.05502	0.54851	0.18438
V510	0.21536	0.50913	0.27063	0.00488
V511	0.04119	0.42117	0.05099	0.48665
V512	0.23133	0.05373	0.09073	0.62422
V513	0.07051	0.64557	0.22318	0.06074
V514	0.01833	0.10613	0.00966	0.86588
V515	0.77636	0.05679	0.0506	0.11625
V516	0.89894	0.0949	0.00024	0.00591
V517	0.03306	0.03742	0.27876	0.65075
V518	0.94737	0.04608	0.00029	0.00626
V519	0.02349	0.87677	0.00626	0.09348
V520	0.02164	0.01919	0.6483	0.31087
V521	0.55001	0.04156	0.38339	0.02504
V522	0.00535	0.11035	0.61923	0.26507
V523	0.3445	0.11331	0.28697	0.25522
V524	0.00704	0.77237	0.19444	0.02615
V525	0.24599	0.20288	0.03171	0.51943
V526	0.64964	0.07322	0.07985	0.1973
V527	0.18849	0.02618	0.43378	0.35155
V528	0.092	0.86519	0.00055	0.04226
V529	0.05176	0.06472	0.24665	0.63687
V530	0.00559	0.18225	0.71606	0.0961
V531	0.01991	0.86396	0.11602	0.00011
V532	0.16331	0.32666	0.03146	0.47858
V533	0.27531	0.34442	0.15228	0.22798
V534	0.00651	0.02625	0.73677	0.23046
V535	0.54312	0.0109	0.01504	0.43095
V536	0.1748	0.01363	0.40365	0.40793
V537	0.58444	0.2461	0.15868	0.01079
V538	0.44958	0.05254	0.09448	0.40341
V539	0.26001	0.42649	0.17246	0.14104
V540	0.19113	0.70108	0.07388	0.03391
V541	0.01401	0.51158	0.06898	0.40544
V542	0.18483	0.11663	0.28189	0.41665
V543	0.88191	0.01239	0.01156	0.09414
V544	0.09351	0.08709	0.19093	0.62847
V545	0.35876	0.13489	0.0771	0.42925
V546	0.0444	0.88409	0.0663	0.00521
V547	0.03238	0.63322	0.32283	0.01157
V548	0.14621	0.76477	0.08409	0.00492
V549	0.30505	0.03651	0.6466	0.01184
V550	0.58076	0.03401	0.00165	0.38358
V551	0.1677	0.74499	0.03665	0.05066
V552	0.00109	0.53987	0.0095	0.44954
V553	0.2114	0.13572	0.63429	0.01859
V554	0.04982	0.10347	0.03375	0.81297
V555	0.08048	0.2094	0.3697	0.34042
V556	0.0012	0.04855	0.92105	0.0292
V557	0.82037	0.02916	0.01126	0.13922
V558	0.06011	0.79671	0.02869	0.11449
V559	0.0109	0.7966	0.1923	0.00021
V560	0.67389	0.32057	9e-05	0.00545
V561	0.00174	0.05285	0.93618	0.00923
V562	0.77935	0.01083	0.122	0.08781
V563	0.22815	0.02506	0.74041	0.00638
V564	0.05193	0.07837	0.85663	0.01308
V565	0.1138	0.24091	0.41739	0.2279
V566	0.70278	0.09178	0.00491	0.20053
V567	0.21038	0.44994	0.02917	0.31051
V568	0.23121	0.02207	0.06388	0.68284
V569	0.67639	0.03197	9e-04	0.29074
V570	0.02116	0.26594	0.6527	0.06019
V571	0.82172	0.12261	0	0.05566
V572	0.42319	0.01535	0.47002	0.09145
V573	0.05698	0.18559	0.01321	0.74422
V574	0.03271	0.78256	0.17327	0.01146
V575	0.01664	0.09325	0.14205	0.74807
V576	0.1448	0.80608	0.0377	0.01142
V577	0.03323	0.05252	0.23612	0.67813
V578	0.04669	0.06041	0.72237	0.17053
V579	0.00793	0.87984	0.09332	0.01891
V580	0.13992	0.0232	0.12694	0.70994
V581	0.06436	0.10233	0.00797	0.82534
V582	0.58357	0.13854	0.03544	0.24245
V583	0.00576	0.04662	0.62926	0.31835
V584	0.51198	0.14387	0.31106	0.03309
V585	0.00718	0.02565	0.48025	0.48692
V586	0.2147	0.02073	0.68103	0.08354
V587	0.24756	0.02406	0.70216	0.02622
V588	0.62626	0.04322	0.02741	0.30311
V589	0.05026	0.82594	0.06442	0.05938
V590	0.04354	0.75776	0.19361	0.0051
V591	0.00085	0.05325	0.22842	0.71748
V592	0.14794	0.05335	0.79752	0.00118
V593	0.57253	0.00734	0.19844	0.22168
V594	0.3262	0.27283	0.35861	0.04236
V595	0.02993	0.05762	0.0352	0.87725
V596	0.03041	0.26898	0.248	0.45261
V597	0.00088	0.56626	0.35487	0.07799
V598	0.01583	0.11608	0.85483	0.01326
V599	0.62416	0.31575	0.03499	0.0251
V600	0.35326	0.47534	0.05457	0.11683
V601	0.15242	0.26978	0.09019	0.48761
V602	0.03221	0.0616	0.02539	0.88079
V603	0.00764	0.37893	0.01857	0.59486
V604	0.50583	0.1074	0.36156	0.02521
V605	0.0588	0.30896	0.43842	0.19382
V606	0.73417	0.14647	0.01088	0.10847
V607	0.64634	0.01525	0.117	0.22142
V608	0.20749	0.14409	0.42392	0.2245
V609	0.02153	0.22505	0.25994	0.49349
V610	0.76826	0.02155	0.0952	0.115
V611	0.27639	0.02013	0.06218	0.6413
V612	0.02169	0.08565	0.83315	0.05952
V613	0.03062	0.31129	0.62344	0.03464
V614	0.76704	0.05662	0.0506	0.12573
V615	0.12505	0.07245	0.01475	0.78775
V616	0.07033	0.71651	0.04678	0.16638
V617	0.45687	0.15873	0.38395	0.00045
V618	0.72073	0.01411	0.00078	0.26438
V619	0.36849	0.03025	0.34631	0.25495
V620	0.00764	0.64856	0.33837	0.00543
V621	0.4227	0.14105	0.19221	0.24404
V622	0.34539	0.20892	0.41996	0.02574
V623	0.01645	0.08285	0.16341	0.7373
V624	0.78607	0.19555	0	0.01839
V625	0.2585	0.49533	0.10632	0.13985
V626	0.95349	0.03378	2e-04	0.01254
V627	0.00125	0.05412	0.09664	0.84799
V628	0.00118	0.24206	0.02251	0.73425
V629	0.11486	0.27684	0.30966	0.29864
V630	0.03035	0.31071	0.61621	0.04274
V631	0.01506	0.19558	0.11627	0.67308
V632	0.57387	0.00723	0.14777	0.27112
V633	6e-04	0.04342	0.84615	0.10983
V634	0.38699	0.25468	0.35343	0.0049
V635	0.02309	0.76941	0.00679	0.20071
V636	0.10923	0.09195	0.6838	0.11502
V637	0.29949	0.1869	0.09861	0.41499
V638	0.37463	0.2487	0.07594	0.30073
V639	0.25952	0.41981	0.32033	0.00034
V640	0.03041	0.13962	0.78712	0.04285
V641	0.88905	0.03786	0.02598	0.0471
V642	0.76761	0.1684	0	0.06399
V643	0.00526	0.16821	0.49037	0.33616
V644	0.90336	0.07916	0.00574	0.01174
V645	0.2514	0.3994	0.331	0.01821
V646	0.01139	0.97345	0.00902	0.00613
V647	0.13054	0.0796	0.73911	0.05074
V648	0.40553	0.4259	0.14302	0.02555
V649	0.02229	0.06358	0.86285	0.05128
V650	0.04803	0.08294	0.80962	0.05941
V651	0.29053	0.02284	0.68051	0.00612
V652	0.07821	0.08124	0.48057	0.35998
V653	0.11328	0.67265	0.10599	0.10807
V654	0.70305	0.18754	0.06064	0.04877
V655	0.03167	0.57878	0.02269	0.36686
V656	0.19839	0.2704	0.0153	0.51591
V657	0.02516	0.10204	0.01988	0.85291
V658	0.60907	0.19646	0.06179	0.13269
V659	0.31372	0.0767	0.40128	0.2083
V660	0.02742	0.95195	0.00086	0.01976
V661	0.05084	0.42154	0.06005	0.46757
V662	0.39044	0.02053	0.49661	0.09241
V663	0.22173	0.06478	0.60864	0.10486
V664	0.18527	0.06336	0.70938	0.04199
V665	0.69813	0.17574	0.04261	0.08352
V666	0.57327	0.00774	0.10853	0.31046
V667	0.752	0.07421	0.17346	0.00032
V668	0.11602	0.79686	0.08705	7e-05
V669	0.22182	0.40286	0.2752	0.10011
V670	0.07411	0.90588	0.00067	0.01934
V671	0.35652	0.27079	0.28364	0.08905
V672	0.01673	0.04334	0.91148	0.02845
V673	0.22402	0.35677	0.25569	0.16352
V674	0.72792	0.13601	0.0181	0.11798
V675	0.12581	0.31071	0.35598	0.2075
V676	0.02499	0.11812	0.11904	0.73786
V677	0.38109	0.39642	0.10468	0.11781
V678	0.50471	0.47741	0.01291	0.00497
V679	0.0411	0.29498	0.65188	0.01204
V680	0.29725	0.54076	0.14385	0.01815
V681	0.89856	0.06451	0.01175	0.02518
V682	0.10102	0.27818	0.58627	0.03453
V683	0.01526	0.96221	0.02246	7e-05
V684	0.70463	0.14847	0.09822	0.04869
V685	0.49405	0.3326	0.13191	0.04143
V686	0.08246	0.1745	0.16932	0.57372
V687	0.03238	0.04598	0.03796	0.88368
V688	0.36683	0.50998	0.00012	0.12308
V689	0.24288	0.01718	0.05501	0.68493
V690	0.45255	0.03983	0.45015	0.05746
V691	0.14519	0.02859	0.81938	0.00685
V692	0.0677	0.12468	0.74792	0.0597
V693	0.21783	0.09595	0.40926	0.27696
V694	0.00707	0.03999	0.32322	0.62972
V695	0.22663	0.01811	0.17358	0.58168
V696	0.06991	0.1018	0.02386	0.80443
V697	0.01654	0.09252	0.02287	0.86807
V698	0.82202	0.01182	0.01179	0.15437
V699	0.56968	0.2732	0.07131	0.08581
V700	0.22359	0.04126	0.01318	0.72196
V701	0.10345	0.527	0.1199	0.24965
V702	0.53931	0.07782	0.01301	0.36986
V703	0.12022	0.04787	0.53148	0.30044
V704	0.82653	0.04264	0.0256	0.10522
V705	0.95215	0.00941	0.01299	0.02546
V706	0.06723	0.04983	0.80643	0.07651
V707	0.03057	0.41175	0.52314	0.03453
V708	0.03199	0.87961	0.02074	0.06766
V709	0.12299	0.24308	0.56375	0.07018
V710	0.6085	0.1966	0.05274	0.14216
V711	0.0814	0.79978	0.09275	0.02607
V712	0.82134	0.05164	0.00474	0.12228
V713	0.4319	0.29082	0.03657	0.24071
V714	0.0068	0.67535	0.02211	0.29574
V715	0.29212	0.31867	0.3285	0.06071
V716	0.03287	0.06443	0.05799	0.84472
V717	0.07553	0.91127	0.00075	0.01246
V718	0.13716	0.55889	0.19405	0.1099
V719	0.04997	0.71595	0.03803	0.19604
V720	0.68763	0.00799	0.24131	0.06307
V721	0.11137	0.1453	0.5201	0.22323
V722	0.08391	0.34344	0.01664	0.55601
V723	0.10219	0.09934	0.01443	0.78404
V724	0.57383	0.02838	0.09049	0.30731
V725	0.00087	0.0982	0.87282	0.0281
V726	0.03103	0.37433	0.13326	0.46138
V727	0.25751	0.64453	0.09314	0.00482
V728	0.02555	0.87471	0.09447	0.00527
V729	0.39327	0.01873	0.17749	0.41051
V730	0.89965	0.03282	0.04273	0.02479
V731	0.02066	0.17826	0.43635	0.36474
V732	0.33757	0.06784	0.38724	0.20734
V733	0.65023	0.17508	0.03445	0.14023
V734	0.22601	0.29166	0.47721	0.00512
V735	0.01338	0.0337	0.51911	0.43381
V736	0.14127	0.03195	0.01714	0.80964
V737	0.32294	0.27189	0.26445	0.14072
V738	0.06896	0.30934	0.49261	0.12909
V739	0.00039	0.0284	0.63393	0.33727
V740	0.83683	0.08224	0.06991	0.01103
V741	0.48044	0.09269	0.13527	0.29161
V742	0.39234	0.59265	0.01495	7e-05
V743	0.12168	0.13044	0.72885	0.01904
V744	0.50778	0.03668	0.35341	0.10212
V745	0.0137	0.6897	0.18983	0.10676
V746	0.97704	0.01521	0.00098	0.00676
V747	0.04739	0.01953	0.73972	0.19336
V748	0.10943	0.09006	0.63568	0.16482
V749	0.27133	0.16962	0.0591	0.49995
V750	0.40849	0.45724	0.01901	0.11527
V751	0.04091	0.87107	0.03743	0.05059
V752	0.46154	0.21202	0.14715	0.17929
V753	0.03212	0.06651	0.01051	0.89086
V754	0.00921	0.93143	0.00089	0.05847
V755	0.13678	0.17636	0.38072	0.30613
V756	0.0272	0.04045	0.066	0.86635
V757	0.32977	0.58083	0.06367	0.02572
V758	0.04035	0.76642	0.1242	0.06903
V759	0.1111	0.05593	0.44237	0.39061
V760	0.27781	0.0524	0.30951	0.36027
V761	0.0598	0.566	0.29454	0.07966
V762	0.00107	0.38987	0.01892	0.59014
V763	0.38154	0.34905	0.02808	0.24133
V764	0.00816	0.92655	0.00679	0.0585
V765	0.66606	0.08541	0.00056	0.24797
V766	0.01259	0.29557	0.47984	0.212
V767	0.47738	0.11105	0.26664	0.14493
V768	0.05287	0.90669	0.02152	0.01892
V769	0.13423	0.82471	0.02956	0.0115
V770	0.01139	0.97345	0.00902	0.00613
V771	0.15339	0.03094	0.80286	0.0128
V772	0.12338	0.05448	0.81566	0.00647
V773	0.15574	0.82625	0.0062	0.0118
V774	0.01827	0.03155	0.92131	0.02888
V775	0.10187	0.04423	0.31267	0.54123
V776	0.42516	0.41435	0.05404	0.10644
V777	0.16272	0.11184	0.15581	0.56964
V778	0.53955	0.26351	0.07216	0.12478
V779	0.15361	0.04006	0.53944	0.26688
V780	0.10614	0.75915	0.13458	0.00012
V781	0.04539	0.05736	0.03972	0.85754
V782	0.00619	0.1121	0.82222	0.05949
V783	0.78702	0.0216	0.05036	0.14102
V784	0.10542	0.87468	0.0145	0.0054
V785	0.0345	0.93219	0.01411	0.0192
V786	0.72285	0.14865	0.08828	0.04022
V787	0.00202	0.83072	0.16173	0.00553
V788	0.5076	0.28838	0.16255	0.04147
V789	0.0627	0.36533	0.03326	0.53871
V790	0.44322	0.03181	0.08458	0.44039
V791	0.12549	0.35784	0.36454	0.15213
V792	0.12544	0.54239	0.00682	0.32534
V793	0.11354	0.66074	0.03759	0.18813
V794	0.03886	0.07512	0.81794	0.06807
V795	0.09981	0.05863	0.06887	0.77269
V796	0.02389	0.08694	0.86881	0.02036
V797	0.74211	0.0106	0.23607	0.01122
V798	0.61634	0.28586	0.08017	0.01763
V799	0.12365	0.77973	0.02821	0.06841
V800	0.05708	0.02998	0.55768	0.35525
V801	0.12486	0.10724	0.36587	0.40204
V802	0.03111	0.07939	0.30354	0.58596
V803	0.21403	0.50715	0.27853	0.00029
V804	0.50624	0.01937	0.40944	0.06494
V805	0.02484	0.04237	0.93096	0.00183
V806	0.04237	0.91005	0.01336	0.03421
V807	0.24568	0.15166	0.0414	0.56126
V808	0.66281	0.26133	0.04324	0.03262
V809	0.04134	0.06564	0.89157	0.00144
V810	0.01349	0.97885	0.00115	0.00652
V811	0.41556	0.06698	0.22381	0.29365
V812	0.55052	0.25212	0.05329	0.14407
V813	0.59286	0.18186	0.20024	0.02503
V814	0.42424	0.52499	0.04595	0.00482
V815	0.00225	0.91505	0.0771	0.0056
V816	0.91611	0.01571	0.06773	0.00045
V817	0.02497	0.08239	0.87912	0.01352
V818	0.00116	0.08774	0.05402	0.85709
V819	0.83284	0.07658	0.05086	0.03973
V820	0.12038	0.10883	0.02932	0.74147
V821	0.20749	0.29644	0.42561	0.07046
V822	0.06163	0.04036	0.87751	0.02049
V823	0.02077	0.17206	0.72015	0.08703
V824	0.08416	0.36136	0.5538	0.00067
V825	0.21236	0.27477	0.28308	0.22979
V826	0.42484	0.4023	0.16198	0.01089
V827	0.36982	0.59227	0.01217	0.02574
V828	0.211	0.15986	0.12181	0.50733
V829	0.03376	0.24987	0.04546	0.67092
V830	0.21107	0.22562	0.03199	0.53131
V831	0.77643	0.08226	0.03359	0.10772
V832	0.26125	0.39089	0.1847	0.16316
V833	0.1377	0.50234	0.19692	0.16303
V834	0.28021	0.07409	0.08916	0.55654
V835	0.35359	0.44228	0.1254	0.07873
V836	0.00714	0.68251	0.00793	0.30243
V837	0.21244	0.36959	0.21015	0.20782
V838	0.91864	0.04681	0.02912	0.00544
V839	0.29254	0.59989	0.10275	0.00482
V840	0.28385	0.70804	0.00808	4e-05
V841	0.00089	0.05568	0.89159	0.05184
V842	0.3464	0.15207	0.28826	0.21327
V843	0.01452	0.0371	0.88077	0.06762
V844	0.10067	0.08161	0.42176	0.39597
V845	0.05799	0.09838	0.78394	0.05969
V846	0.00055	0.0312	0.77781	0.19043
V847	0.00336	0.03475	0.05524	0.90666
V848	0.08135	0.50386	0.18653	0.22826
V849	0.00214	0.95564	0.0075	0.03472
V850	0.96289	0.01068	0.01415	0.01227
V851	0.32548	0.52107	0.1533	0.00015
V852	0.09537	0.05875	0.14828	0.6976
V853	0.23198	0.20602	0.44283	0.11918
V854	0.59859	0.15721	0.1112	0.133
V855	0.00336	0.03475	0.05524	0.90666
V856	0.03883	0.33341	0.39033	0.23743
V857	0.68024	0.16532	0.03424	0.1202
V858	0.53092	0.02097	0.44267	0.00545
V859	0.66205	0.227	0.01828	0.09267
V860	0.17526	0.11724	0.06247	0.64503
V861	0.08134	0.33626	0.5707	0.01171
V862	0.11974	0.08119	0.75669	0.04239
V863	0.1899	0.07566	0.00569	0.72876
V864	0.06046	0.05704	0.06329	0.81921
V865	0.10198	0.0205	0.29756	0.57996
V866	0.70718	0.02182	0.25988	0.01112
V867	0.70482	0.0306	0.25949	0.00509
V868	0.51469	0.26496	0.1431	0.07725
V869	0.01998	0.96542	0.0086	0.006
V870	0.09466	0.34221	0.02419	0.53894
V871	0.00214	0.95564	0.0075	0.03472
V872	0.0079	0.03492	0.27978	0.67739
V873	0.88576	0.03169	0.05067	0.03187
V874	0.19076	0.7771	0.03211	3e-05
V875	0.0138	0.18694	0.22513	0.57413
V876	0.14743	0.30931	0.45338	0.08988
V877	0.0393	0.38102	0.33003	0.24965
V878	0.12672	0.80478	0.06845	5e-05
V879	0.1806	0.69586	0.04562	0.07793
V880	0.29824	0.55186	0.0053	0.1446
V881	0.12941	0.04252	0.64673	0.18134
V882	0.79244	0.00663	0.13053	0.0704
V883	0.26727	0.19311	0.53891	7e-04
V884	0.01858	0.29002	0.00545	0.68596
V885	0.69751	0.21141	0.09091	0.00018
V886	0.01263	0.34091	0.50915	0.1373
V887	0.63448	0.05736	0.16904	0.13912
V888	0.0873	0.04834	0.77891	0.08545
V889	0.91189	0.05018	0.01966	0.01827
V890	0.0287	0.12929	0.66787	0.17414
V891	0.61336	0.04596	0.30037	0.04031
V892	0.26936	0.18264	0.01536	0.53264
V893	0.58073	0.19945	0.16141	0.05842
V894	0.05944	0.28949	0.6165	0.03457
V895	0.58909	0.05752	0.21341	0.13999
V896	0.03521	0.93852	0.00689	0.01937
V897	0.68975	0.24892	0.00453	0.05679
V898	0.45342	0.01334	0.0098	0.52344
V899	0.02302	0.1893	0.15862	0.62905
V900	0.06948	0.27547	0.40503	0.25002
V901	0.03204	0.84022	0.0061	0.12164
V902	0.04482	0.90108	0.04878	0.00532
V903	0.0061	0.3979	0.55332	0.04268
V904	0.02157	0.97094	0.00107	0.00642
V905	0.13613	0.01694	0.19929	0.64764
V906	0.39334	0.08644	0.11663	0.40358
V907	0.42325	0.50745	0.0192	0.05011
V908	0.0107	0.07288	0.08798	0.82844
V909	0.12295	0.80909	0.00051	0.06745
V910	0.15007	0.01799	0.13725	0.6947
V911	0.51349	0.38425	0.03506	0.0672
V912	0.38507	0.31633	0.13809	0.16051
V913	0.11407	0.02467	0.02048	0.84077
V914	0.17026	0.48182	0.31361	0.03432
V915	0.21521	0.02027	0.01547	0.74905
V916	0.22949	0.05431	0.67444	0.04176
V917	0.70817	0.02822	0.17368	0.08993
V918	0.03988	0.62451	0.24705	0.08856
V919	0.18646	0.21796	0.33223	0.26335
V920	0.61795	0.18706	0.10044	0.09456
V921	0.0266	0.17451	0.03991	0.75898
V922	0.09112	0.44803	0.41794	0.0429
V923	0.07286	0.04137	0.05547	0.8303
V924	0.03156	0.65946	0.28271	0.02627
V925	0.16793	0.05095	0.02199	0.75912
V926	0.18794	0.03975	0.0384	0.73391
V927	0.02225	0.06563	0.06848	0.84365
V928	0.04204	0.89324	0.00613	0.05859
V929	0.04965	0.64172	0.13888	0.16974
V930	0.50645	0.36321	0.03516	0.09518
V931	0.12324	0.25381	0.55273	0.07022
V932	0.02853	0.10054	0.65602	0.21491
V933	0.58591	0.39055	0.0123	0.01124
V934	0.00619	0.1446	0.30495	0.54426
V935	0.55739	0.14976	0.22567	0.06718
V936	0.52473	0.26335	0.01894	0.19298
V937	0.54139	0.11964	0.09262	0.24635
V938	0.35989	0.044	0.33805	0.25806
V939	0.75037	0.0211	0.07724	0.15129
V940	0.0229	0.78982	0.15317	0.03412
V941	0.00226	0.04141	0.94645	0.00987
V942	0.73087	0.18142	0.07013	0.01758
V943	0.37917	0.11677	0.4536	0.05046
V944	0.01508	0.26933	0.07369	0.6419
V945	0.55689	0.34756	0.01114	0.08441
V946	0.44614	0.24765	0.27273	0.03348
V947	0.07141	0.05512	0.25712	0.61635
V948	0.31683	0.03457	0.63001	0.01859
V949	0.00057	0.11435	0.22599	0.6591
V950	0.04973	0.52492	0.2316	0.19375
V951	0.81109	0.02279	0.16094	0.00517
V952	0.06002	0.12174	0.29526	0.52298
V953	0.01557	0.06271	0.89359	0.02813
V954	0.03209	0.17898	0.15848	0.63045
V955	0.11387	0.60403	0.02916	0.25294
V956	0.02959	0.0318	0.5549	0.38371
V957	0.32308	0.03064	0.00468	0.6416
V958	0.04734	0.02931	0.01185	0.9115
V959	0.21808	0.24052	0.47133	0.07007
V960	0.22496	0.26689	0.08916	0.41899
V961	0.12487	0.36924	0.38583	0.12005
V962	0.34902	0.15452	0.4276	0.06886
V963	0.59395	0.1585	0.17169	0.07587
V964	0.83339	0.03096	0.10378	0.03188
V965	0.04952	0.49074	0.2099	0.24984
V966	0.95691	0.0244	0.00643	0.01226
V967	0.04713	0.0432	0.57266	0.33702
V968	0.00053	0.14075	0.79937	0.05935
V969	0.00758	0.29299	0.04576	0.65367
V970	0.02919	0.10909	0.46865	0.39307
V971	0.48949	0.07645	0.35796	0.07611
V972	0.50737	0.1893	0.05424	0.24909
V973	0.2611	0.41514	0.08671	0.23706
V974	0.00671	0.78225	0.13364	0.07741
V975	0.09245	0.27499	0.62706	0.0055
V976	0.43677	0.23466	0.12703	0.20153
V977	0.30654	0.34331	0.34526	0.00488
V978	0.05588	0.10235	0.0781	0.76368
V979	0.78203	0.0227	0.19013	0.00514
V980	0.97704	0.01521	0.00098	0.00676
V981	0.31656	0.03114	0.47077	0.18154
V982	0.43803	0.39162	0.08293	0.08742
V983	0.69807	0.05935	0.00529	0.23728
V984	0.01487	0.8385	0.11259	0.03404
V985	0.06659	0.20348	0.01226	0.71767
V986	0.31557	0.52237	0.05467	0.10738
V987	0.23044	0.75048	0.00027	0.01881
V988	0.20095	0.03377	0.02191	0.74338
V989	0.43551	0.46457	0.082	0.01792
V990	0.00052	0.0541	0.81679	0.12859
V991	0.62982	0.35856	0	0.01161
V992	0.18362	0.0173	0.55979	0.23929
V993	0.06037	0.7206	0.17649	0.04254
V994	0.17748	0.78187	0.02922	0.01143
V995	0.74025	0.09904	0.0338	0.12691
V996	0.25639	0.12567	0.0166	0.60134
V997	0.0142	0.02916	0.84694	0.1097
V998	0.86904	0.01703	0.06718	0.04675
V999	0.11747	0.87601	0.00073	0.00579
V1000	0.30032	0.0386	0.0049	0.65618
