cytotoxic.CD56.dim.NK.cell	memory.CD4.pos.AB.T.cell	memory.B.cell	CD14.pos.CD16.neg.classical.monocyte
V1	0.56818	0.0086	0.17095	0.25227
V2	0.15098	0.07591	0.05585	0.71726
V3	0.05141	0.6386	0.01334	0.29665
V4	0.86923	0.11235	0	0.01842
V5	0.10649	0.47322	0.26743	0.15285
V6	0.07181	0.88972	0.01941	0.01907
V7	0.14544	0.35242	0.08641	0.41573
V8	0.12515	0.0327	0.81438	0.02777
V9	0.24385	0.22146	0.03903	0.49567
V10	0.01886	0.03846	0.89837	0.04431
V11	0.20941	0.34405	0.44099	0.00555
V12	0.02338	0.58766	0.3767	0.01226
V13	0.26579	0.71061	0.00484	0.01875
V14	0.06586	0.9217	0.00654	0.0059
V15	0.11675	0.61196	0.12153	0.14975
V16	0.91521	0.04248	0.01746	0.02485
V17	0.08189	0.88687	0.01216	0.01909
V18	0.58914	0.3374	0.04043	0.03304
V19	0.1558	0.82686	0.00533	0.01201
V20	0.16672	0.46307	0.02062	0.34959
V21	0.12592	0.05554	0.79076	0.02779
V22	0.01622	0.07794	0.22702	0.67882
V23	0.38193	0.04371	0.56843	0.00592
V24	0.92749	0.04046	0.03148	0.00056
V25	0.36024	0.21578	0.1332	0.29077
V26	0.40775	0.38092	0.0181	0.19323
V27	0.10118	0.05048	0.0268	0.82154
V28	0.00383	0.08424	0.90983	0.0021
V29	0.44235	0.02912	0.50253	0.026
V30	0.09668	0.19133	0.30215	0.40984
V31	0.20583	0.16712	0.3202	0.30685
V32	0.08187	0.02526	0.04009	0.85278
V33	0.04075	0.49347	0.37526	0.09051
V34	0.12529	0.04238	0.80456	0.02777
V35	0.15824	0.73725	0.07811	0.0264
V36	0.00715	0.03197	0.515	0.44589
V37	0.5695	0.05568	0.096	0.27882
V38	0.43898	0.00489	0.17882	0.3773
V39	0.164	0.57509	0.13146	0.12946
V40	0.09585	0.82986	0.07397	0.00033
V41	0.00601	0.69445	0.04539	0.25415
V42	0.22699	0.02109	0.225	0.52693
V43	0.12809	0.32222	0.52232	0.02738
V44	0.01413	0.06201	0.77259	0.15127
V45	0.09354	0.59925	0.22654	0.08067
V46	0.80706	0.07021	0.11745	0.00528
V47	0.46582	0.16799	0.3237	0.04249
V48	0.8122	0.16523	0.00444	0.01813
V49	0.75203	0.17672	0	0.07125
V50	0.06318	0.85166	0.07978	0.00538
V51	0.31798	0.39197	0.26352	0.02653
V52	0.02489	0.10209	0.84466	0.02835
V53	0.73282	0.11939	0.14735	0.00044
V54	0.43506	0.17308	0.37327	0.01859
V55	0.21874	0.10549	0.26106	0.41471
V56	0.0462	0.01395	0.10267	0.83718
V57	0.09267	0.87551	0.01984	0.01197
V58	0.66155	0.0076	0.04175	0.28909
V59	0.45016	0.40251	0.10523	0.0421
V60	0.13167	0.1268	0.35749	0.38404
V61	0.82676	0.09258	0.00996	0.0707
V62	0.88707	0.03692	0.06462	0.01138
V63	0.0146	0.85019	0.11616	0.01905
V64	0.00752	0.87411	8e-04	0.11756
V65	0.01669	0.00749	0.12328	0.85254
V66	0.21429	0.70894	0.01788	0.05889
V67	0.15159	0.31307	0.52313	0.01221
V68	0.16182	0.13307	0.02705	0.67806
V69	0.02278	0.28978	0.64349	0.04396
V70	0.57246	0.1297	0.18401	0.11383
V71	0.16445	0.05381	0.40848	0.37327
V72	0.60668	0.13737	0.09516	0.16079
V73	0.15046	0.63005	0.13968	0.07981
V74	0.05731	0.21591	0.72555	0.00122
V75	0.7225	0.00849	0.18997	0.07904
V76	0.00069	0.15866	0.20225	0.63839
V77	0.03726	0.29388	0.0122	0.65666
V78	0.3199	0.09385	0.19969	0.38656
V79	0.00731	0.08661	0.82808	0.07799
V80	0.35171	0.02157	0.55137	0.07536
V81	0.05526	0.15291	0.78524	0.00658
V82	0.0024	0.08382	0.90536	0.00842
V83	0.1367	0.16151	0.08093	0.62086
V84	0.41279	0.03359	0.17183	0.38179
V85	0.10654	0.29427	0.43565	0.16353
V86	0.04431	0.05352	0.8661	0.03607
V87	0.03099	0.85858	0.0514	0.05903
V88	0.16769	0.04456	0.29521	0.49254
V89	0.01938	0.01372	0.23264	0.73426
V90	0.02412	0.91089	0.05288	0.0121
V91	0.03156	0.75507	0.18673	0.02664
V92	0.46564	0.02061	0.39356	0.1202
V93	0.89734	0.01933	0	0.08332
V94	0.01494	0.45819	0.02455	0.50233
V95	0.26566	0.43038	0.16293	0.14103
V96	0.07371	0.09472	0.03347	0.7981
V97	0.69556	0.09637	0.20285	0.00522
V98	0.69236	0.29592	0	0.01172
V99	0.8037	0.04723	0.14373	0.00534
V100	0.07509	0.04232	0.86161	0.02098
V101	0.02971	0.05761	0.01218	0.90051
V102	0.92736	0.05562	0.00515	0.01187
V103	0.01128	0.04591	0.11252	0.83029
V104	0.02761	0.95909	0.0072	0.0061
V105	0.05495	0.92529	0.01393	0.00583
V106	0.11672	0.51328	0.33468	0.03532
V107	0.1855	0.17825	0.59251	0.04374
V108	0.14866	0.76004	0.09096	0.00034
V109	0.01358	0.135	0.63356	0.21786
V110	0.05186	0.89379	0.0353	0.01905
V111	0.91412	0.01328	0.06689	0.00571
V112	0.12802	0.04707	0.46643	0.35848
V113	0.19467	0.08734	0.19473	0.52326
V114	0.25519	0.03712	0.08935	0.61834
V115	0.00732	0.76318	0.22381	0.00569
V116	0.14245	0.29356	0.39998	0.16401
V117	0.69528	0.24015	0.03187	0.0327
V118	0.16374	0.59325	0.03524	0.20776
V119	0.11783	0.06908	0.05811	0.75497
V120	0.0756	0.07076	0.84006	0.01358
V121	0.62778	0.10897	0.09454	0.16871
V122	0.95676	0.01873	0.01249	0.01202
V123	0.00635	0.52616	0.0485	0.41898
V124	0.6713	0.28078	0	0.04792
V125	0.39862	0.40844	0.17443	0.01851
V126	0.03876	0.14219	0.0593	0.75975
V127	0.16786	0.0366	0.28386	0.51169
V128	0.03399	0.01406	0.133	0.81895
V129	0.60145	0.21352	0.15948	0.02555
V130	0.00719	0.66012	0.32689	0.0058
V131	0.02399	0.9094	0.00059	0.06601
V132	0.94006	0.01593	0.02577	0.01824
V133	0.91621	0.02315	0.0491	0.01153
V134	0.10856	0.38933	0.13809	0.36401
V135	0.08028	0.01708	0.20455	0.69809
V136	0.25112	0.40063	0.01279	0.33546
V137	0.66725	0.03216	0.24442	0.05617
V138	0.21828	0.39761	0.18865	0.19546
V139	0.3729	0.18377	0.20822	0.23511
V140	0.03119	0.08776	0.06435	0.81669
V141	0.06134	0.13285	0.58356	0.22225
V142	0.78278	0.01924	0.19729	0.00069
V143	0.45631	0.24547	0.07009	0.22813
V144	0.17174	0.13588	0.18456	0.50782
V145	0.00098	0.77035	0.22285	0.00583
V146	0.06422	0.01678	0.04478	0.87422
V147	0.92445	0.02641	0.01743	0.03171
V148	0.126	0.06138	0.61723	0.1954
V149	0.26531	0.51302	0.2164	0.00527
V150	0.08264	0.22023	0.62588	0.07125
V151	0.20786	0.64262	0.03392	0.1156
V152	0.23891	0.44324	0.2273	0.09056
V153	0.10248	0.77507	0.01856	0.1039
V154	0.24583	0.45139	0.27602	0.02676
V155	0.49535	0.12446	0.2935	0.08669
V156	0.03145	0.12143	0.73083	0.11629
V157	0.31633	0.13578	0.33505	0.21284
V158	0.0298	0.00508	0.05395	0.91117
V159	0.89549	0.06538	0	0.03913
V160	0.7145	0.00873	0.06482	0.21195
V161	0.22432	0.00946	0.03973	0.72649
V162	0.06536	0.29808	0.08991	0.54666
V163	0.0953	0.49844	0.17827	0.22799
V164	0.35842	0.29608	0.11169	0.23381
V165	0.0103	0.28024	0.00672	0.70274
V166	0.00976	0.09918	0.08541	0.80565
V167	0.37164	0.00375	0.01266	0.61196
V168	0.29076	0.57947	0.07837	0.0514
V169	0.19841	0.04844	0.04597	0.70719
V170	0.10421	0.02256	0.55818	0.31505
V171	0.12755	0.22325	0.61351	0.03569
V172	0.7144	0.01646	0.26355	0.00559
V173	0.02882	0.14514	0.05107	0.77497
V174	0.01733	0.16272	0.08815	0.7318
V175	0.06114	0.02809	0.79957	0.11119
V176	0.0074	0.82263	0.1643	0.00566
V177	0.01055	0.9757	0.00062	0.01313
V178	0.00636	0.79132	0.00681	0.1955
V179	0.16207	0.01379	0.412	0.41214
V180	0.02843	0.89542	0.07582	0.00034
V181	0.1629	0.11316	0.57554	0.1484
V182	0.30648	0.16321	0.47801	0.0523
V183	0.17849	0.81022	0.0057	0.00559
V184	0.96448	0.02074	0.01404	0.00074
V185	0.57218	0.41108	0.01145	0.00529
V186	0.118	0.48391	0.27691	0.12119
V187	0.94657	0.01983	0.02776	0.00584
V188	0.05972	0.24112	0.00611	0.69305
V189	0.83458	0.02145	0.01699	0.12698
V190	0.65773	0.02277	0.31388	0.00561
V191	0.18569	0.18954	0.58941	0.03536
V192	0.3123	0.46837	0.05164	0.16769
V193	0.62153	0.0303	0.23885	0.10932
V194	0.0342	0.94038	0.00601	0.0194
V195	0.01408	0.05778	0.91954	0.00859
V196	0.01566	0.08929	0.02349	0.87156
V197	0.43343	0.04221	0.02986	0.49451
V198	0.06165	0.50331	0.38211	0.05293
V199	0.16985	0.0221	0.19637	0.61167
V200	0.1283	0.58185	0.01981	0.27004
V201	0.09439	0.56749	0.19725	0.14087
V202	0.01538	0.03242	0.79558	0.15662
V203	0.16267	0.42269	0.39546	0.01917
V204	0.00686	0.55618	0.00918	0.42778
V205	0.01899	0.07129	0.89529	0.01442
V206	0.04693	0.10176	0.84426	0.00705
V207	0.13634	0.18399	0.06134	0.61833
V208	0.24879	0.0677	0.67103	0.01248
V209	0.31239	0.46937	0.06991	0.14833
V210	0.08126	0.78823	0.08779	0.04272
V211	0.44149	0.01354	0.03897	0.50599
V212	0.51262	0.04115	0.42777	0.01845
V213	0.66215	0.02695	0.11081	0.20009
V214	0.34725	0.14228	0.17604	0.33442
V215	0.30561	0.08772	0.02427	0.5824
V216	0.05147	0.00394	0.04422	0.90036
V217	0.04079	0.49718	0.24562	0.21641
V218	0.09588	0.45004	0.18008	0.274
V219	0.10447	0.65887	0.01242	0.22424
V220	0.0064	0.85065	0.00615	0.1368
V221	0.82615	0.01071	0.00512	0.15801
V222	0.32585	0.11728	0.38826	0.16861
V223	0.00693	0.12883	0.79459	0.06965
V224	0.95254	0.01962	0.02714	7e-04
V225	0.05348	0.88729	0.05371	0.00552
V226	0.30723	0.08092	0.59966	0.01219
V227	0.78882	0.01253	0.18723	0.01141
V228	0.79854	0.05874	0.06319	0.07953
V229	0.01972	0.04907	0.90932	0.02188
V230	0.02074	0.04114	0.04167	0.89646
V231	0.01479	0.27571	0.12266	0.58683
V232	0.04237	0.67679	0.00192	0.27892
V233	0.59071	0.07543	0.20313	0.13073
V234	0.0338	0.92572	0.02831	0.01218
V235	0.37802	0.05895	0.53667	0.02636
V236	0.04191	0.06782	0.82113	0.06914
V237	0.16847	0.01068	0.04289	0.77797
V238	0.12813	0.5599	0.26813	0.04385
V239	0.06514	0.41177	0.02362	0.49947
V240	0.49556	0.03809	0.42505	0.0413
V241	0.01791	0.03587	0.88611	0.06011
V242	0.12523	0.7755	0.08758	0.01169
V243	0.23786	0.04343	0.65069	0.06802
V244	0.20052	0.02356	0.70053	0.0754
V245	0.61863	0.28395	0.0483	0.04912
V246	0.05331	0.14451	0.78181	0.02037
V247	0.16415	0.04877	0.78564	0.00144
V248	0.02657	0.0395	0.06458	0.86934
V249	0.00163	0.05716	0.88089	0.06032
V250	0.76465	0.01483	0.215	0.00551
V251	0.93653	0.05173	0.00582	0.00592
V252	0.01036	0.84267	0.14653	0.00044
V253	0.37947	0.05772	0.174	0.38881
V254	0.00842	0.93854	0.04718	0.00585
V255	0.04287	0.92252	0.00047	0.03414
V256	0.17537	0.19568	0.54818	0.08077
V257	0.44102	0.08469	0.24705	0.22723
V258	0.17807	0.24672	0.45395	0.12126
V259	0.03222	0.27982	0.65222	0.03574
V260	0.00158	0.28329	0.7084	0.00673
V261	0.63664	0.02852	0.19871	0.13613
V262	0.10034	0.05866	0.02626	0.81474
V263	0.01753	0.96223	0.00049	0.01976
V264	0.16221	0.03195	0.46212	0.34372
V265	0.03375	0.00687	0.16408	0.7953
V266	0.63895	0.35389	0.00676	4e-04
V267	0.00056	0.16324	0.3121	0.5241
V268	0.39821	0.01967	0.15164	0.43048
V269	0.00619	0.5555	0.39486	0.04345
V270	0.65787	0.02466	0.24475	0.07273
V271	0.82321	0.05856	0.03094	0.08729
V272	0.05065	0.84407	0.01183	0.09344
V273	0.06068	0.02667	0.05165	0.86101
V274	0.7152	0.00781	0.18089	0.09611
V275	0.00266	0.06338	0.92485	0.00912
V276	0.52317	0.32696	0.01033	0.13953
V277	0.03356	0.19582	0.17795	0.59267
V278	0.03388	0.0498	0.32326	0.59307
V279	0.71509	0.04992	0.10927	0.12571
V280	0.0298	0.00508	0.05395	0.91117
V281	0.56436	0.02597	0.14347	0.26619
V282	0.05207	0.06959	0.82624	0.05211
V283	0.21086	0.59092	0.061	0.13722
V284	0.02531	0.91445	0.05458	0.00566
V285	0.07506	0.04762	0.87552	0.0018
V286	0.24761	0.55444	0.10891	0.08904
V287	0.0923	0.87659	0.01207	0.01904
V288	0.01349	0.25811	0.46018	0.26822
V289	0.28538	0.20233	0.4413	0.07099
V290	0.81531	0.17057	0.01365	0.00046
V291	0.49153	0.06628	0.43052	0.01166
V292	0.93794	0.01626	0	0.0458
V293	0.28939	0.02778	0.64858	0.03425
V294	0.0884	0.37631	0.00397	0.53132
V295	0.01509	0.1653	0.21208	0.60753
V296	0.17229	0.10897	0.6397	0.07904
V297	0.07873	0.00453	0.09068	0.82606
V298	0.29659	0.09755	0.59368	0.01218
V299	0.06774	0.27995	0.01854	0.63377
V300	0.00111	0.03518	0.26227	0.70144
V301	0.11481	0.09978	0.6783	0.10711
V302	0.65096	0.33728	0	0.01176
V303	0.00058	0.59591	0.37646	0.02705
V304	0.05067	0.033	0.76636	0.14997
V305	0.11756	0.13997	0.49568	0.2468
V306	0.82793	0.08557	0.04708	0.03941
V307	0.01661	0.957	0.01388	0.01251
V308	0.23182	0.2101	0.31861	0.23947
V309	0.34196	0.305	0.02732	0.32572
V310	0.0749	0.30717	0.16231	0.45563
V311	0.5159	0.47363	0.00513	0.00534
V312	0.09288	0.75213	0.13602	0.01897
V313	0.00089	0.12493	0.03107	0.84312
V314	0.01382	0.48214	0.11683	0.38721
V315	0.11613	0.64172	0.03548	0.20666
V316	0.31228	0.11806	0.4107	0.15895
V317	0.08171	0.71977	0.04374	0.15478
V318	0.03255	0.57062	0.01468	0.38216
V319	0.05377	0.06768	0.85029	0.02826
V320	0.07145	0.12831	0.6827	0.11754
V321	0.62912	0.36375	0.00673	0.00039
V322	0.19495	0.31452	0.07606	0.41447
V323	0.05438	0.0222	0.10827	0.81515
V324	0.67267	0.24353	0.06577	0.01803
V325	0.30323	0.64	0.05158	0.00519
V326	0.00029	0.57111	0.09403	0.33457
V327	0.01695	0.1389	0.11912	0.72503
V328	0.04127	0.03326	0.76671	0.15876
V329	0.17157	0.09713	0.18512	0.54618
V330	0.38778	0.01212	0.35081	0.24928
V331	0.35571	0.0758	0.04776	0.52072
V332	0.00882	0.04674	0.21025	0.73419
V333	0.42709	0.0645	0.40374	0.10467
V334	0.35116	0.01282	0.37538	0.26063
V335	0.02198	0.31865	0.53999	0.11937
V336	0.1699	0.71678	0.01807	0.09525
V337	0.28179	0.3939	0.29762	0.02669
V338	0.00097	0.98366	0.00893	0.00644
V339	0.11974	0.0387	0.83426	0.0073
V340	0.05112	0.20555	0.56215	0.18118
V341	0.02487	0.03635	0.08346	0.85532
V342	0.23521	0.01938	0.62512	0.12029
V343	0.95823	0.0293	0.00637	0.0061
V344	0.67512	0.14789	0.17654	0.00045
V345	0.02034	0.07218	0.9056	0.00189
V346	0.22933	0.09609	0.30641	0.36817
V347	0.0429	0.01263	0.15042	0.79405
V348	0.05028	0.67103	0.14104	0.13766
V349	0.34906	0.14765	0.40458	0.09871
V350	0.02725	0.80673	0.16559	0.00043
V351	0.01551	0.03021	0.43016	0.52412
V352	0.04326	0.03595	0.85254	0.06825
V353	0.89063	0.02401	0.03156	0.05381
V354	0.04098	0.70506	0.21924	0.03472
V355	0.2706	0.06485	0.48855	0.176
V356	0.03325	0.02412	0.12113	0.82149
V357	0.10793	0.31696	0.29886	0.27625
V358	0.55887	0.09094	0.05077	0.29941
V359	0.58566	0.04785	0.03439	0.3321
V360	0.54905	0.42158	0.01799	0.01137
V361	0.00105	0.44682	0.54584	0.00629
V362	0.00108	0.9763	0.01632	0.00629
V363	0.16449	0.10081	0.50199	0.23271
V364	0.14744	0.05985	0.70594	0.08677
V365	0.26966	0.02451	0.02032	0.68552
V366	0.07108	0.70182	0.08044	0.14666
V367	0.58547	0.12716	0.00544	0.28192
V368	0.08146	0.75185	0.07929	0.08739
V369	0.01565	0.39516	0.58308	0.00611
V370	0.29396	0.26009	0.4191	0.02685
V371	0.18037	0.73462	0.0258	0.05921
V372	0.15982	0.04613	0.13398	0.66007
V373	0.07225	0.1209	0.5076	0.29924
V374	0.7666	0.02507	0.20772	0.00061
V375	0.03945	0.03697	0.16598	0.75759
V376	0.03237	0.03232	0.11913	0.81619
V377	0.79841	0.00528	0.01166	0.18465
V378	0.00733	0.03147	0.44017	0.52103
V379	0.34215	0.18469	0.01407	0.45908
V380	0.1458	0.06183	0.21919	0.57318
V381	0.74646	0.01485	0.09022	0.14847
V382	0.07776	0.05508	0.85981	0.00736
V383	0.84151	0.01049	0.0466	0.1014
V384	0.57185	0.065	0.1342	0.22895
V385	0.86485	0.01819	0.07081	0.04614
V386	0.30059	0.01387	0.15685	0.52869
V387	0.60169	0.1308	0.19175	0.07576
V388	0.38082	0.31901	0.15057	0.14959
V389	0.41501	0.51613	0.01053	0.05833
V390	0.28886	0.24527	0.46034	0.00554
V391	0.42552	0.09367	0.02135	0.45946
V392	0.43513	0.20358	0.17161	0.18967
V393	0.2787	0.20985	0.37002	0.14143
V394	0.08782	0.2173	0.12185	0.57303
V395	0.21808	0.38614	0.21093	0.18485
V396	0.00839	0.96517	0.00683	0.01962
V397	0.79071	0.07874	0.09841	0.03215
V398	0.45632	0.1204	0.09961	0.32367
V399	0.18788	0.56136	0.15103	0.09973
V400	0.00037	0.59322	0.06499	0.34142
V401	0.03172	0.1447	0.75357	0.07001
V402	0.787	0.17702	0.03555	0.00043
V403	0.02537	0.02759	0.095	0.85205
V404	0.08231	0.1779	0.65048	0.08931
V405	0.21689	0.02861	0.18284	0.57166
V406	0.6544	0.23708	0.01678	0.09175
V407	0.00097	0.98366	0.00893	0.00644
V408	0.08395	0.22456	0.42996	0.26152
V409	0.00149	0.03923	0.05396	0.90532
V410	0.08182	0.8721	0.02713	0.01896
V411	0.44905	0.01098	0.0042	0.53577
V412	0.15126	0.06655	0.53088	0.25132
V413	0.0512	0.48606	0.19096	0.27178
V414	0.03108	0.50518	0.34389	0.11985
V415	0.4463	0.02665	0.24299	0.28406
V416	0.0156	0.10337	0.87933	0.00171
V417	0.37517	0.61424	0.00518	0.00542
V418	0.06764	0.09244	0.159	0.68092
V419	0.02654	0.00616	0.06255	0.90474
V420	0.00042	0.90392	0.01265	0.08301
V421	0.14679	0.04298	0.70573	0.10449
V422	0.04943	0.07029	0.0207	0.85959
V423	0.07509	0.04232	0.86161	0.02098
V424	0.00098	0.05087	0.65003	0.29813
V425	0.05098	0.21919	0.63007	0.09976
V426	0.08252	0.05148	0.80582	0.06017
V427	0.06238	0.38997	0.20502	0.34262
V428	0.08137	0.78945	0.05157	0.07761
V429	0.02372	0.0064	0.07082	0.89906
V430	0.76307	0.15654	0.01657	0.06382
V431	0.17325	0.02549	0.48159	0.31967
V432	0.10532	0.08766	0.05768	0.74935
V433	0.05175	0.75036	0.00127	0.19662
V434	0.343	0.06685	0.0571	0.53305
V435	0.51556	0.01281	0.12611	0.34553
V436	0.38514	0.01319	0.12242	0.47925
V437	0.22993	0.22357	0.0088	0.53771
V438	0.62616	0.14537	0.03277	0.1957
V439	0.03546	0.10774	0.01923	0.83757
V440	0.49258	0.03355	0.03686	0.43701
V441	0.06094	0.11473	0.6366	0.18773
V442	0.31938	0.33332	0.14319	0.20411
V443	0.75317	0.00963	0.08989	0.14731
V444	0.02034	0.07218	0.9056	0.00189
V445	0.6099	0.02458	0.34029	0.02523
V446	0.0308	0.84974	0.05154	0.06792
V447	0.64376	0.0841	0.17928	0.09286
V448	0.01685	0.06101	0.2174	0.70474
V449	0.56546	0.0387	0.30352	0.09232
V450	0.13895	0.84545	0.01534	0.00026
V451	0.92615	0.05529	0	0.01857
V452	0.03717	0.01552	0.09588	0.85144
V453	0.82086	0.06843	0.06346	0.04725
V454	0.00072	0.94067	0.04622	0.01239
V455	0.60226	0.03362	0.30745	0.05667
V456	0.32393	0.10849	0.40926	0.15832
V457	0.00128	0.05915	0.0363	0.90327
V458	0.26631	0.22147	0.00834	0.50387
V459	0.01363	0.81194	0.08841	0.08603
V460	0.94417	0.01749	0.02655	0.01178
V461	0.06454	0.04036	0.02246	0.87263
V462	0.35102	0.23904	0.00226	0.40768
V463	0.2514	0.47672	0.16174	0.11014
V464	0.51594	0.09275	0.0066	0.38471
V465	0.40594	0.42483	0.02535	0.14388
V466	0.5958	0.17574	0.00493	0.22354
V467	0.31269	0.57542	0.07767	0.03422
V468	0.50541	0.39572	0.04903	0.04984
V469	0.0143	0.16197	0.31333	0.5104
V470	0.56127	0.11125	0.18493	0.14256
V471	0.26854	0.09749	0.0415	0.59246
V472	0.32389	0.32679	0.00177	0.34755
V473	0.0943	0.54585	0.34059	0.01927
V474	0.11894	0.00455	0.12237	0.75414
V475	0.18122	0.39725	0.08417	0.33736
V476	0.16479	0.01773	0.06839	0.74909
V477	0.60665	0.03513	0.21103	0.14719
V478	0.12773	0.60039	0.00628	0.2656
V479	0.01465	0.08546	0.82174	0.07815
V480	0.07677	0.30993	0.05119	0.56211
V481	0.13798	0.04019	0.80841	0.01342
V482	0.70664	0.15108	0.10956	0.03271
V483	0.12567	0.10167	0.0836	0.68907
V484	0.02469	0.07861	0.0403	0.8564
V485	0.11358	0.75235	0.01151	0.12256
V486	0.2717	0.25291	0.13588	0.33951
V487	0.07238	0.04477	0.10177	0.78107
V488	0.00332	0.03674	0.86709	0.09285
V489	0.20557	0.102	0.67993	0.0125
V490	0.34491	0.30631	0.07201	0.27677
V491	0.44485	0.46352	0.0329	0.05873
V492	0.02438	0.84366	0.12644	0.00552
V493	0.05219	0.00427	0.01427	0.92927
V494	0.18721	0.1425	0.55115	0.11915
V495	0.21831	0.62716	0.13575	0.01878
V496	0.26701	0.69131	0	0.04169
V497	0.01576	0.04684	0.92845	0.00895
V498	0.31976	0.09479	0.05741	0.52803
V499	0.61385	0.26014	0.12089	0.00512
V500	0.09362	0.11864	0.75212	0.03562
V501	0.00319	0.01097	0.08195	0.90388
V502	0.5564	0.26733	0.15063	0.02564
V503	0.19439	0.08722	0.21718	0.50122
V504	0.22477	0.70549	0.01098	0.05876
V505	0.19477	0.19926	0.2744	0.33157
V506	0.0833	0.23665	0.48562	0.19443
V507	0.62749	0.09119	0.12256	0.15875
V508	0.76216	0.15845	0.03942	0.03996
V509	0.22191	0.05842	0.53386	0.18581
V510	0.21963	0.51575	0.25928	0.00534
V511	0.04281	0.42422	0.04962	0.48335
V512	0.24369	0.04512	0.0896	0.6216
V513	0.07188	0.65395	0.21272	0.06145
V514	0.01993	0.08833	0.01158	0.88015
V515	0.78169	0.05702	0.04711	0.11418
V516	0.8985	0.09551	0	0.00599
V517	0.03591	0.02763	0.27996	0.65649
V518	0.94611	0.04763	0	0.00625
V519	0.02268	0.87943	0.00569	0.09221
V520	0.02387	0.01894	0.64273	0.31446
V521	0.56205	0.04548	0.36699	0.02548
V522	0.00618	0.11538	0.61018	0.26825
V523	0.3554	0.11454	0.27567	0.25439
V524	0.00631	0.78148	0.18566	0.02655
V525	0.25556	0.1993	0.03096	0.51418
V526	0.6584	0.07288	0.07505	0.19367
V527	0.19841	0.02427	0.4244	0.35292
V528	0.0918	0.86599	3e-04	0.04191
V529	0.05612	0.05718	0.24608	0.64062
V530	0.00631	0.19211	0.70374	0.09784
V531	0.01899	0.87006	0.11059	0.00036
V532	0.16975	0.32607	0.03064	0.47354
V533	0.28216	0.34729	0.14437	0.22618
V534	0.00764	0.02899	0.73054	0.23283
V535	0.55892	0.00354	0.01498	0.42256
V536	0.18457	0.00961	0.39674	0.40909
V537	0.59105	0.24832	0.14941	0.01122
V538	0.46383	0.04862	0.09061	0.39694
V539	0.26566	0.43038	0.16293	0.14103
V540	0.19274	0.70397	0.069	0.03429
V541	0.01417	0.51689	0.06665	0.40229
V542	0.19382	0.11555	0.27408	0.41655
V543	0.88529	0.01224	0.0107	0.09176
V544	0.10009	0.08036	0.18917	0.63037
V545	0.37132	0.13159	0.07408	0.42302
V546	0.04361	0.88851	0.06236	0.00552
V547	0.03272	0.6441	0.31109	0.01209
V548	0.14738	0.76826	0.07909	0.00528
V549	0.31465	0.04296	0.63007	0.01232
V550	0.59416	0.02858	0.00199	0.37527
V551	0.16883	0.74666	0.03379	0.05071
V552	0.00042	0.54497	0.00979	0.44482
V553	0.21918	0.14307	0.6184	0.01936
V554	0.05415	0.08937	0.03545	0.82104
V555	0.08492	0.21305	0.35998	0.34205
V556	0.00203	0.05864	0.9098	0.02953
V557	0.82534	0.02852	0.01048	0.13567
V558	0.06032	0.79986	0.02665	0.11317
V559	0.01015	0.80517	0.18421	0.00047
V560	0.67479	0.31955	0	0.00566
V561	0.00266	0.06338	0.92485	0.00912
V562	0.78726	0.01151	0.11454	0.08669
V563	0.2362	0.03239	0.72477	0.00664
V564	0.05495	0.08779	0.84366	0.0136
V565	0.11939	0.24678	0.40474	0.22909
V566	0.70888	0.09045	0.00463	0.19604
V567	0.21552	0.45044	0.02764	0.30641
V568	0.24518	0.00863	0.06411	0.68209
V569	0.68705	0.02849	0.00111	0.28334
V570	0.02245	0.27711	0.63873	0.06171
V571	0.82334	0.1221	0	0.05456
V572	0.4362	0.01805	0.4537	0.09205
V573	0.06093	0.17742	0.01429	0.74737
V574	0.0323	0.79085	0.16493	0.01191
V575	0.01799	0.0822	0.1443	0.75551
V576	0.14525	0.8081	0.03492	0.01174
V577	0.03612	0.04297	0.23752	0.68339
V578	0.05022	0.06582	0.71098	0.17298
V579	0.00688	0.88586	0.08814	0.01911
V580	0.15015	0.00934	0.12781	0.71269
V581	0.06971	0.08716	0.00953	0.8336
V582	0.59227	0.13647	0.03322	0.23803
V583	0.00675	0.04776	0.6232	0.32229
V584	0.52255	0.14691	0.29685	0.03369
V585	0.00804	0.02067	0.47951	0.49178
V586	0.22439	0.0254	0.66565	0.08456
V587	0.25634	0.03033	0.68644	0.02689
V588	0.63718	0.04011	0.02609	0.29663
V589	0.05009	0.83027	0.06035	0.05929
V590	0.0435	0.7662	0.18484	0.00546
V591	0.00111	0.04198	0.23219	0.72472
V592	0.15344	0.06217	0.78303	0.00137
V593	0.58599	0.00577	0.18911	0.21913
V594	0.33355	0.27895	0.34408	0.04342
V595	0.03336	0.03639	0.03854	0.89171
V596	0.03218	0.27184	0.2421	0.45388
V597	0.00035	0.57727	0.34343	0.07896
V598	0.01717	0.12694	0.84217	0.01372
V599	0.62685	0.31563	0.03216	0.02536
V600	0.35832	0.47495	0.05085	0.11588
V601	0.1594	0.26924	0.08736	0.48401
V602	0.03597	0.04032	0.02813	0.89557
V603	0.00764	0.38111	0.01894	0.59231
V604	0.51709	0.1111	0.34599	0.02582
V605	0.06176	0.3174	0.4255	0.19534
V606	0.7379	0.14556	0.00991	0.10663
V607	0.65786	0.01332	0.1108	0.21802
V608	0.21636	0.1479	0.41031	0.22543
V609	0.02294	0.22671	0.25523	0.49512
V610	0.77574	0.02178	0.08932	0.11316
V611	0.29173	0.00803	0.06202	0.63822
V612	0.02355	0.0946	0.82113	0.06072
V613	0.03207	0.32331	0.60891	0.03572
V614	0.77244	0.05686	0.04713	0.12357
V615	0.13516	0.05658	0.01609	0.79217
V616	0.07116	0.72073	0.0439	0.1642
V617	0.46642	0.16397	0.36896	0.00065
V618	0.73071	0.01047	0.00095	0.25788
V619	0.38172	0.02985	0.33403	0.2544
V620	0.00719	0.66012	0.32689	0.0058
V621	0.43392	0.14143	0.18252	0.24213
V622	0.35435	0.21462	0.40443	0.0266
V623	0.01784	0.07194	0.16558	0.74464
V624	0.78675	0.19494	0	0.01831
V625	0.26315	0.49747	0.10006	0.13932
V626	0.95266	0.03502	0	0.01232
V627	0.0014	0.03508	0.1023	0.86122
V628	0.00082	0.23831	0.02361	0.73726
V629	0.12007	0.2813	0.29936	0.29927
V630	0.03188	0.32253	0.60165	0.04394
V631	0.01608	0.19169	0.11633	0.6759
V632	0.58764	0.00435	0.14061	0.2674
V633	0.00135	0.05043	0.83716	0.11106
V634	0.39548	0.25995	0.33923	0.00534
V635	0.0226	0.77378	0.00644	0.19718
V636	0.11495	0.09876	0.66924	0.11705
V637	0.30985	0.18525	0.0946	0.41031
V638	0.38381	0.24776	0.07187	0.29656
V639	0.26458	0.42671	0.30815	0.00057
V640	0.03256	0.1495	0.77391	0.04403
V641	0.89108	0.03874	0.02384	0.04635
V642	0.76994	0.16723	0	0.06282
V643	0.00581	0.17264	0.48212	0.33944
V644	0.90352	0.07968	0.005	0.0118
V645	0.25705	0.40634	0.3177	0.01891
V646	0.01008	0.97555	0.00811	0.00627
V647	0.13663	0.08743	0.72393	0.052
V648	0.41105	0.42837	0.13446	0.02612
V649	0.02422	0.07228	0.85114	0.05236
V650	0.05125	0.09144	0.79662	0.06068
V651	0.29972	0.02955	0.66435	0.00638
V652	0.08325	0.08243	0.47164	0.36267
V653	0.11514	0.67709	0.09988	0.1079
V654	0.70727	0.18771	0.05627	0.04876
V655	0.03223	0.58304	0.02193	0.3628
V656	0.20618	0.26845	0.01524	0.51013
V657	0.02756	0.08488	0.02196	0.8656
V658	0.61549	0.19587	0.05761	0.13103
V659	0.32507	0.07918	0.38723	0.20853
V660	0.02645	0.95339	5e-04	0.01966
V661	0.05299	0.42462	0.05829	0.4641
V662	0.4032	0.02364	0.47994	0.09323
V663	0.23092	0.07028	0.59233	0.10647
V664	0.19284	0.07061	0.69352	0.04302
V665	0.70258	0.17528	0.0394	0.08274
V666	0.58727	0.0039	0.10347	0.30536
V667	0.75802	0.07678	0.16468	0.00052
V668	0.1164	0.80069	0.0826	0.00032
V669	0.22757	0.40848	0.26289	0.10106
V670	0.07363	0.90668	0.00035	0.01935
V671	0.36474	0.27491	0.27057	0.08978
V672	0.01828	0.05309	0.8996	0.02903
V673	0.23019	0.36173	0.2443	0.16378
V674	0.73222	0.13521	0.01671	0.11586
V675	0.13104	0.31716	0.34371	0.20809
V676	0.027	0.10795	0.12044	0.74461
V677	0.3871	0.39734	0.09815	0.1174
V678	0.50754	0.47558	0.01161	0.00527
V679	0.04278	0.3073	0.63728	0.01264
V680	0.30119	0.54426	0.1358	0.01875
V681	0.89894	0.06555	0.01052	0.02499
V682	0.10502	0.28853	0.57079	0.03567
V683	0.01417	0.96371	0.0218	0.00033
V684	0.71015	0.14921	0.09186	0.04879
V685	0.50031	0.33415	0.12367	0.04187
V686	0.08774	0.17166	0.16639	0.57421
V687	0.03614	0.02409	0.0417	0.89807
V688	0.37067	0.50808	5e-05	0.1212
V689	0.25739	0.00301	0.05559	0.68401
V690	0.46459	0.0437	0.4336	0.05812
V691	0.15107	0.03694	0.80496	0.00703
V692	0.07176	0.13341	0.73374	0.06109
V693	0.22706	0.09835	0.39689	0.2777
V694	0.00792	0.0312	0.32533	0.63556
V695	0.23915	0.00878	0.17111	0.58096
V696	0.07541	0.08746	0.02532	0.8118
V697	0.01802	0.07425	0.02533	0.8824
V698	0.82823	0.01031	0.01111	0.15035
V699	0.57478	0.27347	0.06638	0.08537
V700	0.23726	0.02725	0.01425	0.72123
V701	0.10655	0.53141	0.11413	0.24791
V702	0.55148	0.07379	0.01261	0.36212
V703	0.12722	0.04902	0.5209	0.30285
V704	0.83058	0.04277	0.02369	0.10297
V705	0.95244	0.01075	0.01178	0.02503
V706	0.07149	0.05728	0.79336	0.07787
V707	0.03171	0.42425	0.50849	0.03555
V708	0.03116	0.88272	0.01911	0.067
V709	0.1284	0.25187	0.54793	0.07179
V710	0.61501	0.19569	0.04916	0.14015
V711	0.08172	0.8046	0.08725	0.02644
V712	0.82477	0.05163	0.0043	0.11929
V713	0.43976	0.28941	0.03429	0.23654
V714	0.0062	0.68073	0.02115	0.29193
V715	0.29855	0.32484	0.31486	0.06176
V716	0.03602	0.04644	0.06076	0.85678
V717	0.07491	0.91222	0.00035	0.01252
V718	0.14068	0.56474	0.18413	0.11044
V719	0.05056	0.72017	0.03577	0.1935
V720	0.69766	0.00974	0.22972	0.06288
V721	0.1175	0.15023	0.50693	0.22534
V722	0.08789	0.34359	0.01677	0.55175
V723	0.11049	0.08522	0.0157	0.78859
V724	0.58678	0.02522	0.08603	0.30197
V725	0.00155	0.10857	0.86114	0.02874
V726	0.03245	0.37819	0.12932	0.46004
V727	0.25988	0.64736	0.08756	0.00521
V728	0.02474	0.88032	0.08937	0.00558
V729	0.40868	0.01361	0.17135	0.40636
V730	0.90162	0.0342	0.03952	0.02467
V731	0.02215	0.18196	0.42797	0.36793
V732	0.34937	0.07002	0.37329	0.20732
V733	0.65617	0.17382	0.03198	0.13803
V734	0.23272	0.30053	0.46118	0.00557
V735	0.01495	0.03099	0.51587	0.43819
V736	0.15251	0.01301	0.0188	0.81568
V737	0.33066	0.27595	0.25218	0.14121
V738	0.07224	0.31832	0.4786	0.13084
V739	0.00091	0.02792	0.63007	0.3411
V740	0.84032	0.08335	0.06507	0.01126
V741	0.49218	0.09179	0.12811	0.28792
V742	0.39485	0.59121	0.01363	0.00031
V743	0.12704	0.13929	0.71382	0.01985
V744	0.52052	0.03913	0.33801	0.10234
V745	0.01343	0.69859	0.18091	0.10707
V746	0.9754	0.01725	0.00071	0.00664
V747	0.05109	0.02272	0.73067	0.19552
V748	0.1155	0.09585	0.62181	0.16684
V749	0.28185	0.16594	0.05733	0.49488
V750	0.41291	0.45573	0.01745	0.11391
V751	0.04035	0.87452	0.03471	0.05042
V752	0.47135	0.21239	0.13881	0.17745
V753	0.03547	0.04525	0.01259	0.90669
V754	0.00795	0.93383	0.00062	0.0576
V755	0.14362	0.17922	0.36959	0.30756
V756	0.03017	0.01947	0.07024	0.88012
V757	0.33335	0.58114	0.05935	0.02615
V758	0.04037	0.77304	0.11735	0.06924
V759	0.1179	0.05522	0.43436	0.39252
V760	0.28952	0.05088	0.29998	0.35962
V761	0.06136	0.57529	0.2827	0.08065
V762	0.00065	0.39257	0.0193	0.58748
V763	0.38857	0.34785	0.02638	0.2372
V764	0.00701	0.92916	0.00609	0.05774
V765	0.67386	0.08324	0.00071	0.24219
V766	0.01342	0.3046	0.46798	0.214
V767	0.4886	0.11315	0.25372	0.14453
V768	0.05216	0.90905	0.01969	0.0191
V769	0.1346	0.82639	0.02721	0.0118
V770	0.01008	0.97555	0.00811	0.00627
V771	0.15993	0.03895	0.78789	0.01323
V772	0.12861	0.06334	0.8013	0.00675
V773	0.1558	0.82686	0.00533	0.01201
V774	0.02014	0.04086	0.90971	0.02929
V775	0.10884	0.03867	0.30923	0.54326
V776	0.43034	0.41371	0.05024	0.10571
V777	0.17194	0.10686	0.15254	0.56865
V778	0.54571	0.2634	0.06734	0.12355
V779	0.16234	0.0412	0.52748	0.26898
V780	0.10664	0.76492	0.12806	0.00038
V781	0.05019	0.03769	0.04246	0.86967
V782	0.00713	0.12179	0.81032	0.06076
V783	0.79366	0.02103	0.04715	0.13816
V784	0.10503	0.87625	0.01305	0.00567
V785	0.03346	0.93444	0.01281	0.01929
V786	0.72794	0.14935	0.08241	0.04029
V787	0.00091	0.83907	0.1542	0.00581
V788	0.51489	0.29039	0.15277	0.04195
V789	0.06572	0.36643	0.03278	0.53507
V790	0.4583	0.02601	0.08161	0.43409
V791	0.13019	0.36517	0.35126	0.15338
V792	0.12866	0.54394	0.00665	0.32075
V793	0.11562	0.66352	0.03523	0.18563
V794	0.04164	0.0834	0.80557	0.06939
V795	0.1081	0.04401	0.07029	0.7776
V796	0.02574	0.09674	0.85657	0.02095
V797	0.75053	0.01346	0.22457	0.01144
V798	0.62025	0.28702	0.07472	0.01801
V799	0.12441	0.7815	0.02598	0.06811
V800	0.06138	0.02904	0.55048	0.35909
V801	0.1319	0.10709	0.35769	0.40331
V802	0.03352	0.07393	0.30202	0.59054
V803	0.21835	0.51376	0.26736	0.00052
V804	0.51971	0.02219	0.39277	0.06533
V805	0.02629	0.05325	0.91842	0.00205
V806	0.04151	0.91238	0.01204	0.03408
V807	0.25623	0.14624	0.04057	0.55695
V808	0.66582	0.26151	0.03989	0.03278
V809	0.04374	0.07596	0.87862	0.00167
V810	0.01227	0.98048	0.00065	0.00661
V811	0.42798	0.06645	0.21382	0.29176
V812	0.55656	0.25169	0.04963	0.14212
V813	0.60155	0.18362	0.18924	0.02559
V814	0.42786	0.52436	0.04262	0.00515
V815	0.00087	0.92013	0.07314	0.00586
V816	0.91731	0.01788	0.06418	0.00062
V817	0.02696	0.09212	0.86696	0.01396
V818	0.00116	0.07028	0.05768	0.87088
V819	0.8362	0.07731	0.04711	0.03938
V820	0.129	0.09712	0.03011	0.74377
V821	0.21432	0.3039	0.41007	0.07171
V822	0.06513	0.04948	0.86441	0.02098
V823	0.02242	0.18189	0.70698	0.08872
V824	0.08687	0.3731	0.53916	0.00087
V825	0.21975	0.27889	0.27189	0.22948
V826	0.43109	0.40507	0.15248	0.01136
V827	0.37221	0.59095	0.01088	0.02595
V828	0.22027	0.15654	0.11823	0.50496
V829	0.03587	0.24741	0.04558	0.67115
V830	0.21962	0.22271	0.03131	0.52636
V831	0.78065	0.08235	0.03108	0.10592
V832	0.26736	0.3946	0.17505	0.16299
V833	0.14178	0.50783	0.18733	0.16305
V834	0.29304	0.0675	0.08703	0.55243
V835	0.35889	0.44436	0.11782	0.07893
V836	0.0065	0.68754	0.00782	0.29814
V837	0.21866	0.37412	0.20014	0.20707
V838	0.91925	0.04833	0.02679	0.00563
V839	0.29549	0.60255	0.09677	0.00519
V840	0.28503	0.70743	0.00724	3e-04
V841	0.00168	0.06467	0.88116	0.0525
V842	0.35682	0.15406	0.27641	0.21271
V843	0.01603	0.04491	0.8705	0.06856
V844	0.1071	0.0815	0.41347	0.39792
V845	0.06175	0.10695	0.77025	0.06105
V846	0.00129	0.03523	0.77145	0.19203
V847	0.00345	0.01063	0.06297	0.92295
V848	0.08395	0.51047	0.17803	0.22754
V849	0.00067	0.95834	0.0067	0.03429
V850	0.9626	0.01243	0.01287	0.0121
V851	0.32959	0.52441	0.14562	0.00038
V852	0.1029	0.04836	0.14827	0.70047
V853	0.24037	0.21141	0.42745	0.12077
V854	0.6067	0.15703	0.10446	0.13181
V855	0.00345	0.01063	0.06297	0.92295
V856	0.04083	0.34167	0.37912	0.23837
V857	0.68549	0.16445	0.03169	0.11836
V858	0.54252	0.02565	0.42609	0.00573
V859	0.66564	0.22608	0.01675	0.09153
V860	0.18546	0.10927	0.06184	0.64343
V861	0.08409	0.34807	0.55551	0.01233
V862	0.12539	0.08922	0.74184	0.04355
V863	0.20139	0.06258	0.00681	0.72923
V864	0.06575	0.0404	0.06562	0.82822
V865	0.10941	0.01168	0.2961	0.58281
V866	0.71595	0.02488	0.24772	0.01144
V867	0.71318	0.03395	0.24744	0.00542
V868	0.52209	0.26634	0.13423	0.07734
V869	0.01874	0.96745	0.00763	0.00618
V870	0.09902	0.34209	0.02391	0.53498
V871	0.00067	0.95834	0.0067	0.03429
V872	0.00888	0.02368	0.28296	0.68448
V873	0.88825	0.03314	0.04703	0.03158
V874	0.19131	0.77841	0.02999	0.00029
V875	0.01479	0.18545	0.22277	0.57699
V876	0.15316	0.31748	0.43806	0.0913
V877	0.04115	0.38914	0.31957	0.25014
V878	0.12712	0.80774	0.06483	0.00031
V879	0.18246	0.69749	0.04238	0.07767
V880	0.30201	0.55065	0.00484	0.14251
V881	0.13665	0.04614	0.63397	0.18323
V882	0.80015	0.00746	0.12286	0.06954
V883	0.27467	0.20103	0.52343	0.00088
V884	0.01932	0.28854	0.00643	0.68572
V885	0.70114	0.21296	0.08551	0.00039
V886	0.01332	0.35187	0.49558	0.13924
V887	0.64417	0.0585	0.15951	0.13782
V888	0.09219	0.05533	0.76561	0.08687
V889	0.91268	0.0513	0.01788	0.01814
V890	0.03087	0.13628	0.65629	0.17655
V891	0.62427	0.04896	0.28607	0.04071
V892	0.28032	0.17772	0.01537	0.52659
V893	0.58892	0.20068	0.15174	0.05866
V894	0.06213	0.30058	0.60159	0.0357
V895	0.59987	0.05888	0.20228	0.13897
V896	0.0342	0.94038	0.00601	0.0194
V897	0.69194	0.24806	0.00393	0.05607
V898	0.47029	0.0038	0.01026	0.51564
V899	0.02472	0.1862	0.1575	0.63158
V900	0.07312	0.28199	0.39361	0.25129
V901	0.0313	0.84345	0.00555	0.1197
V902	0.04394	0.90479	0.04567	0.0056
V903	0.00638	0.41087	0.53894	0.04381
V904	0.02031	0.9726	0.00057	0.00652
V905	0.14586	0.00533	0.1991	0.64971
V906	0.40681	0.08332	0.11176	0.39811
V907	0.42667	0.50584	0.01746	0.05003
V908	0.01157	0.05614	0.09183	0.84046
V909	0.12324	0.80983	0.00034	0.06659
V910	0.1607	0.00448	0.13789	0.69693
V911	0.51721	0.38378	0.03227	0.06674
V912	0.39277	0.31781	0.13003	0.15938
V913	0.12439	0.00295	0.02252	0.85013
V914	0.17451	0.48935	0.30093	0.03521
V915	0.22883	0.00308	0.01684	0.75126
V916	0.23818	0.06103	0.65807	0.04272
V917	0.71718	0.02943	0.16397	0.08942
V918	0.04052	0.63392	0.23615	0.0894
V919	0.19437	0.22145	0.32049	0.26369
V920	0.6247	0.18724	0.09398	0.09407
V921	0.02854	0.16619	0.04094	0.76433
V922	0.09395	0.45819	0.40386	0.044
V923	0.07913	0.02302	0.05781	0.84004
V924	0.03183	0.66994	0.27131	0.02692
V925	0.17927	0.03615	0.02312	0.76146
V926	0.19989	0.02549	0.0392	0.73543
V927	0.02449	0.04765	0.07184	0.85601
V928	0.04127	0.89537	0.00541	0.05795
V929	0.05057	0.64867	0.13196	0.16881
V930	0.51103	0.36219	0.03243	0.09434
V931	0.12858	0.26267	0.53694	0.07182
V932	0.03079	0.10605	0.64561	0.21756
V933	0.58822	0.38932	0.01101	0.01145
V934	0.00678	0.14257	0.30277	0.54788
V935	0.56741	0.15163	0.21354	0.06742
V936	0.53135	0.26175	0.01767	0.18924
V937	0.5514	0.11876	0.08737	0.24248
V938	0.37261	0.044	0.32581	0.25758
V939	0.75814	0.02058	0.07267	0.1486
V940	0.02238	0.79793	0.14521	0.03449
V941	0.00327	0.05254	0.93454	0.00965
V942	0.73492	0.18193	0.06527	0.01788
V943	0.38943	0.12217	0.43692	0.05148
V944	0.01581	0.2688	0.07321	0.64217
V945	0.56032	0.34616	0.01004	0.08347
V946	0.45505	0.25122	0.25956	0.03417
V947	0.07683	0.04808	0.25549	0.61959
V948	0.32699	0.04051	0.61331	0.01919
V949	0.00071	0.10776	0.22708	0.66445
V950	0.05119	0.53296	0.22206	0.19378
V951	0.81725	0.02523	0.1521	0.00542
V952	0.06435	0.11914	0.29122	0.52529
V953	0.01716	0.07225	0.88181	0.02878
V954	0.03426	0.17545	0.15732	0.63297
V955	0.11647	0.60648	0.0276	0.24945
V956	0.0321	0.0302	0.54947	0.38823
V957	0.33924	0.01852	0.00556	0.63668
V958	0.05219	0.00427	0.01427	0.92927
V959	0.22573	0.24772	0.45512	0.07143
V960	0.23265	0.26684	0.08566	0.41485
V961	0.12931	0.37754	0.37174	0.12142
V962	0.35908	0.15941	0.41156	0.06994
V963	0.60274	0.15957	0.16173	0.07595
V964	0.83851	0.03249	0.09721	0.03179
V965	0.05109	0.49816	0.20135	0.2494
V966	0.95616	0.02607	0.00565	0.01212
V967	0.05081	0.04356	0.56485	0.34077
V968	0.00112	0.15111	0.7872	0.06057
V969	0.0078	0.29277	0.04591	0.65353
V970	0.03162	0.11063	0.46102	0.39674
V971	0.50106	0.08006	0.34225	0.07663
V972	0.51642	0.1877	0.05094	0.24494
V973	0.26684	0.41681	0.08202	0.23433
V974	0.00594	0.79002	0.12661	0.07743
V975	0.09591	0.28608	0.61206	0.00596
V976	0.44629	0.23478	0.11981	0.19911
V977	0.3126	0.35025	0.3318	0.00536
V978	0.06017	0.09049	0.07936	0.76998
V979	0.78895	0.02529	0.18036	0.0054
V980	0.9754	0.01725	0.00071	0.00664
V981	0.32853	0.03277	0.45642	0.18228
V982	0.44308	0.39232	0.07741	0.08719
V983	0.70551	0.05756	0.00509	0.23185
V984	0.01408	0.84521	0.10644	0.03427
V985	0.07122	0.19718	0.0132	0.7184
V986	0.31975	0.52247	0.05098	0.1068
V987	0.23099	0.75012	0	0.01888
V988	0.21344	0.01841	0.02298	0.74516
V989	0.44034	0.46469	0.07666	0.01832
V990	0.00126	0.061	0.80735	0.13039
V991	0.63076	0.35749	0	0.01176
V992	0.19317	0.01803	0.54757	0.24123
V993	0.06102	0.7285	0.16739	0.04309
V994	0.17834	0.78302	0.02688	0.01175
V995	0.74488	0.09902	0.0314	0.12471
V996	0.26817	0.1183	0.01691	0.59662
V997	0.01583	0.03533	0.83774	0.1111
V998	0.87301	0.0182	0.06261	0.04617
V999	0.11696	0.87672	3e-04	0.00601
V1000	0.31569	0.02679	0.00585	0.65167
