cytotoxic.CD56.dim.NK.cell	memory.CD4.pos.AB.T.cell	memory.B.cell	CD14.pos.CD16.neg.classical.monocyte
V1	0.56379	0.01215	0.17788	0.24619
V2	0.14754	0.09173	0.05598	0.70475
V3	0.05174	0.64678	0.01374	0.28774
V4	0.86751	0.1147	0.00017	0.01761
V5	0.10495	0.47481	0.27467	0.14557
V6	0.07221	0.88927	0.02085	0.01768
V7	0.14372	0.36144	0.08872	0.40611
V8	0.12123	0.02805	0.82468	0.02604
V9	0.24174	0.23186	0.03987	0.48653
V10	0.01773	0.03337	0.90673	0.04217
V11	0.20435	0.34057	0.45027	0.00482
V12	0.02368	0.58298	0.38232	0.01103
V13	0.26288	0.71403	0.0057	0.01739
V14	0.06621	0.92091	0.00769	0.0052
V15	0.11562	0.61568	0.12544	0.14327
V16	0.91426	0.04283	0.01907	0.02384
V17	0.08216	0.88676	0.01336	0.01772
V18	0.5847	0.34141	0.04278	0.03111
V19	0.1547	0.82804	0.00628	0.01098
V20	0.16505	0.47326	0.02115	0.34054
V21	0.12186	0.05102	0.80122	0.0259
V22	0.01569	0.09143	0.22985	0.66303
V23	0.37347	0.0405	0.58069	0.00534
V24	0.9258	0.04038	0.0335	0.00032
V25	0.35709	0.22194	0.13814	0.28283
V26	0.40497	0.38827	0.01893	0.18783
V27	0.09747	0.07155	0.02587	0.80511
V28	0.00382	0.07685	0.91746	0.00188
V29	0.43346	0.02677	0.51541	0.02436
V30	0.09464	0.19749	0.31005	0.39782
V31	0.20241	0.17135	0.32946	0.29678
V32	0.07892	0.04771	0.03884	0.83452
V33	0.04033	0.49165	0.38288	0.08514
V34	0.12128	0.03812	0.81467	0.02593
V35	0.15692	0.73746	0.08122	0.02439
V36	0.00665	0.03808	0.52334	0.43193
V37	0.56706	0.06004	0.09991	0.27299
V38	0.43417	0.0108	0.18486	0.37018
V39	0.16221	0.57836	0.13584	0.12359
V40	0.09547	0.82811	0.07641	0
V41	0.00698	0.7005	0.04669	0.24582
V42	0.22305	0.03043	0.23066	0.51586
V43	0.12496	0.318	0.53187	0.02516
V44	0.01323	0.06023	0.78246	0.14407
V45	0.09249	0.59889	0.23271	0.07591
V46	0.80206	0.07007	0.12314	0.00474
V47	0.45803	0.16823	0.33398	0.03976
V48	0.80949	0.16802	0.0053	0.01719
V49	0.75033	0.18064	0	0.06903
V50	0.06345	0.84923	0.08264	0.00467
V51	0.31318	0.39142	0.27093	0.02446
V52	0.02375	0.09739	0.85243	0.02643
V53	0.72657	0.11982	0.1534	0.00021
V54	0.42694	0.17249	0.38349	0.01708
V55	0.21555	0.11147	0.26882	0.40416
V56	0.04403	0.0359	0.10139	0.81868
V57	0.09268	0.87509	0.02132	0.01091
V58	0.65941	0.01255	0.0433	0.28473
V59	0.44478	0.406	0.10966	0.03955
V60	0.12894	0.13163	0.36717	0.37226
V61	0.82542	0.09509	0.01085	0.06863
V62	0.88415	0.03671	0.06848	0.01066
V63	0.01578	0.8469	0.11979	0.01753
V64	0.00894	0.87666	0.00126	0.11314
V65	0.01592	0.03036	0.1211	0.83261
V66	0.21225	0.71278	0.01913	0.05584
V67	0.14775	0.30865	0.5326	0.011
V68	0.1586	0.14796	0.02695	0.66648
V69	0.02216	0.28522	0.65173	0.04089
V70	0.56728	0.13176	0.19171	0.10926
V71	0.16106	0.05811	0.41892	0.3619
V72	0.60416	0.14078	0.09903	0.15602
V73	0.14867	0.63162	0.14431	0.07539
V74	0.05546	0.20986	0.73369	0.001
V75	0.71727	0.00862	0.19791	0.0762
V76	0.00085	0.17062	0.20521	0.62331
V77	0.03683	0.30729	0.01174	0.64414
V78	0.31628	0.09962	0.20653	0.37758
V79	0.00668	0.08265	0.83693	0.07374
V80	0.34418	0.02007	0.56418	0.07157
V81	0.05331	0.14707	0.79364	0.00598
V82	0.00194	0.07724	0.91277	0.00804
V83	0.13413	0.17418	0.08235	0.60933
V84	0.40836	0.03962	0.17786	0.37416
V85	0.1042	0.29427	0.44582	0.15571
V86	0.04223	0.04861	0.87521	0.03395
V87	0.03202	0.85872	0.05351	0.05576
V88	0.16422	0.05219	0.30281	0.48079
V89	0.01874	0.03048	0.23376	0.71701
V90	0.02529	0.9085	0.05519	0.01102
V91	0.0322	0.75154	0.19166	0.0246
V92	0.45839	0.02086	0.40561	0.11514
V93	0.89746	0.02058	0.00015	0.0818
V94	0.01535	0.46895	0.02473	0.49096
V95	0.26267	0.43364	0.16891	0.13478
V96	0.07164	0.11452	0.03276	0.78108
V97	0.68823	0.09614	0.21101	0.00461
V98	0.68894	0.30001	0.00012	0.01094
V99	0.79848	0.04637	0.15036	0.00479
V100	0.0723	0.0372	0.87082	0.01968
V101	0.02794	0.08283	0.01076	0.87846
V102	0.92639	0.05617	0.00615	0.01129
V103	0.01088	0.06653	0.11146	0.81114
V104	0.02873	0.95744	0.00839	0.00544
V105	0.05546	0.92426	0.01517	0.0051
V106	0.11452	0.5112	0.34165	0.03263
V107	0.1808	0.17581	0.60273	0.04065
V108	0.14711	0.75907	0.09382	0
V109	0.01292	0.13491	0.64392	0.20825
V110	0.05262	0.89257	0.0372	0.01761
V111	0.91148	0.01248	0.07075	0.0053
V112	0.12508	0.05096	0.47731	0.34664
V113	0.19178	0.09596	0.20005	0.51221
V114	0.25159	0.04894	0.09098	0.60849
V115	0.00837	0.75793	0.22872	0.00498
V116	0.13939	0.29401	0.41023	0.15637
V117	0.69161	0.24347	0.03397	0.03095
V118	0.16246	0.60012	0.03657	0.20085
V119	0.11433	0.08657	0.05811	0.741
V120	0.07275	0.06568	0.84898	0.01259
V121	0.62559	0.11194	0.09846	0.16401
V122	0.95611	0.01845	0.01389	0.01155
V123	0.00704	0.53535	0.04949	0.40812
V124	0.6692	0.2848	0	0.046
V125	0.39248	0.40963	0.18093	0.01696
V126	0.03754	0.1595	0.05919	0.74378
V127	0.16426	0.04499	0.29075	0.5
V128	0.03249	0.03485	0.13211	0.80054
V129	0.59424	0.21564	0.16633	0.02379
V130	0.00803	0.65456	0.33231	0.00509
V131	0.02519	0.91054	0.00117	0.0631
V132	0.93883	0.01585	0.02782	0.0175
V133	0.91396	0.02289	0.05225	0.0109
V134	0.10729	0.3969	0.14236	0.35345
V135	0.07743	0.03238	0.20689	0.6833
V136	0.24939	0.41024	0.01311	0.32726
V137	0.66093	0.03192	0.25356	0.05359
V138	0.21569	0.40135	0.19488	0.18808
V139	0.36846	0.18851	0.21556	0.22746
V140	0.03001	0.10773	0.06366	0.7986
V141	0.05909	0.1331	0.59518	0.21263
V142	0.77668	0.01788	0.205	0.00044
V143	0.45359	0.25133	0.07287	0.22222
V144	0.16877	0.14498	0.18967	0.49657
V145	0.00213	0.76524	0.22752	0.00511
V146	0.06091	0.04075	0.04317	0.85518
V147	0.92353	0.02679	0.019	0.03068
V148	0.12223	0.06105	0.62967	0.18706
V149	0.26058	0.51236	0.22256	0.0045
V150	0.08028	0.21766	0.63529	0.06677
V151	0.20627	0.64748	0.0355	0.11075
V152	0.23537	0.44469	0.2344	0.08554
V153	0.1022	0.77891	0.01959	0.0993
V154	0.24159	0.45055	0.28322	0.02464
V155	0.48856	0.12507	0.30381	0.08256
V156	0.0301	0.11837	0.74157	0.10997
V157	0.31207	0.13766	0.34516	0.20512
V158	0.02805	0.03157	0.05053	0.88985
V159	0.89558	0.06638	0	0.03804
V160	0.71307	0.01197	0.06741	0.20755
V161	0.21952	0.02677	0.03947	0.71424
V162	0.06425	0.30889	0.09166	0.5352
V163	0.09428	0.50254	0.18385	0.21933
V164	0.35552	0.30171	0.11582	0.22695
V165	0.01057	0.29546	0.00604	0.68793
V166	0.00952	0.11859	0.08469	0.7872
V167	0.36662	0.01742	0.01218	0.60378
V168	0.28767	0.58258	0.08147	0.04828
V169	0.19467	0.06387	0.04603	0.69543
V170	0.10079	0.0258	0.56946	0.30395
V171	0.12411	0.22007	0.6228	0.03302
V172	0.70721	0.01474	0.27296	0.00509
V173	0.02801	0.16319	0.05067	0.75813
V174	0.01701	0.17856	0.08857	0.71586
V175	0.05857	0.02527	0.81044	0.10572
V176	0.0086	0.81797	0.16848	0.00495
V177	0.01223	0.97413	0.00148	0.01215
V178	0.00749	0.79638	0.00717	0.18896
V179	0.15845	0.01954	0.42129	0.40072
V180	0.0293	0.89266	0.07804	0
V181	0.15871	0.1124	0.58776	0.14113
V182	0.30036	0.16211	0.48874	0.04878
V183	0.17675	0.81161	0.00673	0.00491
V184	0.96502	0.01972	0.01477	0.00049
V185	0.56672	0.41588	0.01274	0.00466
V186	0.11603	0.48474	0.28434	0.11488
V187	0.94512	0.01945	0.02998	0.00545
V188	0.05856	0.25616	0.00549	0.6798
V189	0.83409	0.02349	0.01804	0.12438
V190	0.64971	0.0209	0.32436	0.00503
V191	0.18093	0.187	0.59936	0.03272
V192	0.30941	0.47504	0.05373	0.16183
V193	0.61604	0.03079	0.2481	0.10508
V194	0.0354	0.93948	0.00701	0.01812
V195	0.01291	0.05155	0.92728	0.00826
V196	0.01502	0.1129	0.02217	0.84991
V197	0.43013	0.05138	0.03052	0.48797
V198	0.0607	0.50072	0.38931	0.04927
V199	0.16593	0.03396	0.20054	0.59956
V200	0.12748	0.58989	0.02049	0.26214
V201	0.0933	0.56957	0.20306	0.13407
V202	0.01436	0.03069	0.80531	0.14964
V203	0.15927	0.4196	0.40366	0.01747
V204	0.00758	0.56589	0.00907	0.41745
V205	0.01788	0.06573	0.9028	0.01359
V206	0.04491	0.0966	0.852	0.00649
V207	0.13386	0.19685	0.06232	0.60698
V208	0.24274	0.06375	0.68205	0.01146
V209	0.3095	0.47533	0.07265	0.14252
V210	0.08102	0.78814	0.0909	0.03993
V211	0.4378	0.02341	0.03977	0.49901
V212	0.50303	0.03945	0.44034	0.01718
V213	0.65946	0.02965	0.11551	0.19537
V214	0.34384	0.14771	0.18264	0.32581
V215	0.3019	0.09969	0.02444	0.57396
V216	0.04885	0.02982	0.04171	0.87962
V217	0.04054	0.49972	0.25231	0.20743
V218	0.09484	0.45494	0.18572	0.2645
V219	0.10389	0.66626	0.0129	0.21695
V220	0.00774	0.85374	0.0067	0.13182
V221	0.82559	0.01337	0.00557	0.15546
V222	0.32082	0.11786	0.39969	0.16163
V223	0.00643	0.12447	0.80348	0.06562
V224	0.95234	0.01869	0.02852	0.00045
V225	0.05411	0.88507	0.05604	0.00479
V226	0.30032	0.07756	0.61097	0.01115
V227	0.7825	0.01156	0.19522	0.01072
V228	0.79643	0.05985	0.06663	0.07709
V229	0.01853	0.0433	0.91752	0.02065
V230	0.01965	0.06641	0.03941	0.87453
V231	0.01486	0.28629	0.12503	0.57381
V232	0.0428	0.68453	0.00199	0.27068
V233	0.58595	0.07643	0.21143	0.12619
V234	0.03501	0.9239	0.02998	0.01111
V235	0.36976	0.05629	0.54939	0.02456
V236	0.04004	0.06401	0.8307	0.06525
V237	0.16442	0.02974	0.04243	0.76341
V238	0.12607	0.55851	0.27473	0.04069
V239	0.06437	0.4231	0.02383	0.4887
V240	0.4866	0.03658	0.43787	0.03895
V241	0.01683	0.03125	0.89478	0.05714
V242	0.12403	0.77463	0.09084	0.01051
V243	0.23157	0.04121	0.6629	0.06432
V244	0.19467	0.02095	0.71275	0.07162
V245	0.61502	0.28732	0.05098	0.04668
V246	0.05136	0.13963	0.79021	0.0188
V247	0.16008	0.04313	0.79558	0.00122
V248	0.02504	0.06278	0.06315	0.84902
V249	0.00113	0.0524	0.88915	0.05732
V250	0.75781	0.01353	0.22363	0.00503
V251	0.93562	0.05193	0.00692	0.00552
V252	0.01162	0.83811	0.15019	7e-05
V253	0.3755	0.06345	0.18021	0.38084
V254	0.01003	0.93566	0.04918	0.00513
V255	0.04389	0.92266	0.00113	0.03232
V256	0.17081	0.19401	0.55921	0.07597
V257	0.43644	0.087	0.25591	0.22065
V258	0.17413	0.24668	0.46446	0.11473
V259	0.03137	0.27497	0.66054	0.03311
V260	0.00155	0.2776	0.71474	0.00611
V261	0.63194	0.0297	0.20661	0.13175
V262	0.09654	0.07956	0.02534	0.79856
V263	0.01909	0.96105	0.00131	0.01855
V264	0.15851	0.03594	0.473	0.33255
V265	0.03226	0.02655	0.16348	0.7777
V266	0.63518	0.35698	0.00774	9e-05
V267	0.00065	0.17175	0.31784	0.50976
V268	0.39353	0.02687	0.15657	0.42304
V269	0.00676	0.5516	0.40117	0.04047
V270	0.65165	0.02468	0.25403	0.06965
V271	0.82221	0.06007	0.03285	0.08487
V272	0.05128	0.8468	0.01267	0.08924
V273	0.05791	0.04924	0.05036	0.84249
V274	0.71062	0.00826	0.18842	0.0927
V275	0.00207	0.05706	0.93202	0.00885
V276	0.52069	0.33296	0.01105	0.1353
V277	0.03299	0.207	0.18143	0.57858
V278	0.03278	0.05979	0.32915	0.57828
V279	0.71266	0.05132	0.11413	0.12189
V280	0.02805	0.03157	0.05053	0.88985
V281	0.56065	0.02971	0.14938	0.26027
V282	0.04995	0.0654	0.83564	0.04901
V283	0.20921	0.59585	0.06339	0.13155
V284	0.02643	0.91183	0.0568	0.00494
V285	0.07365	0.04127	0.88353	0.00155
V286	0.24467	0.55797	0.11288	0.08448
V287	0.09237	0.8767	0.01326	0.01767
V288	0.01323	0.25945	0.46979	0.25752
V289	0.27998	0.20167	0.45167	0.06668
V290	0.81258	0.17221	0.01503	0.00018
V291	0.4824	0.06401	0.44292	0.01067
V292	0.9381	0.01659	0.00034	0.04496
V293	0.2828	0.02478	0.66028	0.03214
V294	0.08715	0.38839	0.00364	0.52082
V295	0.01478	0.17628	0.21592	0.59302
V296	0.16766	0.10643	0.65133	0.07458
V297	0.07606	0.02584	0.0894	0.8087
V298	0.29001	0.09439	0.6045	0.0111
V299	0.06645	0.29276	0.0183	0.62249
V300	0.00095	0.04971	0.26425	0.68509
V301	0.11125	0.09726	0.6902	0.10129
V302	0.6476	0.34125	0.00021	0.01094
V303	0.00132	0.59145	0.38222	0.02501
V304	0.04853	0.03164	0.77687	0.14296
V305	0.11439	0.14152	0.50731	0.23678
V306	0.82516	0.08709	0.04992	0.03783
V307	0.01809	0.95533	0.01509	0.01149
V308	0.22804	0.21329	0.32799	0.23069
V309	0.33943	0.31372	0.02824	0.31861
V310	0.0738	0.31552	0.16677	0.44392
V311	0.51044	0.47874	0.00609	0.00473
V312	0.09229	0.74999	0.1404	0.01732
V313	0.00131	0.14654	0.02964	0.82252
V314	0.0142	0.49005	0.11994	0.3758
V315	0.11537	0.64828	0.03678	0.19958
V316	0.30716	0.11837	0.42252	0.15195
V317	0.08163	0.72428	0.04537	0.14871
V318	0.033	0.57987	0.01486	0.37228
V319	0.05158	0.06278	0.85926	0.02639
V320	0.06885	0.12592	0.69416	0.11107
V321	0.6251	0.36711	0.00773	7e-05
V322	0.19302	0.32362	0.07811	0.40525
V323	0.0523	0.0422	0.10771	0.79779
V324	0.66768	0.2463	0.0693	0.01672
V325	0.29929	0.64205	0.05417	0.0045
V326	0.00114	0.57815	0.09649	0.32422
V327	0.01661	0.15436	0.11991	0.70911
V328	0.03939	0.03208	0.77695	0.15157
V329	0.1682	0.10661	0.19004	0.53515
V330	0.38183	0.01486	0.36161	0.2417
V331	0.35198	0.08569	0.04887	0.51345
V332	0.00838	0.06264	0.2117	0.71728
V333	0.4201	0.06395	0.41615	0.09981
V334	0.34565	0.01558	0.38634	0.25242
V335	0.02157	0.3159	0.5498	0.11273
V336	0.1686	0.72136	0.01915	0.09089
V337	0.27721	0.39276	0.30544	0.02459
V338	0.00292	0.98124	0.01	0.00584
V339	0.11629	0.03328	0.84358	0.00684
V340	0.04951	0.20511	0.57274	0.17264
V341	0.02354	0.05872	0.08193	0.83582
V342	0.22918	0.01805	0.63817	0.11459
V343	0.95773	0.029	0.00752	0.00575
V344	0.66839	0.1481	0.18329	0.00021
V345	0.01908	0.06555	0.91373	0.00164
V346	0.22629	0.10064	0.31536	0.35771
V347	0.04109	0.03218	0.14997	0.77676
V348	0.05036	0.67268	0.14548	0.13148
V349	0.34315	0.14752	0.41576	0.09358
V350	0.02821	0.80226	0.16947	6e-05
V351	0.01466	0.03847	0.43726	0.50961
V352	0.04119	0.03239	0.86173	0.0647
V353	0.88965	0.02465	0.03352	0.05217
V354	0.04124	0.70149	0.22502	0.03225
V355	0.26552	0.06504	0.5008	0.16864
V356	0.0319	0.04434	0.12028	0.80348
V357	0.10609	0.32048	0.30713	0.26631
V358	0.55719	0.09589	0.05282	0.2941
V359	0.58397	0.05337	0.03561	0.32704
V360	0.544	0.42614	0.01946	0.0104
V361	0.00146	0.4407	0.55225	0.00559
V362	0.00298	0.97389	0.01746	0.00567
V363	0.1607	0.1016	0.51408	0.22362
V364	0.14286	0.05705	0.71793	0.08217
V365	0.26512	0.03976	0.01986	0.67525
V366	0.07104	0.7053	0.08312	0.14054
V367	0.58403	0.1333	0.00563	0.27703
V368	0.08118	0.75381	0.08209	0.08292
V369	0.01558	0.3889	0.59014	0.00538
V370	0.28846	0.2583	0.42848	0.02476
V371	0.17893	0.73777	0.02725	0.05605
V372	0.1564	0.05881	0.13637	0.64841
V373	0.06995	0.12262	0.51903	0.2884
V374	0.76048	0.02344	0.21571	0.00037
V375	0.03786	0.05396	0.16683	0.74134
V376	0.0311	0.0523	0.11855	0.79806
V377	0.79765	0.00846	0.01221	0.18168
V378	0.00691	0.03976	0.44706	0.50627
V379	0.33926	0.19475	0.0142	0.45179
V380	0.14265	0.07165	0.22451	0.56119
V381	0.74448	0.01672	0.09406	0.14475
V382	0.07498	0.04922	0.86892	0.00687
V383	0.84028	0.01182	0.04901	0.09889
V384	0.56844	0.06801	0.14001	0.22354
V385	0.86249	0.01834	0.07464	0.04452
V386	0.29632	0.02352	0.1611	0.51905
V387	0.59563	0.13238	0.19971	0.07227
V388	0.3769	0.32267	0.15665	0.14378
V389	0.41083	0.52212	0.01149	0.05556
V390	0.28281	0.24267	0.46968	0.00485
V391	0.42245	0.10272	0.02169	0.45314
V392	0.43029	0.20771	0.17834	0.18365
V393	0.27408	0.21101	0.38033	0.13457
V394	0.08604	0.22829	0.12457	0.5611
V395	0.21534	0.38954	0.21773	0.17739
V396	0.01003	0.96379	0.00781	0.01837
V397	0.78652	0.0795	0.10341	0.03056
V398	0.45383	0.12596	0.10345	0.31677
V399	0.18556	0.5637	0.15618	0.09457
V400	0.00121	0.60083	0.06658	0.33138
V401	0.03043	0.14106	0.76264	0.06586
V402	0.78338	0.17855	0.03792	0.00015
V403	0.02403	0.04999	0.09319	0.8328
V404	0.07984	0.17525	0.66068	0.08423
V405	0.21332	0.03895	0.18724	0.56048
V406	0.65246	0.24134	0.01787	0.08834
V407	0.00292	0.98124	0.01	0.00584
V408	0.0821	0.22668	0.44005	0.25117
V409	0.00152	0.06468	0.05052	0.88328
V410	0.08196	0.87173	0.02878	0.01753
V411	0.4446	0.02202	0.00385	0.52953
V412	0.1473	0.0675	0.54365	0.24155
V413	0.05094	0.49051	0.19643	0.26212
V414	0.03084	0.50463	0.35121	0.11332
V415	0.44149	0.0304	0.25155	0.27656
V416	0.01459	0.0972	0.88675	0.00146
V417	0.37043	0.61861	0.00619	0.00476
V418	0.06555	0.10651	0.16143	0.66651
V419	0.02504	0.0321	0.05938	0.88347
V420	0.00204	0.90511	0.01345	0.0794
V421	0.14221	0.04127	0.71743	0.09909
V422	0.04702	0.09333	0.0196	0.84006
V423	0.0723	0.0372	0.87082	0.01968
V424	0.00061	0.05291	0.65997	0.28651
V425	0.0493	0.21687	0.6399	0.09393
V426	0.07949	0.04796	0.81583	0.05672
V427	0.06174	0.3958	0.21109	0.33137
V428	0.0813	0.79141	0.05363	0.07366
V429	0.02249	0.03191	0.06773	0.87787
V430	0.76079	0.15996	0.01778	0.06147
V431	0.1691	0.02899	0.49288	0.30903
V432	0.10217	0.10505	0.05777	0.73501
V433	0.0521	0.75611	0.00148	0.1903
V434	0.33928	0.0769	0.05848	0.52533
V435	0.51162	0.01835	0.1307	0.33933
V436	0.38077	0.02179	0.12587	0.47157
V437	0.22776	0.23519	0.00865	0.52841
V438	0.62441	0.15027	0.03422	0.19111
V439	0.03415	0.12937	0.01815	0.81833
V440	0.4891	0.04161	0.03788	0.43142
V441	0.05873	0.11418	0.64794	0.17914
V442	0.31666	0.33769	0.14845	0.19719
V443	0.75105	0.01158	0.0937	0.14367
V444	0.01908	0.06555	0.91373	0.00164
V445	0.60147	0.0232	0.35156	0.02377
V446	0.03181	0.85019	0.05362	0.06438
V447	0.63895	0.08505	0.18696	0.08903
V448	0.01627	0.07525	0.21973	0.68874
V449	0.55819	0.03884	0.31448	0.0885
V450	0.13838	0.84505	0.01657	0
V451	0.9259	0.0559	0.00032	0.01788
V452	0.03558	0.03821	0.09394	0.83228
V453	0.8182	0.06934	0.06706	0.0454
V454	0.00245	0.93798	0.0482	0.01137
V455	0.59457	0.03304	0.31839	0.054
V456	0.31871	0.10872	0.42112	0.15145
V457	0.00152	0.08391	0.03419	0.88037
V458	0.26376	0.23243	0.00822	0.4956
V459	0.01466	0.81235	0.09126	0.08174
V460	0.94295	0.01715	0.02867	0.01123
V461	0.06134	0.0647	0.02131	0.85265
V462	0.34801	0.24846	0.00205	0.40148
V463	0.24803	0.47973	0.1676	0.10465
V464	0.51341	0.10023	0.00669	0.37967
V465	0.40272	0.43169	0.02654	0.13905
V466	0.59437	0.1818	0.00522	0.2186
V467	0.30886	0.57839	0.08087	0.03188
V468	0.50075	0.4004	0.05164	0.04721
V469	0.01396	0.17004	0.31965	0.49635
V470	0.55665	0.11305	0.19272	0.13758
V471	0.26546	0.10942	0.04211	0.58301
V472	0.32155	0.33607	0.00167	0.34071
V473	0.09276	0.54291	0.34681	0.01751
V474	0.11485	0.02238	0.12279	0.73999
V475	0.17945	0.40575	0.08686	0.32795
V476	0.16082	0.0353	0.06834	0.73554
V477	0.60178	0.03654	0.2192	0.14249
V478	0.12675	0.60863	0.00651	0.25811
V479	0.01381	0.08156	0.8308	0.07383
V480	0.07567	0.3214	0.05199	0.55094
V481	0.13373	0.03532	0.81841	0.01253
V482	0.70166	0.15281	0.11464	0.03089
V483	0.12279	0.1167	0.08459	0.67592
V484	0.02348	0.10091	0.03896	0.83665
V485	0.11303	0.75714	0.01226	0.11756
V486	0.26943	0.25978	0.14054	0.33025
V487	0.07008	0.06264	0.10193	0.76534
V488	0.00328	0.03295	0.87497	0.0888
V489	0.20008	0.09821	0.69029	0.01142
V490	0.34236	0.3134	0.07467	0.26957
V491	0.44041	0.46912	0.03465	0.05582
V492	0.02547	0.83968	0.13006	0.0048
V493	0.04922	0.03183	0.01256	0.90639
V494	0.18285	0.14131	0.5631	0.11275
V495	0.21498	0.62736	0.14053	0.01713
V496	0.26458	0.69551	0.00043	0.03949
V497	0.01449	0.04076	0.9361	0.00866
V498	0.3161	0.10509	0.05879	0.52002
V499	0.60754	0.26185	0.12616	0.00446
V500	0.0907	0.11454	0.76164	0.03312
V501	0.00304	0.03732	0.07767	0.88196
V502	0.54941	0.26945	0.1573	0.02384
V503	0.19141	0.09524	0.22319	0.49016
V504	0.22273	0.70955	0.01193	0.05579
V505	0.19173	0.2046	0.28265	0.32103
V506	0.08128	0.23712	0.4959	0.1857
V507	0.62487	0.0933	0.12778	0.15405
V508	0.75876	0.16131	0.04178	0.03815
V509	0.21667	0.05852	0.54666	0.17815
V510	0.21548	0.51437	0.26559	0.00456
V511	0.04263	0.43471	0.05053	0.47214
V512	0.24009	0.05689	0.09122	0.6118
V513	0.07128	0.65259	0.21852	0.05761
V514	0.019	0.11258	0.01022	0.8582
V515	0.78062	0.05869	0.04959	0.1111
V516	0.89686	0.09688	0.00068	0.00558
V517	0.03468	0.04048	0.28371	0.64113
V518	0.94562	0.0477	0.00075	0.00593
V519	0.02385	0.8816	0.00632	0.08823
V520	0.02252	0.02154	0.65318	0.30276
V521	0.55274	0.04421	0.37911	0.02394
V522	0.0058	0.11596	0.62099	0.25724
V523	0.35131	0.11747	0.28473	0.24649
V524	0.00743	0.77767	0.19031	0.02459
V525	0.25321	0.21012	0.03153	0.50514
V526	0.65678	0.07558	0.07827	0.18937
V527	0.19424	0.02863	0.43499	0.34213
V528	0.09188	0.86755	0.00087	0.0397
V529	0.05414	0.06893	0.25029	0.62664
V530	0.00603	0.18869	0.71289	0.09239
V531	0.02015	0.86629	0.11356	0
V532	0.16785	0.33704	0.03113	0.46398
V533	0.27959	0.35206	0.14956	0.21879
V534	0.00696	0.02917	0.74026	0.22361
V535	0.55538	0.0119	0.01512	0.4176
V536	0.18066	0.01537	0.40594	0.39803
V537	0.58422	0.24977	0.15583	0.01019
V538	0.46028	0.05504	0.0936	0.39108
V539	0.26267	0.43364	0.16891	0.13478
V540	0.19093	0.70522	0.0719	0.03196
V541	0.0146	0.52577	0.06815	0.39149
V542	0.19068	0.1218	0.28198	0.40554
V543	0.88517	0.01346	0.01154	0.08983
V544	0.09752	0.09201	0.19311	0.61736
V545	0.36783	0.1398	0.07622	0.41615
V546	0.0445	0.88585	0.06486	0.00479
V547	0.03287	0.63931	0.31695	0.01087
V548	0.14561	0.76772	0.08214	0.00454
V549	0.30729	0.03967	0.64171	0.01134
V550	0.59181	0.03565	0.00187	0.37067
V551	0.1676	0.74905	0.03558	0.04776
V552	0.00128	0.55468	0.00963	0.43441
V553	0.21345	0.14036	0.62842	0.01778
V554	0.05228	0.10954	0.0346	0.80358
V555	0.08309	0.21733	0.36917	0.33041
V556	0.00152	0.05268	0.91776	0.02804
V557	0.82517	0.03053	0.01117	0.13312
V558	0.06068	0.80311	0.02787	0.10833
V559	0.01119	0.80041	0.1883	1e-04
V560	0.67092	0.32356	0.00045	0.00507
V561	0.00207	0.05706	0.93202	0.00885
V562	0.78379	0.01213	0.12008	0.08401
V563	0.2301	0.02795	0.73585	0.0061
V564	0.05286	0.08284	0.8517	0.0126
V565	0.11665	0.24864	0.4148	0.2199
V566	0.70884	0.09415	0.00497	0.19204
V567	0.21394	0.45944	0.02853	0.2981
V568	0.24038	0.02383	0.06457	0.67123
V569	0.68561	0.03345	0.00114	0.2798
V570	0.02184	0.27309	0.64736	0.05771
V571	0.82212	0.12494	0	0.05295
V572	0.42837	0.01736	0.46639	0.08787
V573	0.05947	0.1948	0.01359	0.73214
V574	0.03307	0.7868	0.1694	0.01073
V575	0.01748	0.09895	0.1448	0.73877
V576	0.14411	0.80843	0.03683	0.01063
V577	0.03487	0.05626	0.24051	0.66836
V578	0.04811	0.06453	0.72233	0.16503
V579	0.00828	0.88291	0.09111	0.0177
V580	0.14605	0.02522	0.12892	0.69981
V581	0.06745	0.10831	0.00846	0.81578
V582	0.59065	0.14198	0.03468	0.23269
V583	0.00621	0.05044	0.63337	0.30997
V584	0.51422	0.14749	0.30676	0.03153
V585	0.00766	0.02824	0.48667	0.47743
V586	0.21812	0.0233	0.67823	0.08034
V587	0.25016	0.02687	0.69783	0.02515
V588	0.63584	0.04507	0.02701	0.29209
V589	0.0507	0.83059	0.0627	0.05602
V590	0.04384	0.76198	0.18945	0.00473
V591	0.00099	0.05714	0.23353	0.70834
V592	0.14931	0.05712	0.7924	0.00117
V593	0.58139	0.00853	0.19639	0.21369
V594	0.32818	0.27811	0.35334	0.04037
V595	0.03117	0.06158	0.03657	0.87068
V596	0.03167	0.27934	0.24823	0.44076
V597	0.00116	0.57503	0.34952	0.07428
V598	0.01637	0.12117	0.84969	0.01277
V599	0.62284	0.31919	0.03422	0.02374
V600	0.35466	0.4812	0.05306	0.11108
V601	0.15713	0.27935	0.0895	0.47402
V602	0.03352	0.0657	0.02666	0.87412
V603	0.00804	0.39351	0.01873	0.57972
V604	0.50824	0.11079	0.3569	0.02407
V605	0.06044	0.31757	0.43525	0.18675
V606	0.73668	0.14917	0.01073	0.10342
V607	0.65506	0.01655	0.11533	0.21306
V608	0.21215	0.14956	0.42154	0.21675
V609	0.02254	0.2347	0.26106	0.4817
V610	0.77344	0.02303	0.09348	0.11005
V611	0.28679	0.02178	0.06267	0.62875
V612	0.02239	0.09037	0.83006	0.05719
V613	0.03137	0.31837	0.61717	0.03308
V614	0.77168	0.05852	0.04958	0.12022
V615	0.13056	0.07676	0.01527	0.77741
V616	0.07123	0.72518	0.04552	0.15807
V617	0.45803	0.1626	0.37897	0.00039
V618	0.72966	0.01512	0.00105	0.25417
V619	0.37612	0.03264	0.34465	0.24659
V620	0.00803	0.65456	0.33231	0.00509
V621	0.42978	0.14543	0.18975	0.23504
V622	0.3473	0.21383	0.41433	0.02455
V623	0.01729	0.088	0.1666	0.72811
V624	0.78429	0.19824	8e-05	0.01739
V625	0.26049	0.50241	0.10376	0.13333
V626	0.95224	0.03522	0.00064	0.0119
V627	0.00138	0.05803	0.09968	0.84092
V628	0.00131	0.25407	0.023	0.72162
V629	0.118	0.28544	0.30771	0.28886
V630	0.03111	0.31781	0.61024	0.04085
V631	0.01581	0.20533	0.11753	0.66133
V632	0.58384	0.00832	0.14618	0.26167
V633	9e-04	0.04727	0.84601	0.10582
V634	0.38784	0.25925	0.34827	0.00464
V635	0.02362	0.77889	0.00683	0.19067
V636	0.11151	0.09656	0.68118	0.11076
V637	0.30707	0.19325	0.09755	0.40213
V638	0.38104	0.25484	0.07447	0.28964
V639	0.25971	0.42483	0.3152	0.00025
V640	0.03121	0.14509	0.78261	0.04109
V641	0.89014	0.0394	0.0256	0.04486
V642	0.76809	0.17107	0	0.06084
V643	0.00571	0.17559	0.49173	0.32698
V644	0.90188	0.08099	0.00598	0.01115
V645	0.25227	0.40481	0.32568	0.01723
V646	0.01166	0.97348	0.00921	0.00566
V647	0.13253	0.08392	0.73482	0.04873
V648	0.4054	0.43057	0.13987	0.02417
V649	0.02296	0.06786	0.85988	0.04931
V650	0.04915	0.0875	0.80626	0.05709
V651	0.29272	0.02556	0.67587	0.00585
V652	0.08093	0.08593	0.4825	0.35064
V653	0.11428	0.67987	0.10321	0.10263
V654	0.70366	0.19069	0.05927	0.04638
V655	0.03261	0.59208	0.02239	0.35292
V656	0.20408	0.2797	0.01528	0.50093
V657	0.02623	0.1083	0.02076	0.84471
V658	0.61277	0.20021	0.06031	0.12671
V659	0.31979	0.08034	0.39885	0.20102
V660	0.02762	0.95264	0.00128	0.01846
V661	0.05254	0.43485	0.0595	0.45312
V662	0.39537	0.02281	0.49302	0.0888
V663	0.22536	0.06848	0.60525	0.10091
V664	0.18771	0.06715	0.70488	0.04026
V665	0.70011	0.17875	0.04158	0.07957
V666	0.58383	0.00878	0.10735	0.30004
V667	0.75191	0.07653	0.17129	0.00027
V668	0.11554	0.7993	0.08516	0
V669	0.22411	0.40973	0.27061	0.09555
V670	0.0739	0.90696	0.00105	0.01809
V671	0.35955	0.27618	0.27921	0.08506
V672	0.01729	0.04733	0.90805	0.02732
V673	0.22721	0.36417	0.25191	0.15671
V674	0.73103	0.13873	0.01772	0.11252
V675	0.12863	0.31882	0.35282	0.19973
V676	0.02625	0.12474	0.12105	0.72796
V677	0.38339	0.40219	0.1021	0.11232
V678	0.50206	0.48047	0.01285	0.00462
V679	0.04188	0.30155	0.6451	0.01148
V680	0.29694	0.54539	0.14059	0.01707
V681	0.89801	0.06632	0.01175	0.02392
V682	0.10241	0.28482	0.57979	0.03298
V683	0.01546	0.96208	0.02246	0
V684	0.70602	0.15143	0.0962	0.04635
V685	0.49485	0.33679	0.12899	0.03937
V686	0.08577	0.18248	0.1701	0.56165
V687	0.03371	0.0494	0.0395	0.87738
V688	0.36765	0.51514	0.00031	0.11689
V689	0.25246	0.01866	0.05563	0.67326
V690	0.45657	0.04256	0.44587	0.05501
V691	0.14672	0.03177	0.81494	0.00657
V692	0.06911	0.12991	0.74363	0.05736
V693	0.22336	0.10042	0.40798	0.26824
V694	0.00751	0.04322	0.32926	0.62002
V695	0.23519	0.01986	0.17505	0.5699
V696	0.07315	0.10766	0.02451	0.79468
V697	0.01717	0.09843	0.02395	0.86046
V698	0.82769	0.01283	0.01174	0.14774
V699	0.57166	0.27718	0.0695	0.08166
V700	0.23254	0.04392	0.01364	0.7099
V701	0.10554	0.53746	0.11764	0.23937
V702	0.54938	0.08043	0.01293	0.35726
V703	0.12392	0.0514	0.53257	0.29211
V704	0.83014	0.04425	0.02514	0.10047
V705	0.95214	0.01055	0.01306	0.02425
V706	0.06869	0.05385	0.80386	0.07361
V707	0.03129	0.41902	0.51679	0.03289
V708	0.03236	0.88364	0.02025	0.06375
V709	0.12494	0.24954	0.55829	0.06724
V710	0.61236	0.20038	0.05148	0.13578
V711	0.08161	0.80353	0.09038	0.02447
V712	0.82515	0.05328	0.00483	0.11674
V713	0.43712	0.29655	0.03571	0.23062
V714	0.0072	0.688	0.02172	0.28308
V715	0.29425	0.32422	0.32362	0.05791
V716	0.03442	0.0688	0.05968	0.8371
V717	0.0752	0.91207	0.00114	0.01158
V718	0.13864	0.56666	0.19003	0.10467
V719	0.05083	0.72563	0.03705	0.18648
V720	0.69188	0.00938	0.23841	0.06033
V721	0.11431	0.15128	0.5185	0.21591
V722	0.08671	0.35571	0.01669	0.54088
V723	0.10678	0.10484	0.01491	0.77347
V724	0.5839	0.03006	0.08929	0.29676
V725	0.00119	0.10316	0.8687	0.02695
V726	0.03221	0.38719	0.13257	0.44803
V727	0.25643	0.64804	0.09106	0.00447
V728	0.02581	0.87699	0.09236	0.00485
V729	0.40376	0.02035	0.17695	0.39893
V730	0.89988	0.03441	0.04214	0.02357
V731	0.02157	0.1859	0.4375	0.35503
V732	0.34393	0.07121	0.3848	0.20006
V733	0.65403	0.17844	0.0336	0.13393
V734	0.22712	0.2971	0.47092	0.00486
V735	0.01408	0.03677	0.52471	0.42444
V736	0.14767	0.0343	0.01782	0.80021
V737	0.32681	0.27784	0.26047	0.13488
V738	0.07055	0.31705	0.48848	0.12393
V739	0.00064	0.03124	0.63934	0.32879
V740	0.83629	0.08437	0.06888	0.01046
V741	0.4892	0.09595	0.13343	0.28142
V742	0.38972	0.59535	0.01493	0
V743	0.12317	0.13536	0.72323	0.01823
V744	0.51322	0.03919	0.34964	0.09795
V745	0.01417	0.69848	0.18583	0.10152
V746	0.97556	0.01653	0.00148	0.00644
V747	0.04885	0.02202	0.74175	0.18738
V748	0.11204	0.09467	0.63417	0.15912
V749	0.27921	0.17592	0.05867	0.48621
V750	0.40954	0.46249	0.01847	0.1095
V751	0.04125	0.87468	0.03644	0.04762
V752	0.46687	0.21692	0.14439	0.17181
V753	0.03324	0.07116	0.01111	0.88448
V754	0.00954	0.93423	0.00124	0.05498
V755	0.1406	0.18304	0.3796	0.29676
V756	0.02836	0.04352	0.06829	0.85983
V757	0.32888	0.58482	0.06206	0.02423
V758	0.04091	0.77268	0.12111	0.0653
V759	0.11492	0.05972	0.44449	0.38088
V760	0.28545	0.05553	0.30916	0.34986
V761	0.06072	0.57412	0.28936	0.0758
V762	0.00123	0.40473	0.01909	0.57495
V763	0.38599	0.35559	0.02738	0.23105
V764	0.0085	0.9296	0.00687	0.05503
V765	0.67346	0.08771	0.00079	0.23805
V766	0.0132	0.30457	0.47766	0.20457
V767	0.48311	0.11469	0.2631	0.1391
V768	0.05296	0.90823	0.02111	0.0177
V769	0.13354	0.82686	0.0289	0.01071
V770	0.01166	0.97348	0.00921	0.00566
V771	0.15509	0.03429	0.79829	0.01233
V772	0.1247	0.05841	0.81068	0.0062
V773	0.1547	0.82804	0.00628	0.01098
V774	0.01883	0.03508	0.91836	0.02774
V775	0.10601	0.04746	0.31607	0.53047
V776	0.42661	0.41964	0.05258	0.10117
V777	0.16885	0.11723	0.15639	0.55752
V778	0.54277	0.26783	0.07034	0.11907
V779	0.15796	0.04327	0.53973	0.25904
V780	0.10591	0.76242	0.13167	1e-05
V781	0.04758	0.06123	0.04103	0.85016
V782	0.00662	0.11727	0.81893	0.05718
V783	0.79259	0.02295	0.04943	0.13503
V784	0.10479	0.87584	0.01442	0.00495
V785	0.03473	0.93335	0.01397	0.01795
V786	0.7237	0.15153	0.0865	0.03828
V787	0.00233	0.8343	0.15824	0.00513
V788	0.50874	0.29257	0.15926	0.03943
V789	0.06489	0.37824	0.03312	0.52375
V790	0.45458	0.03374	0.08395	0.42773
V791	0.12781	0.36583	0.3604	0.14596
V792	0.12779	0.55324	0.00684	0.31213
V793	0.11484	0.6696	0.03656	0.179
V794	0.03983	0.07956	0.81519	0.06542
V795	0.10445	0.0624	0.0701	0.76304
V796	0.02452	0.09165	0.8643	0.01953
V797	0.74377	0.0122	0.23333	0.0107
V798	0.61548	0.28938	0.07847	0.01667
V799	0.12377	0.78427	0.0274	0.06456
V800	0.05918	0.0329	0.56147	0.34644
V801	0.12906	0.11242	0.3669	0.39162
V802	0.0326	0.08433	0.30752	0.57555
V803	0.21403	0.51229	0.27349	0.00019
V804	0.51094	0.02144	0.40539	0.06223
V805	0.02528	0.04625	0.92666	0.00181
V806	0.0426	0.91213	0.01316	0.03211
V807	0.25355	0.15797	0.04129	0.54719
V808	0.6621	0.26467	0.04227	0.03096
V809	0.04203	0.06993	0.88661	0.00143
V810	0.01372	0.97867	0.00161	0.00601
V811	0.42402	0.07008	0.222	0.28391
V812	0.55411	0.25636	0.052	0.13753
V813	0.59378	0.18542	0.19699	0.02381
V814	0.42218	0.52834	0.04501	0.00447
V815	0.00256	0.91676	0.07554	0.00514
V816	0.91524	0.01712	0.06723	0.00041
V817	0.02557	0.08694	0.87445	0.01304
V818	0.00128	0.09338	0.05575	0.84959
V819	0.83368	0.07855	0.04995	0.03783
V820	0.12558	0.11454	0.02977	0.73011
V821	0.20989	0.30258	0.42015	0.06738
V822	0.06266	0.04419	0.87349	0.01966
V823	0.02149	0.17826	0.71662	0.08363
V824	0.08493	0.36763	0.54684	6e-04
V825	0.2166	0.28218	0.28006	0.22115
V826	0.4243	0.40679	0.15866	0.01024
V827	0.36812	0.59567	0.01197	0.02424
V828	0.2178	0.16638	0.12135	0.49447
V829	0.03529	0.26136	0.04579	0.65756
V830	0.21746	0.23386	0.03183	0.51685
V831	0.77988	0.08435	0.03288	0.10289
V832	0.2643	0.3984	0.18121	0.1561
V833	0.13977	0.51109	0.19333	0.15581
V834	0.28968	0.07772	0.08911	0.54349
V835	0.3548	0.44802	0.12236	0.07483
V836	0.00753	0.69504	0.00799	0.28944
V837	0.21592	0.37777	0.20684	0.19946
V838	0.91736	0.04849	0.02899	0.00516
V839	0.29135	0.60369	0.10049	0.00446
V840	0.28154	0.71021	0.00825	0
V841	0.0012	0.05989	0.8891	0.04981
V842	0.35235	0.15705	0.28524	0.20536
V843	0.01509	0.04084	0.87902	0.06505
V844	0.10417	0.0863	0.42352	0.386
V845	0.05925	0.1032	0.7802	0.05735
V846	0.00084	0.03437	0.78045	0.18434
V847	0.00356	0.03779	0.0583	0.90035
V848	0.08313	0.51441	0.18355	0.21892
V849	0.00245	0.95739	0.00761	0.03255
V850	0.96211	0.01193	0.01429	0.01167
V851	0.3245	0.52523	0.15023	4e-05
V852	0.09972	0.06262	0.15039	0.68727
V853	0.23545	0.2119	0.4383	0.11436
V854	0.60313	0.16079	0.10885	0.12722
V855	0.00356	0.03779	0.0583	0.90035
V856	0.0401	0.34293	0.38801	0.22896
V857	0.68346	0.16841	0.0334	0.11472
V858	0.53322	0.02321	0.43834	0.00523
V859	0.66347	0.23052	0.01786	0.08816
V860	0.18209	0.12286	0.06275	0.6323
V861	0.08233	0.34266	0.56388	0.01113
V862	0.1215	0.08559	0.75225	0.04067
V863	0.19755	0.07973	0.00605	0.71666
V864	0.06347	0.06091	0.06479	0.81082
V865	0.10626	0.02261	0.30164	0.56949
V866	0.70886	0.0237	0.25683	0.01061
V867	0.70606	0.03264	0.25644	0.00486
V868	0.51714	0.26918	0.14005	0.07363
V869	0.02017	0.9655	0.00879	0.00553
V870	0.09776	0.35415	0.0241	0.52399
V871	0.00245	0.95739	0.00761	0.03255
V872	0.00833	0.03792	0.28555	0.6682
V873	0.88648	0.03325	0.04992	0.03035
V874	0.18937	0.77905	0.03158	0
V875	0.01451	0.19576	0.22707	0.56266
V876	0.1496	0.31615	0.44816	0.08608
V877	0.04056	0.39139	0.32743	0.24062
V878	0.12607	0.80691	0.06702	0
V879	0.18091	0.70105	0.04429	0.07374
V880	0.2995	0.55778	0.00526	0.13745
V881	0.13254	0.04598	0.64619	0.17529
V882	0.79639	0.0078	0.12854	0.06727
V883	0.26863	0.19798	0.53274	0.00065
V884	0.01937	0.30304	0.00576	0.67183
V885	0.69588	0.21454	0.08947	0.00011
V886	0.01324	0.34975	0.50511	0.13191
V887	0.64037	0.05966	0.16651	0.13346
V888	0.08908	0.05224	0.77646	0.08222
V889	0.91127	0.05187	0.01953	0.01733
V890	0.0297	0.13497	0.66711	0.16823
V891	0.61634	0.04842	0.29675	0.03849
V892	0.27731	0.18925	0.0154	0.51804
V893	0.58279	0.20332	0.15826	0.05563
V894	0.06049	0.29612	0.61038	0.03301
V895	0.59527	0.05994	0.21042	0.13437
V896	0.0354	0.93948	0.00701	0.01812
V897	0.68939	0.25211	0.00457	0.05393
V898	0.46601	0.01443	0.01008	0.50947
V899	0.02415	0.19853	0.16004	0.61728
V900	0.07151	0.28412	0.40298	0.24139
V901	0.03248	0.84636	0.00613	0.11503
V902	0.0449	0.90244	0.04778	0.00488
V903	0.00655	0.40562	0.54709	0.04074
V904	0.02171	0.97084	0.00153	0.00591
V905	0.14196	0.01867	0.20231	0.63706
V906	0.40297	0.08995	0.11567	0.39141
V907	0.42247	0.51142	0.0187	0.04742
V908	0.01119	0.07765	0.0904	0.82075
V909	0.12279	0.81288	8e-04	0.06353
V910	0.15661	0.0197	0.13936	0.68433
V911	0.51348	0.38865	0.03409	0.06378
V912	0.38895	0.32222	0.13522	0.15361
V913	0.11937	0.02677	0.02139	0.83248
V914	0.17127	0.48803	0.30817	0.03253
V915	0.22413	0.02189	0.01606	0.73792
V916	0.23219	0.05786	0.66992	0.04003
V917	0.71278	0.03002	0.17113	0.08606
V918	0.04064	0.63278	0.24233	0.08425
V919	0.19084	0.22504	0.32987	0.25425
V920	0.62097	0.19067	0.09818	0.09018
V921	0.02787	0.18364	0.04059	0.7479
V922	0.09224	0.45519	0.41174	0.04082
V923	0.07635	0.04444	0.05699	0.82222
V924	0.0321	0.66584	0.27727	0.02479
V925	0.17514	0.05412	0.02255	0.74819
V926	0.19579	0.04245	0.03904	0.72272
V927	0.02324	0.0701	0.07046	0.8362
V928	0.04234	0.89635	0.00618	0.05512
V929	0.05063	0.65157	0.13594	0.16186
V930	0.50765	0.36771	0.03419	0.09045
V931	0.12515	0.26041	0.54719	0.06725
V932	0.02957	0.10572	0.65656	0.20815
V933	0.58331	0.39394	0.01221	0.01054
V934	0.00663	0.15199	0.3081	0.53327
V935	0.56053	0.15333	0.22201	0.06412
V936	0.52917	0.26798	0.01847	0.18439
V937	0.54899	0.1232	0.09094	0.23687
V938	0.36742	0.04673	0.33628	0.24957
V939	0.75665	0.02252	0.07585	0.14497
V940	0.02333	0.79493	0.14958	0.03216
V941	0.00259	0.04541	0.94253	0.00947
V942	0.73017	0.18438	0.0688	0.01665
V943	0.38236	0.12078	0.44859	0.04827
V944	0.0158	0.28137	0.0741	0.62872
V945	0.55739	0.35155	0.01092	0.08015
V946	0.44782	0.25212	0.26823	0.03183
V947	0.07459	0.05889	0.26064	0.60589
V948	0.31932	0.03764	0.62523	0.01781
V949	0.00072	0.12077	0.22973	0.64878
V950	0.05093	0.53536	0.2281	0.18561
V951	0.81158	0.02447	0.15902	0.00493
V952	0.06254	0.12787	0.29756	0.51203
V953	0.01612	0.06706	0.88984	0.02699
V954	0.03363	0.18769	0.15992	0.61876
V955	0.1157	0.61409	0.02845	0.24175
V956	0.03084	0.03478	0.55961	0.37477
V957	0.33432	0.03259	0.00499	0.6281
V958	0.04922	0.03183	0.01256	0.90639
V959	0.22067	0.24643	0.46586	0.06704
V960	0.2308	0.27532	0.08809	0.40579
V961	0.12698	0.37689	0.38115	0.11498
V962	0.35238	0.15907	0.42264	0.06591
V963	0.59702	0.16202	0.16857	0.07239
V964	0.83482	0.0326	0.1022	0.03038
V965	0.05087	0.50199	0.2071	0.24004
V966	0.95583	0.02582	0.00671	0.01164
V967	0.04888	0.04679	0.57595	0.32839
V968	0.00084	0.14638	0.79576	0.05702
V969	0.008	0.30598	0.04605	0.63998
V970	0.03044	0.11477	0.47143	0.38335
V971	0.49388	0.07957	0.3537	0.07285
V972	0.51398	0.19381	0.05308	0.23912
V973	0.26473	0.42335	0.08489	0.22704
V974	0.00711	0.78915	0.13045	0.07328
V975	0.09343	0.28119	0.62015	0.00524
V976	0.44229	0.23993	0.12452	0.19325
V977	0.30714	0.34833	0.33993	0.0046
V978	0.05853	0.10822	0.07946	0.7538
V979	0.78277	0.02445	0.18788	0.00489
V980	0.97556	0.01653	0.00148	0.00644
V981	0.32244	0.03382	0.46851	0.17523
V982	0.43939	0.39678	0.08072	0.08312
V983	0.70558	0.0613	0.00535	0.22777
V984	0.01525	0.84294	0.10975	0.03206
V985	0.06938	0.21327	0.01258	0.70477
V986	0.31671	0.52814	0.05314	0.10202
V987	0.22892	0.75287	0.00059	0.01761
V988	0.20926	0.03611	0.02246	0.73217
V989	0.43446	0.46858	0.08007	0.01688
V990	0.00082	0.05824	0.8169	0.12404
V991	0.62708	0.36179	0.00021	0.01093
V992	0.18845	0.0195	0.55997	0.23208
V993	0.06091	0.72655	0.17234	0.04021
V994	0.17651	0.78428	0.02858	0.01064
V995	0.74425	0.10146	0.03306	0.12124
V996	0.26499	0.13107	0.01676	0.58718
V997	0.0148	0.03241	0.84703	0.10576
V998	0.87096	0.01836	0.0661	0.04458
V999	0.11661	0.87693	0.00113	0.00532
V1000	0.31109	0.04087	0.00521	0.64284
