cytotoxic.CD56.dim.NK.cell	memory.CD4.pos.AB.T.cell	memory.B.cell	CD14.pos.CD16.neg.classical.monocyte
V1	0.8669	0	0.09809	0.03501
V2	0.75982	0	0.06667	0.1735
V3	0.41836	0.46006	0.02655	0.09503
V4	0.99733	0	0	0.00267
V5	0.51322	0.2014	0.24793	0.03746
V6	0.43078	0.5302	0.0312	0.00782
V7	0.66007	0.14308	0.1011	0.09576
V8	0.39069	0	0.60231	0.007
V9	0.80957	0.04166	0.04354	0.10523
V10	0.1029	0	0.88323	0.01387
V11	0.60903	0.07601	0.31327	0.00169
V12	0.17328	0.38721	0.43397	0.00554
V13	0.7135	0.27448	0.00637	0.00564
V14	0.39598	0.58936	0.01182	0.00284
V15	0.5757	0.26053	0.1266	0.03717
V16	0.99591	0	0.00218	0.00191
V17	0.46629	0.50575	0.02036	0.00759
V18	0.93616	0.02907	0.02837	0.00639
V19	0.60583	0.38191	0.00802	0.00424
V20	0.72301	0.17188	0.02573	0.07938
V21	0.40247	0	0.59031	0.00721
V22	0.20564	0.0794	0.4232	0.29176
V23	0.76282	0	0.23629	0.00089
V24	0.99596	0	0.00404	0
V25	0.77984	0.05283	0.11452	0.05281
V26	0.84675	0.09806	0.01887	0.03632
V27	0.69317	0	0.03265	0.27419
V28	0	0.00806	0.9919	3e-05
V29	0.74849	0	0.24704	0.00447
V30	0.48319	0.0877	0.32747	0.10165
V31	0.69023	0.00442	0.24948	0.05587
V32	0.61469	0	0.0562	0.32911
V33	0.27786	0.29676	0.3968	0.02858
V34	0.39511	0	0.59782	0.00707
V35	0.59656	0.31398	0.08117	0.00829
V36	0.08601	0.0123	0.74081	0.16088
V37	0.8873	0	0.06935	0.04335
V38	0.82767	0	0.11723	0.0551
V39	0.61083	0.23115	0.12709	0.03093
V40	0.48076	0.43684	0.08219	0.00021
V41	0.09464	0.6959	0.09969	0.10977
V42	0.69764	0	0.1964	0.10597
V43	0.46379	0.11132	0.4169	0.00799
V44	0.11506	0.02607	0.81118	0.0477
V45	0.45546	0.29316	0.22792	0.02346
V46	0.94867	0	0.0505	0.00083
V47	0.76953	0.00405	0.21677	0.00965
V48	0.99654	0	0.00071	0.00275
V49	0.98905	0	0	0.01095
V50	0.38503	0.51023	0.10198	0.00275
V51	0.68084	0.11388	0.19832	0.00695
V52	0.15112	0.03521	0.80436	0.00931
V53	0.94044	0	0.05956	0
V54	0.77778	0	0.21822	0.004
V55	0.71559	0	0.2094	0.07501
V56	0.41802	0	0.18886	0.39312
V57	0.4942	0.47242	0.02857	0.0048
V58	0.94295	0	0.02324	0.0338
V59	0.85052	0.06475	0.0757	0.00903
V60	0.54192	0.02767	0.34102	0.0894
V61	0.98343	0	0.00577	0.0108
V62	0.98508	0	0.01401	0.00092
V63	0.14069	0.66905	0.18062	0.00964
V64	0.08994	0.84803	0.00448	0.05756
V65	0.14666	0	0.2681	0.58523
V66	0.69974	0.26369	0.02144	0.01513
V67	0.5081	0.09227	0.39587	0.00376
V68	0.79082	0.00119	0.03401	0.17399
V69	0.16101	0.17611	0.64769	0.01519
V70	0.8668	0	0.11421	0.01899
V71	0.59608	0	0.32733	0.07659
V72	0.90476	0	0.06911	0.02613
V73	0.59291	0.25317	0.13303	0.02089
V74	0.27181	0.07566	0.65248	5e-05
V75	0.91186	0	0.07827	0.00987
V76	0.00766	0.23879	0.43718	0.31636
V77	0.38886	0.29198	0.02292	0.29625
V78	0.76214	0	0.16603	0.07184
V79	0.05761	0.04732	0.86901	0.02606
V80	0.6645	0	0.3213	0.01419
V81	0.26409	0.04304	0.69073	0.00214
V82	0	0.02802	0.96947	0.00251
V83	0.71187	0.02931	0.10186	0.15696
V84	0.80842	0	0.12828	0.0633
V85	0.46579	0.12097	0.3752	0.03804
V86	0.23024	0	0.75926	0.0105
V87	0.26714	0.62117	0.08713	0.02456
V88	0.65738	0	0.24735	0.09527
V89	0.21672	0	0.44153	0.34174
V90	0.19639	0.7085	0.08876	0.00634
V91	0.24543	0.50563	0.23774	0.0112
V92	0.7594	0	0.22019	0.02041
V93	0.98907	0	0	0.01093
V94	0.20316	0.51191	0.05887	0.22606
V95	0.70472	0.13061	0.13513	0.02954
V96	0.62082	0.01687	0.05496	0.30735
V97	0.91884	0	0.08035	0.00081
V98	0.99782	0	0	0.00218
V99	0.93994	0	0.05924	0.00082
V100	0.31959	0	0.67475	0.00566
V101	0.19074	0.01745	0.02294	0.76887
V102	0.99908	0	0	0.00092
V103	0.15516	0.04538	0.27959	0.51986
V104	0.20082	0.78024	0.01551	0.00344
V105	0.3488	0.6247	0.02352	0.00298
V106	0.48402	0.21047	0.29469	0.01082
V107	0.51517	0.03224	0.44138	0.01121
V108	0.61172	0.30224	0.08588	0.00015
V109	0.12448	0.09892	0.70925	0.06735
V110	0.34938	0.58657	0.05575	0.0083
V111	0.98569	0	0.01388	0.00043
V112	0.5157	0	0.40452	0.07978
V113	0.71731	0	0.17767	0.10502
V114	0.77739	0	0.09215	0.13046
V115	0.07276	0.60856	0.31533	0.00335
V116	0.55208	0.095	0.31806	0.03487
V117	0.97569	0	0.0189	0.00541
V118	0.68235	0.23037	0.04157	0.04572
V119	0.69302	0	0.0808	0.22618
V120	0.32513	0	0.67101	0.00386
V121	0.91581	0	0.06021	0.02399
V122	0.99879	0	0.00029	0.00092
V123	0.10486	0.58818	0.11285	0.1941
V124	0.97484	0.01613	0	0.00903
V125	0.81861	0.06218	0.11492	0.00429
V126	0.40777	0.13396	0.12226	0.33601
V127	0.66198	0	0.24031	0.09771
V128	0.34381	0	0.26449	0.3917
V129	0.91954	0	0.07626	0.0042
V130	0.06912	0.49804	0.42968	0.00316
V131	0.21523	0.75165	0.00316	0.02995
V132	0.99442	0	0.00418	0.0014
V133	0.9889	0	0.01018	0.00092
V134	0.54596	0.20054	0.16105	0.09246
V135	0.5374	0	0.26256	0.20004
V136	0.7835	0.13322	0.01534	0.06794
V137	0.87859	0	0.11348	0.00794
V138	0.69546	0.11075	0.15564	0.03815
V139	0.7571	0.0354	0.1642	0.0433
V140	0.35874	0.08014	0.14429	0.41682
V141	0.34461	0.05156	0.54817	0.05566
V142	0.95754	0	0.04246	0
V143	0.85714	0.03955	0.0626	0.04071
V144	0.72071	0	0.17512	0.10417
V145	0.00427	0.66001	0.33219	0.00353
V146	0.50513	0	0.06771	0.42716
V147	0.99544	0	0.00219	0.00237
V148	0.47379	0	0.48411	0.04209
V149	0.71832	0.12336	0.15667	0.00166
V150	0.37109	0.08189	0.52735	0.01967
V151	0.70658	0.22908	0.03762	0.02672
V152	0.67328	0.12859	0.17808	0.02006
V153	0.54796	0.39366	0.02846	0.02992
V154	0.65116	0.1288	0.21292	0.00712
V155	0.74688	0.01481	0.21843	0.01988
V156	0.21959	0.05429	0.69234	0.03379
V157	0.70879	0.0012	0.25039	0.03963
V158	0.18075	0	0.08304	0.73621
V159	0.99459	0	0	0.00541
V160	0.93993	0	0.03526	0.02481
V161	0.78546	0	0.04251	0.17203
V162	0.49119	0.20423	0.13991	0.16467
V163	0.49451	0.2536	0.19518	0.05672
V164	0.7713	0.08801	0.09709	0.0436
V165	0.14369	0.42399	0.01278	0.41954
V166	0.15234	0.14711	0.22146	0.4791
V167	0.89418	0	0.00542	0.1004
V168	0.71298	0.20222	0.0718	0.013
V169	0.77334	0	0.05331	0.17335
V170	0.42945	0	0.49707	0.07348
V171	0.43752	0.06479	0.48766	0.01003
V172	0.89628	0	0.10294	0.00078
V173	0.33282	0.16616	0.11514	0.38588
V174	0.2315	0.20407	0.20058	0.36385
V175	0.29465	0	0.67602	0.02933
V176	0.07566	0.6727	0.24817	0.00347
V177	0.08182	0.90681	0.00417	0.00721
V178	0.09509	0.79554	0.01948	0.08988
V179	0.58364	0	0.33683	0.07952
V180	0.19358	0.69451	0.11158	0.00032
V181	0.53652	0	0.43175	0.03172
V182	0.65233	0.01019	0.32554	0.01194
V183	0.64511	0.34544	0.00735	0.0021
V184	1	0	0	0
V185	0.98386	0.00913	0.00591	0.0011
V186	0.54559	0.18252	0.24264	0.02926
V187	0.99554	0	0.00404	0.00042
V188	0.52049	0.19117	0.00662	0.28172
V189	0.9767	0	0.00801	0.01529
V190	0.88006	0	0.11916	0.00078
V191	0.51369	0.0378	0.43919	0.00932
V192	0.75291	0.16011	0.05264	0.03434
V193	0.85574	0	0.12741	0.01685
V194	0.26384	0.71274	0.01424	0.00918
V195	0.05229	0	0.94533	0.00238
V196	0.17398	0.11489	0.04866	0.66247
V197	0.89353	0	0.0232	0.08327
V198	0.3397	0.26939	0.37337	0.01754
V199	0.67825	0	0.19085	0.1309
V200	0.65047	0.25653	0.02717	0.06583
V201	0.49769	0.26529	0.20092	0.03611
V202	0.11431	0	0.83579	0.0499
V203	0.54887	0.13873	0.30675	0.00565
V204	0.11096	0.65669	0.02383	0.20852
V205	0.10433	0.01065	0.88032	0.0047
V206	0.23084	0.01378	0.75323	0.00215
V207	0.71687	0.04483	0.07979	0.1585
V208	0.61043	0	0.38681	0.00276
V209	0.74502	0.15766	0.06687	0.03046
V210	0.46143	0.41618	0.10778	0.0146
V211	0.88751	0	0.02963	0.08286
V212	0.81474	0	0.18244	0.00281
V213	0.90696	0	0.06595	0.0271
V214	0.77884	0.0145	0.14559	0.06107
V215	0.85105	0	0.02528	0.12367
V216	0.39704	0	0.06302	0.53994
V217	0.3141	0.32475	0.29771	0.06344
V218	0.48558	0.24132	0.20286	0.07024
V219	0.54824	0.3685	0.02105	0.06221
V220	0.09042	0.82488	0.01874	0.06597
V221	0.98085	0	0.00061	0.01854
V222	0.6933	0	0.2755	0.03119
V223	0.05918	0.08277	0.83411	0.02395
V224	0.99783	0	0.00217	0
V225	0.34335	0.57698	0.07675	0.00292
V226	0.67801	0	0.3195	0.00249
V227	0.95752	0	0.04158	9e-04
V228	0.95295	0	0.03526	0.01179
V229	0.10157	0	0.89155	0.00688
V230	0.17795	0.01574	0.08168	0.72463
V231	0.19898	0.31796	0.2443	0.23877
V232	0.36732	0.52983	0.00318	0.09968
V233	0.8717	0	0.1096	0.0187
V234	0.26029	0.68431	0.04934	0.00606
V235	0.67314	0	0.32129	0.00557
V236	0.24225	0.00094	0.73677	0.02004
V237	0.76009	0	0.04492	0.19499
V238	0.53473	0.21944	0.23323	0.0126
V239	0.50613	0.2917	0.04154	0.16063
V240	0.78213	0	0.21096	0.00691
V241	0.1058	0	0.8751	0.01911
V242	0.55484	0.34694	0.09388	0.00434
V243	0.55973	0	0.4257	0.01457
V244	0.51138	0	0.47223	0.01639
V245	0.94577	0.01127	0.03387	0.00909
V246	0.26832	0.04368	0.68147	0.00652
V247	0.46477	0	0.53523	0
V248	0.3036	0.00671	0.14912	0.54057
V249	0.00024	0.02143	0.95711	0.02122
V250	0.95276	0	0.04682	0.00042
V251	0.99957	0	0	0.00043
V252	0.07535	0.70251	0.22183	0.00031
V253	0.78403	0	0.14491	0.07106
V254	0.07956	0.83195	0.08478	0.0037
V255	0.31514	0.66809	0.00223	0.01453
V256	0.52836	0.04133	0.41084	0.01947
V257	0.7602	0	0.19635	0.04345
V258	0.5664	0.06111	0.34571	0.02677
V259	0.20508	0.15079	0.63219	0.01193
V260	0.00109	0.19834	0.7978	0.00277
V261	0.87121	0	0.1095	0.0193
V262	0.69496	0	0.03248	0.27256
V263	0.15027	0.83609	0.00357	0.01008
V264	0.56933	0	0.36255	0.06812
V265	0.32749	0	0.31313	0.35938
V266	0.99832	0	0.00166	2e-05
V267	0.00549	0.21694	0.5595	0.21807
V268	0.814	0	0.11637	0.06963
V269	0.07002	0.4217	0.4904	0.01788
V270	0.87721	0	0.11279	0.00999
V271	0.96803	0	0.01873	0.01325
V272	0.37229	0.56876	0.02425	0.03469
V273	0.51418	0	0.08882	0.397
V274	0.91327	0	0.07517	0.01156
V275	0	0.00787	0.98965	0.00247
V276	0.87256	0.08959	0.01109	0.02676
V277	0.34395	0.17042	0.28659	0.19904
V278	0.32034	0.0078	0.4698	0.20207
V279	0.92817	0	0.05558	0.01625
V280	0.18075	0	0.08304	0.73621
V281	0.87874	0	0.08489	0.03637
V282	0.26588	0	0.71901	0.01511
V283	0.70192	0.20681	0.06105	0.03022
V284	0.19591	0.71187	0.08887	0.00335
V285	0.2818	0	0.7182	1e-05
V286	0.69843	0.18366	0.09698	0.02092
V287	0.49797	0.47538	0.01939	0.00727
V288	0.13773	0.21038	0.56387	0.08803
V289	0.65498	0.02688	0.30248	0.01565
V290	0.99559	0	0.00441	0
V291	0.81368	0	0.18441	0.00191
V292	0.99667	0	0	0.00333
V293	0.58406	0	0.40834	0.0076
V294	0.60371	0.22969	0.00313	0.16347
V295	0.19259	0.18466	0.38015	0.2426
V296	0.51098	0	0.47046	0.01856
V297	0.56935	0	0.1282	0.30245
V298	0.67642	0	0.32105	0.00253
V299	0.54735	0.19803	0.03191	0.2227
V300	0.00781	0.03941	0.57992	0.37286
V301	0.4355	0.0035	0.53421	0.02678
V302	0.99777	0	0	0.00223
V303	0.0032	0.48414	0.50023	0.01244
V304	0.27275	0	0.68753	0.03972
V305	0.53641	0.00869	0.40107	0.05382
V306	0.97166	0	0.02294	0.0054
V307	0.14944	0.8142	0.02956	0.0068
V308	0.68792	0.02803	0.23972	0.04432
V309	0.81016	0.09609	0.03014	0.06362
V310	0.49136	0.18006	0.20602	0.12255
V311	0.92386	0.07215	0.0027	0.00129
V312	0.46622	0.37893	0.14786	0.007
V313	0.01475	0.22557	0.08035	0.67934
V314	0.17456	0.46439	0.21156	0.1495
V315	0.60568	0.29656	0.04687	0.05089
V316	0.68181	0	0.288	0.03019
V317	0.47877	0.41186	0.06366	0.04571
V318	0.31878	0.50196	0.03228	0.14699
V319	0.25954	0	0.73214	0.00832
V320	0.36677	0.02962	0.57393	0.02968
V321	0.99832	0	0.00165	3e-05
V322	0.76074	0.0778	0.0786	0.08286
V323	0.47638	0	0.18939	0.33423
V324	0.96045	0	0.03636	0.00319
V325	0.81532	0.14265	0.04047	0.00157
V326	0.0071	0.6426	0.20193	0.14838
V327	0.22813	0.17136	0.25712	0.34339
V328	0.25128	0	0.70533	0.04339
V329	0.69646	0	0.18662	0.11692
V330	0.73256	0	0.22671	0.04073
V331	0.86218	0	0.04221	0.09561
V332	0.13089	0.04948	0.45445	0.36518
V333	0.69981	0	0.27815	0.02204
V334	0.7204	0	0.23817	0.04143
V335	0.17941	0.21494	0.56826	0.03739
V336	0.63249	0.31682	0.02494	0.02575
V337	0.6609	0.11065	0.22141	0.00704
V338	0.00667	0.97005	0.01926	0.00403
V339	0.37616	0	0.6221	0.00174
V340	0.31372	0.10606	0.53287	0.04735
V341	0.28655	0.0066	0.19264	0.51422
V342	0.56376	0	0.4123	0.02393
V343	0.99957	0	0	0.00043
V344	0.92791	0	0.07209	0
V345	0.05207	7e-05	0.94783	3e-05
V346	0.6951	0	0.23732	0.06758
V347	0.39511	0	0.27165	0.33324
V348	0.34673	0.42782	0.18245	0.043
V349	0.69059	0.01118	0.27714	0.0211
V350	0.18967	0.58633	0.22373	0.00027
V351	0.16399	0.00404	0.64217	0.1898
V352	0.2328	0	0.74793	0.01927
V353	0.97694	0	0.01567	0.00739
V354	0.28217	0.44233	0.26181	0.01369
V355	0.63803	0	0.33085	0.03112
V356	0.35134	0	0.24842	0.40025
V357	0.5	0.14362	0.29009	0.0663
V358	0.91297	0	0.04094	0.04609
V359	0.91851	0	0.02813	0.05336
V360	0.93017	0.05449	0.01279	0.00255
V361	0.00194	0.33109	0.66406	0.00291
V362	0.00653	0.95599	0.03349	0.00399
V363	0.57121	0	0.38292	0.04587
V364	0.48687	0	0.49378	0.01935
V365	0.82366	0	0.01931	0.15702
V366	0.43305	0.41459	0.1075	0.04486
V367	0.9498	0	0.00389	0.04632
V368	0.47359	0.40055	0.09891	0.02694
V369	0.11503	0.25436	0.62799	0.00262
V370	0.65153	0.05	0.29161	0.00685
V371	0.65865	0.29395	0.03123	0.01616
V372	0.70861	0	0.1433	0.14809
V373	0.39852	0.03563	0.49208	0.07378
V374	0.95523	0	0.04477	0
V375	0.38453	0	0.30004	0.31543
V376	0.35375	0	0.24793	0.39832
V377	0.97028	0	0.00568	0.02403
V378	0.09521	0.01408	0.69283	0.19789
V379	0.89042	0.0111	0.01323	0.08525
V380	0.66143	0	0.21519	0.12338
V381	0.93388	0	0.04774	0.01838
V382	0.31963	0	0.67849	0.00188
V383	0.96405	0	0.02294	0.01302
V384	0.89095	0	0.07903	0.03002
V385	0.98044	0	0.01614	0.00342
V386	0.78971	0	0.11863	0.09166
V387	0.88231	0	0.10559	0.0121
V388	0.75205	0.09578	0.12302	0.02915
V389	0.82036	0.15466	0.01154	0.01344
V390	0.72988	0	0.26876	0.00135
V391	0.8948	0	0.02044	0.08477
V392	0.77509	0.04798	0.13977	0.03716
V393	0.67776	0.03051	0.26429	0.02744
V394	0.5662	0.11401	0.16659	0.1532
V395	0.68975	0.10595	0.16906	0.03524
V396	0.08254	0.88928	0.0176	0.01059
V397	0.95097	0	0.04446	0.00457
V398	0.85837	0	0.08432	0.05731
V399	0.64088	0.20062	0.13459	0.02392
V400	0.00738	0.68413	0.14906	0.15944
V401	0.20799	0.06514	0.70558	0.0213
V402	0.98467	0	0.01533	0
V403	0.28161	0	0.21506	0.50333
V404	0.3722	0.05932	0.54548	0.02301
V405	0.71804	0	0.16632	0.11564
V406	0.97049	0	0.01309	0.01643
V407	0.00667	0.97005	0.01926	0.00403
V408	0.42498	0.10138	0.40865	0.06499
V409	0.01741	0.02291	0.09801	0.86167
V410	0.4616	0.49163	0.03931	0.00747
V411	0.91325	0	0	0.08675
V412	0.54234	0	0.40603	0.05163
V413	0.37243	0.30998	0.23956	0.07804
V414	0.24087	0.32949	0.39112	0.03852
V415	0.78015	0	0.17246	0.04739
V416	0.05356	0.03257	0.91383	4e-05
V417	0.89341	0.10205	0.00314	0.0014
V418	0.52002	0.02752	0.23709	0.21538
V419	0.17535	0	0.10965	0.715
V420	0.00706	0.91584	0.03501	0.04208
V421	0.48225	0	0.49437	0.02338
V422	0.48395	0.02157	0.03511	0.45937
V423	0.31959	0	0.67475	0.00566
V424	0.00199	0.0413	0.84891	0.1078
V425	0.29268	0.10541	0.57339	0.02852
V426	0.34377	0	0.64029	0.01593
V427	0.41314	0.24333	0.2501	0.09343
V428	0.47912	0.42534	0.07069	0.02485
V429	0.16914	0	0.13528	0.69558
V430	0.98015	0	0.01005	0.0098
V431	0.58866	0	0.3516	0.05974
V432	0.68917	0	0.08187	0.22895
V433	0.39624	0.5333	0.00238	0.06808
V434	0.83365	0	0.0564	0.10995
V435	0.86124	0	0.08656	0.05221
V436	0.82259	0	0.0965	0.08091
V437	0.80449	0.05734	0.00919	0.12898
V438	0.93893	0	0.02835	0.03272
V439	0.38535	0.10388	0.03637	0.47441
V440	0.90119	0	0.02895	0.06986
V441	0.3322	0.03627	0.58429	0.04724
V442	0.74273	0.0959	0.12181	0.03956
V443	0.93387	0	0.04778	0.01835
V444	0.05207	7e-05	0.94783	3e-05
V445	0.8679	0	0.12867	0.00342
V446	0.26987	0.6146	0.08796	0.02757
V447	0.90257	0	0.08443	0.01301
V448	0.21551	0.05421	0.42039	0.3099
V449	0.85439	0	0.13304	0.01257
V450	0.58853	0.39458	0.01669	2e-04
V451	0.9986	0	0	0.0014
V452	0.3635	0	0.1903	0.4462
V453	0.95728	0	0.0354	0.00732
V454	0.00612	0.8964	0.09008	0.0074
V455	0.85593	0	0.13609	0.00798
V456	0.68297	0	0.28695	0.03008
V457	0.01778	0.04695	0.06303	0.87224
V458	0.83435	0.04921	0.00796	0.10849
V459	0.14942	0.66218	0.15139	0.03702
V460	0.99488	0	0.00421	0.00091
V461	0.54563	0	0.03215	0.42222
V462	0.889	0.03628	0	0.07472
V463	0.69568	0.14587	0.13371	0.02473
V464	0.93328	0	0.00421	0.0625
V465	0.83194	0.11503	0.02539	0.02764
V466	0.92431	0.02904	0.00487	0.04178
V467	0.71667	0.20278	0.07119	0.00936
V468	0.87724	0.07447	0.03807	0.01022
V469	0.17084	0.16356	0.48358	0.18202
V470	0.86013	0	0.117	0.02286
V471	0.828	0	0.04412	0.12787
V472	0.86426	0.07046	0	0.06529
V473	0.41403	0.26022	0.31898	0.00676
V474	0.67857	0	0.13308	0.18835
V475	0.73163	0.11732	0.08453	0.06651
V476	0.7425	0	0.0753	0.1822
V477	0.86527	0	0.11465	0.02008
V478	0.6548	0.27081	0.00875	0.06564
V479	0.10986	0.0378	0.82738	0.02497
V480	0.5701	0.18431	0.07942	0.16617
V481	0.39818	0	0.59837	0.00345
V482	0.94744	0	0.04804	0.00452
V483	0.7	0	0.11433	0.18568
V484	0.29635	0.07864	0.09327	0.53174
V485	0.56112	0.38434	0.0191	0.03544
V486	0.75823	0.05912	0.11948	0.06317
V487	0.55232	0	0.16389	0.28379
V488	0.00031	0.00038	0.96632	0.03299
V489	0.52133	0	0.47528	0.00339
V490	0.78656	0.09305	0.0688	0.0516
V491	0.82318	0.13153	0.03182	0.01347
V492	0.18876	0.62557	0.18246	0.00322
V493	0.19058	0	0.02371	0.78571
V494	0.55943	0.00853	0.40585	0.02619
V495	0.66475	0.21429	0.11545	0.0055
V496	0.72414	0.26466	0	0.01121
V497	0.05162	0	0.94602	0.00236
V498	0.83535	0	0.057	0.10765
V499	0.93869	0	0.06028	0.00103
V500	0.38699	0.00934	0.59378	0.00989
V501	0.01625	0	0.16143	0.82232
V502	0.92317	0	0.07259	0.00424
V503	0.70669	0	0.1951	0.09821
V504	0.70379	0.26679	0.01407	0.01535
V505	0.69952	0.01859	0.22139	0.06049
V506	0.39978	0.10519	0.44856	0.04647
V507	0.90537	0	0.07251	0.02212
V508	0.97524	0	0.01927	0.00549
V509	0.59986	0	0.36517	0.03498
V510	0.6419	0.15695	0.19935	0.00179
V511	0.38322	0.35528	0.09145	0.17005
V512	0.77652	0	0.09252	0.13096
V513	0.38703	0.36078	0.23225	0.01994
V514	0.17441	0.0978	0.02057	0.70723
V515	0.95652	0	0.02734	0.01614
V516	0.99918	0	0	0.00082
V517	0.34018	0	0.42623	0.23359
V518	0.99957	0	0	0.00043
V519	0.21849	0.72611	0.01566	0.03974
V520	0.17883	0	0.72196	0.09921
V521	0.83919	0	0.15692	0.00389
V522	0.0717	0.09632	0.74153	0.09045
V523	0.7424	0	0.21096	0.04664
V524	0.07592	0.63442	0.27655	0.01311
V525	0.82385	0.03013	0.03504	0.11098
V526	0.92458	0	0.04834	0.02709
V527	0.63343	0	0.30272	0.06385
V528	0.50718	0.47775	0.00078	0.01428
V529	0.4393	0.00064	0.35232	0.20774
V530	0.06385	0.1422	0.76011	0.03383
V531	0.13977	0.6942	0.16571	0.00032
V532	0.75464	0.1004	0.03739	0.10758
V533	0.73402	0.09859	0.12386	0.04353
V534	0.06801	0	0.85518	0.07681
V535	0.92691	0	0.0083	0.06479
V536	0.64053	0	0.28848	0.071
V537	0.9255	0	0.07242	0.00208
V538	0.87606	0	0.0658	0.05814
V539	0.70472	0.13061	0.13513	0.02954
V540	0.65052	0.27093	0.06864	0.00991
V541	0.18252	0.52102	0.13841	0.15805
V542	0.70259	0	0.22181	0.07559
V543	0.9842	0	0.0042	0.0116
V544	0.58968	0	0.2375	0.17282
V545	0.83597	0.01377	0.07242	0.07784
V546	0.29946	0.60614	0.09136	0.00304
V547	0.23231	0.40522	0.35704	0.00543
V548	0.6154	0.30488	0.07762	0.0021
V549	0.66907	0	0.32853	0.0024
V550	0.94171	0	0	0.05829
V551	0.61737	0.32616	0.04149	0.01499
V552	0.00941	0.72508	0.02703	0.23848
V553	0.56838	0	0.42669	0.00492
V554	0.52241	0.04064	0.06735	0.3696
V555	0.45013	0.09941	0.36725	0.0832
V556	1e-05	0.01426	0.97566	0.01007
V557	0.97989	0	0.0043	0.01582
V558	0.40136	0.51386	0.04617	0.03862
V559	0.07436	0.65592	0.26943	0.00029
V560	0.99893	0	0	0.00107
V561	0	0.00787	0.98965	0.00247
V562	0.9379	0	0.05107	0.01104
V563	0.58299	0	0.41574	0.00128
V564	0.25936	0.00292	0.73353	0.0042
V565	0.55079	0.06809	0.33368	0.04744
V566	0.96867	0	0.00248	0.02885
V567	0.75664	0.14946	0.03201	0.06189
V568	0.79401	0	0.06185	0.14414
V569	0.95797	0	0	0.04203
V570	0.16278	0.17039	0.64625	0.02058
V571	0.99131	0	0	0.00869
V572	0.73237	0	0.25158	0.01605
V573	0.54765	0.12633	0.0232	0.30283
V574	0.24154	0.53588	0.21681	0.00577
V575	0.23605	0.08921	0.30746	0.36727
V576	0.59413	0.36048	0.04113	0.00426
V577	0.35952	0	0.38534	0.25514
V578	0.29014	0.00397	0.65951	0.04638
V579	0.07827	0.76033	0.15117	0.01023
V580	0.7056	0	0.13374	0.16066
V581	0.61623	0.00399	0.00954	0.37024
V582	0.91388	0.01054	0.03265	0.04294
V583	0.07447	0.02892	0.78432	0.11228
V584	0.81343	0	0.17955	0.00702
V585	0.08989	0	0.7247	0.18541
V586	0.55097	0	0.43164	0.0174
V587	0.55225	0	0.4416	0.00615
V588	0.93885	0	0.01871	0.04244
V589	0.36557	0.52238	0.08969	0.02235
V590	0.28033	0.48982	0.227	0.00285
V591	0.00853	0.05716	0.52906	0.40524
V592	0.46029	0	0.53971	0
V593	0.86384	0	0.10662	0.02954
V594	0.6774	0.06561	0.24647	0.01053
V595	0.302	0	0.07006	0.62794
V596	0.29178	0.22354	0.33876	0.14592
V597	0.00362	0.4898	0.47351	0.03306
V598	0.10489	0.05618	0.83412	0.00481
V599	0.97621	0	0.0193	0.00449
V600	0.7584	0.16566	0.05054	0.0254
V601	0.70322	0.08918	0.09941	0.10819
V602	0.30708	0	0.04525	0.64767
V603	0.12553	0.5132	0.04991	0.31136
V604	0.81875	0	0.17649	0.00476
V605	0.35357	0.17594	0.41951	0.05097
V606	0.9789	0	0.00567	0.01543
V607	0.90343	0	0.06707	0.02949
V608	0.6646	0	0.29416	0.04124
V609	0.23783	0.20929	0.38251	0.17037
V610	0.93649	0	0.04769	0.01581
V611	0.83619	0	0.05236	0.11146
V612	0.15486	0.03554	0.79052	0.01908
V613	0.20792	0.18337	0.59657	0.01214
V614	0.95581	0	0.02731	0.01688
V615	0.76329	0	0.01522	0.22149
V616	0.446	0.43751	0.0667	0.04979
V617	0.80838	0	0.19162	0
V618	0.96644	0	0	0.03356
V619	0.74016	0	0.21831	0.04153
V620	0.06912	0.49804	0.42968	0.00316
V621	0.78625	0.01738	0.15055	0.04583
V622	0.72428	0.01142	0.25805	0.00625
V623	0.23153	0.07342	0.34649	0.34855
V624	0.99724	0	0	0.00276
V625	0.71643	0.16218	0.09141	0.02999
V626	0.99908	0	0	0.00092
V627	0.01333	0.03646	0.25667	0.69354
V628	0.01278	0.42982	0.06881	0.48858
V629	0.54185	0.11049	0.28071	0.06695
V630	0.2096	0.18452	0.59122	0.01466
V631	0.21548	0.23649	0.24427	0.30376
V632	0.88002	0	0.08349	0.0365
V633	0.00054	0.02143	0.93999	0.03804
V634	0.79077	0.002	0.20584	0.00139
V635	0.23131	0.6728	0.0167	0.07919
V636	0.44811	0	0.52412	0.02777
V637	0.8013	0.03094	0.09047	0.07729
V638	0.80439	0.07137	0.06886	0.05538
V639	0.75499	0.05206	0.19291	5e-05
V640	0.19885	0.06654	0.72063	0.01398
V641	0.99229	0	0.00425	0.00345
V642	0.99013	0	0	0.00987
V643	0.08013	0.16236	0.63926	0.11824
V644	0.99759	0	0.00067	0.00175
V645	0.6491	0.11136	0.23436	0.00518
V646	0.0811	0.89737	0.01774	0.00379
V647	0.44882	0	0.53787	0.01331
V648	0.78429	0.10684	0.10239	0.00648
V649	0.15256	0.01619	0.81462	0.01662
V650	0.27176	0.01419	0.69667	0.01738
V651	0.6545	0	0.34437	0.00113
V652	0.43685	0.00514	0.46737	0.09064
V653	0.57077	0.29289	0.10806	0.02828
V654	0.95296	0	0.03809	0.00896
V655	0.31318	0.50509	0.04589	0.13584
V656	0.78669	0.07833	0.01813	0.11684
V657	0.31433	0.08214	0.04402	0.5595
V658	0.92172	0.01154	0.04418	0.02257
V659	0.69063	0	0.27174	0.03763
V660	0.20335	0.78368	0.0032	0.00976
V661	0.44919	0.31203	0.09806	0.14073
V662	0.69037	0	0.29194	0.01769
V663	0.58101	0	0.39673	0.02226
V664	0.51349	0	0.47626	0.01025
V665	0.96485	0	0.0229	0.01225
V666	0.91246	0	0.05319	0.03435
V667	0.93329	0	0.06671	0
V668	0.56637	0.35101	0.08245	0.00018
V669	0.66448	0.11249	0.20101	0.02203
V670	0.43169	0.55918	0.00134	0.00779
V671	0.70782	0.07264	0.1998	0.01973
V672	0.10586	0	0.88475	0.00939
V673	0.68161	0.0939	0.1918	0.03269
V674	0.97366	0	0.00997	0.01637
V675	0.55841	0.1068	0.29052	0.04427
V676	0.30986	0.11374	0.24604	0.33036
V677	0.75628	0.13225	0.08619	0.02528
V678	0.92318	0.0674	0.00809	0.00133
V679	0.24403	0.15494	0.5963	0.00473
V680	0.6973	0.18326	0.11406	0.00538
V681	0.99226	0	0.0042	0.00354
V682	0.42281	0.1022	0.46459	0.0104
V683	0.0801	0.88808	0.03139	0.00042
V684	0.9445	0	0.04807	0.00743
V685	0.85889	0.04744	0.085	0.00867
V686	0.54761	0.08268	0.21694	0.15276
V687	0.29894	0	0.07049	0.63057
V688	0.82291	0.15084	0	0.02625
V689	0.80365	0	0.05236	0.14399
V690	0.77446	0	0.21599	0.00954
V691	0.43719	0	0.56122	0.00159
V692	0.34635	0.03035	0.60646	0.01684
V693	0.66552	0	0.2841	0.05037
V694	0.10956	0.01685	0.59538	0.27821
V695	0.72425	0	0.15609	0.11965
V696	0.64773	7e-04	0.03953	0.31203
V697	0.17338	0.07626	0.04967	0.70069
V698	0.97811	0	0.00432	0.01758
V699	0.89746	0.03766	0.04835	0.01653
V700	0.81224	0	0.0122	0.17555
V701	0.53098	0.272	0.1338	0.06322
V702	0.93242	0	0.00995	0.05763
V703	0.50185	0	0.43491	0.06325
V704	0.97044	0	0.01434	0.01522
V705	0.99785	0	0.00026	0.00189
V706	0.3341	0	0.64574	0.02016
V707	0.21587	0.2528	0.51867	0.01266
V708	0.27198	0.66144	0.03881	0.02776
V709	0.47488	0.07687	0.42949	0.01876
V710	0.92614	0.01172	0.03878	0.02336
V711	0.45633	0.42741	0.10663	0.00963
V712	0.98105	0	0.00142	0.01754
V713	0.8643	0.05822	0.03412	0.04336
V714	0.09987	0.71771	0.05368	0.12873
V715	0.67168	0.08302	0.23098	0.01432
V716	0.38783	0.00533	0.13038	0.47646
V717	0.4304	0.56305	0.00136	0.0052
V718	0.58583	0.21799	0.16896	0.02721
V719	0.38437	0.49182	0.0614	0.06241
V720	0.88399	0	0.10709	0.00892
V721	0.48102	0.03572	0.43266	0.05059
V722	0.60588	0.20264	0.0267	0.16478
V723	0.72063	0	0.01864	0.26073
V724	0.90531	0	0.05442	0.04026
V725	0.00032	0.06294	0.9265	0.01024
V726	0.31473	0.31798	0.21138	0.15591
V727	0.73835	0.18687	0.07305	0.00174
V728	0.19178	0.66838	0.13655	0.00329
V729	0.8058	0	0.12835	0.06585
V730	0.98993	0	0.00815	0.00192
V731	0.2059	0.14453	0.53143	0.11814
V732	0.70285	0	0.25988	0.03727
V733	0.94107	0.00919	0.0264	0.02335
V734	0.72404	0.00065	0.27391	0.0014
V735	0.14464	0.00339	0.70075	0.15121
V736	0.76116	0	0.01547	0.22337
V737	0.70973	0.06863	0.19308	0.02855
V738	0.37322	0.15342	0.43993	0.03344
V739	0.00216	0.00685	0.86231	0.12869
V740	0.96794	0	0.03028	0.00178
V741	0.84886	0	0.10172	0.04942
V742	0.89494	0.09663	0.00836	7e-05
V743	0.42796	0.01647	0.54979	0.00577
V744	0.78931	0	0.1928	0.01789
V745	0.14415	0.55077	0.26345	0.04163
V746	0.99959	0	0	0.00041
V747	0.28115	0	0.66679	0.05206
V748	0.4576	0	0.50413	0.03827
V749	0.8196	0.0161	0.0608	0.1035
V750	0.83044	0.12801	0.01814	0.0234
V751	0.31596	0.60403	0.05953	0.02047
V752	0.83333	0.02526	0.10922	0.0322
V753	0.19209	0	0.02349	0.78441
V754	0.08665	0.88031	0.00414	0.0289
V755	0.58232	0.03883	0.3154	0.06345
V756	0.28196	0	0.13893	0.57911
V757	0.72815	0.20895	0.0558	0.00711
V758	0.29955	0.51261	0.162	0.02584
V759	0.50101	0	0.40955	0.08945
V760	0.70809	0	0.22661	0.0653
V761	0.35298	0.32628	0.29562	0.02513
V762	0.01049	0.59788	0.05463	0.337
V763	0.84816	0.08256	0.0263	0.04298
V764	0.08617	0.86732	0.01786	0.02866
V765	0.9644	0	0	0.0356
V766	0.12875	0.24097	0.56202	0.06826
V767	0.76508	0.00735	0.19861	0.02897
V768	0.35001	0.60735	0.03422	0.00841
V769	0.56888	0.39249	0.03422	0.00441
V770	0.0811	0.89737	0.01774	0.00379
V771	0.4268	0	0.56985	0.00335
V772	0.39549	0	0.60275	0.00175
V773	0.60583	0.38191	0.00802	0.00424
V774	0.10207	0	0.88878	0.00915
V775	0.5423	0	0.32628	0.13142
V776	0.8226	0.10969	0.04557	0.02214
V777	0.71367	0	0.15941	0.12692
V778	0.85677	0.06176	0.05653	0.02494
V779	0.5561	0	0.39111	0.0528
V780	0.49984	0.36713	0.13285	0.00018
V781	0.47225	0	0.07861	0.44914
V782	0.05787	0.07488	0.84668	0.02057
V783	0.96145	0	0.02299	0.01556
V784	0.50116	0.47728	0.01905	0.00251
V785	0.26226	0.70245	0.02615	0.00914
V786	0.94981	0	0.04394	0.00624
V787	0.00492	0.74136	0.25002	0.00369
V788	0.85902	0.03109	0.10114	0.00875
V789	0.5265	0.24806	0.05605	0.16939
V790	0.87451	0	0.05999	0.0655
V791	0.54724	0.12816	0.29007	0.03454
V792	0.61759	0.2887	0.01041	0.0833
V793	0.60173	0.30496	0.04648	0.04682
V794	0.24484	0.01298	0.72194	0.02024
V795	0.66544	0	0.09631	0.23825
V796	0.14805	0.02919	0.81586	0.0069
V797	0.94973	0	0.04938	0.00089
V798	0.95609	0	0.04072	0.00319
V799	0.58382	0.36057	0.03529	0.02033
V800	0.36717	0	0.5402	0.09263
V801	0.5475	0.01474	0.34551	0.09225
V802	0.32431	0.03763	0.43724	0.20081
V803	0.63775	0.15587	0.2063	8e-05
V804	0.79628	0	0.19316	0.01056
V805	0.05122	0	0.94875	3e-05
V806	0.31394	0.64677	0.0248	0.01448
V807	0.83076	0	0.04462	0.12462
V808	0.9709	0	0.02361	0.00549
V809	0.186	0	0.81398	2e-05
V810	0.08178	0.91016	0.00423	0.00383
V811	0.77235	0	0.17312	0.05453
V812	0.87009	0.05865	0.04459	0.02667
V813	0.90699	0	0.08889	0.00412
V814	0.89158	0.07752	0.02956	0.00134
V815	0.00576	0.86027	0.13012	0.00384
V816	0.98802	0	0.01198	0
V817	0.14724	0.02303	0.82512	0.00461
V818	0.01538	0.10531	0.15226	0.72705
V819	0.97162	0	0.02297	0.0054
V820	0.75588	0	0.03764	0.20648
V821	0.6108	0.07791	0.29476	0.01652
V822	0.29074	0	0.70339	0.00587
V823	0.16627	0.10844	0.69731	0.02798
V824	0.36857	0.155	0.47635	8e-05
V825	0.68501	0.05846	0.21352	0.04301
V826	0.82998	0.06609	0.10107	0.00287
V827	0.80004	0.18188	0.01154	0.00653
V828	0.78453	0	0.11456	0.10091
V829	0.37922	0.24018	0.09108	0.28952
V830	0.78941	0.05408	0.03765	0.11885
V831	0.96605	0	0.01863	0.01533
V832	0.70772	0.11524	0.14367	0.03337
V833	0.60069	0.1907	0.17209	0.03652
V834	0.80072	0	0.08454	0.11474
V835	0.73447	0.14612	0.10127	0.01814
V836	0.10257	0.74336	0.02099	0.13308
V837	0.69367	0.10131	0.1642	0.04082
V838	0.99557	0	0.00401	0.00043
V839	0.80227	0.12526	0.07094	0.00154
V840	0.81946	0.17612	0.00431	0.00011
V841	0.00024	0.02853	0.95284	0.01839
V842	0.73401	0.01849	0.20863	0.03887
V843	0.10723	0	0.87048	0.02229
V844	0.49968	0	0.40581	0.09452
V845	0.3178	0.01824	0.6467	0.01726
V846	0.00098	0.00651	0.92661	0.06589
V847	0.0187	0	0.06692	0.91439
V848	0.45545	0.28231	0.20325	0.05899
V849	0.00673	0.9557	0.01895	0.01863
V850	0.99878	0	3e-04	0.00092
V851	0.80303	0.09983	0.09707	7e-05
V852	0.6238	0	0.19019	0.18601
V853	0.65005	0.02637	0.29902	0.02456
V854	0.9053	0	0.0725	0.02221
V855	0.0187	0	0.06692	0.91439
V856	0.3013	0.21821	0.4141	0.06639
V857	0.95765	0	0.02298	0.01937
V858	0.81752	0	0.18157	0.00091
V859	0.97114	0	0.01278	0.01608
V860	0.7696	0	0.07488	0.15551
V861	0.36462	0.1482	0.48288	0.0043
V862	0.42121	0	0.56742	0.01137
V863	0.81395	0	0.00301	0.18304
V864	0.55673	0	0.10911	0.33416
V865	0.55372	0	0.30533	0.14095
V866	0.89814	0	0.10022	0.00164
V867	0.90144	0	0.09777	0.00078
V868	0.82588	0.05956	0.09869	0.01587
V869	0.14801	0.83197	0.01644	0.00358
V870	0.60334	0.2013	0.03851	0.15684
V871	0.00673	0.9557	0.01895	0.01863
V872	0.11916	0.00529	0.55699	0.31856
V873	0.98747	0	0.01012	0.00241
V874	0.66868	0.30248	0.02869	0.00016
V875	0.18917	0.20467	0.38893	0.21723
V876	0.53515	0.10387	0.33971	0.02127
V877	0.30791	0.25362	0.36807	0.0704
V878	0.57561	0.3584	0.06581	0.00018
V879	0.65798	0.2744	0.04763	0.01999
V880	0.7604	0.20261	0.00615	0.03085
V881	0.50055	0	0.46211	0.03734
V882	0.93684	0	0.05421	0.00896
V883	0.705	0	0.29499	1e-05
V884	0.23885	0.37671	0.01064	0.3738
V885	0.95696	0	0.04304	0
V886	0.12465	0.26063	0.5699	0.04481
V887	0.89	0	0.09026	0.01974
V888	0.38369	0	0.59508	0.02123
V889	0.99641	0	0.00219	0.0014
V890	0.22786	0.07045	0.65264	0.04905
V891	0.86774	0	0.12643	0.00583
V892	0.84176	0.02613	0.01649	0.11563
V893	0.9039	0	0.08626	0.00984
V894	0.31695	0.13659	0.53528	0.01118
V895	0.87094	0	0.10978	0.01928
V896	0.26384	0.71274	0.01424	0.00918
V897	0.98127	0.00589	0.00256	0.01028
V898	0.92269	0	0.0036	0.07371
V899	0.27067	0.19786	0.28423	0.24724
V900	0.40574	0.14519	0.38547	0.06359
V901	0.28561	0.6514	0.01468	0.0483
V902	0.30065	0.62702	0.06927	0.00306
V903	0.06552	0.30284	0.61455	0.01709
V904	0.1488	0.84392	0.00367	0.00361
V905	0.66425	0	0.19502	0.14073
V906	0.84335	0	0.09038	0.06627
V907	0.81998	0.14995	0.01806	0.01201
V908	0.15235	0.06204	0.22235	0.56326
V909	0.59027	0.38934	0.00025	0.02014
V910	0.70421	0	0.14072	0.15507
V911	0.84609	0.1094	0.03018	0.01433
V912	0.76028	0.09767	0.11027	0.03179
V913	0.70893	0	0.01911	0.27196
V914	0.56846	0.1726	0.24885	0.01009
V915	0.8164	0	0.01141	0.17218
V916	0.55768	0	0.43256	0.00976
V917	0.90836	0	0.07895	0.01269
V918	0.28829	0.40128	0.28031	0.03012
V919	0.67554	0.02787	0.24625	0.05033
V920	0.92524	0	0.05864	0.01612
V921	0.33182	0.19371	0.09301	0.38146
V922	0.41336	0.2115	0.36193	0.01321
V923	0.59657	0	0.08577	0.31766
V924	0.24001	0.42919	0.31984	0.01095
V925	0.78094	0	0.02364	0.19542
V926	0.78103	0	0.04331	0.17566
V927	0.28885	0.02422	0.16881	0.51812
V928	0.31966	0.64345	0.01343	0.02345
V929	0.35391	0.4172	0.1761	0.05279
V930	0.84932	0.099	0.03106	0.02062
V931	0.50787	0.06831	0.40577	0.01805
V932	0.22773	0.05196	0.66079	0.05952
V933	0.9917	0	0.00607	0.00223
V934	0.1012	0.16943	0.51862	0.21075
V935	0.87464	0	0.11443	0.01094
V936	0.88507	0.06289	0.0178	0.03424
V937	0.88272	0	0.0738	0.04347
V938	0.71473	0	0.23875	0.04652
V939	0.93071	0	0.04734	0.02196
V940	0.19016	0.58623	0.20838	0.01524
V941	0	0.00122	0.99633	0.00245
V942	0.96696	0	0.03036	0.00268
V943	0.68553	0.00068	0.30187	0.01191
V944	0.2098	0.32337	0.16209	0.30474
V945	0.86771	0.10374	0.0105	0.01804
V946	0.77416	0.04037	0.17749	0.00798
V947	0.51348	0	0.31524	0.17128
V948	0.63723	0	0.35882	0.00396
V949	0.00765	0.16806	0.48921	0.33508
V950	0.34735	0.33107	0.26518	0.0564
V951	0.96686	0	0.03272	0.00042
V952	0.45011	0.04862	0.35823	0.14304
V953	0.1059	0.01739	0.86719	0.00952
V954	0.35478	0.15342	0.26269	0.22911
V955	0.61784	0.28388	0.03792	0.06035
V956	0.25305	0	0.63033	0.11661
V957	0.89428	0	0	0.10572
V958	0.19058	0	0.02371	0.78571
V959	0.63149	0.03919	0.31361	0.01571
V960	0.77403	0.06036	0.08522	0.0804
V961	0.53636	0.13204	0.3033	0.0283
V962	0.69064	0.01819	0.27594	0.01524
V963	0.8966	0	0.09105	0.01235
V964	0.95102	0	0.04445	0.00453
V965	0.35754	0.32181	0.24911	0.07154
V966	0.99908	0	0	0.00092
V967	0.3366	0	0.57282	0.09058
V968	8e-04	0.11	0.86755	0.02165
V969	0.1277	0.40693	0.11552	0.34986
V970	0.2621	0.0672	0.55024	0.12046
V971	0.7657	0	0.21865	0.01565
V972	0.88198	0.02802	0.04636	0.04364
V973	0.74253	0.13337	0.07807	0.04603
V974	0.08048	0.67429	0.21082	0.0344
V975	0.38055	0.10277	0.51463	0.00205
V976	0.83363	0.03392	0.09628	0.03616
V977	0.76753	0.02843	0.20261	0.00143
V978	0.51634	0.03651	0.14279	0.30436
V979	0.92482	0	0.07438	8e-04
V980	0.99959	0	0	0.00041
V981	0.65981	0	0.30793	0.03226
V982	0.81517	0.10078	0.06502	0.01904
V983	0.96207	0	0.00264	0.03529
V984	0.14311	0.66972	0.17101	0.01617
V985	0.56495	0.1374	0.02069	0.27696
V986	0.74377	0.18123	0.05064	0.02436
V987	0.69989	0.29439	0	0.00572
V988	0.79263	0	0.02291	0.18446
V989	0.89379	0.05184	0.05042	0.00395
V990	0.00075	0.03701	0.91807	0.04416
V991	0.99776	0	0	0.00224
V992	0.57228	0	0.38245	0.04526
V993	0.35838	0.42964	0.19641	0.01557
V994	0.6126	0.35092	0.03229	0.00419
V995	0.96462	0	0.01854	0.01684
V996	0.85072	0	0.01775	0.13154
V997	0.11108	0	0.85449	0.03442
V998	0.98244	0	0.01414	0.00342
V999	0.52656	0.47032	0.00066	0.00246
V1000	0.88972	0	0	0.11028
