cytotoxic.CD56.dim.NK.cell	memory.CD4.pos.AB.T.cell	memory.B.cell	CD14.pos.CD16.neg.classical.monocyte
V1	0.53525	0.00801	0.18674	0.27
V2	0.13291	0.07364	0.05894	0.73451
V3	0.04584	0.63626	0.01592	0.30198
V4	0.85714	0.12291	0	0.01995
V5	0.09437	0.47495	0.27617	0.15452
V6	0.06531	0.8923	0.02298	0.01941
V7	0.1291	0.35321	0.09167	0.42602
V8	0.11267	0.02658	0.83281	0.02795
V9	0.21967	0.22385	0.04272	0.51376
V10	0.0163	0.031	0.90789	0.04481
V11	0.18991	0.34725	0.45754	0.00531
V12	0.02068	0.58327	0.38398	0.01207
V13	0.24642	0.72724	0.00703	0.01931
V14	0.06029	0.92406	0.00972	0.00593
V15	0.10406	0.6154	0.12841	0.15213
V16	0.90629	0.04639	0.02018	0.02713
V17	0.07466	0.89053	0.01536	0.01945
V18	0.56113	0.35821	0.04578	0.03487
V19	0.14365	0.83623	0.00788	0.01224
V20	0.14933	0.46805	0.02341	0.35921
V21	0.11281	0.05043	0.80891	0.02785
V22	0.01397	0.07378	0.22755	0.68471
V23	0.35494	0.04124	0.59808	0.00574
V24	0.92145	0.04329	0.03509	0.00017
V25	0.32973	0.22368	0.14334	0.30325
V26	0.37787	0.39716	0.02114	0.20383
V27	0.08787	0.04729	0.02902	0.83582
V28	0.00312	0.07339	0.92186	0.00164
V29	0.41337	0.02715	0.53253	0.02696
V30	0.08488	0.19003	0.30961	0.41548
V31	0.18416	0.16923	0.33256	0.31405
V32	0.07129	0.022	0.04229	0.86442
V33	0.03576	0.4911	0.3826	0.09054
V34	0.11232	0.03707	0.82275	0.02785
V35	0.14417	0.74488	0.08419	0.02677
V36	0.00582	0.02762	0.51618	0.45038
V37	0.53717	0.05822	0.10595	0.29865
V38	0.40503	0.0035	0.19159	0.39988
V39	0.14733	0.58139	0.13917	0.13211
V40	0.08784	0.83268	0.07933	0.00015
V41	0.00553	0.68763	0.04936	0.25749
V42	0.20275	0.01967	0.23348	0.54411
V43	0.11452	0.32236	0.5358	0.02732
V44	0.01179	0.05708	0.77856	0.15257
V45	0.08326	0.60058	0.23492	0.08124
V46	0.78877	0.07542	0.13053	0.00529
V47	0.43435	0.17631	0.34527	0.04407
V48	0.79533	0.1796	0.00558	0.01949
V49	0.73037	0.19194	0	0.07769
V50	0.05727	0.85194	0.08541	0.00537
V51	0.29263	0.40238	0.27793	0.02706
V52	0.02144	0.09679	0.85362	0.02815
V53	0.7105	0.12739	0.16198	0.00013
V54	0.4051	0.18017	0.39573	0.019
V55	0.19584	0.10534	0.27141	0.42741
V56	0.03977	0.01152	0.1033	0.8454
V57	0.08463	0.87984	0.02339	0.01213
V58	0.63143	0.00745	0.04694	0.31418
V59	0.42043	0.42099	0.1148	0.04377
V60	0.11628	0.12574	0.36696	0.39102
V61	0.80883	0.10182	0.01184	0.07751
V62	0.87526	0.03984	0.07282	0.01208
V63	0.01315	0.84535	0.12231	0.0192
V64	0.00703	0.8697	0.00279	0.12049
V65	0.0146	0.00495	0.12256	0.85789
V66	0.19609	0.72201	0.0212	0.06069
V67	0.13625	0.31331	0.53841	0.01203
V68	0.14276	0.13147	0.02958	0.69619
V69	0.01963	0.28596	0.65069	0.04373
V70	0.54007	0.13816	0.20094	0.12083
V71	0.14632	0.05178	0.41959	0.3823
V72	0.57553	0.14686	0.10532	0.17229
V73	0.13527	0.63612	0.14768	0.08094
V74	0.05103	0.21021	0.73786	0.00091
V75	0.69727	0.00766	0.20947	0.0856
V76	6e-04	0.15289	0.20379	0.64272
V77	0.03267	0.28571	0.0144	0.66722
V78	0.29052	0.09511	0.21167	0.4027
V79	0.00576	0.08111	0.83481	0.07832
V80	0.32449	0.01891	0.57833	0.07828
V81	0.04871	0.14736	0.79759	0.00634
V82	0.00138	0.07538	0.91492	0.00832
V83	0.12034	0.15994	0.08497	0.63475
V84	0.3793	0.03352	0.18436	0.40281
V85	0.09414	0.29491	0.44575	0.1652
V86	0.03866	0.04711	0.87806	0.03617
V87	0.02791	0.85617	0.05608	0.05984
V88	0.14858	0.04232	0.30379	0.5053
V89	0.01695	0.01114	0.23138	0.74053
V90	0.02177	0.90828	0.05774	0.01221
V91	0.0282	0.75102	0.19404	0.02674
V92	0.43419	0.01954	0.41964	0.12663
V93	0.8866	0.02061	0	0.09279
V94	0.01325	0.45027	0.02716	0.50931
V95	0.2413	0.44019	0.17355	0.14496
V96	0.06423	0.09122	0.0359	0.80866
V97	0.67009	0.1026	0.22216	0.00514
V98	0.67134	0.31607	0.00024	0.01235
V99	0.78524	0.04993	0.1595	0.00532
V100	0.06673	0.03567	0.87663	0.02097
V101	0.02625	0.05089	0.0152	0.90767
V102	0.92034	0.06079	0.00611	0.01276
V103	0.00986	0.0412	0.11296	0.83598
V104	0.02503	0.95818	0.01064	0.00615
V105	0.04997	0.92685	0.01734	0.00584
V106	0.10428	0.51573	0.34457	0.03541
V107	0.16699	0.17948	0.60944	0.04409
V108	0.13643	0.76631	0.09709	0.00017
V109	0.01137	0.13126	0.63848	0.21889
V110	0.047	0.89412	0.03958	0.01931
V111	0.90573	0.01335	0.07505	0.00587
V112	0.11345	0.04455	0.47669	0.36531
V113	0.17327	0.08611	0.20253	0.53809
V114	0.22864	0.03527	0.09416	0.64192
V115	0.0065	0.75664	0.23127	0.00559
V116	0.12657	0.29564	0.41152	0.16628
V117	0.67025	0.25828	0.03658	0.03489
V118	0.14723	0.59995	0.03931	0.21351
V119	0.10263	0.06655	0.06107	0.76975
V120	0.06702	0.06495	0.85473	0.0133
V121	0.59741	0.11639	0.10484	0.18137
V122	0.95259	0.02003	0.01435	0.01303
V123	0.00579	0.51826	0.05214	0.42381
V124	0.64773	0.3005	0.00017	0.05161
V125	0.37043	0.42328	0.18731	0.01898
V126	0.03339	0.13722	0.06186	0.76753
V127	0.14862	0.03459	0.29155	0.52524
V128	0.02935	0.01155	0.13302	0.82608
V129	0.57104	0.22779	0.17443	0.02674
V130	0.00633	0.65349	0.33454	0.00564
V131	0.02199	0.90763	0.00267	0.06771
V132	0.93367	0.01709	0.02938	0.01986
V133	0.90729	0.02488	0.05551	0.01232
V134	0.09592	0.38942	0.1447	0.36995
V135	0.06957	0.01501	0.20628	0.70913
V136	0.22807	0.4091	0.01505	0.34778
V137	0.63992	0.03328	0.26672	0.06008
V138	0.19664	0.40421	0.19877	0.20038
V139	0.34149	0.19113	0.222	0.24537
V140	0.02692	0.08337	0.06653	0.82318
V141	0.05333	0.13023	0.59211	0.22433
V142	0.76411	0.01865	0.21695	0.00029
V143	0.42387	0.25741	0.07736	0.24135
V144	0.15201	0.13564	0.1918	0.52055
V145	0.00089	0.76329	0.23011	0.00571
V146	0.05502	0.01395	0.04678	0.88425
V147	0.91603	0.02891	0.02014	0.03491
V148	0.11168	0.05824	0.63094	0.19914
V149	0.2435	0.52314	0.22825	0.00511
V150	0.07294	0.21963	0.63603	0.07141
V151	0.18899	0.6537	0.03812	0.11918
V152	0.21651	0.45223	0.23894	0.09232
V153	0.09236	0.77943	0.02178	0.10643
V154	0.22393	0.45992	0.28905	0.0271
V155	0.46327	0.13094	0.31478	0.09101
V156	0.0271	0.11727	0.73879	0.11685
V157	0.28854	0.13876	0.35206	0.22064
V158	0.026	0.00316	0.05443	0.91641
V159	0.88551	0.07135	0	0.04314
V160	0.68767	0.00864	0.07258	0.23111
V161	0.19967	0.00787	0.04253	0.74993
V162	0.05705	0.29403	0.09385	0.55506
V163	0.08428	0.49838	0.18607	0.23127
V164	0.32841	0.30644	0.12069	0.24446
V165	0.00938	0.27039	0.00895	0.71128
V166	0.00858	0.09395	0.08686	0.81062
V167	0.33857	0.00254	0.01423	0.64466
V168	0.26741	0.59477	0.08506	0.05275
V169	0.17621	0.04621	0.04905	0.72853
V170	0.09174	0.01953	0.56804	0.32069
V171	0.11396	0.22345	0.62685	0.03574
V172	0.69154	0.01525	0.2876	0.0056
V173	0.02496	0.13983	0.05357	0.78163
V174	0.01509	0.157	0.09058	0.73734
V175	0.05375	0.0222	0.81126	0.1128
V176	0.00663	0.81649	0.1713	0.00559
V177	0.01001	0.97312	0.00348	0.01339
V178	0.00585	0.7857	0.00912	0.19933
V179	0.14408	0.01114	0.42162	0.42316
V180	0.02598	0.89301	0.08083	0.00019
V181	0.14554	0.11246	0.59121	0.15079
V182	0.28076	0.16737	0.49854	0.05332
V183	0.16493	0.82111	0.00834	0.00561
V184	0.96357	0.02107	0.01505	0.00031
V185	0.54653	0.43426	0.01389	0.00532
V186	0.10475	0.48644	0.28627	0.12254
V187	0.94147	0.02107	0.03141	0.00605
V188	0.0526	0.23427	0.00812	0.70502
V189	0.81671	0.0232	0.01973	0.14036
V190	0.63189	0.02187	0.34071	0.00552
V191	0.1673	0.19092	0.6062	0.03559
V192	0.28593	0.48275	0.05702	0.17431
V193	0.59192	0.03099	0.26018	0.11692
V194	0.03115	0.94004	0.00901	0.0198
V195	0.01176	0.0492	0.93053	0.00851
V196	0.01377	0.08327	0.02594	0.87702
V197	0.40005	0.04212	0.03329	0.52455
V198	0.05444	0.50237	0.39035	0.05283
V199	0.1498	0.02033	0.20188	0.62799
V200	0.11486	0.58544	0.02284	0.27687
V201	0.08363	0.56877	0.20523	0.14237
V202	0.01294	0.02658	0.80201	0.15847
V203	0.14652	0.42586	0.40842	0.0192
V204	0.00627	0.54808	0.01124	0.43441
V205	0.01616	0.06427	0.90531	0.01426
V206	0.0411	0.09597	0.85612	0.00681
V207	0.12007	0.18231	0.06503	0.6326
V208	0.22757	0.06472	0.69533	0.01239
V209	0.28606	0.48384	0.07643	0.15367
V210	0.07308	0.79002	0.0937	0.04319
V211	0.40759	0.01288	0.04295	0.53658
V212	0.48262	0.04094	0.45734	0.0191
V213	0.63262	0.02782	0.12301	0.21654
V214	0.31716	0.14633	0.18837	0.34814
V215	0.27612	0.08832	0.02694	0.60862
V216	0.04457	0.0021	0.04557	0.90777
V217	0.03569	0.49383	0.25258	0.2179
V218	0.0847	0.44969	0.18763	0.27797
V219	0.09333	0.66199	0.01494	0.22973
V220	0.00594	0.84572	0.00856	0.13978
V221	0.80764	0.01114	0.00615	0.17508
V222	0.29813	0.11971	0.40756	0.17459
V223	0.00547	0.12381	0.80102	0.06969
V224	0.95018	0.0199	0.02965	0.00028
V225	0.04857	0.88732	0.05862	0.00548
V226	0.28293	0.07963	0.6253	0.01214
V227	0.76931	0.01201	0.20664	0.01205
V228	0.77771	0.06366	0.07171	0.08693
V229	0.01685	0.04125	0.92004	0.02186
V230	0.01814	0.03631	0.04332	0.90223
V231	0.01296	0.26889	0.12611	0.59205
V232	0.03793	0.6738	0.00362	0.28466
V233	0.55928	0.07927	0.22184	0.13961
V234	0.03076	0.92461	0.03231	0.01232
V235	0.35028	0.05795	0.56465	0.02712
V236	0.03648	0.06274	0.83121	0.06957
V237	0.14893	0.00873	0.0455	0.79683
V238	0.11471	0.56343	0.2778	0.04407
V239	0.05726	0.40766	0.0263	0.50879
V240	0.46518	0.03767	0.45392	0.04323
V241	0.01551	0.02884	0.89497	0.06068
V242	0.11376	0.78071	0.09379	0.01174
V243	0.21585	0.04065	0.67384	0.06966
V244	0.18101	0.01907	0.72262	0.07729
V245	0.59067	0.30263	0.05456	0.05215
V246	0.04682	0.14026	0.7928	0.02012
V247	0.15038	0.0419	0.80669	0.00103
V248	0.02288	0.03525	0.0663	0.87557
V249	7e-04	0.04996	0.88845	0.0609
V250	0.74381	0.01411	0.23652	0.00556
V251	0.93098	0.05608	0.00681	0.00613
V252	0.00978	0.83675	0.15319	0.00028
V253	0.34718	0.05812	0.18612	0.40859
V254	0.00777	0.93468	0.05171	0.00584
V255	0.03901	0.92326	0.00269	0.03504
V256	0.15696	0.19739	0.56393	0.08173
V257	0.40861	0.08712	0.26451	0.23977
V258	0.15936	0.24991	0.46764	0.12309
V259	0.02805	0.27603	0.66043	0.03549
V260	9e-04	0.27686	0.71575	0.0065
V261	0.6068	0.02935	0.21762	0.14623
V262	0.087	0.0556	0.02853	0.82887
V263	0.01637	0.96029	0.00308	0.02026
V264	0.14441	0.02973	0.47401	0.35185
V265	0.02928	0.0045	0.16347	0.80275
V266	0.61802	0.37343	0.00844	0.00011
V267	0.00041	0.15841	0.31393	0.52725
V268	0.36442	0.01886	0.16229	0.45443
V269	0.00533	0.55045	0.40087	0.04334
V270	0.62981	0.02516	0.26711	0.07792
V271	0.8047	0.06376	0.03573	0.09581
V272	0.04555	0.84436	0.01469	0.09539
V273	0.05217	0.0231	0.05375	0.87098
V274	0.68964	0.00697	0.19949	0.1039
V275	0.0016	0.05436	0.93492	0.00912
V276	0.49315	0.34555	0.01261	0.1487
V277	0.02915	0.19167	0.18148	0.59771
V278	0.02927	0.04584	0.32542	0.59946
V279	0.68883	0.05314	0.12176	0.13627
V280	0.026	0.00316	0.05443	0.91641
V281	0.53122	0.02634	0.15743	0.28501
V282	0.04567	0.06444	0.83761	0.05228
V283	0.19133	0.60104	0.0665	0.14114
V284	0.02288	0.91205	0.05941	0.00566
V285	0.06923	0.03966	0.88978	0.00132
V286	0.2253	0.56657	0.11684	0.0913
V287	0.0842	0.88114	0.01522	0.01943
V288	0.01151	0.25454	0.46457	0.26938
V289	0.2603	0.20745	0.45976	0.07249
V290	0.80135	0.18269	0.01585	0.00011
V291	0.46197	0.06695	0.45926	0.01182
V292	0.93185	0.0171	0	0.05105
V293	0.26593	0.02411	0.67483	0.03513
V294	0.07844	0.37293	0.00556	0.54307
V295	0.013	0.16051	0.21457	0.61192
V296	0.15463	0.10784	0.65729	0.08024
V297	0.06852	0.00255	0.09163	0.83729
V298	0.27287	0.09709	0.61794	0.0121
V299	0.05924	0.27394	0.02089	0.64594
V300	0.00083	0.03052	0.26125	0.7074
V301	0.10184	0.09711	0.69276	0.10829
V302	0.6288	0.35842	0.00044	0.01234
V303	0.00046	0.58981	0.38272	0.02701
V304	0.04431	0.02825	0.77555	0.1519
V305	0.10367	0.13913	0.50674	0.25045
V306	0.80953	0.09406	0.05352	0.04288
V307	0.01515	0.95481	0.01732	0.01273
V308	0.20831	0.21384	0.33202	0.24583
V309	0.31314	0.31518	0.03089	0.3408
V310	0.06562	0.30448	0.16818	0.46172
V311	0.49028	0.49731	0.00699	0.00541
V312	0.08375	0.75383	0.14333	0.01909
V313	0.00102	0.11797	0.03327	0.84774
V314	0.01217	0.47601	0.12176	0.39007
V315	0.10382	0.64517	0.03942	0.21159
V316	0.28522	0.12022	0.43045	0.16411
V317	0.07304	0.72099	0.04811	0.15786
V318	0.02897	0.56558	0.017	0.38845
V319	0.04722	0.06177	0.86284	0.02817
V320	0.06256	0.12554	0.69366	0.11824
V321	0.60805	0.38345	0.00841	9e-05
V322	0.17434	0.31751	0.08129	0.42686
V323	0.04694	0.01902	0.10941	0.82463
V324	0.64663	0.26083	0.07361	0.01894
V325	0.28174	0.65614	0.05696	0.00516
V326	0.00049	0.56373	0.0987	0.33708
V327	0.01473	0.13406	0.12105	0.73016
V328	0.03593	0.02842	0.77488	0.16077
V329	0.15168	0.09597	0.19211	0.56023
V330	0.35675	0.01053	0.37097	0.26176
V331	0.32413	0.07676	0.05221	0.5469
V332	0.00752	0.04278	0.20994	0.73976
V333	0.39634	0.0653	0.42899	0.10936
V334	0.32193	0.01095	0.3948	0.27231
V335	0.01897	0.31492	0.54662	0.11948
V336	0.15425	0.72658	0.02127	0.0979
V337	0.25811	0.40278	0.31199	0.02712
V338	0.00114	0.97977	0.01251	0.00657
V339	0.10829	0.03185	0.85271	0.00716
V340	0.04442	0.20347	0.56972	0.18239
V341	0.02142	0.03231	0.08454	0.86172
V342	0.21315	0.01554	0.64758	0.12373
V343	0.95489	0.03138	0.00737	0.00635
V344	0.65032	0.1567	0.19283	0.00016
V345	0.0179	0.06275	0.91795	0.00141
V346	0.20621	0.09584	0.31887	0.37907
V347	0.03697	0.01044	0.15055	0.80204
V348	0.04452	0.6686	0.14767	0.13921
V349	0.32057	0.15224	0.42529	0.1019
V350	0.02507	0.80199	0.17269	0.00026
V351	0.01311	0.0261	0.4308	0.52999
V352	0.0377	0.03009	0.8633	0.0689
V353	0.87853	0.02617	0.03608	0.05922
V354	0.03649	0.70158	0.22707	0.03486
V355	0.24597	0.06398	0.50834	0.18171
V356	0.02878	0.02057	0.12151	0.82914
V357	0.09517	0.3172	0.30761	0.28002
V358	0.52673	0.09546	0.0568	0.321
V359	0.55382	0.0497	0.03875	0.35773
V360	0.52247	0.4446	0.02112	0.0118
V361	0.00065	0.43999	0.55333	0.00603
V362	0.00127	0.97236	0.01999	0.00638
V363	0.14668	0.09945	0.516	0.23788
V364	0.13183	0.05625	0.72373	0.08819
V365	0.24235	0.02256	0.0225	0.71258
V366	0.06329	0.70177	0.08593	0.14901
V367	0.55458	0.13503	0.00671	0.30368
V368	0.07287	0.75352	0.08489	0.08873
V369	0.01354	0.38904	0.59162	0.00579
V370	0.26944	0.26609	0.43723	0.02723
V371	0.1644	0.74528	0.02956	0.06076
V372	0.1409	0.04349	0.13852	0.67709
V373	0.06306	0.11794	0.51609	0.3029
V374	0.74725	0.02469	0.22783	0.00023
V375	0.03397	0.03341	0.16693	0.76569
V376	0.02804	0.02861	0.11983	0.82352
V377	0.77742	0.0051	0.01351	0.20397
V378	0.0061	0.02716	0.44034	0.5264
V379	0.3121	0.1893	0.01619	0.4824
V380	0.12851	0.05954	0.22554	0.58642
V381	0.72181	0.01534	0.10076	0.16209
V382	0.06936	0.04779	0.8757	0.00715
V383	0.82413	0.01099	0.05301	0.11187
V384	0.53906	0.06785	0.14755	0.24554
V385	0.85018	0.01939	0.07992	0.05051
V386	0.27136	0.01264	0.16515	0.55085
V387	0.5702	0.1399	0.20945	0.08044
V388	0.35059	0.33117	0.16249	0.15575
V389	0.38736	0.53843	0.01303	0.06118
V390	0.26522	0.24942	0.48003	0.00533
V391	0.39234	0.09644	0.02411	0.4871
V392	0.40204	0.21318	0.18543	0.19935
V393	0.25316	0.21533	0.38637	0.14514
V394	0.07678	0.21442	0.12632	0.58248
V395	0.19635	0.39277	0.22165	0.18924
V396	0.00775	0.96223	0.00995	0.02006
V397	0.76953	0.08573	0.11006	0.03468
V398	0.42352	0.12538	0.10891	0.34219
V399	0.16941	0.56906	0.1599	0.10163
V400	0.00061	0.58556	0.06913	0.3447
V401	0.02738	0.14109	0.76144	0.0701
V402	0.77008	0.18967	0.04016	9e-05
V403	0.02193	0.02382	0.09544	0.85881
V404	0.07256	0.17627	0.66136	0.08982
V405	0.19343	0.02694	0.18994	0.5897
V406	0.62732	0.25445	0.01969	0.09854
V407	0.00114	0.97977	0.01251	0.00657
V408	0.07374	0.22368	0.43805	0.26453
V409	0.00143	0.03373	0.05451	0.91032
V410	0.07438	0.87526	0.03109	0.01927
V411	0.4146	0.00984	0.00538	0.57018
V412	0.13439	0.06394	0.54511	0.25656
V413	0.04498	0.48302	0.19764	0.27435
V414	0.02712	0.50241	0.35042	0.12005
V415	0.41341	0.02645	0.26011	0.30004
V416	0.01358	0.09523	0.88992	0.00127
V417	0.35184	0.63534	0.00736	0.00546
V418	0.05852	0.08972	0.16198	0.68979
V419	0.02317	0.00399	0.06315	0.90969
V420	0.00073	0.89899	0.01561	0.08467
V421	0.13119	0.03963	0.72287	0.10631
V422	0.04254	0.06567	0.02314	0.86865
V423	0.06673	0.03567	0.87663	0.02097
V424	0.00032	0.04602	0.65326	0.30041
V425	0.0444	0.21743	0.63828	0.09989
V426	0.07317	0.04665	0.81949	0.06069
V427	0.05475	0.38775	0.21203	0.34548
V428	0.07309	0.79171	0.05624	0.07896
V429	0.02078	0.00422	0.07128	0.90373
V430	0.74061	0.17072	0.01943	0.06924
V431	0.15443	0.0232	0.49475	0.32761
V432	0.09155	0.08515	0.06059	0.7627
V433	0.04657	0.74901	0.00295	0.20147
V434	0.31192	0.06736	0.06196	0.55877
V435	0.48135	0.01243	0.13739	0.36883
V436	0.35216	0.01234	0.13074	0.50475
V437	0.20719	0.22526	0.01059	0.55695
V438	0.59576	0.15587	0.03733	0.21104
V439	0.03081	0.10242	0.02159	0.84518
V440	0.45801	0.03382	0.04103	0.46715
V441	0.05308	0.11181	0.64578	0.18932
V442	0.29187	0.34292	0.15329	0.21193
V443	0.7289	0.00966	0.10046	0.16098
V444	0.0179	0.06275	0.91795	0.00141
V445	0.58155	0.02405	0.36773	0.02667
V446	0.02769	0.84718	0.05619	0.06894
V447	0.6141	0.08975	0.19695	0.0992
V448	0.01453	0.0569	0.21795	0.71062
V449	0.5343	0.03966	0.32793	0.0981
V450	0.12943	0.8518	0.01868	1e-04
V451	0.91943	0.0603	0	0.02026
V452	0.0322	0.01269	0.09619	0.85891
V453	0.80196	0.07476	0.07188	0.0514
V454	0.00084	0.93588	0.05072	0.01256
V455	0.57268	0.03418	0.33289	0.06025
V456	0.29642	0.11031	0.4295	0.16377
V457	0.00137	0.05178	0.03824	0.90861
V458	0.2408	0.22422	0.01004	0.52494
V459	0.01222	0.80702	0.09378	0.08698
V460	0.9385	0.01866	0.03014	0.01269
V461	0.05541	0.03688	0.02487	0.88284
V462	0.32132	0.24533	0.00334	0.43
V463	0.228	0.48709	0.17207	0.11283
V464	0.48292	0.09651	0.00794	0.41263
V465	0.37653	0.44309	0.02909	0.15129
V466	0.56568	0.18744	0.00624	0.24065
V467	0.28851	0.5919	0.08443	0.03516
V468	0.47566	0.4169	0.05505	0.05238
V469	0.01224	0.15767	0.31593	0.51416
V470	0.52874	0.11774	0.20188	0.15165
V471	0.24161	0.09776	0.04504	0.6156
V472	0.2967	0.33611	0.00289	0.3643
V473	0.08423	0.54666	0.34989	0.01921
V474	0.1036	0.00257	0.1247	0.76913
V475	0.16223	0.40184	0.0902	0.34574
V476	0.14534	0.01559	0.07135	0.76772
V477	0.57559	0.03644	0.23027	0.1577
V478	0.11442	0.60435	0.0083	0.27293
V479	0.01229	0.08016	0.82908	0.07846
V480	0.06739	0.30605	0.05466	0.5719
V481	0.12443	0.03414	0.82814	0.01329
V482	0.68045	0.1632	0.12148	0.03486
V483	0.11011	0.1	0.08709	0.70279
V484	0.0213	0.07341	0.04251	0.86279
V485	0.10236	0.75763	0.01421	0.12579
V486	0.2461	0.25875	0.1447	0.35045
V487	0.06293	0.04134	0.10394	0.79179
V488	0.00278	0.02934	0.87364	0.09423
V489	0.18645	0.09999	0.70121	0.01235
V490	0.31585	0.31663	0.07869	0.28883
V491	0.4159	0.48525	0.03732	0.06153
V492	0.02207	0.83963	0.13283	0.00547
V493	0.04777	0.00308	0.01657	0.93258
V494	0.16803	0.1431	0.5678	0.12106
V495	0.19916	0.63732	0.14451	0.01901
V496	0.24723	0.70814	0.00138	0.04325
V497	0.01351	0.03864	0.93894	0.00891
V498	0.28965	0.0963	0.06217	0.55189
V499	0.58658	0.27566	0.1327	0.00506
V500	0.0832	0.11558	0.76558	0.03564
V501	0.00283	0.00885	0.08106	0.90725
V502	0.52569	0.28306	0.16451	0.02674
V503	0.17294	0.08604	0.22536	0.51566
V504	0.20612	0.71952	0.01367	0.0607
V505	0.17393	0.20162	0.28531	0.33914
V506	0.07322	0.23612	0.49404	0.19662
V507	0.59712	0.09692	0.13542	0.17054
V508	0.73945	0.17259	0.04489	0.04307
V509	0.1999	0.05667	0.55225	0.19118
V510	0.20021	0.52333	0.27129	0.00516
V511	0.03764	0.41892	0.05317	0.49027
V512	0.21786	0.04325	0.0943	0.64459
V513	0.06387	0.65363	0.22077	0.06174
V514	0.01782	0.08172	0.01446	0.886
V515	0.75972	0.0616	0.05371	0.12496
V516	0.88986	0.10367	0.00026	0.00621
V517	0.03107	0.02421	0.28107	0.66365
V518	0.94202	0.05126	0.00018	0.00654
V519	0.0205	0.87722	0.00812	0.09416
V520	0.02065	0.01434	0.64719	0.31782
V521	0.53199	0.04622	0.39503	0.02677
V522	0.00492	0.11076	0.61468	0.26964
V523	0.32553	0.11729	0.2916	0.26559
V524	0.00568	0.77521	0.1924	0.02671
V525	0.23044	0.20167	0.03416	0.53373
V526	0.6292	0.07725	0.08388	0.20967
V527	0.1775	0.02218	0.4372	0.36313
V528	0.08385	0.8709	0.00223	0.04303
V529	0.04841	0.0535	0.24879	0.6493
V530	0.00506	0.18791	0.70908	0.09795
V531	0.01755	0.86575	0.1165	0.00021
V532	0.15136	0.32743	0.03374	0.48748
V533	0.25632	0.35538	0.15401	0.2343
V534	0.00613	0.02348	0.73462	0.23576
V535	0.5249	0.00282	0.01696	0.45532
V536	0.16462	0.00698	0.40729	0.42112
V537	0.56227	0.26292	0.16328	0.01154
V538	0.4297	0.04922	0.09849	0.42259
V539	0.2413	0.44019	0.17355	0.14496
V540	0.17603	0.71416	0.07485	0.03495
V541	0.01251	0.51022	0.07063	0.40664
V542	0.17271	0.11554	0.28411	0.42764
V543	0.87282	0.01286	0.01246	0.10186
V544	0.08735	0.07778	0.19321	0.64167
V545	0.33917	0.13542	0.0803	0.4451
V546	0.0396	0.88742	0.06751	0.00548
V547	0.02903	0.63966	0.31936	0.01194
V548	0.13447	0.77515	0.08516	0.00522
V549	0.29019	0.04005	0.65743	0.01233
V550	0.56216	0.02892	0.00283	0.40609
V551	0.15385	0.75628	0.03805	0.05181
V552	0.00072	0.53587	0.0118	0.4516
V553	0.19856	0.14375	0.6383	0.01939
V554	0.04681	0.08507	0.03792	0.83019
V555	0.07446	0.21196	0.36787	0.34572
V556	0.00098	0.05049	0.91888	0.02965
V557	0.80724	0.03059	0.01222	0.14996
V558	0.05406	0.80011	0.03032	0.11551
V559	0.00943	0.79895	0.19133	0.00029
V560	0.65378	0.33986	0.00057	0.00578
V561	0.0016	0.05436	0.93492	0.00912
V562	0.7655	0.01158	0.12826	0.09466
V563	0.21624	0.02712	0.75015	0.00649
V564	0.04839	0.0824	0.85591	0.0133
V565	0.10537	0.24733	0.41482	0.23248
V566	0.68352	0.09701	0.00574	0.21373
V567	0.19475	0.45816	0.03118	0.3159
V568	0.21895	0.00719	0.06777	0.70609
V569	0.65923	0.02947	0.00174	0.30956
V570	0.01931	0.27365	0.64564	0.06139
V571	0.8065	0.13367	0	0.05983
V572	0.40619	0.01612	0.48111	0.09658
V573	0.05316	0.17188	0.01651	0.75845
V574	0.02904	0.78685	0.17225	0.01186
V575	0.01563	0.07787	0.14518	0.76132
V576	0.13298	0.81597	0.03916	0.01189
V577	0.03117	0.03913	0.23836	0.69134
V578	0.04371	0.06155	0.72003	0.17471
V579	0.00627	0.88067	0.09371	0.01936
V580	0.13183	0.00759	0.1309	0.72968
V581	0.06092	0.08226	0.01189	0.84493
V582	0.5609	0.14572	0.03776	0.25561
V583	0.00538	0.04328	0.62678	0.32456
V584	0.49081	0.15539	0.31859	0.0352
V585	0.0068	0.01639	0.47993	0.49688
V586	0.20314	0.02158	0.68845	0.08683
V587	0.23481	0.02617	0.71165	0.02736
V588	0.60707	0.04195	0.02968	0.32131
V589	0.04498	0.82947	0.06534	0.06022
V590	0.03905	0.76315	0.19245	0.00535
V591	0.00111	0.03729	0.23097	0.73062
V592	0.13971	0.0563	0.80299	0.00099
V593	0.55379	0.00466	0.20628	0.23527
V594	0.30688	0.28716	0.36161	0.04435
V595	0.02877	0.03235	0.04039	0.89849
V596	0.0279	0.26788	0.24733	0.45689
V597	0.00046	0.5719	0.34876	0.07889
V598	0.01463	0.12065	0.85127	0.01345
V599	0.60058	0.33594	0.03674	0.02674
V600	0.3302	0.49248	0.05642	0.12089
V601	0.1413	0.26984	0.09235	0.49652
V602	0.03102	0.03571	0.03051	0.90276
V603	0.00689	0.37196	0.02141	0.59974
V604	0.48577	0.11671	0.37066	0.02686
V605	0.05401	0.31571	0.43339	0.19689
V606	0.71403	0.15809	0.01198	0.1159
V607	0.62775	0.0135	0.12275	0.236
V608	0.19416	0.14933	0.42528	0.23123
V609	0.01979	0.22204	0.25932	0.49886
V610	0.75308	0.02295	0.10018	0.12379
V611	0.26201	0.00683	0.06603	0.66513
V612	0.02017	0.08955	0.82937	0.0609
V613	0.02798	0.31945	0.61709	0.03548
V614	0.75009	0.06122	0.05372	0.13497
V615	0.11813	0.05403	0.0183	0.80953
V616	0.06352	0.72073	0.04821	0.16754
V617	0.43759	0.16944	0.39263	0.00034
V618	0.70521	0.01045	0.00153	0.28281
V619	0.35074	0.02904	0.35344	0.26678
V620	0.00633	0.65349	0.33454	0.00564
V621	0.40085	0.14744	0.19682	0.2549
V622	0.32658	0.22155	0.42474	0.02713
V623	0.01545	0.06781	0.16624	0.75051
V624	0.76947	0.21085	0	0.01968
V625	0.2395	0.50939	0.10757	0.14354
V626	0.94861	0.0379	8e-05	0.01341
V627	0.00122	0.03061	0.10197	0.8662
V628	0.00106	0.22837	0.02615	0.74442
V629	0.10602	0.28201	0.30846	0.30351
V630	0.02775	0.31888	0.60964	0.04373
V631	0.01399	0.18564	0.11869	0.68168
V632	0.55503	0.00348	0.15433	0.28716
V633	0.00046	0.04401	0.84325	0.11228
V634	0.36733	0.26848	0.35902	0.00517
V635	0.02036	0.76963	0.00862	0.20139
V636	0.10206	0.09629	0.68332	0.11834
V637	0.28122	0.18943	0.10162	0.42773
V638	0.35276	0.25748	0.07868	0.31107
V639	0.24327	0.43412	0.32228	0.00033
V640	0.02815	0.14547	0.78243	0.04395
V641	0.8791	0.04238	0.02756	0.05096
V642	0.74926	0.18217	0	0.06856
V643	0.00481	0.16876	0.48563	0.3408
V644	0.89404	0.0874	0.00598	0.01258
V645	0.23468	0.41427	0.33196	0.0191
V646	0.0092	0.9728	0.01162	0.00638
V647	0.12228	0.08443	0.74095	0.05233
V648	0.38251	0.44525	0.14535	0.02689
V649	0.02077	0.06655	0.86023	0.05246
V650	0.04479	0.08708	0.80722	0.06091
V651	0.27668	0.02497	0.69209	0.00626
V652	0.07303	0.07967	0.47956	0.36774
V653	0.10306	0.68103	0.10618	0.10973
V654	0.68143	0.20299	0.06343	0.05216
V655	0.02855	0.57847	0.02484	0.36814
V656	0.18485	0.27004	0.01743	0.52768
V657	0.02388	0.07942	0.0244	0.8723
V658	0.58495	0.21006	0.06475	0.14024
V659	0.29694	0.07962	0.40659	0.21686
V660	0.0242	0.95264	0.00301	0.02016
V661	0.04646	0.42043	0.06202	0.47109
V662	0.37365	0.0219	0.50709	0.09736
V663	0.20902	0.06857	0.61349	0.10892
V664	0.17427	0.06772	0.71434	0.04366
V665	0.67624	0.18968	0.04501	0.08907
V666	0.55436	0.00312	0.11395	0.32858
V667	0.73743	0.08139	0.181	0.00017
V668	0.10659	0.80502	0.08823	0.00016
V669	0.20566	0.41648	0.27494	0.10291
V670	0.06739	0.91025	0.00256	0.01981
V671	0.33555	0.28511	0.28652	0.09282
V672	0.01565	0.04551	0.90988	0.02896
V673	0.20782	0.36839	0.25618	0.16761
V674	0.70756	0.14689	0.01956	0.12598
V675	0.11617	0.31842	0.35388	0.21153
V676	0.02336	0.10414	0.12229	0.75021
V677	0.35759	0.41334	0.10674	0.12233
V678	0.48163	0.49897	0.0141	0.0053
V679	0.03772	0.30287	0.64702	0.01238
V680	0.27752	0.55818	0.14524	0.01906
V681	0.88865	0.0718	0.01235	0.02719
V682	0.09346	0.28813	0.58278	0.03563
V683	0.01314	0.96161	0.02506	2e-04
V684	0.68399	0.16162	0.10226	0.05214
V685	0.46959	0.35162	0.13504	0.04375
V686	0.07655	0.16935	0.17119	0.58291
V687	0.03117	0.02035	0.04344	0.90505
V688	0.34403	0.52746	0.00114	0.12737
V689	0.23035	0.00166	0.05894	0.70905
V690	0.43447	0.04365	0.46111	0.06076
V691	0.13703	0.03051	0.82554	0.00692
V692	0.06305	0.1306	0.7451	0.06125
V693	0.20447	0.09783	0.41183	0.28588
V694	0.00669	0.02689	0.32457	0.64185
V695	0.2137	0.00725	0.1778	0.60124
V696	0.06566	0.08376	0.02773	0.82285
V697	0.01579	0.06813	0.02784	0.88824
V698	0.80982	0.0108	0.01286	0.16652
V699	0.54451	0.29072	0.07417	0.0906
V700	0.21198	0.0249	0.01614	0.74698
V701	0.09446	0.53298	0.12038	0.25218
V702	0.51874	0.07692	0.01461	0.38973
V703	0.11262	0.04616	0.53258	0.30864
V704	0.81279	0.04632	0.02741	0.11349
V705	0.94785	0.01103	0.0136	0.02752
V706	0.06303	0.05233	0.80605	0.0786
V707	0.02777	0.4203	0.51654	0.03539
V708	0.02823	0.8809	0.02248	0.06839
V709	0.1142	0.25268	0.56102	0.0721
V710	0.58433	0.21004	0.05544	0.15019
V711	0.07377	0.80621	0.09329	0.02673
V712	0.80748	0.05555	0.00528	0.13168
V713	0.40802	0.30306	0.03871	0.25021
V714	0.00573	0.6739	0.02416	0.29621
V715	0.27349	0.33318	0.33024	0.06309
V716	0.03108	0.04227	0.06279	0.86387
V717	0.06859	0.91586	0.00271	0.01284
V718	0.12563	0.56932	0.19311	0.11194
V719	0.0449	0.7184	0.03962	0.19708
V720	0.67209	0.00866	0.25152	0.06774
V721	0.10372	0.1496	0.51795	0.22874
V722	0.0776	0.3402	0.01904	0.56317
V723	0.09603	0.08227	0.01798	0.80372
V724	0.55421	0.02585	0.09495	0.32499
V725	0.00071	0.10195	0.86873	0.0286
V726	0.02835	0.37297	0.13409	0.46459
V727	0.24004	0.66027	0.09456	0.00513
V728	0.02233	0.877	0.09514	0.00553
V729	0.37474	0.01279	0.18324	0.42924
V730	0.89091	0.03723	0.04504	0.02682
V731	0.01906	0.17866	0.43279	0.3695
V732	0.32014	0.07035	0.39326	0.21626
V733	0.62729	0.18742	0.03664	0.14865
V734	0.21174	0.30348	0.47944	0.00534
V735	0.01261	0.02678	0.51785	0.44276
V736	0.13391	0.01069	0.02091	0.8345
V737	0.30284	0.28462	0.26677	0.14577
V738	0.06341	0.31771	0.48712	0.13176
V739	0.00035	0.02285	0.63263	0.34418
V740	0.82375	0.09115	0.07321	0.01188
V741	0.45879	0.09553	0.14001	0.30566
V742	0.37143	0.61198	0.0165	9e-05
V743	0.11357	0.13715	0.72959	0.01969
V744	0.48868	0.03965	0.36351	0.10815
V745	0.01191	0.6931	0.18745	0.10753
V746	0.97449	0.0176	0.00086	0.00705
V747	0.04486	0.01746	0.73934	0.19835
V748	0.10226	0.09332	0.63508	0.16934
V749	0.25468	0.16851	0.06189	0.51492
V750	0.38396	0.47579	0.02054	0.11971
V751	0.03636	0.87357	0.03884	0.05123
V752	0.43803	0.22375	0.15098	0.18725
V753	0.03113	0.03953	0.01553	0.9138
V754	0.00771	0.93046	0.00284	0.05899
V755	0.12712	0.17998	0.3803	0.3126
V756	0.02609	0.01603	0.07145	0.88643
V757	0.30854	0.59929	0.0653	0.02687
V758	0.036	0.7705	0.12363	0.06987
V759	0.10403	0.05248	0.44312	0.40037
V760	0.26225	0.05026	0.3143	0.37319
V761	0.05419	0.57416	0.29076	0.08089
V762	0.00083	0.38253	0.0218	0.59483
V763	0.35854	0.36181	0.02997	0.24968
V764	0.00649	0.92573	0.00876	0.05902
V765	0.64663	0.0885	0.00134	0.26353
V766	0.01144	0.30075	0.47291	0.2149
V767	0.45591	0.11865	0.27298	0.15246
V768	0.04737	0.90989	0.02334	0.01939
V769	0.12312	0.83386	0.03107	0.01195
V770	0.0092	0.9728	0.01162	0.00638
V771	0.14463	0.03321	0.80904	0.01311
V772	0.11599	0.05778	0.81968	0.00655
V773	0.14365	0.83623	0.00788	0.01224
V774	0.01739	0.03306	0.92016	0.02938
V775	0.09547	0.03574	0.31473	0.55406
V776	0.40027	0.43286	0.05605	0.11082
V777	0.15212	0.106	0.15854	0.58333
V778	0.51427	0.27949	0.07502	0.13123
V779	0.14437	0.03874	0.54169	0.2752
V780	0.09748	0.76728	0.13504	2e-04
V781	0.04311	0.03402	0.04463	0.87825
V782	0.00566	0.11663	0.81693	0.06078
V783	0.77233	0.02235	0.05362	0.15169
V784	0.09642	0.88149	0.01639	0.00569
V785	0.03049	0.93374	0.01613	0.01964
V786	0.70282	0.16199	0.09202	0.04316
V787	0.00097	0.83221	0.16105	0.00576
V788	0.48371	0.30614	0.16629	0.04386
V789	0.05765	0.36207	0.03567	0.5446
V790	0.42408	0.0258	0.08859	0.46152
V791	0.11572	0.36738	0.36174	0.15515
V792	0.11527	0.54738	0.00853	0.32882
V793	0.10344	0.66743	0.03918	0.18995
V794	0.03624	0.07873	0.81527	0.06976
V795	0.09391	0.04101	0.07284	0.79224
V796	0.02216	0.09102	0.86604	0.02078
V797	0.72886	0.0126	0.24651	0.01202
V798	0.59322	0.30485	0.08306	0.01886
V799	0.1127	0.78797	0.0297	0.06963
V800	0.0536	0.02561	0.5575	0.36329
V801	0.11646	0.10573	0.3666	0.41122
V802	0.02904	0.0703	0.30444	0.59622
V803	0.19943	0.52073	0.27955	0.00029
V804	0.4883	0.02133	0.42139	0.06898
V805	0.02451	0.04439	0.92953	0.00157
V806	0.03768	0.91224	0.01527	0.03481
V807	0.23084	0.14781	0.04418	0.57717
V808	0.63988	0.27997	0.0453	0.03485
V809	0.039	0.06813	0.89165	0.00122
V810	0.0114	0.97803	0.00383	0.00674
V811	0.39549	0.06784	0.22962	0.30705
V812	0.52546	0.26721	0.05591	0.15141
V813	0.57102	0.19614	0.20607	0.02678
V814	0.40181	0.54538	0.04766	0.00514
V815	0.00102	0.91502	0.07812	0.00584
V816	0.9104	0.01818	0.07116	0.00025
V817	0.0232	0.08612	0.87698	0.0137
V818	0.00113	0.0642	0.05921	0.87546
V819	0.81867	0.0849	0.05355	0.04288
V820	0.11285	0.09488	0.03262	0.75965
V821	0.1933	0.30891	0.42501	0.07278
V822	0.0577	0.04278	0.87857	0.02095
V823	0.01915	0.17815	0.71381	0.08888
V824	0.07805	0.37015	0.55118	0.00063
V825	0.19732	0.28357	0.28352	0.23559
V826	0.40252	0.4212	0.16472	0.01156
V827	0.34779	0.61178	0.01351	0.02692
V828	0.19707	0.15781	0.12452	0.52061
V829	0.03122	0.24074	0.04848	0.67956
V830	0.19711	0.22432	0.03448	0.54409
V831	0.75901	0.0895	0.0358	0.11568
V832	0.24272	0.40396	0.18595	0.16736
V833	0.12637	0.51182	0.19624	0.16557
V834	0.26459	0.06746	0.09282	0.57513
V835	0.33095	0.46011	0.12725	0.08169
V836	0.00604	0.68094	0.01011	0.30291
V837	0.19673	0.38008	0.21072	0.21247
V838	0.91122	0.05259	0.03045	0.00573
V839	0.27373	0.61683	0.1043	0.00513
V840	0.26691	0.72322	0.00977	9e-05
V841	0.00075	0.05781	0.88854	0.0529
V842	0.32685	0.15929	0.29236	0.2215
V843	0.01358	0.03842	0.87889	0.06912
V844	0.09408	0.07916	0.42189	0.40487
V845	0.05408	0.10325	0.78146	0.06121
V846	0.00047	0.02913	0.7757	0.1947
V847	0.00343	0.00857	0.06199	0.92601
V848	0.07409	0.50957	0.18571	0.23063
V849	0.00093	0.95418	0.0097	0.03518
V850	0.95927	0.01281	0.01477	0.01315
V851	0.30607	0.53835	0.15543	0.00016
V852	0.08954	0.04535	0.15167	0.71344
V853	0.21696	0.21599	0.4438	0.12324
V854	0.57533	0.16853	0.1154	0.14074
V855	0.00343	0.00857	0.06199	0.92601
V856	0.03553	0.33869	0.3856	0.24018
V857	0.65802	0.17776	0.03636	0.12786
V858	0.51399	0.02388	0.45648	0.00565
V859	0.63862	0.24329	0.01967	0.09842
V860	0.16401	0.10864	0.06566	0.66169
V861	0.07502	0.34567	0.56721	0.01211
V862	0.11207	0.08609	0.75804	0.0438
V863	0.17936	0.06052	0.00848	0.75165
V864	0.05701	0.03665	0.06772	0.83862
V865	0.09577	0.00944	0.30018	0.5946
V866	0.69212	0.02514	0.27081	0.01192
V867	0.68964	0.03468	0.27032	0.00535
V868	0.4902	0.28157	0.14685	0.08139
V869	0.01712	0.96554	0.01109	0.00625
V870	0.0875	0.33963	0.02658	0.54628
V871	0.00093	0.95418	0.0097	0.03518
V872	0.00751	0.01996	0.28213	0.6904
V873	0.87618	0.03591	0.05339	0.03452
V874	0.17718	0.78881	0.0339	0.00011
V875	0.01274	0.18065	0.2257	0.58091
V876	0.13664	0.32036	0.45075	0.09225
V877	0.03583	0.38601	0.32621	0.25195
V878	0.11662	0.81321	0.07003	0.00014
V879	0.16581	0.70769	0.04699	0.07952
V880	0.27762	0.56727	0.0066	0.1485
V881	0.12149	0.04295	0.64875	0.18681
V882	0.77964	0.00712	0.13722	0.07601
V883	0.25241	0.20274	0.54426	0.00059
V884	0.01747	0.27878	0.00853	0.69522
V885	0.67852	0.22681	0.0946	8e-05
V886	0.01139	0.34781	0.50153	0.13926
V887	0.6146	0.06145	0.17581	0.14814
V888	0.08179	0.05079	0.77948	0.08794
V889	0.90343	0.05629	0.02058	0.0197
V890	0.0266	0.13277	0.66313	0.1775
V891	0.59514	0.05106	0.31066	0.04314
V892	0.2533	0.1804	0.0175	0.5488
V893	0.55734	0.21454	0.16612	0.062
V894	0.05475	0.29829	0.61142	0.03554
V895	0.5688	0.06146	0.22104	0.1487
V896	0.03115	0.94004	0.00901	0.0198
V897	0.66744	0.26685	0.00523	0.06049
V898	0.43583	0.0028	0.01186	0.54951
V899	0.02132	0.18171	0.16015	0.63682
V900	0.06394	0.28102	0.40123	0.25381
V901	0.02838	0.84114	0.00794	0.12254
V902	0.03997	0.90414	0.05029	0.0056
V903	0.0053	0.40552	0.54565	0.04353
V904	0.01884	0.97093	0.00358	0.00665
V905	0.1283	0.00342	0.20299	0.66529
V906	0.37352	0.08534	0.12078	0.42036
V907	0.39912	0.52796	0.0206	0.05231
V908	0.01017	0.05141	0.0925	0.84592
V909	0.11227	0.81705	0.00205	0.06863
V910	0.14138	0.00261	0.14122	0.7148
V911	0.48771	0.40484	0.03682	0.07063
V912	0.36219	0.33071	0.14075	0.16635
V913	0.10841	0.0017	0.02471	0.86518
V914	0.15726	0.49494	0.31236	0.03544
V915	0.20438	0.00182	0.01874	0.77506
V916	0.21661	0.05836	0.68145	0.04357
V917	0.69123	0.03088	0.18139	0.0965
V918	0.03582	0.63095	0.24354	0.08969
V919	0.17347	0.22427	0.33246	0.26981
V920	0.59462	0.20094	0.10418	0.10026
V921	0.02476	0.16029	0.04348	0.77147
V922	0.08355	0.45869	0.41373	0.04403
V923	0.06873	0.01992	0.06005	0.85129
V924	0.02819	0.66568	0.27923	0.02691
V925	0.1588	0.03352	0.02548	0.7822
V926	0.17759	0.02322	0.04206	0.75713
V927	0.02113	0.04331	0.07336	0.86221
V928	0.0374	0.89536	0.00797	0.05927
V929	0.04472	0.64629	0.13821	0.17078
V930	0.48066	0.38248	0.03703	0.09982
V931	0.11436	0.26367	0.54984	0.07212
V932	0.02652	0.1021	0.65206	0.21932
V933	0.56245	0.4122	0.01338	0.01196
V934	0.00574	0.13822	0.30453	0.55151
V935	0.53507	0.16177	0.23193	0.07123
V936	0.49999	0.27732	0.02061	0.20208
V937	0.51866	0.1256	0.09653	0.25921
V938	0.34192	0.04385	0.34473	0.26951
V939	0.73432	0.02161	0.08164	0.16242
V940	0.02005	0.7931	0.15211	0.03475
V941	0.00208	0.04296	0.94522	0.00974
V942	0.71115	0.1967	0.07325	0.01891
V943	0.36052	0.12571	0.46068	0.0531
V944	0.01384	0.26122	0.0764	0.64854
V945	0.53144	0.36735	0.01233	0.08887
V946	0.42392	0.26304	0.27764	0.03541
V947	0.06677	0.04461	0.25933	0.62929
V948	0.30154	0.03792	0.64105	0.0195
V949	0.00056	0.10291	0.22755	0.66898
V950	0.04502	0.53056	0.22908	0.19535
V951	0.79958	0.02632	0.16864	0.00546
V952	0.05581	0.1164	0.29564	0.53215
V953	0.01451	0.06566	0.89115	0.02868
V954	0.02972	0.17128	0.16013	0.63887
V955	0.10402	0.60966	0.03092	0.25541
V956	0.02776	0.02639	0.55402	0.39183
V957	0.30778	0.01681	0.00698	0.66844
V958	0.04777	0.00308	0.01657	0.93258
V959	0.20376	0.25201	0.47174	0.07249
V960	0.20936	0.27038	0.09155	0.42871
V961	0.11509	0.37955	0.38258	0.12279
V962	0.33028	0.16481	0.43281	0.07209
V963	0.57115	0.17114	0.17715	0.08056
V964	0.82143	0.03502	0.10903	0.03452
V965	0.04494	0.49509	0.20819	0.25177
V966	0.95218	0.02805	0.00663	0.01313
V967	0.04417	0.03995	0.57152	0.34437
V968	0.00039	0.14576	0.7933	0.06055
V969	0.00691	0.28405	0.04872	0.66031
V970	0.02716	0.10694	0.4661	0.3998
V971	0.46941	0.08298	0.3671	0.08051
V972	0.48344	0.19867	0.05702	0.26088
V973	0.24235	0.42631	0.08869	0.24265
V974	0.00542	0.78387	0.13268	0.07802
V975	0.08567	0.28352	0.62517	0.00565
V976	0.4132	0.24649	0.13038	0.20994
V977	0.28845	0.35798	0.34841	0.00515
V978	0.05231	0.08693	0.08176	0.77901
V979	0.76941	0.02622	0.19895	0.00542
V980	0.97449	0.0176	0.00086	0.00705
V981	0.3008	0.03159	0.47792	0.18969
V982	0.41313	0.41045	0.08519	0.09124
V983	0.6799	0.06083	0.00623	0.25304
V984	0.01266	0.84037	0.11234	0.03462
V985	0.06212	0.19163	0.01535	0.7309
V986	0.29388	0.539	0.05637	0.11076
V987	0.21429	0.76452	0.0017	0.01949
V988	0.19051	0.0163	0.02533	0.76786
V989	0.41199	0.48494	0.0841	0.01897
V990	0.00044	0.05497	0.81323	0.13136
V991	0.6079	0.37929	0.00047	0.01234
V992	0.17322	0.01491	0.56408	0.24779
V993	0.05442	0.72711	0.17513	0.04334
V994	0.16375	0.79357	0.03077	0.01191
V995	0.72101	0.10724	0.03601	0.13574
V996	0.24151	0.11898	0.01901	0.6205
V997	0.01334	0.0291	0.84519	0.11236
V998	0.85908	0.01944	0.0709	0.05059
V999	0.10803	0.88322	0.0027	0.00605
V1000	0.28581	0.02476	0.00725	0.68218
