cytotoxic.CD56.dim.NK.cell	memory.CD4.pos.AB.T.cell	memory.B.cell	CD14.pos.CD16.neg.classical.monocyte
V1	0.54473	0.00898	0.18203	0.26426
V2	0.13687	0.08641	0.05857	0.71815
V3	0.04774	0.63889	0.01568	0.2977
V4	0.86163	0.11916	0	0.01921
V5	0.09856	0.47478	0.27414	0.15252
V6	0.06614	0.89298	0.02219	0.01868
V7	0.13435	0.35507	0.08959	0.42099
V8	0.11439	0.02339	0.83539	0.02683
V9	0.22593	0.22713	0.04188	0.50506
V10	0.01692	0.02872	0.91109	0.04327
V11	0.19403	0.34319	0.45797	0.00481
V12	0.02114	0.58286	0.38462	0.01138
V13	0.24907	0.72587	0.00656	0.01849
V14	0.06057	0.92379	0.0098	0.00585
V15	0.10803	0.6162	0.126	0.14977
V16	0.91138	0.04325	0.01917	0.0262
V17	0.07551	0.89091	0.01484	0.01873
V18	0.56947	0.35309	0.04394	0.0335
V19	0.14491	0.8358	0.00755	0.01174
V20	0.15439	0.46853	0.02283	0.35425
V21	0.11516	0.04621	0.81188	0.02675
V22	0.01621	0.08553	0.22499	0.67328
V23	0.35847	0.03754	0.59864	0.00534
V24	0.92333	0.0415	0.03499	0.00018
V25	0.33971	0.2218	0.13988	0.29861
V26	0.38625	0.39385	0.02019	0.19972
V27	0.09078	0.06856	0.03052	0.81013
V28	0.00359	0.07316	0.92162	0.00163
V29	0.41983	0.02375	0.53053	0.02589
V30	0.0892	0.192	0.30697	0.41183
V31	0.1916	0.16818	0.32948	0.31074
V32	0.07396	0.04553	0.04374	0.83678
V33	0.03735	0.4909	0.38274	0.08901
V34	0.1144	0.03333	0.82553	0.02674
V35	0.14732	0.74484	0.0822	0.02564
V36	0.00729	0.0336	0.51465	0.44446
V37	0.54641	0.05855	0.1027	0.29233
V38	0.4131	0.00722	0.18759	0.39209
V39	0.15255	0.58102	0.13661	0.12982
V40	0.08865	0.83257	0.07864	0.00014
V41	0.00593	0.69142	0.0483	0.25435
V42	0.20926	0.02588	0.22984	0.53502
V43	0.11816	0.31867	0.53698	0.02619
V44	0.01271	0.05488	0.78236	0.15005
V45	0.08642	0.60098	0.23298	0.07961
V46	0.79494	0.07157	0.12851	0.00498
V47	0.44458	0.1704	0.34249	0.04253
V48	0.80082	0.17541	0.00507	0.0187
V49	0.73625	0.18833	0	0.07541
V50	0.05803	0.85253	0.0844	0.00504
V51	0.29964	0.39848	0.27597	0.0259
V52	0.02222	0.09234	0.85834	0.0271
V53	0.71635	0.12329	0.16036	0
V54	0.4138	0.17432	0.39384	0.01804
V55	0.20317	0.10687	0.26776	0.4222
V56	0.04281	0.03351	0.10363	0.82005
V57	0.08554	0.88015	0.02268	0.01163
V58	0.63856	0.00961	0.04544	0.3064
V59	0.42946	0.41634	0.11199	0.04221
V60	0.12178	0.12703	0.36402	0.38717
V61	0.8158	0.09792	0.01109	0.07519
V62	0.88065	0.0368	0.07098	0.01157
V63	0.01323	0.84744	0.12093	0.0184
V64	0.00715	0.87197	0.00275	0.11814
V65	0.01732	0.02904	0.12511	0.82853
V66	0.20021	0.72071	0.02014	0.05895
V67	0.13984	0.30935	0.53951	0.0113
V68	0.14688	0.14221	0.03001	0.68091
V69	0.02045	0.28268	0.6544	0.04246
V70	0.55193	0.13354	0.19659	0.11794
V71	0.15256	0.05328	0.41626	0.3779
V72	0.58647	0.14307	0.10204	0.16842
V73	0.13979	0.63589	0.14516	0.07915
V74	0.05182	0.20575	0.74174	0.00069
V75	0.70641	0.00545	0.20496	0.08318
V76	0.00219	0.16304	0.20165	0.63312
V77	0.03516	0.29684	0.01566	0.65233
V78	0.29939	0.09655	0.2073	0.39676
V79	0.00624	0.07767	0.83965	0.07644
V80	0.33187	0.0161	0.57583	0.07621
V81	0.04975	0.14255	0.80183	0.00587
V82	0.00172	0.07282	0.91747	0.008
V83	0.12489	0.16702	0.08346	0.62463
V84	0.38812	0.03605	0.1802	0.39563
V85	0.09847	0.29295	0.44544	0.16314
V86	0.03971	0.04336	0.8821	0.03483
V87	0.02853	0.85859	0.05452	0.05835
V88	0.15443	0.04697	0.30002	0.49857
V89	0.01937	0.02751	0.22989	0.72323
V90	0.02199	0.90929	0.05702	0.0117
V91	0.02883	0.75288	0.19263	0.02565
V92	0.44371	0.017	0.41559	0.1237
V93	0.89084	0.01894	0	0.09022
V94	0.01468	0.45589	0.02729	0.50214
V95	0.24929	0.43789	0.17032	0.1425
V96	0.06709	0.10977	0.03691	0.78623
V97	0.6777	0.09795	0.21957	0.00477
V98	0.67561	0.31251	4e-05	0.01184
V99	0.79111	0.04657	0.15729	0.00504
V100	0.06786	0.03205	0.87999	0.0201
V101	0.02897	0.08518	0.01807	0.86778
V102	0.92401	0.05797	0.0057	0.01232
V103	0.0126	0.0634	0.11287	0.81113
V104	0.02521	0.95779	0.01084	0.00617
V105	0.05028	0.92685	0.01715	0.00572
V106	0.10778	0.51423	0.34386	0.03413
V107	0.17248	0.17396	0.61086	0.0427
V108	0.13794	0.76589	0.0961	7e-05
V109	0.0124	0.13053	0.6399	0.21717
V110	0.04772	0.89528	0.03844	0.01855
V111	0.90931	0.01106	0.07399	0.00563
V112	0.11864	0.04604	0.47377	0.36154
V113	0.17967	0.09063	0.19955	0.53015
V114	0.23434	0.0443	0.09224	0.62911
V115	0.00648	0.75806	0.23021	0.00526
V116	0.13211	0.2934	0.41046	0.16403
V117	0.67867	0.25284	0.03495	0.03354
V118	0.15194	0.59973	0.03798	0.21035
V119	0.10607	0.08179	0.0609	0.75124
V120	0.06818	0.06032	0.85892	0.01259
V121	0.608	0.11321	0.10152	0.17727
V122	0.95565	0.01795	0.01379	0.01262
V123	0.00669	0.52302	0.05132	0.41897
V124	0.65437	0.29566	0	0.04997
V125	0.37826	0.41875	0.18502	0.01797
V126	0.03634	0.15271	0.06177	0.74919
V127	0.15443	0.03954	0.28799	0.51805
V128	0.0322	0.03258	0.13291	0.80232
V129	0.58115	0.22207	0.17117	0.02561
V130	0.00628	0.65412	0.33436	0.00524
V131	0.02238	0.90892	0.00265	0.06605
V132	0.93765	0.01488	0.0283	0.01918
V133	0.91163	0.02239	0.05413	0.01184
V134	0.10037	0.391	0.14211	0.36653
V135	0.07311	0.02794	0.20368	0.69528
V136	0.23438	0.40872	0.01472	0.34218
V137	0.64934	0.03	0.26244	0.05822
V138	0.20395	0.40263	0.19551	0.19791
V139	0.35219	0.1888	0.21747	0.24155
V140	0.02978	0.10336	0.06732	0.79955
V141	0.0563	0.12915	0.59232	0.22223
V142	0.76694	0.01654	0.21626	0.00026
V143	0.43427	0.25412	0.0748	0.23681
V144	0.15815	0.13901	0.18895	0.51389
V145	7e-04	0.76456	0.22934	0.00541
V146	0.05815	0.03937	0.04869	0.85379
V147	0.92078	0.02622	0.01918	0.03381
V148	0.11659	0.05651	0.63003	0.19686
V149	0.24823	0.52084	0.22631	0.00462
V150	0.07594	0.21544	0.63879	0.06984
V151	0.19411	0.65255	0.03664	0.1167
V152	0.22398	0.44948	0.23612	0.09042
V153	0.09484	0.78006	0.02087	0.10422
V154	0.23004	0.4566	0.28745	0.02592
V155	0.4741	0.12625	0.31101	0.08864
V156	0.02855	0.11329	0.74322	0.11494
V157	0.29809	0.13591	0.34865	0.21734
V158	0.02859	0.03158	0.05844	0.88139
V159	0.88978	0.0684	0	0.04181
V160	0.69559	0.00902	0.07006	0.22533
V161	0.20318	0.02384	0.04303	0.72996
V162	0.06022	0.29951	0.09215	0.54811
V163	0.08807	0.49946	0.1834	0.22906
V164	0.33827	0.3036	0.11754	0.24059
V165	0.01156	0.28463	0.01081	0.693
V166	0.01116	0.11365	0.08713	0.78806
V167	0.34218	0.015	0.01539	0.62744
V168	0.27368	0.5925	0.08268	0.05114
V169	0.18034	0.05949	0.04898	0.7112
V170	0.096	0.0209	0.56613	0.31697
V171	0.1177	0.21843	0.62939	0.03448
V172	0.69736	0.0126	0.28472	0.00532
V173	0.0277	0.15629	0.05399	0.76202
V174	0.01742	0.17048	0.09022	0.72188
V175	0.05564	0.02043	0.81385	0.11008
V176	0.00661	0.81823	0.16987	0.00529
V177	0.01022	0.97262	0.00387	0.0133
V178	0.00616	0.78849	0.00907	0.19628
V179	0.14967	0.01484	0.41815	0.41735
V180	0.02615	0.89174	0.08181	0.00029
V181	0.15155	0.10881	0.59105	0.1486
V182	0.28895	0.16182	0.49747	0.05176
V183	0.16583	0.82059	0.00817	0.0054
V184	0.96165	0.01982	0.01817	0.00037
V185	0.55108	0.43077	0.01317	0.00499
V186	0.10916	0.48587	0.28429	0.12067
V187	0.94452	0.01897	0.03066	0.00584
V188	0.05534	0.24741	0.0098	0.68746
V189	0.82271	0.02193	0.0189	0.13645
V190	0.63701	0.01891	0.33887	0.00521
V191	0.17254	0.1852	0.60798	0.03427
V192	0.29377	0.47994	0.05503	0.17126
V193	0.60283	0.02787	0.25536	0.11395
V194	0.03147	0.94041	0.0089	0.01922
V195	0.01201	0.04548	0.93438	0.00813
V196	0.0168	0.11138	0.02834	0.84348
V197	0.40592	0.04857	0.03279	0.51273
V198	0.05654	0.50137	0.39063	0.05146
V199	0.15491	0.02923	0.19886	0.617
V200	0.11879	0.58624	0.02214	0.27282
V201	0.08717	0.56951	0.20289	0.14042
V202	0.01387	0.02582	0.80508	0.15523
V203	0.15088	0.42292	0.40799	0.01822
V204	0.00719	0.55287	0.01175	0.4282
V205	0.01666	0.06029	0.90946	0.01359
V206	0.04188	0.09149	0.8603	0.00634
V207	0.12447	0.18943	0.06402	0.62208
V208	0.23076	0.06014	0.69743	0.01167
V209	0.29419	0.48091	0.07406	0.15083
V210	0.07494	0.79159	0.09165	0.04183
V211	0.41323	0.02004	0.0423	0.52443
V212	0.4897	0.03729	0.45474	0.01827
V213	0.64254	0.02645	0.11933	0.21169
V214	0.32699	0.14578	0.18426	0.34297
V215	0.28151	0.09624	0.02702	0.59524
V216	0.04727	0.0296	0.04864	0.87449
V217	0.03761	0.49568	0.25053	0.21618
V218	0.08873	0.4509	0.18483	0.27554
V219	0.09644	0.6628	0.01443	0.22633
V220	0.00608	0.84827	0.00842	0.13722
V221	0.81216	0.01145	0.0061	0.17029
V222	0.3078	0.11594	0.40455	0.17171
V223	0.00592	0.11984	0.80633	0.06792
V224	0.94884	0.01792	0.03295	0.00029
V225	0.04909	0.88769	0.05799	0.00524
V226	0.28769	0.07495	0.62592	0.01144
V227	0.77523	0.00943	0.2038	0.01153
V228	0.78639	0.06008	0.06915	0.08438
V229	0.01735	0.03793	0.92375	0.02097
V230	0.02106	0.06612	0.04627	0.86656
V231	0.01473	0.276	0.12471	0.58457
V232	0.0395	0.67656	0.0039	0.28005
V233	0.57103	0.07536	0.21726	0.13636
V234	0.0311	0.92545	0.03156	0.01189
V235	0.35678	0.05373	0.56345	0.02603
V236	0.03788	0.05912	0.83527	0.06773
V237	0.15191	0.02675	0.04621	0.77512
V238	0.11859	0.56223	0.27654	0.04264
V239	0.06002	0.41246	0.02628	0.50124
V240	0.47356	0.03412	0.45052	0.0418
V241	0.01619	0.02725	0.89776	0.0588
V242	0.11579	0.7812	0.09193	0.01108
V243	0.22153	0.03692	0.67377	0.06777
V244	0.18549	0.01633	0.72297	0.07521
V245	0.59955	0.29758	0.05243	0.05044
V246	0.0482	0.13501	0.79759	0.0192
V247	0.15066	0.03826	0.81028	8e-04
V248	0.02572	0.06078	0.06786	0.84565
V249	0.00105	0.04793	0.89213	0.05888
V250	0.7494	0.01151	0.23381	0.00529
V251	0.93403	0.05362	0.00643	0.00592
V252	0.00984	0.83514	0.15469	0.00032
V253	0.3562	0.06019	0.18178	0.40183
V254	0.0078	0.93501	0.05145	0.00573
V255	0.03951	0.92378	0.00268	0.03403
V256	0.16291	0.1927	0.56441	0.07998
V257	0.41979	0.08496	0.25965	0.23561
V258	0.16575	0.24621	0.46701	0.12103
V259	0.02916	0.27225	0.6643	0.0343
V260	0.00089	0.27201	0.72108	0.00602
V261	0.61766	0.02675	0.21281	0.14277
V262	0.08991	0.07653	0.02998	0.80358
V263	0.01655	0.96034	0.00329	0.01982
V264	0.15046	0.03106	0.47093	0.34755
V265	0.03199	0.02234	0.16397	0.7817
V266	0.62	0.37108	0.00881	0.00011
V267	0.00157	0.16472	0.31202	0.52169
V268	0.37276	0.02266	0.15844	0.44615
V269	0.00533	0.5505	0.40208	0.0421
V270	0.63959	0.02214	0.26256	0.07571
V271	0.8124	0.06052	0.0341	0.09297
V272	0.04671	0.84588	0.01408	0.09332
V273	0.05525	0.04748	0.05496	0.84231
V274	0.69916	0.00477	0.19504	0.10103
V275	0.00194	0.05161	0.93766	0.00879
V276	0.50158	0.34144	0.01186	0.14512
V277	0.03159	0.19861	0.17935	0.59045
V278	0.03182	0.05455	0.32203	0.5916
V279	0.69918	0.04995	0.11815	0.13272
V280	0.02859	0.03158	0.05844	0.88139
V281	0.54064	0.02718	0.15322	0.27896
V282	0.0472	0.06052	0.84165	0.05063
V283	0.19704	0.59998	0.0644	0.13857
V284	0.02311	0.91255	0.05889	0.00545
V285	0.06917	0.03599	0.89375	0.00109
V286	0.23193	0.56459	0.1142	0.08928
V287	0.08522	0.88138	0.0147	0.0187
V288	0.01249	0.25498	0.46482	0.2677
V289	0.26847	0.2022	0.45862	0.07071
V290	0.80376	0.18019	0.01594	1e-04
V291	0.46874	0.06268	0.45739	0.01119
V292	0.93473	0.01567	0	0.0496
V293	0.27029	0.02099	0.67494	0.03378
V294	0.08157	0.37876	0.00651	0.53317
V295	0.01491	0.16859	0.21232	0.60419
V296	0.15999	0.10282	0.65882	0.07837
V297	0.07143	0.02159	0.09227	0.81471
V298	0.27777	0.09187	0.61897	0.01139
V299	0.06224	0.28299	0.02162	0.63315
V300	0.00306	0.04715	0.26089	0.6889
V301	0.10587	0.09274	0.69512	0.10628
V302	0.63341	0.35462	0.00018	0.01179
V303	0.00015	0.58997	0.38388	0.026
V304	0.04632	0.02633	0.77819	0.14916
V305	0.10856	0.13789	0.50549	0.24807
V306	0.81748	0.08962	0.05151	0.04139
V307	0.01527	0.95523	0.01712	0.01238
V308	0.21638	0.21177	0.32914	0.24272
V309	0.32119	0.31398	0.02989	0.33494
V310	0.0692	0.30749	0.16559	0.45772
V311	0.49385	0.49448	0.00657	0.00511
V312	0.08563	0.75452	0.1417	0.01816
V313	0.00412	0.14251	0.03582	0.81754
V314	0.01325	0.47993	0.11985	0.38697
V315	0.10748	0.64573	0.03814	0.20865
V316	0.29455	0.11641	0.42771	0.16133
V317	0.07562	0.72236	0.04665	0.15538
V318	0.03061	0.56943	0.01705	0.3829
V319	0.04852	0.05745	0.86695	0.02709
V320	0.06542	0.12161	0.69666	0.11631
V321	0.61023	0.38094	0.00877	6e-05
V322	0.18054	0.31871	0.0793	0.42145
V323	0.04999	0.03913	0.10921	0.80168
V324	0.655	0.25561	0.07136	0.01803
V325	0.28515	0.65468	0.05542	0.00475
V326	8e-04	0.56808	0.09761	0.33351
V327	0.01704	0.14709	0.12006	0.7158
V328	0.03761	0.02659	0.77801	0.15779
V329	0.15757	0.10108	0.18923	0.55213
V330	0.36608	0.01065	0.36612	0.25716
V331	0.33076	0.08223	0.05109	0.53592
V332	0.00984	0.05847	0.20829	0.72341
V333	0.40654	0.06119	0.42557	0.1067
V334	0.33091	0.01112	0.39016	0.2678
V335	0.01999	0.31342	0.54871	0.11788
V336	0.15811	0.72588	0.02029	0.09572
V337	0.2647	0.39903	0.31031	0.02596
V338	0.00129	0.97845	0.01351	0.00675
V339	0.10881	0.02819	0.85633	0.00667
V340	0.04696	0.20172	0.57063	0.18069
V341	0.02422	0.05578	0.08547	0.83453
V342	0.21911	0.01325	0.6466	0.12104
V343	0.95765	0.02915	0.00704	0.00617
V344	0.65632	0.15305	0.19059	4e-05
V345	0.01802	0.06058	0.92014	0.00126
V346	0.21392	0.0966	0.31511	0.37436
V347	0.03993	0.02946	0.14981	0.7808
V348	0.04632	0.67086	0.14563	0.13719
V349	0.33013	0.14745	0.4228	0.09962
V350	0.02527	0.80101	0.1735	0.00022
V351	0.01497	0.03408	0.42869	0.52226
V352	0.03897	0.02766	0.86641	0.06697
V353	0.88449	0.02346	0.03462	0.05742
V354	0.03753	0.70305	0.22577	0.03365
V355	0.25415	0.06123	0.50565	0.17896
V356	0.03165	0.04155	0.12111	0.80569
V357	0.0998	0.31699	0.30563	0.27758
V358	0.53574	0.09519	0.05482	0.31425
V359	0.56116	0.0519	0.03753	0.34941
V360	0.52801	0.44071	0.0201	0.01118
V361	0.00052	0.43683	0.55708	0.00557
V362	0.00135	0.97149	0.02068	0.00648
V363	0.15308	0.09757	0.5142	0.23514
V364	0.13617	0.05243	0.72524	0.08616
V365	0.24612	0.03658	0.02342	0.69388
V366	0.06564	0.70355	0.08396	0.14685
V367	0.56203	0.13471	0.00673	0.29653
V368	0.07516	0.7551	0.08286	0.08688
V369	0.01381	0.38546	0.59543	0.0053
V370	0.27664	0.26083	0.43643	0.0261
V371	0.16808	0.74459	0.02826	0.05906
V372	0.14561	0.05377	0.1361	0.66453
V373	0.06662	0.11782	0.51513	0.30043
V374	0.751	0.02231	0.22652	0.00017
V375	0.03693	0.04935	0.16497	0.74876
V376	0.03086	0.04873	0.11938	0.80102
V377	0.78289	0.00512	0.01332	0.19867
V378	0.00771	0.03574	0.43837	0.51817
V379	0.31862	0.1922	0.01624	0.47293
V380	0.13363	0.06592	0.22238	0.57807
V381	0.7307	0.01381	0.09753	0.15796
V382	0.07002	0.04371	0.8796	0.00668
V383	0.83103	0.00922	0.05101	0.10874
V384	0.54946	0.06656	0.14344	0.24054
V385	0.85682	0.01682	0.07746	0.0489
V386	0.27809	0.01933	0.16211	0.54046
V387	0.58175	0.13484	0.2052	0.07821
V388	0.36096	0.32735	0.15889	0.15279
V389	0.39399	0.53446	0.01218	0.05937
V390	0.27054	0.24459	0.48002	0.00485
V391	0.3988	0.10074	0.02385	0.47662
V392	0.41321	0.20957	0.18133	0.19589
V393	0.26193	0.21143	0.38403	0.14261
V394	0.08065	0.22002	0.12404	0.5753
V395	0.20368	0.39115	0.21831	0.18686
V396	0.00781	0.96258	0.01004	0.01957
V397	0.77823	0.08126	0.10713	0.03338
V398	0.43339	0.12492	0.10575	0.33594
V399	0.17514	0.56816	0.15711	0.09958
V400	0.00097	0.58977	0.06853	0.34073
V401	0.02859	0.1366	0.76634	0.06847
V402	0.77325	0.18702	0.03967	7e-05
V403	0.02474	0.04735	0.09612	0.83179
V404	0.0756	0.17224	0.66405	0.08811
V405	0.19946	0.03397	0.18693	0.57963
V406	0.63585	0.2498	0.01863	0.09572
V407	0.00129	0.97845	0.01351	0.00675
V408	0.07762	0.22277	0.43729	0.26232
V409	0.00517	0.06599	0.05889	0.86995
V410	0.07545	0.87598	0.03007	0.01849
V411	0.41755	0.02089	0.00662	0.55495
V412	0.14031	0.06291	0.54304	0.25374
V413	0.04738	0.48544	0.19507	0.27211
V414	0.02835	0.50295	0.35033	0.11837
V415	0.42317	0.02699	0.25533	0.29452
V416	0.01383	0.09291	0.89208	0.00118
V417	0.35444	0.63338	0.00701	0.00516
V418	0.06187	0.10022	0.15992	0.678
V419	0.02587	0.03333	0.06793	0.87286
V420	5e-04	0.90098	0.01577	0.08275
V421	0.13561	0.03625	0.72401	0.10413
V422	0.04552	0.09096	0.02526	0.83826
V423	0.06786	0.03205	0.87999	0.0201
V424	0.00108	0.04814	0.65381	0.29697
V425	0.04663	0.21403	0.64113	0.09822
V426	0.07528	0.04276	0.82309	0.05888
V427	0.05781	0.38972	0.20945	0.34301
V428	0.07517	0.7931	0.05453	0.0772
V429	0.02345	0.03046	0.07566	0.87043
V430	0.74879	0.16577	0.01831	0.06713
V431	0.16064	0.02445	0.49166	0.32325
V432	0.095	0.09977	0.06037	0.74486
V433	0.04808	0.75075	0.00297	0.1982
V434	0.31855	0.07326	0.0606	0.54759
V435	0.49019	0.0149	0.13369	0.36121
V436	0.3597	0.01763	0.12767	0.495
V437	0.21232	0.23071	0.01123	0.54574
V438	0.60497	0.15325	0.03583	0.20595
V439	0.03373	0.12623	0.0237	0.81635
V440	0.46437	0.03844	0.0401	0.45709
V441	0.05589	0.10962	0.64733	0.18717
V442	0.30099	0.34052	0.14984	0.20866
V443	0.73749	0.00837	0.09728	0.15686
V444	0.01802	0.06058	0.92014	0.00126
V445	0.58937	0.02085	0.36416	0.02562
V446	0.02837	0.84968	0.05464	0.06732
V447	0.62559	0.08527	0.19265	0.0965
V448	0.01685	0.07045	0.21548	0.69722
V449	0.54467	0.03609	0.32375	0.09548
V450	0.12974	0.85078	0.01922	0.00027
V451	0.92264	0.05776	0	0.01961
V452	0.03508	0.03633	0.0969	0.83169
V453	0.81032	0.07053	0.06943	0.04972
V454	0.00069	0.93673	0.05039	0.0122
V455	0.58205	0.0308	0.32881	0.05835
V456	0.30592	0.10642	0.42671	0.16096
V457	0.00517	0.08568	0.0418	0.86735
V458	0.24658	0.22826	0.01058	0.51458
V459	0.01238	0.81	0.09243	0.08518
V460	0.94211	0.01649	0.02914	0.01226
V461	0.05852	0.06342	0.02706	0.851
V462	0.32756	0.24721	0.00392	0.42131
V463	0.23544	0.48492	0.16905	0.11058
V464	0.48936	0.0992	0.00822	0.40321
V465	0.38539	0.43885	0.02774	0.14801
V466	0.57355	0.18535	0.00611	0.23499
V467	0.29454	0.58953	0.08212	0.0338
V468	0.48443	0.41194	0.05294	0.05069
V469	0.01392	0.16302	0.31356	0.50949
V470	0.54061	0.11367	0.19736	0.14836
V471	0.24729	0.10509	0.04443	0.60319
V472	0.30319	0.33629	0.0033	0.35722
V473	0.08677	0.54556	0.34939	0.01828
V474	0.10701	0.01706	0.12386	0.75207
V475	0.16838	0.402	0.08799	0.34163
V476	0.14901	0.03104	0.07093	0.74901
V477	0.58669	0.03383	0.22533	0.15415
V478	0.1181	0.60515	0.00819	0.26857
V479	0.01299	0.07654	0.83392	0.07654
V480	0.07066	0.31214	0.05397	0.56323
V481	0.12596	0.03057	0.83086	0.01262
V482	0.69049	0.15751	0.11848	0.03351
V483	0.11419	0.11058	0.0858	0.68943
V484	0.02417	0.09798	0.04412	0.83373
V485	0.10515	0.75805	0.01352	0.12328
V486	0.25457	0.25797	0.1415	0.34596
V487	0.06609	0.05833	0.1034	0.77218
V488	0.00327	0.0284	0.87664	0.09169
V489	0.18993	0.0945	0.70396	0.01161
V490	0.32498	0.31448	0.0763	0.28423
V491	0.42379	0.48079	0.0357	0.05972
V492	0.02232	0.84099	0.13155	0.00515
V493	0.05003	0.03292	0.01979	0.89726
V494	0.17456	0.1388	0.56771	0.11893
V495	0.20361	0.63625	0.14211	0.01804
V496	0.25058	0.7064	0.0011	0.04192
V497	0.01373	0.03511	0.94261	0.00855
V498	0.29652	0.10137	0.06079	0.54132
V499	0.59386	0.27129	0.13017	0.00468
V500	0.08563	0.1105	0.76951	0.03435
V501	0.00628	0.03625	0.09041	0.86706
V502	0.5352	0.27785	0.16134	0.02561
V503	0.17941	0.08999	0.22213	0.50847
V504	0.21013	0.71808	0.01283	0.05896
V505	0.18092	0.2015	0.28226	0.33532
V506	0.07694	0.23437	0.49394	0.19474
V507	0.60814	0.09355	0.13156	0.16676
V508	0.74814	0.16729	0.04301	0.04156
V509	0.20735	0.05428	0.54982	0.18855
V510	0.20443	0.52114	0.26976	0.00466
V511	0.03996	0.42383	0.05236	0.48385
V512	0.22354	0.05212	0.09241	0.63193
V513	0.06608	0.65438	0.2193	0.06024
V514	0.02085	0.11305	0.0173	0.8488
V515	0.76851	0.05842	0.05156	0.12151
V516	0.89268	0.10119	0.00012	0.00601
V517	0.03368	0.03639	0.27831	0.65162
V518	0.94392	0.04962	6e-05	0.0064
V519	0.0209	0.87916	0.0078	0.09213
V520	0.02228	0.01631	0.64734	0.31406
V521	0.54052	0.04215	0.39162	0.02571
V522	0.00583	0.1113	0.61565	0.26722
V523	0.33549	0.11579	0.28738	0.26134
V524	0.00558	0.77774	0.19101	0.02567
V525	0.23669	0.20549	0.03362	0.5242
V526	0.6391	0.07526	0.08094	0.20471
V527	0.18429	0.02373	0.43342	0.35856
V528	0.0851	0.87106	0.00205	0.04179
V529	0.0515	0.06365	0.24571	0.63913
V530	0.00552	0.18491	0.71353	0.09604
V531	0.01768	0.86418	0.11787	0.00027
V532	0.1564	0.33054	0.0332	0.47986
V533	0.26476	0.35359	0.1507	0.23095
V534	0.00711	0.02514	0.73553	0.23222
V535	0.5294	0.00912	0.01767	0.44381
V536	0.17039	0.01056	0.40414	0.4149
V537	0.57096	0.25777	0.16041	0.01086
V538	0.43813	0.05185	0.09562	0.4144
V539	0.24929	0.43789	0.17032	0.1425
V540	0.1799	0.71367	0.07279	0.03365
V541	0.01362	0.51394	0.07004	0.4024
V542	0.17958	0.117	0.2807	0.42273
V543	0.87811	0.01102	0.01189	0.09898
V544	0.09152	0.08588	0.1907	0.63191
V545	0.34728	0.13744	0.07798	0.4373
V546	0.04002	0.888	0.06675	0.00523
V547	0.0297	0.64043	0.31863	0.01125
V548	0.13641	0.77516	0.0836	0.00483
V549	0.29401	0.0362	0.65813	0.01166
V550	0.56626	0.03447	0.00359	0.39567
V551	0.15725	0.75591	0.03656	0.05028
V552	0.0015	0.54096	0.01307	0.44447
V553	0.20339	0.13826	0.6399	0.01845
V554	0.04981	0.10561	0.0391	0.80549
V555	0.07843	0.2125	0.36599	0.34309
V556	0.00132	0.04824	0.92188	0.02856
V557	0.8129	0.02952	0.01169	0.14589
V558	0.05569	0.80178	0.02924	0.11329
V559	0.0095	0.7976	0.19261	0.00029
V560	0.65738	0.33686	0.00024	0.00552
V561	0.00194	0.05161	0.93766	0.00879
V562	0.77423	0.00923	0.12465	0.09189
V563	0.21753	0.02369	0.75274	0.00604
V564	0.04946	0.07782	0.86012	0.0126
V565	0.11038	0.24552	0.41385	0.23025
V566	0.69034	0.09584	0.00561	0.20821
V567	0.20056	0.45815	0.03023	0.31105
V568	0.22335	0.02047	0.06711	0.68906
V569	0.66387	0.0326	0.00221	0.30132
V570	0.0202	0.27053	0.64924	0.06003
V571	0.81178	0.13021	0	0.05801
V572	0.41512	0.01341	0.47731	0.09417
V573	0.05595	0.18788	0.01809	0.73809
V574	0.02952	0.78853	0.17073	0.01122
V575	0.01809	0.09363	0.14375	0.74452
V576	0.13477	0.81603	0.03794	0.01127
V577	0.03388	0.05194	0.23581	0.67836
V578	0.04596	0.05953	0.7222	0.1723
V579	0.00617	0.8826	0.09262	0.01861
V580	0.13574	0.02179	0.12945	0.71302
V581	0.06354	0.10637	0.01427	0.81582
V582	0.5702	0.14366	0.03624	0.2499
V583	0.00648	0.04551	0.62695	0.32106
V584	0.50078	0.14963	0.31573	0.03387
V585	0.00833	0.02441	0.47811	0.48914
V586	0.20843	0.01886	0.68809	0.08461
V587	0.23832	0.02293	0.71246	0.02628
V588	0.6143	0.04351	0.02874	0.31345
V589	0.04609	0.83165	0.06358	0.05868
V590	0.03975	0.76441	0.19086	0.00498
V591	0.0034	0.0541	0.23018	0.71232
V592	0.14026	0.05205	0.80694	0.00075
V593	0.5638	0.0039	0.2019	0.2304
V594	0.31532	0.28215	0.35968	0.04285
V595	0.03157	0.06113	0.0427	0.8646
V596	0.03007	0.27136	0.24523	0.45335
V597	0.00021	0.5735	0.3488	0.07749
V598	0.01511	0.11617	0.85594	0.01278
V599	0.60822	0.33103	0.03513	0.02563
V600	0.3386	0.48882	0.05439	0.11819
V601	0.14683	0.27277	0.09033	0.49007
V602	0.03379	0.06615	0.03303	0.86703
V603	0.00849	0.38059	0.02233	0.58859
V604	0.4948	0.11133	0.36811	0.02576
V605	0.05689	0.31517	0.433	0.19494
V606	0.72203	0.154	0.01125	0.11272
V607	0.63708	0.01332	0.11908	0.23051
V608	0.20195	0.14664	0.42298	0.22843
V609	0.02171	0.22661	0.25704	0.49464
V610	0.76216	0.02047	0.09699	0.12038
V611	0.26687	0.01831	0.06523	0.6496
V612	0.02109	0.08544	0.83428	0.05919
V613	0.02909	0.31639	0.62022	0.03429
V614	0.75893	0.05826	0.05156	0.13125
V615	0.12084	0.07418	0.02	0.78498
V616	0.06581	0.72241	0.04677	0.16501
V617	0.44335	0.1644	0.39215	1e-04
V618	0.70922	0.01357	0.002	0.27522
V619	0.36042	0.02856	0.34883	0.2622
V620	0.00628	0.65412	0.33436	0.00524
V621	0.41169	0.14551	0.19231	0.25049
V622	0.33473	0.21607	0.42319	0.02601
V623	0.01788	0.08294	0.16443	0.73475
V624	0.77377	0.2073	0	0.01893
V625	0.247	0.50714	0.10485	0.14101
V626	0.95068	0.03624	3e-05	0.01305
V627	0.00445	0.0571	0.10433	0.83411
V628	0.00338	0.24419	0.02816	0.72426
V629	0.11113	0.28182	0.30623	0.30083
V630	0.02889	0.31601	0.61263	0.04247
V631	0.0161	0.19585	0.11752	0.67052
V632	0.56366	0.00486	0.15072	0.28076
V633	9e-04	0.04305	0.84659	0.10946
V634	0.3747	0.26359	0.35701	0.0047
V635	0.0211	0.77212	0.0085	0.19828
V636	0.10624	0.09222	0.68521	0.11633
V637	0.28949	0.19039	0.09886	0.42126
V638	0.36224	0.25571	0.07623	0.30582
V639	0.24684	0.43087	0.3222	1e-04
V640	0.02918	0.14029	0.78807	0.04246
V641	0.88515	0.03919	0.0263	0.04935
V642	0.75565	0.17786	0	0.0665
V643	0.00575	0.17052	0.485	0.33874
V644	0.89812	0.08425	0.00552	0.01211
V645	0.24073	0.41077	0.33038	0.01812
V646	0.00935	0.97219	0.01199	0.00647
V647	0.12595	0.07948	0.74383	0.05074
V648	0.39078	0.44094	0.14257	0.02571
V649	0.02162	0.06277	0.86477	0.05084
V650	0.04651	0.08276	0.81154	0.05919
V651	0.27897	0.02167	0.69352	0.00585
V652	0.07686	0.08129	0.47739	0.36445
V653	0.10661	0.68185	0.10386	0.10768
V654	0.69107	0.19743	0.06107	0.05043
V655	0.03016	0.58215	0.02457	0.36312
V656	0.19014	0.27397	0.01764	0.51825
V657	0.02676	0.10643	0.02666	0.84015
V658	0.59525	0.20578	0.06232	0.13665
V659	0.30648	0.07696	0.40307	0.21349
V660	0.02444	0.95283	0.00305	0.01968
V661	0.04901	0.42449	0.0609	0.4656
V662	0.38278	0.01895	0.50322	0.09504
V663	0.2162	0.06444	0.61257	0.10679
V664	0.17883	0.06324	0.7158	0.04213
V665	0.68573	0.1847	0.04307	0.0865
V666	0.56254	0.00532	0.11107	0.32107
V667	0.74223	0.07762	0.1801	5e-05
V668	0.10754	0.80444	0.08787	0.00015
V669	0.21301	0.41376	0.27233	0.10089
V670	0.06796	0.91021	0.00261	0.01922
V671	0.34572	0.28034	0.28325	0.09069
V672	0.01622	0.04233	0.91356	0.02788
V673	0.21559	0.36612	0.25314	0.16514
V674	0.71625	0.1427	0.01854	0.12252
V675	0.12141	0.3174	0.35192	0.20926
V676	0.02602	0.11827	0.12129	0.73443
V677	0.36726	0.40949	0.10368	0.11957
V678	0.48565	0.49596	0.01342	0.00496
V679	0.03879	0.29861	0.65095	0.01164
V680	0.28316	0.55595	0.14279	0.0181
V681	0.89389	0.06828	0.01159	0.02624
V682	0.09674	0.28398	0.58487	0.03441
V683	0.01333	0.95889	0.02722	0.00055
V684	0.69428	0.15604	0.09927	0.05041
V685	0.47887	0.34699	0.13194	0.0422
V686	0.08044	0.175	0.16898	0.57558
V687	0.03391	0.04977	0.0464	0.86992
V688	0.35051	0.52422	0.00094	0.12433
V689	0.23463	0.01447	0.05868	0.69222
V690	0.44342	0.03993	0.45771	0.05895
V691	0.13792	0.02695	0.82868	0.00645
V692	0.06545	0.12578	0.74912	0.05965
V693	0.21222	0.09703	0.40852	0.28223
V694	0.00868	0.03939	0.32192	0.63001
V695	0.21948	0.01556	0.17483	0.59013
V696	0.06846	0.10375	0.02915	0.79864
V697	0.01884	0.0981	0.03032	0.85274
V698	0.81479	0.01078	0.01245	0.16198
V699	0.55427	0.28601	0.07159	0.08813
V700	0.21492	0.04191	0.0176	0.72557
V701	0.09847	0.53418	0.11803	0.24933
V702	0.52521	0.07953	0.01451	0.38075
V703	0.11773	0.0469	0.53009	0.30528
V704	0.81974	0.04378	0.02615	0.11033
V705	0.9512	0.00914	0.013	0.02666
V706	0.06514	0.0487	0.80958	0.07658
V707	0.02877	0.41849	0.51854	0.03419
V708	0.02882	0.88281	0.02166	0.06671
V709	0.11856	0.24848	0.56246	0.0705
V710	0.59421	0.20615	0.05323	0.14641
V711	0.07533	0.80759	0.09145	0.02563
V712	0.81317	0.05381	0.00502	0.128
V713	0.41722	0.30018	0.03722	0.24538
V714	0.00625	0.67769	0.02399	0.29206
V715	0.28145	0.32912	0.32809	0.06134
V716	0.03396	0.06611	0.06423	0.8357
V717	0.06898	0.91564	0.00285	0.01253
V718	0.13036	0.5692	0.19049	0.10995
V719	0.04662	0.72066	0.03848	0.19424
V720	0.68073	0.00612	0.2475	0.06566
V721	0.10865	0.1478	0.51709	0.22647
V722	0.08092	0.34603	0.01946	0.55359
V723	0.09878	0.10145	0.01965	0.78012
V724	0.56299	0.02715	0.09201	0.31785
V725	0.00093	0.09831	0.87315	0.0276
V726	0.03042	0.37735	0.13198	0.46025
V727	0.24362	0.65908	0.09264	0.00466
V728	0.02255	0.87805	0.09415	0.00525
V729	0.3829	0.01635	0.17951	0.42124
V730	0.89646	0.03422	0.04346	0.02586
V731	0.02073	0.18088	0.4314	0.367
V732	0.33001	0.06778	0.38942	0.2128
V733	0.63686	0.18336	0.03499	0.14479
V734	0.21623	0.29917	0.47974	0.00485
V735	0.01425	0.03261	0.51597	0.43717
V736	0.13617	0.03324	0.0228	0.80778
V737	0.31263	0.28108	0.2632	0.1431
V738	0.06648	0.31594	0.48761	0.12997
V739	0.00129	0.02711	0.63258	0.33902
V740	0.83065	0.08684	0.0712	0.01131
V741	0.46907	0.095	0.13616	0.29976
V742	0.37329	0.60993	0.0167	8e-05
V743	0.11644	0.13183	0.73297	0.01875
V744	0.49894	0.0361	0.35953	0.10543
V745	0.01222	0.6963	0.18569	0.10579
V746	0.97566	0.01609	0.0013	0.00695
V747	0.04691	0.01679	0.74124	0.19505
V748	0.10676	0.09032	0.63574	0.16717
V749	0.26165	0.17175	0.06044	0.50616
V750	0.39218	0.47154	0.01943	0.11684
V751	0.03714	0.87544	0.03758	0.04984
V752	0.44936	0.2198	0.14714	0.1837
V753	0.03372	0.07351	0.01824	0.87453
V754	0.00772	0.93188	0.00286	0.05754
V755	0.13303	0.17935	0.37796	0.30966
V756	0.02892	0.04268	0.0733	0.85509
V757	0.31429	0.59667	0.06332	0.02572
V758	0.03709	0.77308	0.12157	0.06826
V759	0.10891	0.05497	0.44002	0.3961
V760	0.27083	0.05133	0.30995	0.3679
V761	0.05639	0.57454	0.28971	0.07936
V762	0.00231	0.39124	0.02326	0.5832
V763	0.36693	0.35939	0.02882	0.24486
V764	0.00646	0.92737	0.00863	0.05754
V765	0.65242	0.08919	0.0017	0.2567
V766	0.0123	0.30106	0.47335	0.21328
V767	0.46764	0.11442	0.26865	0.14928
V768	0.048	0.91072	0.02261	0.01867
V769	0.12469	0.83388	0.03005	0.01138
V770	0.00935	0.97219	0.01199	0.00647
V771	0.14633	0.02944	0.81181	0.01242
V772	0.11737	0.05337	0.82318	0.00607
V773	0.14491	0.8358	0.00755	0.01174
V774	0.01794	0.03028	0.92346	0.02832
V775	0.09992	0.04217	0.31123	0.54668
V776	0.40945	0.42851	0.05395	0.10809
V777	0.15779	0.11143	0.15581	0.57497
V778	0.52444	0.27513	0.07238	0.12805
V779	0.15046	0.03871	0.53889	0.27194
V780	0.09859	0.76641	0.1349	1e-04
V781	0.04611	0.05927	0.04618	0.84844
V782	0.00608	0.11264	0.82215	0.05913
V783	0.78012	0.02061	0.05158	0.14768
V784	0.09702	0.88136	0.01611	0.00551
V785	0.03083	0.93442	0.01573	0.01901
V786	0.71267	0.15651	0.08923	0.04159
V787	0.00079	0.83367	0.16004	0.0055
V788	0.49342	0.30132	0.16293	0.04233
V789	0.06052	0.36751	0.03548	0.53648
V790	0.43157	0.03005	0.08616	0.45223
V791	0.12078	0.36565	0.36058	0.15298
V792	0.11911	0.54876	0.00857	0.32356
V793	0.10696	0.66796	0.03787	0.1872
V794	0.03769	0.07481	0.81953	0.06797
V795	0.09709	0.05778	0.0727	0.77243
V796	0.02289	0.0866	0.87061	0.0199
V797	0.73499	0.01003	0.24348	0.0115
V798	0.60139	0.29998	0.08069	0.01794
V799	0.11541	0.78827	0.02844	0.06788
V800	0.05657	0.0283	0.55595	0.35918
V801	0.12196	0.10737	0.3635	0.40717
V802	0.03155	0.07837	0.30142	0.58866
V803	0.20264	0.51828	0.27901	7e-05
V804	0.4973	0.0184	0.41735	0.06695
V805	0.02447	0.0403	0.93392	0.00131
V806	0.03823	0.91333	0.01473	0.0337
V807	0.2368	0.15328	0.04352	0.56639
V808	0.64856	0.27452	0.04344	0.03349
V809	0.03917	0.06531	0.89446	0.00105
V810	0.01164	0.97712	0.00427	0.00698
V811	0.40578	0.06771	0.22478	0.30173
V812	0.53546	0.26297	0.05372	0.14785
V813	0.58102	0.19045	0.20289	0.02564
V814	0.40654	0.54251	0.0462	0.00475
V815	0.00093	0.91587	0.07746	0.00573
V816	0.91111	0.01604	0.07261	0.00024
V817	0.02387	0.0818	0.88131	0.01303
V818	0.00448	0.09161	0.06124	0.84267
V819	0.82653	0.08051	0.05158	0.04138
V820	0.11631	0.10949	0.03329	0.7409
V821	0.20002	0.30468	0.42428	0.07102
V822	0.05881	0.03886	0.88228	0.02005
V823	0.02015	0.17449	0.71816	0.0872
V824	0.07936	0.36591	0.55437	0.00036
V825	0.20517	0.28132	0.2806	0.23291
V826	0.41026	0.41703	0.16188	0.01083
V827	0.35253	0.60897	0.01267	0.02583
V828	0.20377	0.16143	0.12177	0.51302
V829	0.03379	0.25143	0.04843	0.66635
V830	0.2028	0.22874	0.03405	0.53442
V831	0.76763	0.08573	0.03416	0.11248
V832	0.251	0.40155	0.18274	0.1647
V833	0.13155	0.51167	0.19347	0.16331
V834	0.27138	0.07347	0.09065	0.5645
V835	0.33969	0.45632	0.12435	0.07964
V836	0.00658	0.68466	0.01035	0.29841
V837	0.20415	0.37863	0.20734	0.20987
V838	0.91549	0.04959	0.02944	0.00549
V839	0.27784	0.61524	0.10225	0.00467
V840	0.26759	0.72189	0.01034	0.00018
V841	0.00109	0.05551	0.89214	0.05127
V842	0.33724	0.15607	0.28868	0.21801
V843	0.01427	0.03592	0.88267	0.06714
V844	0.09873	0.0812	0.4191	0.40096
V845	0.05603	0.09862	0.78591	0.05945
V846	0.00107	0.02992	0.77803	0.19098
V847	0.00704	0.03916	0.07335	0.88046
V848	0.07753	0.51087	0.18312	0.22847
V849	0.00083	0.95468	0.01026	0.03423
V850	0.96168	0.01092	0.01465	0.01275
V851	0.3101	0.53619	0.15371	0
V852	0.09335	0.05733	0.14982	0.6995
V853	0.22481	0.21169	0.44253	0.12098
V854	0.58687	0.16367	0.11204	0.13741
V855	0.00704	0.03916	0.07335	0.88046
V856	0.03764	0.33918	0.38492	0.23827
V857	0.66711	0.17386	0.0347	0.12434
V858	0.51921	0.02073	0.45476	0.00531
V859	0.64716	0.23864	0.01862	0.09559
V860	0.16892	0.11738	0.06462	0.64907
V861	0.07715	0.34225	0.56923	0.01137
V862	0.11512	0.08124	0.7614	0.04224
V863	0.18227	0.07788	0.01022	0.72963
V864	0.05992	0.05736	0.06818	0.81454
V865	0.0999	0.01798	0.29737	0.58476
V866	0.69889	0.02204	0.26769	0.01137
V867	0.69586	0.03165	0.26742	0.00506
V868	0.50108	0.27639	0.14333	0.0792
V869	0.0173	0.96506	0.01134	0.00629
V870	0.09102	0.34482	0.02658	0.53757
V871	0.00083	0.95468	0.01026	0.03423
V872	0.00972	0.03469	0.28027	0.67533
V873	0.88221	0.03289	0.05154	0.03336
V874	0.17813	0.78788	0.03387	0.00012
V875	0.01458	0.18773	0.22335	0.57433
V876	0.14202	0.31719	0.45036	0.09043
V877	0.03795	0.38727	0.32494	0.24983
V878	0.11758	0.8128	0.06951	0.00012
V879	0.17008	0.70704	0.04525	0.07764
V880	0.28378	0.56468	0.00615	0.1454
V881	0.12642	0.04089	0.64842	0.18426
V882	0.78724	0.00496	0.13408	0.07371
V883	0.25552	0.19758	0.54653	0.00036
V884	0.01971	0.29197	0.01028	0.67804
V885	0.6835	0.22336	0.09315	0
V886	0.01207	0.34744	0.50292	0.13757
V887	0.62571	0.05829	0.17141	0.14458
V888	0.08454	0.04735	0.78224	0.08587
V889	0.90851	0.05293	0.01959	0.01897
V890	0.02822	0.13095	0.66541	0.17542
V891	0.6044	0.04721	0.30677	0.04162
V892	0.25914	0.18539	0.01774	0.53773
V893	0.56839	0.20899	0.16252	0.0601
V894	0.05681	0.29454	0.61435	0.0343
V895	0.5802	0.05817	0.21632	0.14531
V896	0.03147	0.94041	0.0089	0.01922
V897	0.67471	0.26196	0.00474	0.05858
V898	0.43928	0.01216	0.01323	0.53533
V899	0.02364	0.18992	0.15841	0.62803
V900	0.06736	0.28069	0.40034	0.25161
V901	0.02913	0.84304	0.00765	0.12017
V902	0.04037	0.90439	0.04984	0.0054
V903	0.00546	0.40388	0.54839	0.04227
V904	0.01905	0.97001	0.00411	0.00683
V905	0.13272	0.01368	0.20087	0.65273
V906	0.38241	0.08702	0.11757	0.413
V907	0.40592	0.52396	0.01946	0.05066
V908	0.01297	0.07438	0.09306	0.81959
V909	0.11438	0.81689	0.0018	0.06693
V910	0.14559	0.01569	0.13966	0.69906
V911	0.49643	0.39981	0.03519	0.06857
V912	0.37265	0.3269	0.13735	0.16311
V913	0.11111	0.02526	0.02681	0.83682
V914	0.16223	0.49264	0.31097	0.03415
V915	0.20674	0.02092	0.02066	0.75168
V916	0.22164	0.05407	0.68226	0.04204
V917	0.70138	0.02773	0.17711	0.09377
V918	0.03725	0.63298	0.24167	0.0881
V919	0.18073	0.22245	0.32988	0.26695
V920	0.60559	0.19593	0.10096	0.09752
V921	0.02746	0.17646	0.04411	0.75198
V922	0.08653	0.4567	0.41413	0.04264
V923	0.07154	0.04172	0.06099	0.82575
V924	0.02889	0.66698	0.2783	0.02583
V925	0.16175	0.05086	0.02663	0.76076
V926	0.18126	0.03839	0.04248	0.73787
V927	0.02397	0.0671	0.07449	0.83444
V928	0.03805	0.89654	0.00767	0.05774
V929	0.04664	0.64879	0.13594	0.16864
V930	0.48974	0.37766	0.03539	0.09721
V931	0.11871	0.25951	0.55125	0.07052
V932	0.02832	0.10137	0.65299	0.21733
V933	0.56792	0.40814	0.01258	0.01136
V934	0.00728	0.14499	0.30205	0.54569
V935	0.54659	0.15634	0.22787	0.0692
V936	0.50889	0.27393	0.01968	0.1975
V937	0.52872	0.12402	0.09341	0.25386
V938	0.35174	0.04294	0.34026	0.26506
V939	0.74305	0.01985	0.0788	0.1583
V940	0.02039	0.7955	0.15053	0.03358
V941	0.00252	0.04134	0.94662	0.00951
V942	0.71966	0.19131	0.07102	0.01801
V943	0.36975	0.12043	0.45834	0.05148
V944	0.01585	0.27069	0.07555	0.6379
V945	0.53938	0.3627	0.0115	0.08642
V946	0.4335	0.2576	0.27489	0.03402
V947	0.07034	0.0535	0.25617	0.61999
V948	0.30619	0.03393	0.64129	0.01859
V949	0.00232	0.11453	0.22588	0.65726
V950	0.0472	0.53228	0.22692	0.1936
V951	0.8048	0.02363	0.16638	0.0052
V952	0.05912	0.12121	0.29292	0.52675
V953	0.01509	0.06172	0.89557	0.02762
V954	0.03226	0.1793	0.15837	0.63007
V955	0.1077	0.61054	0.02997	0.25178
V956	0.02984	0.02969	0.55292	0.38755
V957	0.3107	0.03149	0.00849	0.64933
V958	0.05003	0.03292	0.01979	0.89726
V959	0.21084	0.24755	0.47084	0.07076
V960	0.21627	0.27165	0.08925	0.42283
V961	0.11993	0.37745	0.38178	0.12085
V962	0.33975	0.15939	0.43067	0.07019
V963	0.58277	0.16563	0.17329	0.07831
V964	0.82861	0.0319	0.10621	0.03328
V965	0.04723	0.49733	0.20583	0.2496
V966	0.95528	0.02574	0.00625	0.01272
V967	0.04685	0.0417	0.57062	0.34083
V968	0.00052	0.14162	0.79899	0.05887
V969	0.00878	0.29458	0.0492	0.64743
V970	0.02935	0.10934	0.46424	0.39706
V971	0.47973	0.07825	0.36367	0.07835
V972	0.49347	0.19598	0.05494	0.25562
V973	0.24995	0.42474	0.08619	0.23911
V974	0.00534	0.78741	0.13086	0.07639
V975	0.08762	0.27931	0.6279	0.00517
V976	0.424	0.24298	0.12691	0.2061
V977	0.2943	0.3543	0.34672	0.00468
V978	0.05537	0.10276	0.08116	0.76072
V979	0.77496	0.02347	0.19643	0.00515
V980	0.97566	0.01609	0.0013	0.00695
V981	0.30965	0.02948	0.47443	0.18644
V982	0.42277	0.40574	0.08251	0.08897
V983	0.68593	0.06124	0.00625	0.24657
V984	0.01276	0.8429	0.11083	0.03351
V985	0.06507	0.20549	0.01679	0.71265
V986	0.30143	0.53589	0.05439	0.10829
V987	0.2161	0.76358	0.00156	0.01876
V988	0.19349	0.03369	0.02649	0.74633
V989	0.41917	0.48093	0.08189	0.018
V990	0.00083	0.05328	0.81728	0.1286
V991	0.61193	0.37599	0.00025	0.01182
V992	0.17945	0.01493	0.56144	0.24418
V993	0.05602	0.72852	0.17349	0.04198
V994	0.16571	0.79328	0.0297	0.0113
V995	0.73017	0.10342	0.03436	0.13205
V996	0.24657	0.12699	0.01951	0.60693
V997	0.01412	0.0278	0.84844	0.10964
V998	0.86552	0.01687	0.06863	0.04897
V999	0.10828	0.88279	0.00294	0.00599
V1000	0.28874	0.0395	0.00884	0.66292
