cytotoxic.CD56.dim.NK.cell	memory.CD4.pos.AB.T.cell	memory.B.cell	CD14.pos.CD16.neg.classical.monocyte
V1	0.56515	0.00877	0.17512	0.25095
V2	0.14997	0.08036	0.05721	0.71247
V3	0.04924	0.65336	0.01349	0.2839
V4	0.86309	0.11862	0	0.01829
V5	0.10228	0.48685	0.26406	0.14681
V6	0.06812	0.89467	0.01913	0.01808
V7	0.14133	0.36728	0.08745	0.40394
V8	0.12465	0.03318	0.81443	0.02774
V9	0.23952	0.23361	0.04003	0.48684
V10	0.01876	0.03907	0.89788	0.04429
V11	0.20389	0.35671	0.43395	0.00544
V12	0.02244	0.59998	0.36578	0.0118
V13	0.25445	0.72264	0.00496	0.01794
V14	0.06249	0.92553	0.00639	0.00558
V15	0.11154	0.6251	0.12032	0.14304
V16	0.91258	0.04493	0.0177	0.02478
V17	0.07771	0.89211	0.01208	0.0181
V18	0.57513	0.35172	0.04089	0.03226
V19	0.14841	0.8348	0.00536	0.01143
V20	0.16126	0.47968	0.02098	0.33808
V21	0.12512	0.05761	0.78959	0.02769
V22	0.01604	0.08211	0.22983	0.67201
V23	0.3799	0.04531	0.56885	0.00594
V24	0.92607	0.04223	0.03113	0.00056
V25	0.35274	0.22711	0.13542	0.28473
V26	0.39663	0.39692	0.01849	0.18795
V27	0.10088	0.05309	0.02695	0.81909
V28	0.00377	0.08586	0.90821	0.00216
V29	0.43936	0.03006	0.5047	0.02588
V30	0.09453	0.20095	0.30379	0.40073
V31	0.2015	0.17576	0.32229	0.30045
V32	0.08177	0.02628	0.04015	0.85179
V33	0.03912	0.5065	0.36749	0.08689
V34	0.12465	0.04354	0.80411	0.02771
V35	0.15077	0.74731	0.07676	0.02516
V36	0.00704	0.03305	0.51872	0.44119
V37	0.56532	0.05908	0.0988	0.27679
V38	0.43666	0.0048	0.1832	0.37534
V39	0.15698	0.58871	0.13039	0.12392
V40	0.09125	0.83699	0.07146	0.00031
V41	0.00577	0.70696	0.0451	0.24217
V42	0.22527	0.02214	0.22959	0.52299
V43	0.12458	0.33445	0.51429	0.02668
V44	0.01393	0.06459	0.7718	0.14968
V45	0.08936	0.61135	0.22222	0.07707
V46	0.80239	0.07415	0.11819	0.00526
V47	0.4576	0.17675	0.32387	0.04178
V48	0.80352	0.17418	0.00437	0.01793
V49	0.74299	0.18662	0	0.07039
V50	0.06002	0.85758	0.07731	0.0051
V51	0.30819	0.40578	0.26029	0.02574
V52	0.02463	0.1067	0.84049	0.02818
V53	0.7264	0.12559	0.14755	0.00046
V54	0.42778	0.18185	0.37205	0.01832
V55	0.21543	0.11145	0.26465	0.40847
V56	0.04611	0.01433	0.10399	0.83557
V57	0.08801	0.88106	0.01956	0.01136
V58	0.66044	0.00779	0.04315	0.28862
V59	0.43658	0.41718	0.10539	0.04085
V60	0.12921	0.13366	0.36021	0.37692
V61	0.82118	0.09844	0.01016	0.07022
V62	0.88432	0.03891	0.06542	0.01136
V63	0.01385	0.85554	0.11255	0.01806
V64	0.00715	0.8806	0.00085	0.11139
V65	0.01666	0.00745	0.12434	0.85154
V66	0.20467	0.72116	0.01792	0.05624
V67	0.14781	0.32508	0.51515	0.01196
V68	0.16018	0.14109	0.02757	0.67117
V69	0.02219	0.30143	0.63347	0.04292
V70	0.56385	0.13732	0.18669	0.11214
V71	0.16229	0.05647	0.41278	0.36846
V72	0.59835	0.14564	0.09742	0.15859
V73	0.14364	0.64238	0.13778	0.0762
V74	0.05642	0.22498	0.71734	0.00127
V75	0.71951	0.00848	0.19328	0.07874
V76	0.00068	0.16703	0.20396	0.62832
V77	0.03653	0.30755	0.01237	0.64355
V78	0.31563	0.09948	0.20346	0.38143
V79	0.00719	0.09052	0.82503	0.07726
V80	0.34878	0.02194	0.55449	0.07479
V81	0.05459	0.15993	0.77891	0.00657
V82	0.00233	0.08673	0.90247	0.00847
V83	0.13471	0.17078	0.08273	0.61179
V84	0.40963	0.0355	0.17598	0.37889
V85	0.10336	0.30611	0.43185	0.15869
V86	0.04403	0.05527	0.86475	0.03596
V87	0.02937	0.86427	0.05048	0.05588
V88	0.16594	0.04682	0.29975	0.48749
V89	0.01928	0.0141	0.2355	0.73112
V90	0.02285	0.91432	0.05137	0.01146
V91	0.03002	0.76336	0.18128	0.02535
V92	0.46182	0.02123	0.39769	0.11926
V93	0.89651	0.02025	0	0.08325
V94	0.0145	0.47435	0.02469	0.48646
V95	0.25631	0.44477	0.16284	0.13608
V96	0.07322	0.10015	0.03387	0.79276
V97	0.68961	0.10161	0.20358	0.0052
V98	0.67968	0.30882	0	0.0115
V99	0.80036	0.04963	0.14468	0.00533
V100	0.07484	0.04332	0.86085	0.02099
V101	0.02964	0.05935	0.01235	0.89866
V102	0.92455	0.0587	0.00492	0.01184
V103	0.01123	0.04791	0.11398	0.82688
V104	0.02615	0.9611	0.00699	0.00576
V105	0.05211	0.92877	0.0136	0.00552
V106	0.11216	0.52654	0.32734	0.03397
V107	0.18188	0.18687	0.5883	0.04295
V108	0.14192	0.76957	0.08819	0.00032
V109	0.01329	0.14136	0.63165	0.2137
V110	0.04915	0.89817	0.03463	0.01805
V111	0.91355	0.01346	0.06727	0.00572
V112	0.12629	0.04929	0.47064	0.35378
V113	0.1923	0.09241	0.1984	0.5169
V114	0.25389	0.03916	0.09175	0.6152
V115	0.00697	0.77167	0.21592	0.00544
V116	0.1382	0.30543	0.3972	0.15917
V117	0.6833	0.25213	0.03242	0.03214
V118	0.15699	0.60844	0.03542	0.19915
V119	0.11711	0.07317	0.05934	0.75038
V120	0.07514	0.0735	0.83778	0.01358
V121	0.62055	0.1158	0.09687	0.16678
V122	0.95619	0.01937	0.01243	0.01202
V123	0.00615	0.54178	0.04867	0.4034
V124	0.65887	0.2941	0	0.04704
V125	0.38639	0.42244	0.1732	0.01797
V126	0.03833	0.15029	0.06028	0.75111
V127	0.16624	0.03847	0.28845	0.50684
V128	0.03389	0.01443	0.13493	0.81675
V129	0.59043	0.22418	0.16028	0.02511
V130	0.00688	0.67145	0.31608	0.00558
V131	0.02274	0.91411	0.00065	0.0625
V132	0.93926	0.01647	0.02604	0.01823
V133	0.91463	0.02415	0.0497	0.01152
V134	0.10508	0.40393	0.13875	0.35225
V135	0.07981	0.01771	0.20833	0.69415
V136	0.24404	0.41691	0.01309	0.32596
V137	0.663	0.0338	0.24735	0.05584
V138	0.21079	0.41174	0.18871	0.18876
V139	0.36526	0.19361	0.21081	0.23032
V140	0.03098	0.09267	0.06514	0.81121
V141	0.06007	0.1393	0.58283	0.2178
V142	0.78198	0.0192	0.19811	7e-04
V143	0.44687	0.25817	0.07155	0.22341
V144	0.169	0.14366	0.18763	0.49972
V145	0.00094	0.77874	0.21476	0.00556
V146	0.06421	0.01728	0.04448	0.87403
V147	0.9229	0.02779	0.01765	0.03166
V148	0.12415	0.06408	0.61911	0.19265
V149	0.25585	0.52664	0.2124	0.00511
V150	0.08073	0.23006	0.61952	0.06968
V151	0.19884	0.65659	0.034	0.11057
V152	0.23018	0.45718	0.22536	0.08728
V153	0.09747	0.78519	0.01856	0.09878
V154	0.23733	0.4653	0.2715	0.02587
V155	0.48772	0.13137	0.29551	0.0854
V156	0.03092	0.1273	0.72726	0.11452
V157	0.31042	0.1432	0.33747	0.20891
V158	0.02985	0.00499	0.05229	0.91287
V159	0.89176	0.06927	0	0.03897
V160	0.71276	0.00893	0.06687	0.21144
V161	0.22407	0.00982	0.04039	0.72571
V162	0.0638	0.31165	0.0911	0.53345
V163	0.09147	0.51258	0.17715	0.21879
V164	0.3492	0.30985	0.11315	0.2278
V165	0.01013	0.29326	0.0067	0.68991
V166	0.00968	0.10458	0.08653	0.79921
V167	0.3717	0.00365	0.01258	0.61207
V168	0.27905	0.5937	0.07791	0.04934
V169	0.19755	0.05119	0.04713	0.70414
V170	0.10297	0.02312	0.56245	0.31146
V171	0.12484	0.23332	0.60685	0.035
V172	0.71282	0.01665	0.26493	0.0056
V173	0.02851	0.15325	0.05175	0.76649
V174	0.0171	0.17153	0.08962	0.72174
V175	0.06067	0.02839	0.80045	0.1105
V176	0.00704	0.82918	0.15839	0.00539
V177	0.00999	0.97691	7e-04	0.01241
V178	0.00608	0.80134	0.00683	0.18575
V179	0.1605	0.014	0.41726	0.40825
V180	0.02698	0.89988	0.07282	0.00031
V181	0.15994	0.11887	0.57541	0.14578
V182	0.30078	0.17157	0.47627	0.05138
V183	0.17025	0.81876	0.00566	0.00532
V184	0.96499	0.02117	0.0131	0.00074
V185	0.55767	0.42576	0.01141	0.00515
V186	0.11327	0.49746	0.27292	0.11635
V187	0.9459	0.0205	0.02776	0.00584
V188	0.05877	0.25321	0.00613	0.68189
V189	0.83324	0.02258	0.0174	0.12678
V190	0.65566	0.02335	0.31536	0.00562
V191	0.18203	0.19856	0.58468	0.03473
V192	0.30156	0.48439	0.05213	0.16192
V193	0.61701	0.03175	0.24267	0.10856
V194	0.03239	0.94328	0.00597	0.01836
V195	0.01404	0.05922	0.91809	0.00866
V196	0.01558	0.09348	0.02335	0.86759
V197	0.43172	0.0448	0.0309	0.49257
V198	0.05921	0.51633	0.3736	0.05086
V199	0.16874	0.02323	0.20027	0.60776
V200	0.12316	0.59764	0.02006	0.25914
V201	0.09025	0.58044	0.19465	0.13467
V202	0.01521	0.03298	0.79638	0.15544
V203	0.15733	0.43616	0.38793	0.01858
V204	0.00664	0.57213	0.00922	0.412
V205	0.0189	0.07397	0.89268	0.01446
V206	0.04657	0.10616	0.8402	0.00707
V207	0.13424	0.19424	0.0628	0.60872
V208	0.247	0.07068	0.66987	0.01245
V209	0.30144	0.4851	0.07033	0.14313
V210	0.07716	0.79626	0.08601	0.04057
V211	0.44061	0.01415	0.04025	0.50499
V212	0.50919	0.04299	0.42946	0.01837
V213	0.65862	0.02844	0.1139	0.19904
V214	0.34141	0.1505	0.17928	0.32882
V215	0.30348	0.09329	0.02488	0.57835
V216	0.05153	0.00395	0.0432	0.90133
V217	0.03913	0.51054	0.24282	0.2075
V218	0.09231	0.46435	0.17957	0.26376
V219	0.09987	0.67326	0.01259	0.21428
V220	0.0061	0.85802	0.00619	0.12969
V221	0.82587	0.01103	0.00515	0.15796
V222	0.32012	0.12357	0.3906	0.16571
V223	0.00679	0.13496	0.78949	0.06875
V224	0.9532	0.0197	0.02641	7e-04
V225	0.05075	0.89187	0.05215	0.00523
V226	0.30445	0.08478	0.59863	0.01214
V227	0.78709	0.01273	0.18877	0.0114
V228	0.79373	0.06232	0.0649	0.07906
V229	0.01965	0.05022	0.90819	0.02194
V230	0.02072	0.04263	0.04082	0.89584
V231	0.01446	0.28845	0.12386	0.57323
V232	0.04055	0.6909	0.0019	0.26666
V233	0.58438	0.07979	0.20648	0.12936
V234	0.03201	0.92882	0.02765	0.01152
V235	0.37463	0.06157	0.53761	0.02618
V236	0.04147	0.07062	0.81934	0.06857
V237	0.1683	0.011	0.04347	0.77722
V238	0.12277	0.57263	0.26257	0.04204
V239	0.06329	0.42783	0.02387	0.48501
V240	0.49168	0.0397	0.42759	0.04103
V241	0.0178	0.03643	0.88579	0.05998
V242	0.11922	0.78412	0.08553	0.01113
V243	0.23566	0.04504	0.65183	0.06747
V244	0.19916	0.0238	0.70207	0.07497
V245	0.60551	0.29732	0.04908	0.04809
V246	0.05262	0.15145	0.77574	0.02019
V247	0.16373	0.04985	0.78492	0.0015
V248	0.02652	0.04112	0.06463	0.86774
V249	0.00157	0.05886	0.87946	0.06011
V250	0.76324	0.01502	0.21622	0.00552
V251	0.93417	0.05444	0.00549	0.00591
V252	0.00985	0.84884	0.14089	0.00042
V253	0.37582	0.06108	0.178	0.3851
V254	0.00797	0.94083	0.04566	0.00553
V255	0.04062	0.9265	0.00055	0.03233
V256	0.17144	0.20491	0.54462	0.07902
V257	0.43526	0.08961	0.25082	0.2243
V258	0.17335	0.25767	0.45088	0.1181
V259	0.03142	0.29112	0.64253	0.03494
V260	0.00152	0.29453	0.6973	0.00665
V261	0.63219	0.03004	0.20256	0.13521
V262	0.09998	0.06181	0.02642	0.81179
V263	0.01659	0.96415	0.00058	0.01868
V264	0.16027	0.03322	0.46679	0.33972
V265	0.03367	0.00681	0.16602	0.79351
V266	0.62569	0.36745	0.00648	0.00039
V267	0.00055	0.17148	0.31367	0.5143
V268	0.39589	0.0206	0.1555	0.42801
V269	0.00594	0.56788	0.38447	0.04171
V270	0.6538	0.02584	0.24805	0.07231
V271	0.81903	0.06223	0.03189	0.08685
V272	0.04806	0.85146	0.01187	0.08861
V273	0.0606	0.02773	0.05168	0.85998
V274	0.71213	0.00776	0.18439	0.09572
V275	0.0026	0.06496	0.92325	0.00919
V276	0.51093	0.34212	0.01068	0.13626
V277	0.03292	0.20594	0.17988	0.58125
V278	0.03352	0.05221	0.32721	0.58706
V279	0.71016	0.05294	0.11203	0.12486
V280	0.02985	0.00499	0.05229	0.91287
V281	0.5609	0.02738	0.14714	0.26459
V282	0.05158	0.07245	0.82422	0.05175
V283	0.20206	0.60547	0.06098	0.13148
V284	0.02399	0.91783	0.05283	0.00536
V285	0.07502	0.04821	0.87491	0.00187
V286	0.23759	0.56858	0.10837	0.08545
V287	0.08764	0.8823	0.012	0.01807
V288	0.01311	0.26884	0.45727	0.26077
V289	0.279	0.21205	0.4395	0.06946
V290	0.80741	0.17883	0.01331	0.00045
V291	0.48759	0.06954	0.43126	0.01161
V292	0.93745	0.01678	0	0.04577
V293	0.28769	0.02834	0.64985	0.03411
V294	0.08618	0.39208	0.00393	0.51782
V295	0.01484	0.17401	0.21399	0.59716
V296	0.16957	0.11447	0.63808	0.07787
V297	0.07863	0.00445	0.0919	0.82503
V298	0.29351	0.10226	0.59213	0.01211
V299	0.06644	0.29334	0.01881	0.62142
V300	0.00108	0.03643	0.26512	0.69737
V301	0.11298	0.10458	0.67692	0.10551
V302	0.63748	0.351	0	0.01152
V303	0.00056	0.60781	0.36567	0.02596
V304	0.05017	0.03378	0.76736	0.1487
V305	0.11512	0.14701	0.49611	0.24176
V306	0.82191	0.09084	0.04812	0.03913
V307	0.01573	0.95888	0.01357	0.01182
V308	0.22621	0.22039	0.3197	0.23371
V309	0.33402	0.31981	0.02803	0.31814
V310	0.07287	0.32056	0.16338	0.44319
V311	0.50108	0.48864	0.00509	0.00519
V312	0.08839	0.76094	0.13261	0.01806
V313	0.00088	0.1309	0.03086	0.83736
V314	0.01334	0.49701	0.1167	0.37296
V315	0.11103	0.6559	0.03555	0.19752
V316	0.30675	0.12442	0.41264	0.15619
V317	0.07781	0.73137	0.04349	0.14733
V318	0.03133	0.58647	0.01476	0.36744
V319	0.05339	0.07029	0.84816	0.02816
V320	0.07015	0.13451	0.67983	0.11551
V321	0.61568	0.37749	0.00645	0.00038
V322	0.18996	0.32903	0.07721	0.40381
V323	0.05421	0.02307	0.11007	0.81265
V324	0.66061	0.25523	0.06645	0.01771
V325	0.29115	0.65297	0.05089	0.00498
V326	0.00032	0.58545	0.09349	0.32075
V327	0.01674	0.14665	0.12082	0.7158
V328	0.04083	0.03412	0.76772	0.15733
V329	0.16937	0.10294	0.1885	0.53919
V330	0.38433	0.01241	0.35613	0.24712
V331	0.35312	0.08059	0.04934	0.51694
V332	0.00875	0.04898	0.21314	0.72913
V333	0.42197	0.06789	0.40668	0.10346
V334	0.34785	0.01302	0.38089	0.25824
V335	0.02131	0.33049	0.53242	0.11578
V336	0.16205	0.72893	0.01819	0.09083
V337	0.27297	0.40761	0.29354	0.02588
V338	0.00092	0.9845	0.0085	0.00608
V339	0.11954	0.03936	0.83373	0.00736
V340	0.04985	0.21477	0.55861	0.17677
V341	0.0248	0.03798	0.08405	0.85318
V342	0.23309	0.0196	0.62803	0.11928
V343	0.95736	0.03059	0.00595	0.0061
V344	0.66791	0.15507	0.17656	0.00046
V345	0.02031	0.07359	0.90415	0.00195
V346	0.2258	0.10143	0.31021	0.36256
V347	0.04277	0.01305	0.15243	0.79175
V348	0.04787	0.68225	0.13888	0.131
V349	0.34247	0.1555	0.40513	0.0969
V350	0.02594	0.81418	0.15946	0.00042
V351	0.01534	0.03124	0.43419	0.51923
V352	0.04298	0.03664	0.85242	0.06796
V353	0.88871	0.02534	0.03225	0.0537
V354	0.03903	0.71463	0.21326	0.03308
V355	0.26677	0.06807	0.49159	0.17358
V356	0.03313	0.02513	0.12308	0.81866
V357	0.1046	0.32973	0.29792	0.26774
V358	0.55405	0.09669	0.05242	0.29683
V359	0.58301	0.05082	0.03557	0.33061
V360	0.53436	0.43653	0.01804	0.01107
V361	0.001	0.46006	0.53279	0.00614
V362	0.00102	0.97726	0.01578	0.00594
V363	0.1616	0.10602	0.50367	0.22871
V364	0.14582	0.06233	0.70594	0.08591
V365	0.2692	0.02583	0.02061	0.68436
V366	0.06767	0.71325	0.07952	0.13956
V367	0.57988	0.13521	0.00568	0.27923
V368	0.0774	0.76143	0.07816	0.08301
V369	0.0152	0.40831	0.5705	0.00599
V370	0.28705	0.2714	0.41528	0.02627
V371	0.17195	0.74589	0.02572	0.05644
V372	0.15873	0.04874	0.13694	0.65559
V373	0.07082	0.12689	0.50883	0.29345
V374	0.76518	0.02576	0.20844	0.00062
V375	0.03923	0.03875	0.16852	0.7535
V376	0.03223	0.03372	0.12116	0.8129
V377	0.79827	0.0053	0.01181	0.18462
V378	0.00724	0.03254	0.44409	0.51614
V379	0.3374	0.19542	0.01448	0.4527
V380	0.14429	0.06532	0.22309	0.5673
V381	0.74388	0.01551	0.09265	0.14797
V382	0.07756	0.05665	0.85838	0.00741
V383	0.84003	0.01085	0.04789	0.10123
V384	0.5667	0.06885	0.13754	0.22692
V385	0.86263	0.01897	0.07236	0.04603
V386	0.29896	0.01452	0.16064	0.52588
V387	0.59292	0.13834	0.19406	0.07468
V388	0.3701	0.33277	0.15174	0.1454
V389	0.40083	0.53212	0.01072	0.05633
V390	0.28303	0.25591	0.45559	0.00547
V391	0.4223	0.09974	0.02198	0.45598
V392	0.42607	0.21422	0.17396	0.18575
V393	0.27204	0.22001	0.36985	0.1381
V394	0.08609	0.22854	0.12372	0.56165
V395	0.21064	0.40017	0.21063	0.17855
V396	0.00794	0.96681	0.0067	0.01854
V397	0.78465	0.08343	0.10001	0.03192
V398	0.4505	0.12772	0.10223	0.31955
V399	0.17996	0.57489	0.14962	0.09553
V400	0.00039	0.6077	0.06467	0.32723
V401	0.03119	0.15163	0.7482	0.06898
V402	0.7785	0.18568	0.0354	0.00042
V403	0.0253	0.02874	0.09578	0.85018
V404	0.08058	0.18626	0.64563	0.08752
V405	0.2154	0.03004	0.18676	0.56779
V406	0.64317	0.24952	0.01713	0.09018
V407	0.00092	0.9845	0.0085	0.00608
V408	0.08175	0.23474	0.42877	0.25473
V409	0.00148	0.04023	0.05223	0.90606
V410	0.07765	0.87769	0.02667	0.01798
V411	0.4489	0.01128	0.00423	0.53559
V412	0.14891	0.06978	0.53377	0.24753
V413	0.0492	0.50016	0.18962	0.26102
V414	0.02982	0.51825	0.33696	0.11497
V415	0.44252	0.02792	0.24787	0.28169
V416	0.0155	0.10728	0.87546	0.00176
V417	0.3614	0.62818	0.00521	0.00521
V418	0.0669	0.09784	0.16173	0.67353
V419	0.02658	0.00609	0.06111	0.90622
V420	0.00042	0.9085	0.01255	0.07853
V421	0.14528	0.04454	0.70665	0.10352
V422	0.04924	0.07372	0.02067	0.85637
V423	0.07484	0.04332	0.86085	0.02099
V424	0.00093	0.05265	0.65188	0.29454
V425	0.04975	0.229	0.62379	0.09745
V426	0.08184	0.05338	0.80499	0.05979
V427	0.06029	0.40394	0.20476	0.33102
V428	0.07726	0.79811	0.05096	0.07367
V429	0.02375	0.00645	0.06968	0.90013
V430	0.75419	0.16574	0.017	0.06308
V431	0.17117	0.02643	0.48644	0.31595
V432	0.10453	0.0928	0.05896	0.74371
V433	0.04934	0.76204	0.00128	0.18734
V434	0.34064	0.07107	0.0589	0.52939
V435	0.51311	0.01334	0.12964	0.34391
V436	0.38342	0.01372	0.12573	0.47713
V437	0.22622	0.23579	0.009	0.52899
V438	0.61858	0.15427	0.03382	0.19334
V439	0.03523	0.1135	0.01921	0.83205
V440	0.49083	0.03554	0.03816	0.43547
V441	0.0598	0.12027	0.63555	0.18437
V442	0.31008	0.3474	0.14433	0.19818
V443	0.75091	0.00991	0.0923	0.14688
V444	0.02031	0.07359	0.90415	0.00195
V445	0.60678	0.02541	0.34268	0.02513
V446	0.0292	0.85584	0.05065	0.06431
V447	0.63671	0.0892	0.18222	0.09187
V448	0.0167	0.06424	0.22026	0.6988
V449	0.56072	0.04062	0.30708	0.09158
V450	0.13239	0.85252	0.01486	0.00023
V451	0.9232	0.05829	0	0.01851
V452	0.03711	0.01596	0.09671	0.85023
V453	0.81543	0.07267	0.06495	0.04694
V454	0.00068	0.94283	0.04477	0.01172
V455	0.59793	0.03516	0.31061	0.0563
V456	0.31848	0.11428	0.41153	0.15571
V457	0.00127	0.06107	0.03513	0.90253
V458	0.26205	0.23361	0.00856	0.49578
V459	0.01293	0.81891	0.08667	0.08149
V460	0.94343	0.01808	0.02672	0.01177
V461	0.06442	0.04211	0.02239	0.87108
V462	0.34514	0.25178	0.00224	0.40083
V463	0.24188	0.49116	0.16098	0.10598
V464	0.5124	0.09868	0.00685	0.38207
V465	0.39364	0.44116	0.02568	0.13951
V466	0.58805	0.18615	0.00518	0.22063
V467	0.30039	0.58962	0.07711	0.03288
V468	0.49116	0.41087	0.04952	0.04845
V469	0.01402	0.17025	0.31504	0.50069
V470	0.55353	0.11776	0.18809	0.14062
V471	0.26625	0.10367	0.04268	0.5874
V472	0.31652	0.34211	0.00177	0.33961
V473	0.09058	0.55871	0.33216	0.01854
V474	0.11864	0.00445	0.12461	0.7523
V475	0.17559	0.41256	0.08501	0.32684
V476	0.16438	0.01848	0.06992	0.74723
V477	0.60189	0.03711	0.21494	0.14606
V478	0.12259	0.6162	0.00637	0.25484
V479	0.01446	0.08926	0.81888	0.0774
V480	0.07499	0.32407	0.05202	0.54892
V481	0.1375	0.04106	0.80801	0.01344
V482	0.69719	0.15962	0.1109	0.03229
V483	0.12439	0.10783	0.08573	0.68205
V484	0.02457	0.08261	0.04031	0.85251
V485	0.10815	0.76354	0.01166	0.11665
V486	0.26531	0.26538	0.13779	0.33152
V487	0.072	0.04704	0.10391	0.77704
V488	0.00325	0.03726	0.86698	0.09251
V489	0.20348	0.10685	0.67724	0.01244
V490	0.33624	0.32071	0.07323	0.26981
V491	0.43068	0.47928	0.03319	0.05686
V492	0.02316	0.84957	0.12203	0.00525
V493	0.05219	0.00417	0.01437	0.92927
V494	0.18352	0.14973	0.54987	0.11687
V495	0.20906	0.63959	0.13336	0.018
V496	0.25579	0.70427	2e-05	0.03993
V497	0.01573	0.04787	0.92738	0.00903
V498	0.31682	0.10087	0.05916	0.52316
V499	0.60218	0.27188	0.1209	0.00503
V500	0.09241	0.12447	0.74787	0.03524
V501	0.00319	0.01101	0.0803	0.9055
V502	0.5443	0.27948	0.15111	0.0251
V503	0.19187	0.09233	0.22102	0.49478
V504	0.21479	0.71799	0.01107	0.05614
V505	0.19036	0.20941	0.27614	0.32409
V506	0.08105	0.24694	0.48274	0.18927
V507	0.62076	0.09676	0.1254	0.15707
V508	0.75277	0.16753	0.04022	0.03948
V509	0.21875	0.06118	0.53683	0.18325
V510	0.21178	0.52945	0.2536	0.00517
V511	0.04152	0.43994	0.05011	0.46843
V512	0.2423	0.04765	0.09198	0.61807
V513	0.06852	0.66489	0.208	0.05859
V514	0.01984	0.09198	0.01171	0.87647
V515	0.77739	0.06056	0.04849	0.11356
V516	0.89357	0.10048	0	0.00595
V517	0.03564	0.02876	0.28376	0.65183
V518	0.94392	0.04984	0	0.00624
V519	0.0215	0.88544	0.00575	0.08731
V520	0.02359	0.01904	0.646	0.31137
V521	0.55796	0.04769	0.36902	0.02533
V522	0.00604	0.12073	0.60985	0.26338
V523	0.34969	0.12096	0.27901	0.25034
V524	0.00601	0.78898	0.17978	0.02523
V525	0.25158	0.21053	0.03174	0.50615
V526	0.65321	0.07741	0.07722	0.19215
V527	0.19622	0.02518	0.42949	0.34911
V528	0.08719	0.87265	0.00038	0.03978
V529	0.05557	0.0602	0.24968	0.63455
V530	0.00616	0.20085	0.69705	0.09594
V531	0.01805	0.87535	0.10626	0.00034
V532	0.16563	0.34117	0.03121	0.46199
V533	0.27374	0.36139	0.14544	0.21944
V534	0.00753	0.02949	0.73209	0.23089
V535	0.55885	0.00343	0.0152	0.42251
V536	0.18292	0.00956	0.40197	0.40554
V537	0.57959	0.25982	0.14957	0.01102
V538	0.46069	0.05159	0.09346	0.39426
V539	0.25631	0.44477	0.16284	0.13608
V540	0.18391	0.71529	0.06808	0.03272
V541	0.01368	0.5323	0.06671	0.38731
V542	0.19069	0.12202	0.27742	0.40987
V543	0.88475	0.01263	0.01091	0.09171
V544	0.09901	0.08508	0.19235	0.62357
V545	0.36663	0.13953	0.07616	0.41768
V546	0.04137	0.89293	0.06047	0.00523
V547	0.03131	0.65543	0.30167	0.01159
V548	0.14049	0.7774	0.07707	0.00503
V549	0.31294	0.04446	0.63028	0.01231
V550	0.5932	0.03019	0.00196	0.37466
V551	0.16082	0.7573	0.03358	0.0483
V552	0.00044	0.56087	0.00979	0.4289
V553	0.216	0.15023	0.61464	0.01914
V554	0.05383	0.0943	0.03572	0.81616
V555	0.08282	0.22309	0.36047	0.33362
V556	0.00197	0.06025	0.90822	0.02956
V557	0.82377	0.03012	0.01069	0.13541
V558	0.05729	0.80885	0.02643	0.10743
V559	0.00967	0.81267	0.17721	0.00045
V560	0.66176	0.33269	0	0.00555
V561	0.0026	0.06496	0.92325	0.00919
V562	0.78455	0.01179	0.11726	0.08641
V563	0.23547	0.03287	0.72498	0.00668
V564	0.05455	0.09166	0.84021	0.01358
V565	0.11614	0.25765	0.40332	0.22289
V566	0.70418	0.09622	0.00485	0.19474
V567	0.20852	0.46693	0.02813	0.29642
V568	0.24463	0.00896	0.06581	0.6806
V569	0.68599	0.03001	0.0011	0.2829
V570	0.02187	0.28838	0.62954	0.06021
V571	0.81655	0.12934	0	0.05411
V572	0.4327	0.01842	0.45751	0.09137
V573	0.0602	0.18703	0.01445	0.73832
V574	0.03071	0.79823	0.15972	0.01133
V575	0.01783	0.08665	0.1463	0.74922
V576	0.13827	0.81621	0.03435	0.01117
V577	0.03584	0.04505	0.2408	0.67831
V578	0.04953	0.06868	0.71098	0.17081
V579	0.00653	0.88995	0.08542	0.0181
V580	0.14964	0.00965	0.13037	0.71033
V581	0.06936	0.0916	0.00962	0.82941
V582	0.58545	0.14493	0.03432	0.2353
V583	0.00663	0.04958	0.62552	0.31827
V584	0.51445	0.15489	0.29745	0.03321
V585	0.00794	0.02103	0.48349	0.48754
V586	0.22264	0.02584	0.66754	0.08398
V587	0.25505	0.03095	0.68718	0.02682
V588	0.63488	0.04257	0.02698	0.29556
V589	0.0475	0.83698	0.05932	0.05619
V590	0.04144	0.77465	0.17871	0.00521
V591	0.00109	0.04364	0.23476	0.72051
V592	0.15291	0.06379	0.78188	0.00143
V593	0.58282	0.0057	0.1935	0.21798
V594	0.32505	0.29093	0.34166	0.04235
V595	0.03333	0.03782	0.0379	0.89096
V596	0.03134	0.28392	0.24283	0.44191
V597	0.00035	0.5893	0.33478	0.07557
V598	0.01697	0.13266	0.8367	0.01367
V599	0.61316	0.32949	0.03255	0.02481
V600	0.34598	0.4909	0.05122	0.1119
V601	0.15578	0.28238	0.08886	0.47298
V602	0.03593	0.04179	0.0277	0.89458
V603	0.00747	0.39649	0.019	0.57704
V604	0.51068	0.11727	0.34652	0.02554
V605	0.05981	0.32958	0.4214	0.1892
V606	0.7299	0.15439	0.01024	0.10547
V607	0.65507	0.01392	0.1139	0.21711
V608	0.21191	0.15551	0.41173	0.22085
V609	0.02242	0.23751	0.25636	0.48371
V610	0.77271	0.02286	0.0917	0.11273
V611	0.29109	0.00825	0.06382	0.63684
V612	0.02325	0.09896	0.81765	0.06013
V613	0.03119	0.33539	0.59861	0.03481
V614	0.76806	0.06049	0.04858	0.12287
V615	0.13469	0.05967	0.01623	0.78942
V616	0.06776	0.73232	0.04364	0.15628
V617	0.46036	0.17159	0.36737	0.00067
V618	0.73051	0.01077	0.00092	0.25781
V619	0.37791	0.03111	0.33907	0.25191
V620	0.00688	0.67145	0.31608	0.00558
V621	0.42669	0.14957	0.18561	0.23813
V622	0.34705	0.22477	0.40209	0.02609
V623	0.01769	0.07582	0.16778	0.7387
V624	0.77704	0.20487	0	0.01809
V625	0.2532	0.51267	0.10008	0.13405
V626	0.95102	0.03668	0	0.0123
V627	0.00139	0.0363	0.10264	0.85967
V628	0.00082	0.24991	0.02364	0.72563
V629	0.11662	0.29347	0.29924	0.29067
V630	0.03098	0.33455	0.59169	0.04278
V631	0.01582	0.20167	0.11786	0.66466
V632	0.58515	0.00426	0.14429	0.2663
V633	0.00129	0.05184	0.83651	0.11036
V634	0.38735	0.27137	0.33602	0.00526
V635	0.02154	0.78444	0.00649	0.18753
V636	0.11309	0.10364	0.668	0.11527
V637	0.30443	0.19559	0.09686	0.40312
V638	0.37575	0.26053	0.07339	0.29033
V639	0.25666	0.44038	0.30238	0.00058
V640	0.03204	0.15661	0.76789	0.04345
V641	0.88841	0.04099	0.02439	0.04621
V642	0.76119	0.1767	0	0.06211
V643	0.00567	0.18068	0.48181	0.33185
V644	0.89919	0.08422	0.00485	0.01175
V645	0.24893	0.41984	0.31289	0.01834
V646	0.00954	0.97678	0.00777	0.00592
V647	0.13507	0.0916	0.72184	0.05149
V648	0.39815	0.44278	0.13375	0.02531
V649	0.02399	0.07531	0.84868	0.05202
V650	0.05063	0.09567	0.79363	0.06007
V651	0.29881	0.02999	0.66478	0.00641
V652	0.08188	0.08663	0.47462	0.35686
V653	0.10971	0.68884	0.09867	0.10279
V654	0.69663	0.19798	0.05736	0.04803
V655	0.03099	0.59859	0.02207	0.34835
V656	0.20218	0.2821	0.01556	0.50017
V657	0.02743	0.08903	0.02191	0.86162
V658	0.60538	0.20679	0.05894	0.12889
V659	0.32023	0.08332	0.39096	0.20549
V660	0.02504	0.95578	0.00058	0.0186
V661	0.05137	0.44024	0.05879	0.4496
V662	0.39949	0.02432	0.48376	0.09243
V663	0.22775	0.07357	0.59358	0.10509
V664	0.19089	0.07387	0.69258	0.04266
V665	0.69269	0.18535	0.04038	0.08158
V666	0.58536	0.00379	0.10646	0.30439
V667	0.75368	0.08068	0.16511	0.00053
V668	0.11094	0.80894	0.07982	3e-04
V669	0.21967	0.42229	0.26046	0.09758
V670	0.06987	0.91136	0.00043	0.01834
V671	0.35528	0.28711	0.27012	0.08749
V672	0.01819	0.05466	0.89811	0.02904
V673	0.22271	0.37536	0.24346	0.15847
V674	0.72471	0.14345	0.01716	0.11468
V675	0.12693	0.32973	0.34175	0.2016
V676	0.02672	0.11413	0.12226	0.73689
V677	0.37507	0.41233	0.09884	0.11376
V678	0.49271	0.49062	0.01156	0.00511
V679	0.04176	0.31931	0.62652	0.01241
V680	0.28974	0.55822	0.13398	0.01805
V681	0.8949	0.06954	0.01068	0.02488
V682	0.1023	0.30013	0.56275	0.03481
V683	0.01342	0.96557	0.02071	0.00029
V684	0.70071	0.15771	0.09342	0.04815
V685	0.48714	0.34805	0.12403	0.04078
V686	0.08619	0.18104	0.1687	0.56407
V687	0.03614	0.02486	0.04085	0.89815
V688	0.35821	0.52458	1e-04	0.11711
V689	0.25703	0.00302	0.0569	0.68305
V690	0.46029	0.04567	0.43641	0.05763
V691	0.15073	0.03757	0.80463	0.00708
V692	0.07064	0.13998	0.72915	0.06024
V693	0.22326	0.10351	0.40011	0.27312
V694	0.00784	0.03231	0.32892	0.63094
V695	0.23793	0.00898	0.17507	0.57803
V696	0.07498	0.09238	0.02554	0.8071
V697	0.01795	0.07751	0.02507	0.87947
V698	0.82779	0.01064	0.0113	0.15027
V699	0.56234	0.28666	0.06746	0.08354
V700	0.23691	0.02858	0.01437	0.72015
V701	0.10224	0.54622	0.11372	0.23782
V702	0.54833	0.07856	0.01307	0.36005
V703	0.12543	0.05116	0.52469	0.29872
V704	0.82762	0.04535	0.02442	0.10261
V705	0.95231	0.01085	0.01182	0.02502
V706	0.07081	0.05955	0.79238	0.07727
V707	0.03064	0.43741	0.49754	0.03441
V708	0.02952	0.88811	0.01895	0.06342
V709	0.12511	0.26264	0.54223	0.07002
V710	0.60503	0.20667	0.05041	0.13788
V711	0.07761	0.812	0.08527	0.02511
V712	0.82192	0.05484	0.00437	0.11888
V713	0.42987	0.3038	0.0351	0.23122
V714	0.00596	0.69421	0.02111	0.27872
V715	0.28989	0.33787	0.31224	0.06
V716	0.03591	0.04863	0.06104	0.85442
V717	0.0711	0.9166	0.00044	0.01187
V718	0.1346	0.57787	0.18185	0.10568
V719	0.04817	0.73201	0.03565	0.18418
V720	0.69469	0.00976	0.2329	0.06264
V721	0.11498	0.15773	0.50671	0.22059
V722	0.08579	0.35877	0.01699	0.53845
V723	0.10986	0.09014	0.01591	0.78409
V724	0.58413	0.02657	0.08869	0.30062
V725	0.00149	0.11335	0.85656	0.0286
V726	0.03148	0.3928	0.12985	0.44588
V727	0.2492	0.6599	0.0859	0.005
V728	0.02347	0.88494	0.0863	0.00529
V729	0.40625	0.01414	0.17562	0.40399
V730	0.89909	0.03608	0.04022	0.0246
V731	0.02164	0.1906	0.42817	0.35959
V732	0.34451	0.0737	0.3773	0.2045
V733	0.64692	0.18411	0.03288	0.13608
V734	0.22722	0.3124	0.45489	0.00548
V735	0.01476	0.03204	0.51982	0.43338
V736	0.15244	0.01343	0.01877	0.81535
V737	0.32184	0.28824	0.25244	0.13748
V738	0.06997	0.3303	0.47294	0.12678
V739	0.00086	0.02831	0.63294	0.33789
V740	0.8347	0.08819	0.06591	0.0112
V741	0.48664	0.09734	0.13132	0.2847
V742	0.38104	0.6054	0.01327	0.00029
V743	0.12531	0.14608	0.70896	0.01965
V744	0.51569	0.04112	0.34175	0.10144
V745	0.0128	0.7085	0.17694	0.10177
V746	0.97599	0.0173	7e-05	0.00664
V747	0.0506	0.0229	0.73263	0.19388
V748	0.11352	0.10057	0.62182	0.16409
V749	0.27782	0.17559	0.0588	0.48779
V750	0.39988	0.47203	0.01779	0.11031
V751	0.03823	0.8798	0.03423	0.04775
V752	0.46169	0.22346	0.14101	0.17384
V753	0.03542	0.04633	0.01277	0.90549
V754	0.00754	0.9373	0.00069	0.05447
V755	0.14035	0.18809	0.37095	0.30061
V756	0.03014	0.02014	0.07003	0.87969
V757	0.3204	0.59549	0.05897	0.02514
V758	0.03832	0.78114	0.11485	0.06569
V759	0.11631	0.05795	0.43839	0.38735
V760	0.28612	0.05369	0.30474	0.35546
V761	0.05868	0.58743	0.27675	0.07714
V762	0.00065	0.40804	0.0193	0.57201
V763	0.3786	0.3634	0.02689	0.23111
V764	0.00665	0.93261	0.00613	0.05461
V765	0.66999	0.08847	0.00073	0.2408
V766	0.01301	0.31631	0.46327	0.20741
V767	0.48126	0.11972	0.25663	0.14239
V768	0.04943	0.9131	0.01939	0.01808
V769	0.12805	0.83392	0.02681	0.01122
V770	0.00954	0.97678	0.00777	0.00592
V771	0.15935	0.03978	0.78763	0.01324
V772	0.12796	0.06566	0.7996	0.00678
V773	0.14841	0.8348	0.00536	0.01143
V774	0.02008	0.0416	0.90898	0.02934
V775	0.10776	0.0405	0.31374	0.538
V776	0.41726	0.42942	0.05081	0.1025
V777	0.16974	0.11322	0.15564	0.56139
V778	0.53405	0.27644	0.06858	0.12093
V779	0.16018	0.04289	0.53142	0.26551
V780	0.10171	0.7741	0.12382	0.00037
V781	0.0501	0.0393	0.04234	0.86826
V782	0.007	0.12744	0.80551	0.06005
V783	0.79145	0.0222	0.04858	0.13778
V784	0.09983	0.88197	0.01282	0.00538
V785	0.03168	0.93742	0.01265	0.01825
V786	0.71857	0.15784	0.0838	0.03979
V787	0.00087	0.84501	0.1486	0.00553
V788	0.50235	0.30342	0.15327	0.04096
V789	0.06401	0.38192	0.03315	0.52091
V790	0.45622	0.02749	0.08415	0.43214
V791	0.12579	0.37825	0.34772	0.14824
V792	0.12397	0.5603	0.00675	0.30898
V793	0.1104	0.67716	0.03525	0.17718
V794	0.04115	0.08717	0.80295	0.06872
V795	0.10764	0.04633	0.0717	0.77433
V796	0.02551	0.10106	0.85256	0.02087
V797	0.74872	0.01359	0.22626	0.01143
V798	0.60722	0.29988	0.07525	0.01764
V799	0.1183	0.79112	0.02584	0.06474
V800	0.06062	0.02995	0.55456	0.35488
V801	0.12967	0.1128	0.36099	0.39654
V802	0.03311	0.07787	0.30541	0.58361
V803	0.2108	0.52737	0.2613	0.00053
V804	0.51591	0.02297	0.39623	0.06489
V805	0.02628	0.05438	0.91722	0.00211
V806	0.03932	0.91641	0.012	0.03226
V807	0.25309	0.15508	0.04171	0.55012
V808	0.65327	0.27406	0.04049	0.03217
V809	0.04362	0.0783	0.87635	0.00173
V810	0.01161	0.98143	0.00073	0.00624
V811	0.42318	0.07029	0.218	0.28853
V812	0.54541	0.26456	0.05075	0.13927
V813	0.59142	0.19326	0.19014	0.02518
V814	0.41361	0.53908	0.04232	0.00499
V815	0.00083	0.92322	0.0704	0.00555
V816	0.91726	0.01819	0.06392	0.00063
V817	0.02676	0.09613	0.86316	0.01395
V818	0.00115	0.07332	0.05726	0.86826
V819	0.8307	0.08202	0.04815	0.03913
V820	0.12805	0.10307	0.03063	0.73825
V821	0.20817	0.31617	0.40596	0.0697
V822	0.06487	0.05085	0.86329	0.02099
V823	0.02195	0.19031	0.70071	0.08704
V824	0.08458	0.38575	0.52877	9e-04
V825	0.21361	0.2911	0.27219	0.2231
V826	0.41844	0.41912	0.1514	0.01104
V827	0.35836	0.6057	0.01096	0.02498
V828	0.21674	0.16558	0.12082	0.49687
V829	0.03522	0.25968	0.04628	0.65882
V830	0.21585	0.23481	0.03205	0.51729
V831	0.77517	0.08763	0.03201	0.10518
V832	0.2584	0.40882	0.17523	0.15755
V833	0.136	0.52176	0.18582	0.15641
V834	0.29073	0.07172	0.08945	0.5481
V835	0.34671	0.45922	0.11781	0.07627
V836	0.00625	0.70116	0.00782	0.28476
V837	0.21142	0.388	0.20035	0.20022
V838	0.91663	0.05091	0.02684	0.00562
V839	0.28397	0.61591	0.09512	0.00499
V840	0.27349	0.71931	0.00692	0.00028
V841	0.00162	0.06687	0.87922	0.0523
V842	0.34996	0.16249	0.27889	0.20866
V843	0.01589	0.04604	0.86979	0.06827
V844	0.10544	0.08578	0.41693	0.39185
V845	0.06094	0.11214	0.76657	0.06035
V846	0.00124	0.03576	0.77237	0.19063
V847	0.00346	0.01065	0.05995	0.92595
V848	0.08054	0.52454	0.17669	0.21823
V849	0.00065	0.96036	0.00658	0.03241
V850	0.96254	0.01258	0.01278	0.0121
V851	0.31828	0.53844	0.1429	0.00038
V852	0.10218	0.05104	0.15116	0.69562
V853	0.23464	0.22148	0.42594	0.11794
V854	0.59743	0.16611	0.10664	0.12982
V855	0.00346	0.01065	0.05995	0.92595
V856	0.03949	0.35413	0.37583	0.23055
V857	0.67645	0.17415	0.03259	0.1168
V858	0.54052	0.02635	0.42738	0.00574
V859	0.65474	0.2381	0.01712	0.09003
V860	0.18354	0.11612	0.06359	0.63675
V861	0.08181	0.36066	0.54548	0.01205
V862	0.12401	0.09345	0.73939	0.04315
V863	0.20062	0.06606	0.00687	0.72645
V864	0.06554	0.04233	0.06648	0.82565
V865	0.10865	0.01196	0.30052	0.57887
V866	0.71327	0.02589	0.24941	0.01143
V867	0.71044	0.03549	0.24864	0.00542
V868	0.51009	0.27889	0.13544	0.07558
V869	0.01774	0.96905	0.00737	0.00583
V870	0.0966	0.35734	0.02427	0.52178
V871	0.00065	0.96036	0.00658	0.03241
V872	0.00881	0.0244	0.28628	0.68051
V873	0.8856	0.03493	0.04797	0.0315
V874	0.18267	0.78791	0.02915	0.00027
V875	0.01451	0.19499	0.22452	0.56597
V876	0.14855	0.32984	0.43302	0.0886
V877	0.0397	0.4024	0.31659	0.2413
V878	0.12113	0.81579	0.06278	0.00029
V879	0.17407	0.70962	0.04222	0.07409
V880	0.29084	0.56695	0.00499	0.13722
V881	0.13492	0.04793	0.63612	0.18103
V882	0.79781	0.00743	0.12541	0.06936
V883	0.27019	0.20995	0.51895	0.00091
V884	0.01897	0.30185	0.0064	0.67278
V885	0.69119	0.22297	0.08545	0.00039
V886	0.01288	0.36418	0.48825	0.13469
V887	0.63848	0.06185	0.16305	0.13663
V888	0.09128	0.05747	0.76512	0.08613
V889	0.90962	0.05424	0.01805	0.01808
V890	0.03026	0.14273	0.65377	0.17324
V891	0.61944	0.0515	0.28863	0.04043
V892	0.2766	0.18808	0.01575	0.51957
V893	0.57794	0.21124	0.15324	0.05759
V894	0.06049	0.31231	0.59238	0.03483
V895	0.59419	0.06223	0.20589	0.13769
V896	0.03239	0.94328	0.00597	0.01836
V897	0.68021	0.26061	0.00405	0.05512
V898	0.47025	0.00372	0.01042	0.51561
V899	0.02429	0.196	0.15944	0.62027
V900	0.07095	0.29358	0.3916	0.24387
V901	0.02972	0.85112	0.00564	0.11353
V902	0.04167	0.90866	0.04437	0.00531
V903	0.00616	0.42395	0.52745	0.04244
V904	0.01923	0.97396	0.00066	0.00615
V905	0.14517	0.00532	0.20282	0.64669
V906	0.40272	0.08846	0.11469	0.39413
V907	0.41234	0.52169	0.01762	0.04835
V908	0.01152	0.05879	0.09266	0.83702
V909	0.11727	0.81898	0.00041	0.06334
V910	0.16019	0.0044	0.14067	0.69475
V911	0.50321	0.39914	0.03271	0.06494
V912	0.38203	0.33167	0.13125	0.15504
V913	0.12442	0.00289	0.02231	0.85038
V914	0.16795	0.50291	0.29522	0.03392
V915	0.22885	0.00305	0.01678	0.75133
V916	0.23595	0.06367	0.65799	0.04239
V917	0.71292	0.03094	0.16723	0.08891
V918	0.03865	0.64512	0.231	0.08523
V919	0.18951	0.23209	0.32125	0.25714
V920	0.6142	0.19754	0.09575	0.09251
V921	0.02821	0.1753	0.04137	0.75512
V922	0.09051	0.4716	0.39547	0.04243
V923	0.07899	0.02406	0.05831	0.83864
V924	0.03038	0.68046	0.26346	0.02571
V925	0.17883	0.03813	0.02342	0.75961
V926	0.19943	0.02685	0.03996	0.73376
V927	0.02441	0.04988	0.07226	0.85345
V928	0.03911	0.90051	0.0055	0.05488
V929	0.04821	0.66074	0.13023	0.16083
V930	0.49763	0.37754	0.03295	0.09187
V931	0.12521	0.27374	0.53105	0.07
V932	0.03023	0.11111	0.64479	0.21388
V933	0.57382	0.404	0.01102	0.01117
V934	0.00666	0.15003	0.30488	0.53843
V935	0.55827	0.16005	0.21532	0.06637
V936	0.52096	0.27536	0.01815	0.18553
V937	0.54474	0.12604	0.08966	0.23956
V938	0.36842	0.04621	0.33062	0.25474
V939	0.7555	0.02161	0.07478	0.1481
V940	0.02124	0.80486	0.14118	0.03272
V941	0.00322	0.05328	0.93377	0.00973
V942	0.72466	0.19161	0.06609	0.01764
V943	0.38334	0.12872	0.43721	0.05073
V944	0.0155	0.2814	0.0743	0.6288
V945	0.54686	0.36136	0.01032	0.08147
V946	0.44492	0.26277	0.25887	0.03344
V947	0.07611	0.05062	0.25935	0.61392
V948	0.32493	0.04199	0.61395	0.01913
V949	7e-04	0.11359	0.22924	0.65648
V950	0.04901	0.54619	0.21933	0.18546
V951	0.81521	0.02624	0.15314	0.00542
V952	0.06331	0.12575	0.29406	0.51688
V953	0.01703	0.07512	0.87913	0.02872
V954	0.03367	0.18487	0.15939	0.62207
V955	0.11164	0.62167	0.02765	0.23903
V956	0.03168	0.03123	0.55343	0.38366
V957	0.33892	0.01938	0.00562	0.63608
V958	0.05219	0.00417	0.01437	0.92927
V959	0.22001	0.25857	0.45174	0.06967
V960	0.22738	0.27997	0.08723	0.40542
V961	0.12487	0.39062	0.36722	0.11729
V962	0.3522	0.16775	0.4114	0.06865
V963	0.59295	0.1685	0.1638	0.07475
V964	0.83518	0.03428	0.09886	0.03168
V965	0.04904	0.512	0.1997	0.23926
V966	0.95533	0.02724	0.00532	0.01211
V967	0.05011	0.04532	0.56822	0.33635
V968	0.00107	0.15797	0.78119	0.05977
V969	0.00765	0.30628	0.04635	0.63972
V970	0.03103	0.11611	0.46321	0.38965
V971	0.495	0.08452	0.34474	0.07574
V972	0.50818	0.1985	0.05229	0.24103
V973	0.25816	0.43243	0.08272	0.22669
V974	0.00566	0.79734	0.12361	0.07339
V975	0.09379	0.29752	0.60281	0.00588
V976	0.43662	0.24681	0.12176	0.19481
V977	0.30431	0.36336	0.32708	0.00525
V978	0.05969	0.09567	0.08091	0.76374
V979	0.78677	0.02636	0.18146	0.0054
V980	0.97599	0.0173	7e-05	0.00664
V981	0.32492	0.0341	0.46063	0.18034
V982	0.42993	0.40742	0.07804	0.08461
V983	0.70267	0.06113	0.00528	0.23092
V984	0.01335	0.85072	0.10346	0.03247
V985	0.07027	0.20773	0.01339	0.70861
V986	0.30789	0.53809	0.05118	0.10284
V987	0.22085	0.76106	5e-05	0.01805
V988	0.21321	0.01919	0.02325	0.74435
V989	0.42635	0.47956	0.07634	0.01775
V990	0.0012	0.06314	0.80639	0.12927
V991	0.61688	0.37163	0	0.01149
V992	0.19101	0.01837	0.55199	0.23863
V993	0.05803	0.73771	0.16328	0.04098
V994	0.16999	0.79227	0.02654	0.0112
V995	0.73862	0.10531	0.0324	0.12367
V996	0.26576	0.12573	0.01727	0.59124
V997	0.01568	0.03604	0.83779	0.11049
V998	0.87091	0.01899	0.06403	0.04607
V999	0.11127	0.88264	0.00039	0.0057
V1000	0.31528	0.02802	0.00588	0.65083
