B_cells	NK_cells	T_cells_CD4.	Monocytes
V1	0.5765	0	0.21111	0.21238
V2	0.23798	0.09749	0.08085	0.58368
V3	0.11626	0.60265	0.05025	0.23085
V4	0.86488	0.11944	0	0.01568
V5	0.15748	0.44396	0.30501	0.09355
V6	0.14283	0.78035	0.07682	0
V7	0.20208	0.36045	0.11378	0.32368
V8	0.18701	0.00592	0.80364	0.00343
V9	0.30544	0.24596	0.04639	0.40221
V10	0.08906	0.0138	0.87261	0.02452
V11	0.2385	0.31548	0.44602	0
V12	0.07971	0.51695	0.40334	0
V13	0.31053	0.64611	0.04336	0
V14	0.13568	0.81606	0.04826	0
V15	0.17213	0.55948	0.17303	0.09535
V16	0.85476	0.05	0.0595	0.03573
V17	0.15274	0.78522	0.06203	0
V18	0.58766	0.327	0.08057	0.00478
V19	0.21158	0.73976	0.04867	0
V20	0.22063	0.45752	0.04525	0.27661
V21	0.18418	0.07118	0.74465	0
V22	0.07329	0.10118	0.2692	0.55633
V23	0.38942	0.04559	0.56499	0
V24	0.87425	0.03572	0.09003	0
V25	0.38595	0.23468	0.1603	0.21906
V26	0.43611	0.37364	0.0421	0.14815
V27	0.21069	0.07307	0.03205	0.68419
V28	0.04002	0.07622	0.88377	0
V29	0.44855	0.03262	0.51883	0
V30	0.15302	0.21925	0.32041	0.30732
V31	0.25083	0.19202	0.33334	0.2238
V32	0.19622	0.02761	0.07632	0.69986
V33	0.09667	0.46363	0.40191	0.0378
V34	0.18479	0.05176	0.76319	0.00026
V35	0.21135	0.65304	0.13561	0
V36	0.06468	0.05031	0.52294	0.36207
V37	0.57279	0.06101	0.13431	0.23189
V38	0.4718	0	0.21396	0.31424
V39	0.21617	0.52998	0.17563	0.07822
V40	0.14741	0.71645	0.13615	0
V41	0.05546	0.65552	0.09757	0.19145
V42	0.29163	0.01892	0.25935	0.43011
V43	0.17503	0.30979	0.51518	0
V44	0.06921	0.0919	0.73837	0.10052
V45	0.15117	0.54285	0.27344	0.03254
V46	0.76125	0.06676	0.17198	0
V47	0.46269	0.18208	0.35165	0.00357
V48	0.80073	0.16248	0.02937	0.00742
V49	0.7541	0.18404	0	0.06186
V50	0.12383	0.72878	0.14739	0
V51	0.33939	0.36379	0.29682	0
V52	0.08878	0.12514	0.7833	0.00278
V53	0.69935	0.10476	0.19589	0
V54	0.4315	0.17859	0.38991	0
V55	0.26949	0.13005	0.28088	0.31958
V56	0.14365	0.0041	0.1638	0.68845
V57	0.15869	0.76536	0.07595	0
V58	0.66694	0	0.07788	0.25518
V59	0.46186	0.3829	0.15093	0.00432
V60	0.18535	0.15521	0.3721	0.28733
V61	0.79863	0.10202	0.02956	0.06979
V62	0.82914	0.03862	0.12792	0.00432
V63	0.07348	0.73578	0.19074	0
V64	0.07723	0.82484	0.02243	0.0755
V65	0.09369	0	0.18983	0.71648
V66	0.26771	0.64802	0.06222	0.02205
V67	0.19155	0.29397	0.51448	0
V68	0.24757	0.16028	0.02872	0.56343
V69	0.07911	0.29624	0.62466	0
V70	0.5501	0.14561	0.22256	0.08172
V71	0.21918	0.07114	0.42306	0.28663
V72	0.58909	0.15249	0.13158	0.12684
V73	0.20305	0.5668	0.19577	0.03438
V74	0.10491	0.20082	0.69427	0
V75	0.69389	0	0.24249	0.06363
V76	0.02957	0.18735	0.25358	0.52949
V77	0.10812	0.31067	0.01473	0.56648
V78	0.35845	0.11421	0.2255	0.30184
V79	0.05824	0.11652	0.78143	0.0438
V80	0.37929	0.02364	0.55557	0.04149
V81	0.11254	0.15689	0.73057	0
V82	0.03752	0.09613	0.86634	0
V83	0.21213	0.18921	0.09975	0.49891
V84	0.44575	0.03548	0.20641	0.31236
V85	0.15649	0.3052	0.43501	0.1033
V86	0.11211	0.0702	0.8038	0.0139
V87	0.09714	0.75706	0.12326	0.02254
V88	0.22928	0.05631	0.3239	0.39051
V89	0.09649	0.01434	0.27477	0.61441
V90	0.09182	0.77769	0.13049	0
V91	0.08957	0.65685	0.25357	0
V92	0.47686	0.02006	0.41544	0.08764
V93	0.88912	0.02051	0	0.09037
V94	0.07529	0.4539	0.05561	0.4152
V95	0.30317	0.41258	0.1942	0.09005
V96	0.17395	0.12375	0.0425	0.6598
V97	0.65896	0.09448	0.24656	0
V98	0.71408	0.28592	0	0
V99	0.762	0.04199	0.19602	0
V100	0.14167	0.04543	0.8129	0
V101	0.13092	0.08928	0	0.7798
V102	0.89034	0.06803	0.02245	0.01918
V103	0.07402	0.06171	0.16603	0.69823
V104	0.10639	0.83265	0.06096	0
V105	0.12582	0.80187	0.07231	0
V106	0.16702	0.46678	0.3662	0
V107	0.22991	0.19731	0.57278	0
V108	0.19124	0.66131	0.14745	0
V109	0.06125	0.16943	0.61541	0.15391
V110	0.12246	0.7686	0.10895	0
V111	0.85786	0	0.14214	0
V112	0.18674	0.06742	0.46696	0.27888
V113	0.25556	0.10856	0.22448	0.4114
V114	0.3245	0.0403	0.125	0.51021
V115	0.06028	0.66186	0.27786	0
V116	0.18933	0.29989	0.40739	0.10339
V117	0.67981	0.24046	0.06834	0.0114
V118	0.21824	0.55916	0.06978	0.15282
V119	0.21068	0.09135	0.08204	0.61592
V120	0.13817	0.08695	0.77488	0
V121	0.61174	0.12392	0.12763	0.13671
V122	0.88324	0.01395	0.06984	0.03297
V123	0.05591	0.51334	0.09312	0.33762
V124	0.6884	0.28357	0	0.02803
V125	0.41033	0.37827	0.2114	0
V126	0.11484	0.16778	0.09179	0.62559
V127	0.23228	0.04514	0.31104	0.41153
V128	0.12188	0.00934	0.18759	0.68119
V129	0.57939	0.21961	0.201	0
V130	0.05941	0.5774	0.36319	0
V131	0.09399	0.84802	0.02412	0.03387
V132	0.86919	0.0039	0.09215	0.03476
V133	0.85438	0.02024	0.11252	0.01285
V134	0.16311	0.38855	0.17563	0.27271
V135	0.16329	0.01441	0.24423	0.57807
V136	0.30382	0.39863	0.03098	0.26657
V137	0.64278	0.03244	0.2872	0.03759
V138	0.25932	0.38522	0.22209	0.13337
V139	0.38861	0.20101	0.23858	0.1718
V140	0.11185	0.11591	0.09591	0.67633
V141	0.11586	0.16343	0.5661	0.15461
V142	0.7532	0	0.2468	0
V143	0.47248	0.26078	0.08875	0.17799
V144	0.23136	0.16252	0.21318	0.39293
V145	0.0246	0.68361	0.29179	0
V146	0.18227	0.0085	0.09101	0.71822
V147	0.85766	0.03001	0.06718	0.04515
V148	0.181	0.08352	0.5968	0.13869
V149	0.29095	0.45384	0.25522	0
V150	0.13981	0.23797	0.59624	0.02598
V151	0.26062	0.59747	0.06962	0.07228
V152	0.27676	0.41585	0.26477	0.04262
V153	0.16908	0.71012	0.05949	0.06131
V154	0.27757	0.41135	0.31108	0
V155	0.48588	0.14194	0.32002	0.05217
V156	0.08491	0.15395	0.69108	0.07006
V157	0.34298	0.15722	0.34663	0.15318
V158	0.13169	0	0.11828	0.75003
V159	0.87446	0.07631	0	0.04923
V160	0.70909	0	0.10313	0.18778
V161	0.30832	0	0.07264	0.61904
V162	0.12605	0.31344	0.12429	0.43623
V163	0.14887	0.47353	0.21894	0.15867
V164	0.38655	0.30681	0.13077	0.17587
V165	0.07946	0.29404	0	0.6265
V166	0.06974	0.12654	0.12621	0.67751
V167	0.42244	0	0.04584	0.53172
V168	0.33095	0.53345	0.12513	0.01047
V169	0.28425	0.06228	0.06333	0.59014
V170	0.16452	0.03032	0.55726	0.24789
V171	0.17872	0.23308	0.5882	0
V172	0.69618	0	0.30382	0
V173	0.10148	0.16973	0.0848	0.64399
V174	0.07621	0.18883	0.1233	0.61167
V175	0.12691	0.01922	0.78297	0.07089
V176	0.06252	0.71044	0.22704	0
V177	0.08788	0.89385	0.0181	0.00017
V178	0.06956	0.72885	0.06202	0.13957
V179	0.22291	0.00984	0.43507	0.33218
V180	0.08739	0.76298	0.14963	0
V181	0.21115	0.13981	0.55237	0.09667
V182	0.3323	0.18198	0.47636	0.00936
V183	0.22531	0.71928	0.05541	0
V184	0.89542	0	0.10458	0
V185	0.57485	0.37057	0.05459	0
V186	0.16923	0.44975	0.31406	0.06696
V187	0.8787	0.01357	0.09951	0.00822
V188	0.13421	0.26037	0	0.60541
V189	0.80846	0.01803	0.05395	0.11957
V190	0.6397	0.01641	0.3439	0
V191	0.22782	0.20424	0.56794	0
V192	0.35208	0.45428	0.07319	0.12045
V193	0.60622	0.02773	0.28047	0.08558
V194	0.11195	0.83213	0.05592	0
V195	0.09061	0.0644	0.84499	0
V196	0.09038	0.12056	0.03529	0.75377
V197	0.48228	0.04638	0.04476	0.42658
V198	0.12036	0.46742	0.40971	0.00251
V199	0.24367	0.01957	0.23645	0.50031
V200	0.18604	0.558	0.04691	0.20906
V201	0.14878	0.52584	0.23891	0.08647
V202	0.08116	0.04811	0.76366	0.10707
V203	0.2036	0.38337	0.41303	0
V204	0.07136	0.53397	0.04451	0.35016
V205	0.08959	0.08723	0.82319	0
V206	0.10936	0.11184	0.77879	0
V207	0.21327	0.21053	0.0769	0.49929
V208	0.27767	0.0753	0.64704	0
V209	0.34845	0.44951	0.10077	0.10126
V210	0.14661	0.69003	0.15937	0.00399
V211	0.48624	0.00181	0.07555	0.43639
V212	0.50407	0.04656	0.44936	0
V213	0.65243	0.02039	0.15489	0.17228
V214	0.37591	0.16364	0.20598	0.25447
V215	0.37257	0.1088	0.0257	0.49293
V216	0.16871	0	0.10009	0.7312
V217	0.09224	0.47259	0.28841	0.14676
V218	0.14843	0.43917	0.21555	0.19684
V219	0.16419	0.61724	0.05043	0.16814
V220	0.07115	0.77437	0.06813	0.08635
V221	0.81057	0.00397	0.0372	0.14827
V222	0.34678	0.1362	0.39971	0.1173
V223	0.05892	0.15976	0.747	0.03431
V224	0.89282	0	0.10718	0
V225	0.11843	0.757	0.12457	0
V226	0.32589	0.0889	0.58521	0
V227	0.75925	0	0.24075	0
V228	0.75582	0.06462	0.10706	0.0725
V229	0.09229	0.05423	0.84395	0.00953
V230	0.10892	0.06139	0.0927	0.73698
V231	0.06561	0.29737	0.16353	0.47348
V232	0.11089	0.6623	0	0.22681
V233	0.57171	0.08759	0.24048	0.10022
V234	0.10595	0.79043	0.10362	0
V235	0.39166	0.07001	0.53833	0
V236	0.10703	0.09432	0.76306	0.03559
V237	0.26502	0	0.07766	0.65732
V238	0.18031	0.5062	0.31349	0
V239	0.12879	0.41348	0.0491	0.40863
V240	0.49448	0.04585	0.44626	0.01341
V241	0.08548	0.02159	0.85938	0.03354
V242	0.17807	0.67088	0.15105	0
V243	0.27886	0.05602	0.63169	0.03343
V244	0.25445	0.00436	0.69681	0.04439
V245	0.60755	0.28064	0.08876	0.02304
V246	0.11402	0.16039	0.72559	0
V247	0.20191	0.04216	0.75593	0
V248	0.11609	0.05583	0.11828	0.70981
V249	0.03046	0.07826	0.85617	0.03511
V250	0.7352	0	0.2648	0
V251	0.89435	0.06258	0.03928	0.00379
V252	0.06388	0.72208	0.21404	0
V253	0.4119	0.06658	0.21124	0.31028
V254	0.07168	0.80067	0.12765	0
V255	0.12146	0.85798	0.01081	0.00974
V256	0.21972	0.21378	0.53133	0.03517
V257	0.45056	0.10061	0.27466	0.17417
V258	0.22146	0.25976	0.44933	0.06945
V259	0.08977	0.28327	0.62696	0
V260	0.02672	0.27254	0.70074	0
V261	0.62148	0.02428	0.24212	0.11212
V262	0.20855	0.08477	0.02506	0.68162
V263	0.09696	0.88361	0.01672	0.00271
V264	0.21836	0.04212	0.47056	0.26896
V265	0.11682	0	0.21164	0.67155
V266	0.6459	0.30881	0.04529	0
V267	0.0216	0.19618	0.35623	0.42599
V268	0.44102	0.01037	0.18969	0.35892
V269	0.05758	0.51355	0.42887	0
V270	0.6399	0.02149	0.28427	0.05433
V271	0.78573	0.06687	0.06492	0.08248
V272	0.11916	0.76732	0.06057	0.05295
V273	0.17092	0.03069	0.10104	0.69735
V274	0.69142	0	0.22933	0.07926
V275	0.03621	0.07249	0.8847	0.0066
V276	0.53524	0.32745	0.02957	0.10775
V277	0.08925	0.22591	0.21145	0.47338
V278	0.10222	0.06818	0.34955	0.48005
V279	0.68721	0.05298	0.15291	0.1069
V280	0.13169	0	0.11828	0.75003
V281	0.57021	0.02003	0.18692	0.22284
V282	0.11856	0.09497	0.76371	0.02277
V283	0.26091	0.5509	0.09762	0.09057
V284	0.09219	0.77136	0.13645	0
V285	0.13041	0.02095	0.84864	0
V286	0.29078	0.51244	0.15207	0.04471
V287	0.16231	0.78315	0.05454	0
V288	0.05946	0.28156	0.46869	0.19029
V289	0.31289	0.21755	0.44322	0.02634
V290	0.80201	0.13964	0.05835	0
V291	0.4818	0.0709	0.4473	0
V292	0.91786	0.01737	0	0.06478
V293	0.32629	0.03189	0.63864	0.00318
V294	0.1529	0.39011	0	0.45699
V295	0.06879	0.19413	0.24835	0.48873
V296	0.22064	0.13167	0.60871	0.03898
V297	0.18041	0	0.14271	0.67689
V298	0.31685	0.10558	0.57757	0
V299	0.13812	0.29836	0.0268	0.53672
V300	0.03587	0.04387	0.31207	0.60819
V301	0.17203	0.12677	0.63839	0.06281
V302	0.6754	0.3246	0	0
V303	0.03216	0.54473	0.42311	0
V304	0.11462	0.0487	0.73542	0.10126
V305	0.16851	0.16806	0.48951	0.17392
V306	0.78106	0.09393	0.08918	0.03583
V307	0.09235	0.82608	0.08157	0
V308	0.26866	0.22845	0.33452	0.16837
V309	0.38426	0.31832	0.03725	0.26017
V310	0.13042	0.32512	0.19374	0.35071
V311	0.52975	0.42768	0.04257	0
V312	0.14964	0.64927	0.20109	0
V313	0.03189	0.15001	0.07085	0.74725
V314	0.06207	0.47745	0.15924	0.30124
V315	0.17425	0.59799	0.0774	0.15036
V316	0.33717	0.13857	0.41588	0.10838
V317	0.14392	0.65539	0.09852	0.10217
V318	0.09953	0.54713	0.04671	0.30663
V319	0.12135	0.08912	0.78502	0.00452
V320	0.13031	0.15623	0.64427	0.06919
V321	0.63417	0.31575	0.05008	0
V322	0.25072	0.32696	0.0989	0.32342
V323	0.1497	0.0213	0.16419	0.66482
V324	0.65181	0.238	0.11019	0
V325	0.33191	0.56697	0.10113	0
V326	0.02119	0.55991	0.15453	0.26437
V327	0.07656	0.1663	0.16141	0.59573
V328	0.10595	0.05112	0.73329	0.10963
V329	0.2344	0.11794	0.2211	0.42656
V330	0.4189	0.00763	0.37361	0.19986
V331	0.40545	0.08952	0.07237	0.43267
V332	0.06649	0.06284	0.25438	0.61628
V333	0.43693	0.07777	0.41666	0.06864
V334	0.38639	0.00927	0.39522	0.20912
V335	0.07284	0.32641	0.53479	0.06596
V336	0.22709	0.65534	0.06297	0.05459
V337	0.30789	0.36375	0.32836	0
V338	0.02871	0.87087	0.10042	0
V339	0.17638	0.00678	0.81684	0
V340	0.10205	0.23038	0.54819	0.11938
V341	0.10884	0.05198	0.13178	0.7074
V342	0.28203	0.00096	0.63318	0.08383
V343	0.89566	0.04159	0.04355	0.0192
V344	0.64748	0.13316	0.21936	0
V345	0.09407	0.06152	0.84441	0
V346	0.27513	0.11831	0.32751	0.27906
V347	0.13154	0.00456	0.20661	0.65729
V348	0.10611	0.60581	0.20368	0.08441
V349	0.36372	0.16621	0.41396	0.0561
V350	0.07928	0.70034	0.22038	0
V351	0.08163	0.04574	0.44265	0.42998
V352	0.10984	0.04324	0.8093	0.03762
V353	0.83243	0.02207	0.08544	0.06007
V354	0.09898	0.62207	0.27895	0
V355	0.30795	0.08342	0.48116	0.12746
V356	0.12104	0.02534	0.17449	0.67914
V357	0.1587	0.32632	0.32039	0.19459
V358	0.56743	0.10191	0.08009	0.25058
V359	0.60537	0.05207	0.05303	0.28954
V360	0.55342	0.38664	0.05994	0
V361	0.02665	0.41062	0.56273	0
V362	0.03066	0.85707	0.11226	0
V363	0.21206	0.12638	0.49501	0.16654
V364	0.20124	0.08083	0.66938	0.04855
V365	0.35065	0.02469	0.02896	0.5957
V366	0.13185	0.63894	0.13517	0.09404
V367	0.60836	0.14467	0.00025	0.24672
V368	0.14473	0.66731	0.14447	0.04349
V369	0.06919	0.35964	0.57117	0
V370	0.31631	0.25683	0.42686	0
V371	0.23715	0.66943	0.07131	0.02211
V372	0.23787	0.05686	0.17541	0.52986
V373	0.12993	0.15203	0.49828	0.21976
V374	0.73916	0.00922	0.25162	0
V375	0.12052	0.04676	0.21194	0.62078
V376	0.11763	0.04011	0.1732	0.66905
V377	0.78911	0	0.04381	0.16708
V378	0.06646	0.0462	0.45988	0.42746
V379	0.39359	0.2064	0.01764	0.38237
V380	0.21549	0.07968	0.24926	0.45556
V381	0.72954	0	0.13742	0.13304
V382	0.13948	0.05837	0.80216	0
V383	0.8053	0	0.09816	0.09655
V384	0.56841	0.07499	0.16844	0.18816
V385	0.80979	0.00688	0.13376	0.04957
V386	0.35956	0.00137	0.20091	0.43817
V387	0.57662	0.14701	0.22799	0.04838
V388	0.39909	0.32138	0.17654	0.10299
V389	0.44591	0.48672	0.04419	0.02318
V390	0.30671	0.23328	0.46001	0
V391	0.4726	0.10877	0.02602	0.39262
V392	0.44001	0.21999	0.201	0.139
V393	0.30623	0.22653	0.37821	0.08903
V394	0.15494	0.23867	0.15653	0.44987
V395	0.25877	0.37332	0.24485	0.12306
V396	0.07756	0.849	0.07191	0.00152
V397	0.74494	0.08473	0.14927	0.02107
V398	0.47639	0.14077	0.12348	0.25937
V399	0.23567	0.51255	0.2004	0.05138
V400	0.02971	0.57468	0.12479	0.27082
V401	0.08687	0.17267	0.70796	0.0325
V402	0.77554	0.15484	0.06962	0
V403	0.11038	0.0328	0.1544	0.70242
V404	0.13949	0.20261	0.61376	0.04414
V405	0.28449	0.02821	0.22202	0.46528
V406	0.64357	0.24262	0.04353	0.07028
V407	0.02871	0.87087	0.10042	0
V408	0.13547	0.24927	0.43046	0.18481
V409	0.03223	0.05073	0.13728	0.77975
V410	0.15116	0.76816	0.08068	0
V411	0.50573	0.00845	0	0.48582
V412	0.20339	0.08813	0.52357	0.18492
V413	0.10427	0.47415	0.22489	0.19669
V414	0.08353	0.48094	0.36968	0.06585
V415	0.46596	0.02738	0.27899	0.22767
V416	0.07404	0.09998	0.82598	0
V417	0.40168	0.54801	0.05031	0
V418	0.14394	0.11771	0.19566	0.54269
V419	0.11846	0	0.13342	0.74812
V420	0.02498	0.83826	0.08888	0.04787
V421	0.20203	0.06021	0.67246	0.06529
V422	0.15808	0.10406	0.01138	0.72648
V423	0.14167	0.04543	0.8129	0
V424	0.02366	0.07858	0.65849	0.23928
V425	0.10452	0.2417	0.60216	0.05162
V426	0.14659	0.0713	0.75312	0.029
V427	0.11557	0.39394	0.2371	0.2534
V428	0.14726	0.6999	0.1162	0.03664
V429	0.11019	0	0.14621	0.7436
V430	0.7398	0.16576	0.03993	0.05451
V431	0.22808	0.03327	0.48791	0.25074
V432	0.19657	0.11229	0.08382	0.60733
V433	0.11862	0.72424	0.00646	0.15067
V434	0.39474	0.08048	0.08407	0.44072
V435	0.53867	0	0.1658	0.29553
V436	0.43167	0	0.16628	0.40205
V437	0.29984	0.24712	0.00257	0.45046
V438	0.62016	0.1615	0.05461	0.16372
V439	0.1232	0.14135	0.01046	0.72499
V440	0.52571	0.03243	0.06606	0.3758
V441	0.11784	0.14516	0.60923	0.12777
V442	0.3499	0.3351	0.16923	0.14578
V443	0.73565	0	0.13259	0.13176
V444	0.09407	0.06152	0.84441	0
V445	0.59539	0.02333	0.3772	0.00408
V446	0.09643	0.74787	0.12596	0.02974
V447	0.61191	0.09489	0.22451	0.06869
V448	0.07889	0.08056	0.26272	0.57783
V449	0.55681	0.04348	0.33477	0.06494
V450	0.1863	0.74637	0.06733	0
V451	0.90072	0.06689	0	0.03239
V452	0.13241	0.00899	0.15686	0.70174
V453	0.77135	0.07473	0.11068	0.04324
V454	0.03362	0.83128	0.1351	0
V455	0.58817	0.03644	0.34214	0.03324
V456	0.34753	0.12815	0.41552	0.10879
V457	0.03245	0.08753	0.08861	0.79141
V458	0.32907	0.24245	0.00922	0.41926
V459	0.06691	0.72893	0.16026	0.0439
V460	0.86892	0.00729	0.09872	0.02508
V461	0.18574	0.06703	0.01533	0.7319
V462	0.40099	0.25524	0	0.34377
V463	0.28908	0.44526	0.20385	0.06181
V464	0.55062	0.10268	0.01122	0.33548
V465	0.43162	0.40942	0.05576	0.10319
V466	0.60623	0.19129	0.01267	0.1898
V467	0.34847	0.52649	0.12504	0
V468	0.51386	0.38017	0.08888	0.01709
V469	0.06326	0.19427	0.33982	0.40266
V470	0.54304	0.12567	0.22379	0.1075
V471	0.33864	0.12051	0.04825	0.4926
V472	0.37533	0.33708	0	0.28759
V473	0.14457	0.48479	0.37064	0
V474	0.21043	0	0.16539	0.62418
V475	0.23423	0.39681	0.11221	0.25674
V476	0.25837	0.00894	0.10609	0.6266
V477	0.59753	0.03656	0.2457	0.12021
V478	0.18551	0.57296	0.03364	0.20789
V479	0.06757	0.11472	0.77431	0.0434
V480	0.14173	0.32544	0.0743	0.45854
V481	0.19112	0.04296	0.76592	0
V482	0.67258	0.16038	0.15748	0.00957
V483	0.20796	0.12621	0.11449	0.55134
V484	0.10729	0.10789	0.06708	0.71775
V485	0.17854	0.69334	0.05014	0.07798
V486	0.31102	0.26758	0.16722	0.25419
V487	0.16652	0.0587	0.13957	0.63521
V488	0.03341	0.02892	0.87723	0.06043
V489	0.24241	0.11567	0.64193	0
V490	0.37802	0.31495	0.09608	0.21095
V491	0.46677	0.4411	0.06849	0.02364
V492	0.0835	0.7268	0.1897	0
V493	0.19256	0	0	0.80744
V494	0.23097	0.16727	0.53049	0.07127
V495	0.25798	0.55486	0.18716	0
V496	0.32178	0.64789	0.02406	0.00627
V497	0.09404	0.01787	0.88457	0.00352
V498	0.37434	0.11436	0.07643	0.43487
V499	0.59248	0.2429	0.16462	0
V500	0.15575	0.14185	0.70239	0
V501	0.03601	0	0.1794	0.78459
V502	0.53957	0.26384	0.19659	0
V503	0.25181	0.10731	0.25128	0.3896
V504	0.27874	0.64743	0.05135	0.02247
V505	0.24262	0.22408	0.29032	0.24298
V506	0.13314	0.25816	0.47855	0.13016
V507	0.60602	0.10325	0.16359	0.12715
V508	0.7297	0.1647	0.07839	0.02722
V509	0.26429	0.07559	0.52685	0.13327
V510	0.25129	0.45735	0.29137	0
V511	0.10362	0.42045	0.09049	0.38544
V512	0.31277	0.05245	0.1267	0.50808
V513	0.13104	0.58309	0.27097	0.0149
V514	0.09747	0.11985	0	0.78267
V515	0.74918	0.06386	0.08449	0.10247
V516	0.89957	0.10043	0	0
V517	0.11113	0.03548	0.31431	0.53908
V518	0.92697	0.06176	0	0.01127
V519	0.08988	0.80169	0.05639	0.05205
V520	0.09112	0	0.65687	0.25201
V521	0.54678	0.05255	0.40045	0.00023
V522	0.05211	0.14701	0.60253	0.19835
V523	0.37892	0.13497	0.29583	0.19028
V524	0.05802	0.69151	0.25047	0
V525	0.31856	0.22322	0.03788	0.42034
V526	0.64306	0.08062	0.11311	0.16321
V527	0.25154	0.02932	0.44113	0.27802
V528	0.16644	0.8043	0.01735	0.01192
V529	0.12787	0.0752	0.28146	0.51547
V530	0.056	0.21552	0.67658	0.0519
V531	0.07522	0.74234	0.18244	0
V532	0.23217	0.34325	0.03929	0.3853
V533	0.31799	0.34578	0.17354	0.16269
V534	0.07234	0.04646	0.70767	0.17352
V535	0.57916	0	0.05346	0.36739
V536	0.24405	0	0.42301	0.33294
V537	0.57085	0.24075	0.1884	0
V538	0.48996	0.05047	0.12886	0.33072
V539	0.30317	0.41258	0.1942	0.09005
V540	0.24437	0.62927	0.12636	0
V541	0.06553	0.49926	0.11873	0.31649
V542	0.24535	0.14031	0.29758	0.31676
V543	0.85623	0.00122	0.04849	0.09406
V544	0.17384	0.10339	0.2236	0.49918
V545	0.40877	0.15293	0.09639	0.34191
V546	0.10859	0.75776	0.13366	0
V547	0.08824	0.56724	0.34452	0
V548	0.19421	0.66348	0.1423	0
V549	0.33657	0.04987	0.61356	0
V550	0.6319	0.02608	0	0.34201
V551	0.22734	0.67773	0.08188	0.01306
V552	0.02645	0.53885	0.05341	0.38128
V553	0.25311	0.15495	0.59194	0
V554	0.1523	0.11759	0.05191	0.6782
V555	0.13695	0.23893	0.37505	0.24907
V556	0.0271	0.07427	0.87973	0.0189
V557	0.80902	0.0293	0.03356	0.12812
V558	0.12668	0.73058	0.07472	0.06802
V559	0.06262	0.69485	0.24253	0
V560	0.6963	0.30054	0.00315	0
V561	0.03621	0.07249	0.8847	0.0066
V562	0.75418	0	0.16663	0.07919
V563	0.26927	0.01349	0.71724	0
V564	0.1197	0.10385	0.77645	0
V565	0.16809	0.26473	0.41036	0.15683
V566	0.71411	0.1013	0.00778	0.17681
V567	0.26754	0.44119	0.05346	0.2378
V568	0.32214	0	0.10167	0.57619
V569	0.71393	0.02438	0	0.26169
V570	0.0765	0.28929	0.61757	0.01664
V571	0.81552	0.12944	0	0.05504
V572	0.44972	0.01631	0.47371	0.06027
V573	0.14503	0.20237	0.01232	0.64028
V574	0.08992	0.68087	0.22922	0
V575	0.0785	0.10618	0.1911	0.62422
V576	0.20021	0.71144	0.08834	0
V577	0.1107	0.05529	0.27765	0.55636
V578	0.11144	0.09281	0.67829	0.11745
V579	0.06207	0.77342	0.16451	0
V580	0.23677	0	0.17473	0.5885
V581	0.17434	0.1135	0	0.71217
V582	0.59726	0.15399	0.04957	0.19919
V583	0.05717	0.07388	0.61865	0.2503
V584	0.5075	0.16025	0.33225	0
V585	0.07645	0.02885	0.49055	0.40415
V586	0.26983	0.03045	0.64945	0.05027
V587	0.29403	0.03319	0.67278	0
V588	0.64619	0.04146	0.05281	0.25953
V589	0.11787	0.72962	0.13106	0.02145
V590	0.0967	0.65932	0.24399	0
V591	0.03566	0.05258	0.28771	0.62406
V592	0.19318	0.05648	0.75034	0
V593	0.58698	0	0.2303	0.18272
V594	0.35399	0.2791	0.36691	0
V595	0.13988	0.0559	0.07139	0.73283
V596	0.08251	0.29632	0.27361	0.34756
V597	0.02126	0.5468	0.4022	0.02974
V598	0.0778	0.14	0.7822	0
V599	0.62433	0.30587	0.0698	0
V600	0.38872	0.45297	0.08278	0.07553
V601	0.22059	0.29081	0.1071	0.3815
V602	0.15071	0.06677	0.04107	0.74146
V603	0.06771	0.37966	0.05615	0.49648
V604	0.50313	0.12425	0.37262	0
V605	0.11007	0.32648	0.43446	0.12899
V606	0.72456	0.15797	0.02389	0.09359
V607	0.65761	0	0.15208	0.19031
V608	0.25553	0.17125	0.41502	0.1582
V609	0.07405	0.25349	0.28951	0.38296
V610	0.74598	0.01273	0.13925	0.10205
V611	0.36188	0	0.09251	0.54561
V612	0.08128	0.12284	0.76698	0.0289
V613	0.08975	0.31762	0.59263	0
V614	0.7435	0.06437	0.08267	0.10946
V615	0.23968	0.08081	0.00538	0.67413
V616	0.13324	0.65663	0.09921	0.11093
V617	0.46079	0.15506	0.38414	0
V618	0.75164	0.00803	0	0.24033
V619	0.40859	0.03207	0.35975	0.19959
V620	0.05941	0.5774	0.36319	0
V621	0.44397	0.16095	0.21151	0.18356
V622	0.36475	0.21775	0.4175	0
V623	0.0788	0.09345	0.21597	0.61178
V624	0.79626	0.19584	0.00199	0.00591
V625	0.30369	0.469	0.13696	0.09034
V626	0.91677	0.05022	0	0.03301
V627	0.03061	0.04524	0.17039	0.75377
V628	0.03233	0.25405	0.05552	0.6581
V629	0.17118	0.29353	0.32296	0.21233
V630	0.08974	0.3249	0.58535	0
V631	0.07218	0.21431	0.16175	0.55177
V632	0.5936	0	0.17961	0.2268
V633	0.02892	0.07475	0.82295	0.07338
V634	0.39503	0.24523	0.35974	0
V635	0.0893	0.71979	0.04759	0.14332
V636	0.17181	0.12558	0.63232	0.07028
V637	0.35266	0.20917	0.11509	0.32308
V638	0.41139	0.26384	0.09478	0.22999
V639	0.2873	0.38139	0.33131	0
V640	0.09085	0.17393	0.72519	0.01002
V641	0.83804	0.04576	0.06258	0.05362
V642	0.76734	0.17594	0	0.05673
V643	0.05064	0.20341	0.49152	0.25443
V644	0.87634	0.08819	0.02458	0.01089
V645	0.28615	0.3739	0.33994	0
V646	0.08713	0.835	0.07787	0
V647	0.19229	0.11167	0.67919	0.01685
V648	0.42342	0.39582	0.18076	0
V649	0.08622	0.09922	0.78991	0.02465
V650	0.11587	0.12034	0.7365	0.0273
V651	0.32428	0.0126	0.66312	0
V652	0.14405	0.10652	0.47488	0.27455
V653	0.17396	0.61178	0.15418	0.06008
V654	0.68116	0.19676	0.09201	0.03008
V655	0.09712	0.55296	0.06484	0.28508
V656	0.27124	0.28625	0.02259	0.41992
V657	0.11468	0.12206	0.0116	0.75167
V658	0.59958	0.21075	0.08765	0.10203
V659	0.35158	0.09699	0.39869	0.15274
V660	0.10687	0.88927	0.00246	0.0014
V661	0.11259	0.42078	0.0995	0.36712
V662	0.42128	0.02603	0.49311	0.05959
V663	0.27176	0.09166	0.57146	0.06512
V664	0.23923	0.08988	0.66277	0.00812
V665	0.67893	0.18737	0.06822	0.06548
V666	0.5991	0	0.13974	0.26115
V667	0.7264	0.06362	0.20998	0
V668	0.16393	0.68967	0.1464	0
V669	0.26705	0.39072	0.2903	0.05194
V670	0.14931	0.83317	0.01753	0
V671	0.37894	0.28057	0.29455	0.04594
V672	0.0875	0.0669	0.8324	0.0132
V673	0.26863	0.35485	0.27016	0.10636
V674	0.71342	0.14814	0.03785	0.10059
V675	0.18007	0.32087	0.36048	0.13858
V676	0.09189	0.13435	0.16878	0.60498
V677	0.40937	0.38618	0.12898	0.07548
V678	0.51669	0.42486	0.05845	0
V679	0.0969	0.29246	0.61064	0
V680	0.32971	0.48684	0.18345	0
V681	0.85381	0.07578	0.03792	0.03249
V682	0.15747	0.28931	0.55322	0
V683	0.08352	0.81476	0.10172	0
V684	0.67587	0.15914	0.1351	0.02989
V685	0.49984	0.32522	0.16959	0.00534
V686	0.15411	0.20113	0.19184	0.45292
V687	0.148	0.02819	0.0947	0.72911
V688	0.41567	0.49557	0.00247	0.08629
V689	0.33131	0	0.0832	0.58549
V690	0.47025	0.0548	0.44756	0.02738
V691	0.19976	0.01106	0.78919	0
V692	0.13362	0.15882	0.68415	0.02341
V693	0.26912	0.11946	0.40722	0.2042
V694	0.06982	0.04239	0.35677	0.53102
V695	0.30827	0	0.21055	0.48117
V696	0.17951	0.11803	0.02676	0.67571
V697	0.09521	0.10667	0.03987	0.75825
V698	0.80898	0	0.05073	0.14029
V699	0.56889	0.28031	0.09443	0.05636
V700	0.32664	0.0304	0.01093	0.63203
V701	0.16097	0.50274	0.15853	0.17775
V702	0.58465	0.08175	0.01215	0.32146
V703	0.18334	0.06897	0.51742	0.23026
V704	0.79874	0.04816	0.05515	0.09795
V705	0.88558	0	0.07104	0.04338
V706	0.13631	0.08034	0.74084	0.04251
V707	0.09076	0.39654	0.5127	0
V708	0.09987	0.78772	0.08127	0.03113
V709	0.17895	0.26433	0.5317	0.02502
V710	0.60169	0.21093	0.07606	0.11133
V711	0.14509	0.69619	0.15872	0
V712	0.80867	0.05827	0.01923	0.11383
V713	0.46062	0.29669	0.05728	0.18541
V714	0.06154	0.63196	0.08228	0.22422
V715	0.32693	0.31959	0.33931	0.01416
V716	0.13179	0.06511	0.10495	0.69815
V717	0.14867	0.83329	0.01803	0
V718	0.1923	0.51406	0.23442	0.05922
V719	0.11254	0.65914	0.09208	0.13623
V720	0.67891	0	0.27326	0.04782
V721	0.16899	0.17938	0.49462	0.15702
V722	0.1546	0.35678	0.02718	0.46143
V723	0.2131	0.11401	0.00913	0.66376
V724	0.59343	0.01834	0.12983	0.2584
V725	0.03809	0.1317	0.82254	0.00767
V726	0.08506	0.38527	0.17082	0.35886
V727	0.29338	0.57204	0.13458	0
V728	0.08608	0.74785	0.16607	0
V729	0.44921	0.00185	0.20872	0.34023
V730	0.83482	0.03629	0.09779	0.0311
V731	0.07057	0.2151	0.4365	0.27784
V732	0.37306	0.08573	0.38767	0.15353
V733	0.64239	0.1895	0.05468	0.11342
V734	0.25875	0.28071	0.46054	0
V735	0.07982	0.04923	0.5191	0.35185
V736	0.2603	0.00691	0.02676	0.70603
V737	0.35287	0.2846	0.27116	0.09138
V738	0.12284	0.32269	0.47839	0.07609
V739	0.02035	0.04329	0.65431	0.28204
V740	0.79317	0.08625	0.12058	0
V741	0.50146	0.1061	0.16247	0.22997
V742	0.41604	0.52507	0.05889	0
V743	0.17953	0.15377	0.6667	0
V744	0.51499	0.04457	0.36888	0.07156
V745	0.06527	0.63404	0.24356	0.05713
V746	0.95524	0	0	0.04476
V747	0.11588	0.00408	0.73506	0.14497
V748	0.17048	0.12246	0.59525	0.11181
V749	0.33748	0.18972	0.0747	0.3981
V750	0.43947	0.43545	0.0493	0.07578
V751	0.11122	0.77361	0.09852	0.01664
V752	0.47273	0.22913	0.16605	0.13209
V753	0.15485	0.06978	0	0.77537
V754	0.08008	0.86959	0.02254	0.02779
V755	0.19341	0.20419	0.38107	0.22132
V756	0.12667	0.01672	0.13176	0.72484
V757	0.36395	0.52531	0.11073	0
V758	0.10046	0.68104	0.19132	0.02718
V759	0.17718	0.07437	0.44501	0.30344
V760	0.33069	0.06262	0.32634	0.28035
V761	0.11702	0.5267	0.32597	0.0303
V762	0.02328	0.39917	0.06664	0.51091
V763	0.41947	0.35006	0.04576	0.18471
V764	0.07333	0.83703	0.06487	0.02477
V765	0.69605	0.08503	0	0.21892
V766	0.06094	0.31869	0.47571	0.14466
V767	0.48115	0.12904	0.28564	0.10417
V768	0.12612	0.79434	0.07954	0
V769	0.19113	0.72076	0.08811	0
V770	0.08713	0.835	0.07787	0
V771	0.20908	0.04257	0.74835	0
V772	0.17877	0.06978	0.75144	0
V773	0.21158	0.73976	0.04867	0
V774	0.09239	0.01522	0.87578	0.0166
V775	0.17871	0.05134	0.33003	0.43992
V776	0.44899	0.39719	0.08618	0.06764
V777	0.23793	0.13151	0.18252	0.44804
V778	0.5415	0.27133	0.09688	0.09029
V779	0.21422	0.05623	0.52726	0.20229
V780	0.15307	0.65921	0.18772	0
V781	0.15939	0.05597	0.0799	0.70474
V782	0.05988	0.14883	0.76368	0.02761
V783	0.76646	0.01275	0.09551	0.12528
V784	0.16464	0.76442	0.07094	0
V785	0.11099	0.82553	0.06348	0
V786	0.6924	0.15864	0.12649	0.02246
V787	0.02523	0.74184	0.23293	0
V788	0.51009	0.28974	0.19514	0.00504
V789	0.13024	0.37575	0.05518	0.43884
V790	0.49343	0.01955	0.12017	0.36684
V791	0.17927	0.35939	0.36622	0.09513
V792	0.18668	0.52727	0.0301	0.25595
V793	0.17506	0.61373	0.07945	0.13175
V794	0.10496	0.11164	0.74822	0.03518
V795	0.20296	0.05734	0.10883	0.63087
V796	0.09148	0.11622	0.7923	0
V797	0.72102	0	0.27898	0
V798	0.60844	0.27685	0.11471	0
V799	0.18843	0.70256	0.07864	0.03036
V800	0.12717	0.04349	0.54883	0.28051
V801	0.18696	0.13459	0.37285	0.3056
V802	0.0971	0.09812	0.33399	0.4708
V803	0.24804	0.45357	0.29839	0
V804	0.51771	0.02111	0.42408	0.0371
V805	0.10141	0.00826	0.89033	0
V806	0.11761	0.81127	0.0644	0.00672
V807	0.32283	0.17271	0.04771	0.45675
V808	0.65417	0.2609	0.0758	0.00913
V809	0.10624	0.0733	0.82047	0
V810	0.09518	0.88818	0.01664	0
V811	0.44589	0.07799	0.24793	0.2282
V812	0.55464	0.26153	0.07507	0.10876
V813	0.57662	0.1917	0.23169	0
V814	0.4427	0.47162	0.08568	0
V815	0.03495	0.80393	0.16112	0
V816	0.87306	0	0.12694	0
V817	0.09394	0.10943	0.79663	0
V818	0.03565	0.0955	0.11003	0.75882
V819	0.78779	0.08597	0.08932	0.03692
V820	0.22488	0.12836	0.0236	0.62316
V821	0.25293	0.3042	0.41995	0.02292
V822	0.13328	0.06011	0.80661	0
V823	0.07391	0.20679	0.67368	0.04562
V824	0.12734	0.33374	0.53892	0
V825	0.25951	0.28978	0.29055	0.16015
V826	0.43568	0.3715	0.19281	0
V827	0.40638	0.54217	0.05145	0
V828	0.2793	0.18252	0.14191	0.39626
V829	0.10252	0.26722	0.06991	0.56034
V830	0.28611	0.24831	0.03509	0.43049
V831	0.75714	0.09392	0.05237	0.09658
V832	0.30238	0.38222	0.20794	0.10746
V833	0.19353	0.47302	0.22961	0.10384
V834	0.35247	0.08353	0.11317	0.45082
V835	0.38345	0.41941	0.1604	0.03675
V836	0.0703	0.64627	0.04911	0.23432
V837	0.25963	0.3653	0.23374	0.14133
V838	0.86086	0.0534	0.08574	0
V839	0.32232	0.53357	0.14411	0
V840	0.31529	0.6263	0.05841	0
V841	0.03511	0.08949	0.84596	0.02944
V842	0.375	0.17333	0.29829	0.15338
V843	0.08264	0.06342	0.81641	0.03752
V844	0.16722	0.1057	0.4212	0.30587
V845	0.12444	0.1346	0.71498	0.02599
V846	0.02306	0.05391	0.7783	0.14472
V847	0.03431	0	0.16752	0.79818
V848	0.13684	0.48215	0.22284	0.15817
V849	0.02277	0.8753	0.08851	0.01343
V850	0.88661	0	0.08055	0.03284
V851	0.34737	0.46126	0.19137	0
V852	0.18548	0.0627	0.18739	0.56443
V853	0.27252	0.22726	0.43027	0.06995
V854	0.58731	0.17323	0.13812	0.10134
V855	0.03431	0	0.16752	0.79818
V856	0.09204	0.35013	0.39257	0.16526
V857	0.6666	0.17789	0.05739	0.09812
V858	0.53119	0.02066	0.44815	0
V859	0.65394	0.23402	0.04086	0.07117
V860	0.26151	0.13341	0.08455	0.52053
V861	0.1311	0.32441	0.54449	0
V862	0.18307	0.11278	0.69481	0.00934
V863	0.29318	0.07768	0	0.62915
V864	0.16809	0.05349	0.10734	0.67108
V865	0.1837	0.00501	0.33082	0.48047
V866	0.68665	0.01953	0.29382	0
V867	0.68462	0.02971	0.28566	0
V868	0.51038	0.26876	0.17754	0.04333
V869	0.09918	0.83839	0.06243	0
V870	0.16445	0.35411	0.04136	0.44009
V871	0.02277	0.8753	0.08851	0.01343
V872	0.07722	0.03193	0.3135	0.57734
V873	0.8254	0.03328	0.10397	0.03734
V874	0.22972	0.6905	0.07978	0
V875	0.06717	0.21403	0.25935	0.45945
V876	0.19952	0.31532	0.44445	0.04071
V877	0.09194	0.3886	0.34572	0.17374
V878	0.17381	0.69656	0.12963	0
V879	0.23729	0.63184	0.09267	0.0382
V880	0.34577	0.51883	0.03498	0.10041
V881	0.19128	0.0645	0.61312	0.13111
V882	0.76631	0	0.17104	0.06265
V883	0.29252	0.18888	0.5186	0
V884	0.08851	0.30245	0	0.60904
V885	0.68544	0.19406	0.12049	0
V886	0.06382	0.35377	0.49998	0.08244
V887	0.6204	0.06473	0.20375	0.11113
V888	0.15448	0.07625	0.72066	0.04861
V889	0.85692	0.06029	0.05747	0.02532
V890	0.08192	0.16764	0.63126	0.11918
V891	0.60571	0.05626	0.32005	0.01798
V892	0.34494	0.20306	0.01004	0.44196
V893	0.56647	0.21247	0.19208	0.02898
V894	0.11743	0.30251	0.58007	0
V895	0.58101	0.06764	0.24176	0.1096
V896	0.11195	0.83213	0.05592	0
V897	0.68967	0.2513	0.02011	0.03892
V898	0.50498	0	0.04843	0.44658
V899	0.08093	0.21411	0.19916	0.5058
V900	0.12248	0.29698	0.40649	0.17406
V901	0.09767	0.7765	0.0509	0.07493
V902	0.11102	0.76808	0.1209	0
V903	0.0577	0.39413	0.54817	0
V904	0.10608	0.89384	9e-05	0
V905	0.22255	0	0.23446	0.54299
V906	0.43578	0.09751	0.14605	0.32066
V907	0.4558	0.47789	0.05089	0.01542
V908	0.07307	0.07637	0.14326	0.7073
V909	0.19252	0.75468	0.02047	0.03233
V910	0.24412	0	0.17371	0.58217
V911	0.5274	0.37255	0.06514	0.03492
V912	0.41245	0.32266	0.15203	0.11286
V913	0.23251	0	0.04684	0.72066
V914	0.22043	0.44798	0.33159	0
V915	0.30766	0	0.05023	0.64211
V916	0.27722	0.07747	0.63743	0.00787
V917	0.68587	0.02462	0.21507	0.07444
V918	0.09572	0.57507	0.2891	0.0401
V919	0.23718	0.24065	0.3366	0.18557
V920	0.6025	0.20119	0.12861	0.0677
V921	0.10113	0.19203	0.05893	0.64791
V922	0.14726	0.42828	0.42446	0
V923	0.18786	0.02268	0.10736	0.6821
V924	0.08981	0.5904	0.31979	0
V925	0.27546	0.04436	0.03178	0.64839
V926	0.28802	0.0232	0.07072	0.61807
V927	0.10685	0.06461	0.12919	0.69936
V928	0.11402	0.80693	0.05374	0.02531
V929	0.10609	0.59507	0.1873	0.11155
V930	0.51978	0.35546	0.06343	0.06134
V931	0.1785	0.27149	0.52592	0.02409
V932	0.0851	0.1398	0.62068	0.15442
V933	0.59291	0.35987	0.04722	0
V934	0.05376	0.17265	0.33537	0.43821
V935	0.54309	0.16667	0.25309	0.03715
V936	0.54199	0.2731	0.03202	0.15289
V937	0.55067	0.13484	0.11829	0.19619
V938	0.39846	0.05056	0.35171	0.19927
V939	0.7371	0.01102	0.11893	0.13295
V940	0.08161	0.70514	0.21326	0
V941	0.0417	0.0312	0.91568	0.01142
V942	0.71026	0.18505	0.10469	0
V943	0.39969	0.13871	0.44833	0.01327
V944	0.06883	0.28778	0.11137	0.53202
V945	0.57046	0.34322	0.03091	0.05541
V946	0.45234	0.25184	0.29582	0
V947	0.14968	0.06375	0.28735	0.49922
V948	0.34825	0.04837	0.60338	0
V949	0.02272	0.13782	0.27859	0.56087
V950	0.10204	0.5037	0.26401	0.13025
V951	0.77472	0.01713	0.20815	0
V952	0.12522	0.15024	0.3122	0.41235
V953	0.08173	0.09494	0.81327	0.01005
V954	0.09276	0.20348	0.19718	0.50658
V955	0.17466	0.57306	0.06381	0.18847
V956	0.09873	0.04814	0.54782	0.30532
V957	0.41188	0.01304	0	0.57507
V958	0.19256	0	0	0.80744
V959	0.26108	0.25636	0.45825	0.02431
V960	0.28565	0.28551	0.10513	0.32371
V961	0.1782	0.36436	0.39044	0.067
V962	0.37285	0.17649	0.42226	0.0284
V963	0.57762	0.17474	0.19932	0.04832
V964	0.78706	0.03114	0.15314	0.02867
V965	0.10402	0.47783	0.24205	0.1761
V966	0.89077	0.03617	0.0393	0.03376
V967	0.11543	0.06561	0.55873	0.26023
V968	0.0281	0.18046	0.76265	0.02879
V969	0.06065	0.30535	0.08465	0.54935
V970	0.08544	0.14278	0.46731	0.30447
V971	0.49222	0.09462	0.36942	0.04374
V972	0.52779	0.2098	0.0642	0.19821
V973	0.30948	0.40596	0.11217	0.17239
V974	0.05751	0.71162	0.19588	0.035
V975	0.14139	0.26955	0.58906	0
V976	0.45439	0.24866	0.14805	0.1489
V977	0.32712	0.3172	0.35568	0
V978	0.14937	0.11724	0.10706	0.62633
V979	0.75168	0.0184	0.22992	0
V980	0.95524	0	0	0.04476
V981	0.35849	0.04042	0.46489	0.1362
V982	0.45953	0.38115	0.10982	0.0495
V983	0.72	0.06236	0.00569	0.21195
V984	0.07271	0.73934	0.18796	0
V985	0.15288	0.22002	0.00905	0.61806
V986	0.35781	0.4949	0.08215	0.06514
V987	0.28667	0.69869	0.01464	0
V988	0.30473	0.01401	0.04068	0.64059
V989	0.4509	0.42728	0.12183	0
V990	0.028	0.09032	0.79308	0.0886
V991	0.65725	0.34275	0	0
V992	0.24449	0.01996	0.55067	0.18488
V993	0.12244	0.64554	0.23134	0.00068
V994	0.22706	0.68939	0.08356	0
V995	0.72532	0.11124	0.05328	0.11015
V996	0.34069	0.14201	0.01453	0.50277
V997	0.08227	0.05005	0.7987	0.06898
V998	0.82252	0.00807	0.11776	0.05164
V999	0.18056	0.81145	0.00799	0
V1000	0.39338	0.02358	0	0.58304
