cytotoxic.CD56.dim.NK.cell	memory.CD4.pos.AB.T.cell	memory.B.cell	CD14.pos.CD16.neg.classical.monocyte
V1	0.41694	0.01942	0.12224	0.4414
V2	0.06182	0.05227	0.02815	0.85776
V3	0.02624	0.49927	0.00644	0.46805
V4	0.85149	0.11899	0.00043	0.02909
V5	0.06096	0.43772	0.21771	0.28361
V6	0.04854	0.90654	0.0099	0.03502
V7	0.07061	0.23839	0.04526	0.64574
V8	0.07849	0.07938	0.80227	0.03986
V9	0.12035	0.13724	0.01775	0.72466
V10	0.01389	0.08528	0.83884	0.06199
V11	0.15789	0.36809	0.46369	0.01033
V12	0.01195	0.59727	0.36844	0.02234
V13	0.21589	0.7491	0.00076	0.03426
V14	0.04954	0.93332	0.0025	0.01463
V15	0.06917	0.57142	0.08327	0.27614
V16	0.89987	0.049	0.01187	0.03927
V17	0.05588	0.90429	0.00482	0.03501
V18	0.56204	0.35206	0.02651	0.05939
V19	0.11737	0.8583	9e-04	0.02342
V20	0.08786	0.3427	0.00944	0.56
V21	0.07794	0.09244	0.78896	0.04065
V22	0.00466	0.0571	0.13025	0.80799
V23	0.31165	0.08068	0.59935	0.00832
V24	0.89297	0.06692	0.04011	0
V25	0.23416	0.16087	0.08552	0.51945
V26	0.29993	0.33233	0.0089	0.35885
V27	0.0466	0.04499	0.01672	0.8917
V28	0.00543	0.1613	0.8298	0.00347
V29	0.37246	0.06196	0.5239	0.04168
V30	0.04165	0.12818	0.19467	0.6355
V31	0.11441	0.12678	0.23202	0.52679
V32	0.04065	0.0299	0.0258	0.90365
V33	0.01949	0.47379	0.34489	0.16184
V34	0.07691	0.08488	0.79805	0.04016
V35	0.11576	0.78051	0.05607	0.04766
V36	0.00236	0.04729	0.35128	0.59907
V37	0.40752	0.04421	0.06084	0.48744
V38	0.26869	0.0184	0.11854	0.59437
V39	0.1073	0.55305	0.09405	0.2456
V40	0.07638	0.84453	0.07271	0.00639
V41	0.00422	0.56073	0.02529	0.40976
V42	0.10731	0.02485	0.13454	0.7333
V43	0.08451	0.32916	0.54056	0.04576
V44	0.00454	0.08155	0.68386	0.23005
V45	0.05723	0.60073	0.19277	0.14927
V46	0.80031	0.08301	0.10984	0.00683
V47	0.41479	0.17386	0.33421	0.07714
V48	0.79896	0.16915	0.003	0.0289
V49	0.70519	0.16819	2e-05	0.1266
V50	0.0443	0.87783	0.06387	0.014
V51	0.26661	0.42273	0.26219	0.04847
V52	0.01159	0.12966	0.81843	0.04032
V53	0.70615	0.13977	0.15375	0.00033
V54	0.38544	0.18577	0.39776	0.03103
V55	0.11098	0.0725	0.16521	0.65131
V56	0.02333	0.02354	0.07053	0.8826
V57	0.06441	0.90021	0.01171	0.02368
V58	0.47629	0.01533	0.02664	0.48174
V59	0.40774	0.42824	0.085	0.07902
V60	0.0618	0.08859	0.24295	0.60665
V61	0.78226	0.08585	0.00603	0.12586
V62	0.88144	0.04863	0.05355	0.01638
V63	0.00916	0.86441	0.09168	0.03475
V64	0.01049	0.79646	0	0.19305
V65	0.0111	0.0233	0.09723	0.86837
V66	0.1579	0.72748	0.00787	0.10675
V67	0.10654	0.32645	0.54675	0.02026
V68	0.06738	0.08211	0.01317	0.83734
V69	0.00959	0.28226	0.63761	0.07054
V70	0.50485	0.11902	0.15413	0.22199
V71	0.08232	0.04806	0.28921	0.58041
V72	0.51105	0.11414	0.06716	0.30765
V73	0.10215	0.64064	0.10679	0.15042
V74	0.03947	0.23973	0.7173	0.00349
V75	0.65982	0.02739	0.17062	0.14216
V76	0.00059	0.10448	0.11755	0.77737
V77	0.01766	0.17714	0.0072	0.798
V78	0.18224	0.06427	0.12509	0.6284
V79	0.00265	0.10966	0.77222	0.11548
V80	0.26249	0.05538	0.55333	0.1288
V81	0.03221	0.17413	0.78355	0.01011
V82	3e-04	0.13525	0.8519	0.01255
V83	0.05647	0.09566	0.03863	0.80924
V84	0.24749	0.03011	0.10705	0.61535
V85	0.05866	0.25816	0.38583	0.29735
V86	0.02445	0.09325	0.83119	0.05112
V87	0.01722	0.84924	0.03132	0.10222
V88	0.07736	0.03742	0.18399	0.70124
V89	0.0088	0.02592	0.14568	0.8196
V90	0.01554	0.92373	0.03669	0.02404
V91	0.01744	0.77367	0.16163	0.04725
V92	0.36376	0.04428	0.37653	0.21543
V93	0.82595	0.03094	0.00093	0.14218
V94	0.00551	0.29747	0.01376	0.68325
V95	0.19429	0.40705	0.12429	0.27436
V96	0.03174	0.06738	0.01905	0.88183
V97	0.67467	0.11067	0.20764	0.00702
V98	0.66868	0.3119	0	0.01942
V99	0.78862	0.06331	0.14141	0.00666
V100	0.04265	0.08839	0.83958	0.02938
V101	0.02396	0.07235	0.00775	0.89593
V102	0.91289	0.06571	0.00436	0.01705
V103	0.00388	0.04539	0.07485	0.87588
V104	0.02241	0.95835	0.00389	0.01536
V105	0.03886	0.93784	0.00877	0.01454
V106	0.07741	0.5317	0.32801	0.06288
V107	0.12782	0.18416	0.61473	0.0733
V108	0.12074	0.78751	0.08586	0.00589
V109	0.00456	0.12093	0.52889	0.34562
V110	0.03509	0.90817	0.02187	0.03487
V111	0.8954	0.03423	0.0631	0.00727
V112	0.06146	0.0473	0.34074	0.5505
V113	0.08946	0.0573	0.1095	0.74373
V114	0.11926	0.03075	0.04515	0.80483
V115	0.00562	0.77228	0.20841	0.01369
V116	0.08351	0.25893	0.35439	0.30318
V117	0.68141	0.24066	0.02039	0.05754
V118	0.09967	0.51487	0.01759	0.36787
V119	0.04817	0.05038	0.02975	0.8717
V120	0.04364	0.10879	0.82835	0.01922
V121	0.52382	0.0894	0.0662	0.32058
V122	0.93523	0.03586	0.01162	0.01729
V123	0.00335	0.36303	0.0253	0.60832
V124	0.63501	0.28026	0	0.08473
V125	0.35915	0.44543	0.16186	0.03356
V126	0.01528	0.09051	0.03016	0.86405
V127	0.07647	0.03313	0.17511	0.7153
V128	0.017	0.02397	0.08938	0.86965
V129	0.58625	0.22331	0.14537	0.04507
V130	0.00514	0.66716	0.31447	0.01323
V131	0.01865	0.87157	0	0.10978
V132	0.92088	0.03022	0.0211	0.02781
V133	0.90412	0.03863	0.04076	0.01649
V134	0.05094	0.27827	0.07951	0.59128
V135	0.03316	0.0242	0.11965	0.82299
V136	0.14408	0.30062	0.00599	0.54932
V137	0.62201	0.04515	0.23162	0.10122
V138	0.14333	0.34597	0.13845	0.37224
V139	0.2599	0.14795	0.15111	0.44103
V140	0.01333	0.06532	0.03626	0.8851
V141	0.02678	0.11621	0.48819	0.36882
V142	0.73697	0.05227	0.21076	0
V143	0.33313	0.19687	0.04335	0.42665
V144	0.07849	0.08557	0.10176	0.73418
V145	0.00315	0.77527	0.20766	0.01393
V146	0.03475	0.02454	0.03219	0.90851
V147	0.90031	0.03548	0.01247	0.05173
V148	0.06877	0.07278	0.53515	0.3233
V149	0.21659	0.55898	0.21302	0.01141
V150	0.04588	0.2128	0.62094	0.12038
V151	0.14479	0.62399	0.01744	0.21378
V152	0.18011	0.44664	0.1975	0.17575
V153	0.06498	0.74336	0.00802	0.18363
V154	0.19651	0.48403	0.27088	0.04858
V155	0.42881	0.12437	0.28069	0.16613
V156	0.01239	0.12346	0.67933	0.18482
V157	0.21447	0.1141	0.27597	0.39546
V158	0.0227	0.01959	0.06069	0.89702
V159	0.86699	0.06756	0.00014	0.0653
V160	0.56867	0.01862	0.04219	0.37052
V161	0.10931	0.01791	0.02342	0.84936
V162	0.02538	0.18382	0.0441	0.74669
V163	0.05001	0.42079	0.12	0.4092
V164	0.24712	0.2412	0.07312	0.43856
V165	0.00695	0.17838	0.0048	0.80987
V166	0.00298	0.07294	0.05071	0.87337
V167	0.20575	0.01639	0.01107	0.7668
V168	0.23447	0.61213	0.0572	0.0962
V169	0.08758	0.03791	0.02384	0.85067
V170	0.05109	0.04224	0.42714	0.47952
V171	0.08363	0.22868	0.62936	0.05833
V172	0.6666	0.04628	0.27962	0.0075
V173	0.01137	0.09554	0.02701	0.86609
V174	0.0058	0.10335	0.04551	0.84534
V175	0.03211	0.06985	0.73079	0.16724
V176	0.00586	0.83385	0.14615	0.01415
V177	0.01362	0.9611	0	0.02528
V178	0.00483	0.67557	0.00528	0.31432
V179	0.07928	0.03023	0.28672	0.60377
V180	0.02622	0.88877	0.07836	0.00665
V181	0.09891	0.11042	0.53282	0.25785
V182	0.23965	0.17051	0.49666	0.09318
V183	0.14183	0.84292	0.00161	0.01363
V184	0.91234	0.04891	0.03875	0
V185	0.53859	0.44451	0.00703	0.00987
V186	0.07176	0.46348	0.23723	0.22752
V187	0.9294	0.03823	0.0251	0.00727
V188	0.02711	0.15124	0.0044	0.81726
V189	0.73824	0.02636	0.01145	0.22395
V190	0.60624	0.05319	0.33322	0.00735
V191	0.13022	0.19592	0.61527	0.05859
V192	0.22392	0.42943	0.02905	0.3176
V193	0.54136	0.0427	0.21348	0.20247
V194	0.0247	0.93861	0.00164	0.03504
V195	0.01091	0.10657	0.86967	0.01285
V196	0.00787	0.08414	0.01622	0.89178
V197	0.24604	0.03204	0.01509	0.70684
V198	0.03498	0.50139	0.37078	0.09285
V199	0.07353	0.02491	0.1116	0.78996
V200	0.0703	0.46907	0.0089	0.45173
V201	0.05407	0.53338	0.15058	0.26198
V202	0.0086	0.07023	0.69085	0.23032
V203	0.11807	0.44428	0.40429	0.03336
V204	0.00368	0.38576	0.00734	0.60323
V205	0.01061	0.11327	0.85584	0.02029
V206	0.02776	0.13676	0.82492	0.01056
V207	0.05642	0.11001	0.0293	0.80427
V208	0.18423	0.0987	0.69878	0.0183
V209	0.22973	0.44324	0.04294	0.28409
V210	0.05129	0.81148	0.06123	0.076
V211	0.25295	0.01856	0.02191	0.70658
V212	0.45041	0.06702	0.45333	0.02924
V213	0.52978	0.03058	0.07672	0.36292
V214	0.21359	0.10014	0.11251	0.57376
V215	0.15236	0.05699	0.01218	0.77847
V216	0.0372	0.01771	0.04039	0.90471
V217	0.0169	0.42219	0.18047	0.38045
V218	0.04827	0.35791	0.11737	0.47645
V219	0.05899	0.55536	0.00525	0.3804
V220	0.0053	0.76579	0.00413	0.22478
V221	0.69822	0.02238	0.00555	0.27385
V222	0.23086	0.10641	0.34771	0.31502
V223	0.00252	0.13865	0.75338	0.10544
V224	0.90429	0.0486	0.04711	0
V225	0.0375	0.90779	0.04062	0.01409
V226	0.24091	0.10798	0.63286	0.01825
V227	0.75813	0.03527	0.18938	0.01722
V228	0.75302	0.05629	0.04489	0.14581
V229	0.01327	0.09571	0.86138	0.02964
V230	0.01221	0.04789	0.03414	0.90577
V231	0.00455	0.16523	0.06292	0.7673
V232	0.02498	0.53893	0.001	0.43509
V233	0.5053	0.07184	0.17119	0.25166
V234	0.02382	0.93441	0.01781	0.02396
V235	0.30624	0.08549	0.56554	0.04273
V236	0.01986	0.09596	0.78027	0.10391
V237	0.07994	0.0191	0.02581	0.87515
V238	0.08692	0.58264	0.25092	0.07952
V239	0.02905	0.26564	0.01201	0.69331
V240	0.42445	0.06143	0.44395	0.07017
V241	0.0124	0.08022	0.82299	0.0844
V242	0.09017	0.82165	0.06504	0.02314
V243	0.16177	0.07383	0.65205	0.11234
V244	0.13238	0.0639	0.68344	0.12028
V245	0.59098	0.28544	0.03244	0.09115
V246	0.02846	0.16129	0.78045	0.0298
V247	0.13312	0.09829	0.76626	0.00234
V248	0.01317	0.04238	0.0457	0.89875
V249	0	0.09938	0.81585	0.08477
V250	0.72811	0.04027	0.22437	0.00726
V251	0.92024	0.06698	0.00543	0.00735
V252	0.01526	0.84024	0.13798	0.00652
V253	0.22223	0.04291	0.10671	0.62815
V254	0.00761	0.93805	0.03964	0.0147
V255	0.03003	0.91181	0	0.05816
V256	0.11464	0.19179	0.55009	0.14348
V257	0.31696	0.0708	0.18983	0.42241
V258	0.11498	0.22792	0.43281	0.22429
V259	0.01512	0.27569	0.65238	0.05682
V260	0.00119	0.29022	0.697	0.01158
V261	0.54253	0.03634	0.16555	0.25558
V262	0.04413	0.04994	0.0161	0.88983
V263	0.01655	0.94801	0	0.03544
V264	0.08213	0.04012	0.3433	0.53446
V265	0.01809	0.0223	0.10992	0.8497
V266	0.60467	0.38526	0.00805	0.00202
V267	9e-05	0.10917	0.19497	0.69577
V268	0.22652	0.023	0.08994	0.66054
V269	0.00383	0.54654	0.37559	0.07403
V270	0.59878	0.03947	0.22888	0.13287
V271	0.76952	0.05455	0.0193	0.15664
V272	0.03261	0.80356	0.00488	0.15895
V273	0.03116	0.03101	0.03441	0.90342
V274	0.64487	0.02597	0.15578	0.17338
V275	0	0.11707	0.86909	0.01384
V276	0.43606	0.29638	0.00474	0.26281
V277	0.01104	0.11848	0.09541	0.77506
V278	0.01147	0.04383	0.19512	0.74957
V279	0.63421	0.04832	0.08187	0.2356
V280	0.0227	0.01959	0.06069	0.89702
V281	0.40881	0.02608	0.09729	0.46782
V282	0.02748	0.09959	0.79575	0.07718
V283	0.14529	0.56108	0.03676	0.25687
V284	0.01767	0.92459	0.04324	0.0145
V285	0.07492	0.0987	0.82365	0.00273
V286	0.18712	0.56214	0.08021	0.17053
V287	0.0638	0.89653	0.00476	0.03492
V288	0.00481	0.19848	0.36172	0.43499
V289	0.21729	0.20006	0.45207	0.13058
V290	0.7923	0.19353	0.01393	0.00023
V291	0.43487	0.08856	0.4592	0.01736
V292	0.88973	0.03291	0.00116	0.0762
V293	0.21488	0.06773	0.66395	0.05344
V294	0.04114	0.2406	0.00328	0.71499
V295	0.00432	0.10423	0.11765	0.7738
V296	0.11104	0.12044	0.63443	0.13409
V297	0.03875	0.01868	0.06379	0.87877
V298	0.23268	0.1213	0.62772	0.0183
V299	0.02855	0.16892	0.00945	0.79309
V300	0	0.04384	0.16216	0.794
V301	0.06512	0.10828	0.64892	0.17767
V302	0.6228	0.35731	0	0.01989
V303	0.00311	0.59258	0.35862	0.04568
V304	0.02455	0.0651	0.68153	0.22882
V305	0.05855	0.11683	0.40736	0.41725
V306	0.81346	0.08299	0.03512	0.06842
V307	0.01261	0.95414	0.0088	0.02445
V308	0.14256	0.16736	0.25133	0.43876
V309	0.21088	0.2252	0.01307	0.55084
V310	0.02978	0.2013	0.08967	0.67925
V311	0.47586	0.51082	0.00263	0.01069
V312	0.06226	0.79178	0.11091	0.03505
V313	0.00043	0.10264	0.02081	0.87613
V314	0.00533	0.34142	0.06487	0.58838
V315	0.06724	0.55473	0.01858	0.35945
V316	0.22151	0.10864	0.3736	0.29625
V317	0.04781	0.65418	0.02537	0.27264
V318	0.01607	0.40956	0.00846	0.56591
V319	0.02933	0.10404	0.82665	0.03998
V320	0.03618	0.13034	0.63949	0.19399
V321	0.59664	0.39348	0.00787	0.00202
V322	0.09864	0.21119	0.03989	0.65027
V323	0.02538	0.02705	0.06829	0.87928
V324	0.66489	0.25307	0.05182	0.03021
V325	0.25684	0.6929	0.03806	0.0122
V326	0.00185	0.42933	0.05292	0.5159
V327	0.00527	0.0876	0.06366	0.84346
V328	0.0197	0.06465	0.67422	0.24143
V329	0.07579	0.0611	0.10113	0.76197
V330	0.25449	0.02831	0.28708	0.43013
V331	0.18945	0.04996	0.02371	0.73688
V332	0.00249	0.04306	0.1259	0.82855
V333	0.33894	0.07334	0.39491	0.19281
V334	0.22383	0.03042	0.30481	0.44094
V335	0.00887	0.28709	0.50004	0.20399
V336	0.11656	0.70392	0.00762	0.17191
V337	0.22919	0.42002	0.30263	0.04816
V338	0.00376	0.97161	0.00851	0.01613
V339	0.08742	0.08694	0.8149	0.01074
V340	0.02215	0.17573	0.4938	0.30833
V341	0.01201	0.038	0.05803	0.89196
V342	0.15243	0.0552	0.59418	0.19819
V343	0.9367	0.04881	0.00692	0.00757
V344	0.64177	0.17241	0.18521	0.00061
V345	0.02731	0.1359	0.83366	0.00313
V346	0.12391	0.07055	0.20744	0.5981
V347	0.02032	0.02261	0.0963	0.86077
V348	0.02551	0.62595	0.09889	0.24965
V349	0.27254	0.14376	0.39703	0.18666
V350	0.02563	0.81006	0.15789	0.00642
V351	0.00518	0.04144	0.27772	0.67567
V352	0.02362	0.07773	0.79945	0.0992
V353	0.85291	0.0312	0.02311	0.09278
V354	0.02335	0.72176	0.1934	0.06149
V355	0.1786	0.06887	0.43892	0.31361
V356	0.01604	0.02934	0.07895	0.87566
V357	0.05393	0.24427	0.21847	0.48333
V358	0.39139	0.06679	0.02786	0.51396
V359	0.39898	0.03617	0.0184	0.54645
V360	0.51806	0.45125	0.01072	0.01997
V361	0.00134	0.44386	0.54273	0.01208
V362	0.0038	0.9649	0.01537	0.01594
V363	0.09197	0.08927	0.42022	0.39853
V364	0.09011	0.0834	0.68524	0.14125
V365	0.1353	0.02503	0.01176	0.82791
V366	0.03941	0.64744	0.0505	0.26265
V367	0.42199	0.09328	0.0036	0.48113
V368	0.04877	0.74161	0.05218	0.15745
V369	0.00764	0.39588	0.58531	0.01118
V370	0.2365	0.272	0.44439	0.04711
V371	0.12939	0.75069	0.01295	0.10697
V372	0.06621	0.03463	0.07059	0.82857
V373	0.03129	0.0981	0.39035	0.48027
V374	0.71947	0.05583	0.2247	0
V375	0.01665	0.0357	0.0969	0.85075
V376	0.01535	0.03447	0.0748	0.87538
V377	0.65702	0.01729	0.01073	0.31496
V378	0.00232	0.04397	0.28424	0.66947
V379	0.18841	0.11907	0.00715	0.68537
V380	0.06188	0.0448	0.12374	0.76958
V381	0.64233	0.02347	0.06525	0.26895
V382	0.04718	0.10069	0.84133	0.0108
V383	0.76577	0.02083	0.03373	0.17967
V384	0.43128	0.05542	0.0928	0.42051
V385	0.83531	0.02951	0.05583	0.07935
V386	0.15142	0.02014	0.09157	0.73687
V387	0.5564	0.12785	0.16953	0.14621
V388	0.2966	0.29237	0.11482	0.2962
V389	0.35566	0.53169	0.0045	0.10815
V390	0.23021	0.26773	0.4925	0.00956
V391	0.24581	0.06233	0.0108	0.68106
V392	0.32963	0.17356	0.12779	0.36902
V393	0.19986	0.19065	0.33983	0.26965
V394	0.03353	0.12975	0.06036	0.77636
V395	0.14456	0.34139	0.16034	0.35372
V396	0.00819	0.95207	0.00433	0.03542
V397	0.78337	0.08139	0.08016	0.05507
V398	0.30035	0.08645	0.05888	0.55432
V399	0.13068	0.56217	0.11608	0.19107
V400	0.0018	0.44328	0.03514	0.51979
V401	0.01285	0.15238	0.7245	0.11027
V402	0.76894	0.19899	0.03188	0.00019
V403	0.01341	0.033	0.06664	0.88695
V404	0.04459	0.17236	0.63144	0.15161
V405	0.09932	0.02775	0.10269	0.77024
V406	0.60142	0.21883	0.00905	0.1707
V407	0.00376	0.97161	0.00851	0.01613
V408	0.03993	0.17381	0.34208	0.44418
V409	6e-05	0.05043	0.06025	0.88926
V410	0.05595	0.89279	0.01644	0.03483
V411	0.26188	0.02312	0.00419	0.71081
V412	0.08162	0.06868	0.43326	0.41644
V413	0.02203	0.38845	0.1244	0.46512
V414	0.01405	0.47008	0.30308	0.21279
V415	0.29955	0.02943	0.17714	0.49388
V416	0.01629	0.15696	0.82361	0.00314
V417	0.33195	0.65433	0.00188	0.01183
V418	0.02486	0.06034	0.08356	0.83123
V419	0.01982	0.02134	0.06696	0.89188
V420	0.00298	0.85248	0.00704	0.13751
V421	0.08817	0.07058	0.67243	0.16882
V422	0.02617	0.06382	0.01273	0.89728
V423	0.04265	0.08839	0.83958	0.02938
V424	8e-05	0.06834	0.50143	0.43015
V425	0.02387	0.20516	0.60358	0.16739
V426	0.04671	0.08415	0.7781	0.09103
V427	0.02575	0.28546	0.12963	0.55916
V428	0.05193	0.7786	0.03152	0.13794
V429	0.01646	0.02159	0.07185	0.8901
V430	0.72833	0.14648	0.00932	0.11586
V431	0.09088	0.03823	0.36691	0.50399
V432	0.04263	0.05995	0.02917	0.86826
V433	0.03299	0.64571	0.00022	0.32108
V434	0.17851	0.04463	0.02935	0.74751
V435	0.33872	0.0193	0.07835	0.56363
V436	0.21263	0.01925	0.06894	0.69918
V437	0.11227	0.14087	0.00528	0.74158
V438	0.50629	0.11465	0.01818	0.36088
V439	0.01869	0.08515	0.01201	0.88415
V440	0.29732	0.02806	0.01955	0.65506
V441	0.02777	0.10807	0.55397	0.31018
V442	0.22455	0.28363	0.10084	0.39098
V443	0.64781	0.02105	0.0655	0.26564
V444	0.02731	0.1359	0.83366	0.00313
V445	0.55697	0.05047	0.3514	0.04115
V446	0.01651	0.8345	0.03128	0.11771
V447	0.59004	0.07922	0.15357	0.17717
V448	0.00511	0.04836	0.12675	0.81977
V449	0.48722	0.05157	0.2909	0.17031
V450	0.1235	0.85742	0.01304	0.00604
V451	0.90455	0.0662	0.00072	0.02854
V452	0.01977	0.02472	0.0696	0.88592
V453	0.80158	0.06688	0.04845	0.08309
V454	0.0032	0.93582	0.03676	0.02422
V455	0.54145	0.05037	0.30729	0.10089
V456	0.23118	0.10229	0.37184	0.29468
V457	0.00055	0.07329	0.03407	0.89208
V458	0.1347	0.14137	0.00513	0.7188
V459	0.00801	0.78415	0.05823	0.14961
V460	0.92818	0.03284	0.02223	0.01675
V461	0.03645	0.04366	0.01466	0.90522
V462	0.20497	0.167	0.00258	0.62546
V463	0.18765	0.47181	0.12691	0.21363
V464	0.32996	0.06615	0.00433	0.59956
V465	0.31575	0.3959	0.01341	0.27494
V466	0.46205	0.13814	0.00305	0.39676
V467	0.26015	0.61878	0.0575	0.06357
V468	0.46416	0.41044	0.03227	0.09313
V469	0.00423	0.10623	0.19239	0.69715
V470	0.47513	0.09888	0.14859	0.27739
V471	0.12782	0.06175	0.02024	0.79019
V472	0.19706	0.24173	0.0022	0.55901
V473	0.06131	0.56718	0.33735	0.03416
V474	0.05203	0.01847	0.07683	0.85267
V475	0.09875	0.29415	0.04562	0.56147
V476	0.07242	0.02331	0.03652	0.86775
V477	0.50801	0.0392	0.17482	0.27797
V478	0.07088	0.4864	0.00284	0.43988
V479	0.00507	0.10813	0.76984	0.11696
V480	0.03167	0.18852	0.02506	0.75475
V481	0.09234	0.0863	0.80219	0.01917
V482	0.7026	0.14855	0.09098	0.05786
V483	0.05049	0.06498	0.04047	0.84406
V484	0.01205	0.06716	0.02536	0.89543
V485	0.07209	0.70842	0.00417	0.21531
V486	0.15765	0.18153	0.08272	0.5781
V487	0.03052	0.03801	0.05553	0.87594
V488	0.00924	0.08051	0.78059	0.12966
V489	0.14415	0.12858	0.70863	0.01864
V490	0.22559	0.23614	0.04252	0.49575
V491	0.39059	0.47943	0.01934	0.11065
V492	0.016	0.86242	0.10742	0.01417
V493	0.06748	0.01853	0.01049	0.9035
V494	0.12049	0.13751	0.53051	0.21149
V495	0.17142	0.68038	0.11327	0.03493
V496	0.21217	0.714	0	0.07383
V497	0.01393	0.09481	0.87784	0.01342
V498	0.16279	0.05958	0.0295	0.74813
V499	0.59877	0.2825	0.11031	0.00843
V500	0.05536	0.13583	0.75457	0.05424
V501	0.00282	0.03197	0.09729	0.86792
V502	0.53448	0.28355	0.13605	0.04592
V503	0.09052	0.05788	0.12627	0.72533
V504	0.1676	0.72173	0.00416	0.10651
V505	0.1041	0.14475	0.18824	0.56292
V506	0.04097	0.19872	0.4191	0.34121
V507	0.529	0.07784	0.09053	0.30263
V508	0.74796	0.15447	0.02661	0.07096
V509	0.1369	0.06764	0.47285	0.32261
V510	0.17146	0.5554	0.26159	0.01154
V511	0.01645	0.27715	0.02504	0.68135
V512	0.11214	0.03486	0.04498	0.80801
V513	0.04397	0.6634	0.18054	0.11209
V514	0.01341	0.09091	0.00766	0.88801
V515	0.70935	0.0506	0.03112	0.20893
V516	0.87886	0.11183	0.00123	0.00808
V517	0.01462	0.03285	0.16663	0.7859
V518	0.92051	0.07023	0.00114	0.00812
V519	0.01491	0.82935	0.00191	0.15383
V520	0.0119	0.04646	0.49243	0.44921
V521	0.50807	0.06642	0.3832	0.04232
V522	0.00229	0.10312	0.48273	0.41186
V523	0.23771	0.09435	0.20684	0.4611
V524	0.00485	0.78687	0.16206	0.04622
V525	0.12554	0.12263	0.01447	0.73736
V526	0.53349	0.05962	0.04827	0.35862
V527	0.10409	0.03504	0.31074	0.55013
V528	0.06299	0.86504	0	0.07196
V529	0.02098	0.04393	0.14071	0.79438
V530	0.00215	0.18539	0.6566	0.15587
V531	0.02043	0.86625	0.10663	0.00668
V532	0.08125	0.21286	0.01401	0.69188
V533	0.18828	0.28967	0.09832	0.42374
V534	0.00468	0.06145	0.59859	0.33528
V535	0.35503	0.01478	0.01206	0.61814
V536	0.09191	0.02837	0.27648	0.60324
V537	0.57722	0.2658	0.13836	0.01862
V538	0.28342	0.03571	0.051	0.62987
V539	0.19429	0.40705	0.12429	0.27436
V540	0.14421	0.74487	0.04863	0.0623
V541	0.00566	0.36025	0.03464	0.59944
V542	0.09525	0.07852	0.17431	0.65192
V543	0.80705	0.02491	0.00944	0.15859
V544	0.03991	0.05187	0.10303	0.80519
V545	0.20931	0.08555	0.03988	0.66526
V546	0.0305	0.90679	0.04858	0.01414
V547	0.01907	0.66193	0.29639	0.02261
V548	0.10908	0.81574	0.0619	0.01329
V549	0.24494	0.08025	0.65681	0.018
V550	0.3954	0.03017	0.00282	0.5716
V551	0.12163	0.7693	0.01814	0.09093
V552	0.0012	0.37533	0.00788	0.61559
V553	0.15719	0.16103	0.65125	0.03053
V554	0.02482	0.06731	0.02048	0.88739
V555	0.03772	0.15298	0.25461	0.55469
V556	3e-05	0.10664	0.8532	0.04013
V557	0.72285	0.0313	0.00701	0.23884
V558	0.03662	0.75328	0.01406	0.19603
V559	0.01448	0.805	0.17418	0.00634
V560	0.64718	0.34324	0.00014	0.00945
V561	0	0.11707	0.86909	0.01384
V562	0.72641	0.02571	0.09151	0.15637
V563	0.17807	0.07914	0.73321	0.00958
V564	0.03107	0.1215	0.82809	0.01933
V565	0.0626	0.19943	0.33198	0.40599
V566	0.57909	0.07192	0.003	0.34599
V567	0.12494	0.34962	0.01266	0.51278
V568	0.11891	0.01756	0.03447	0.82906
V569	0.50453	0.03057	0.00154	0.46336
V570	0.00909	0.26677	0.62389	0.10025
V571	0.78834	0.11673	0.00018	0.09476
V572	0.34296	0.04715	0.44821	0.16168
V573	0.02681	0.11536	0.0084	0.84943
V574	0.01907	0.81542	0.14234	0.02317
V575	0.00599	0.0602	0.0827	0.85111
V576	0.10542	0.84891	0.02236	0.0233
V577	0.01334	0.03883	0.13799	0.80983
V578	0.02143	0.08008	0.6247	0.27379
V579	0.00585	0.89145	0.06767	0.03503
V580	0.06263	0.01878	0.07376	0.84483
V581	0.03667	0.07437	0.00676	0.8822
V582	0.4498	0.10413	0.01793	0.42815
V583	0.0023	0.0604	0.47263	0.46467
V584	0.47969	0.15438	0.30574	0.06019
V585	0.00533	0.04181	0.31775	0.63511
V586	0.14746	0.06201	0.65213	0.1384
V587	0.18645	0.07174	0.70102	0.04079
V588	0.45572	0.03243	0.01459	0.49726
V589	0.02934	0.82879	0.03833	0.10354
V590	0.0302	0.78863	0.16769	0.01347
V591	0	0.04463	0.14508	0.81029
V592	0.1219	0.11123	0.76436	0.00251
V593	0.44974	0.02008	0.14354	0.38665
V594	0.27632	0.28902	0.35551	0.07916
V595	0.02102	0.04243	0.02869	0.90786
V596	0.0107	0.17941	0.14556	0.66433
V597	0.00313	0.55046	0.31199	0.13443
V598	0.00807	0.15394	0.81833	0.01967
V599	0.60831	0.32757	0.02004	0.04408
V600	0.27982	0.46626	0.03073	0.2232
V601	0.07418	0.16925	0.04422	0.71236
V602	0.02391	0.04692	0.02083	0.90834
V603	0.00317	0.23841	0.0118	0.74662
V604	0.4682	0.1216	0.36613	0.04407
V605	0.02859	0.26601	0.35919	0.34621
V606	0.67224	0.12795	0.0054	0.19441
V607	0.5148	0.02067	0.07602	0.38852
V608	0.13052	0.12356	0.34144	0.40448
V609	0.00694	0.14285	0.15261	0.69761
V610	0.69816	0.02983	0.06656	0.20545
V611	0.14511	0.01685	0.03377	0.80426
V612	0.0098	0.1161	0.78341	0.09069
V613	0.01522	0.31896	0.60828	0.05753
V614	0.69461	0.04908	0.03058	0.22574
V615	0.06238	0.04802	0.00987	0.87973
V616	0.04109	0.64599	0.02525	0.28767
V617	0.41357	0.19147	0.39335	0.0016
V618	0.55668	0.02242	0.0018	0.4191
V619	0.2504	0.0392	0.26706	0.44334
V620	0.00514	0.66716	0.31447	0.01323
V621	0.30837	0.11179	0.12988	0.44996
V622	0.29482	0.22756	0.43115	0.04647
V623	0.00579	0.05459	0.09594	0.84368
V624	0.76834	0.20221	0	0.02945
V625	0.19088	0.47503	0.06786	0.26623
V626	0.92866	0.05224	0.00114	0.01796
V627	8e-05	0.0438	0.0819	0.87422
V628	0.00117	0.15442	0.01448	0.82993
V629	0.05963	0.21169	0.21446	0.51421
V630	0.01454	0.3157	0.59817	0.07159
V631	0.00467	0.1179	0.06062	0.81681
V632	0.42879	0.01598	0.09579	0.45944
V633	0.00012	0.08945	0.74976	0.16067
V634	0.34603	0.28249	0.36218	0.0093
V635	0.01366	0.66156	0.00338	0.3214
V636	0.06577	0.10473	0.6343	0.19519
V637	0.17177	0.12	0.05133	0.6569
V638	0.25051	0.1848	0.04197	0.52272
V639	0.22079	0.45683	0.31855	0.00383
V640	0.01439	0.16118	0.75771	0.06672
V641	0.86222	0.04228	0.01596	0.07954
V642	0.72741	0.16121	0	0.11138
V643	0.0017	0.13202	0.35266	0.51362
V644	0.89098	0.08786	0.00404	0.01712
V645	0.20533	0.43622	0.3251	0.03335
V646	0.01029	0.96742	0.00637	0.01592
V647	0.08513	0.10826	0.72454	0.08207
V648	0.37132	0.46596	0.11486	0.04785
V649	0.01082	0.10232	0.81066	0.07619
V650	0.02393	0.11182	0.77133	0.09292
V651	0.23475	0.07465	0.6814	0.00919
V652	0.03589	0.0683	0.342	0.55381
V653	0.07122	0.66014	0.06898	0.19966
V654	0.6909	0.18104	0.03963	0.08842
V655	0.01495	0.42478	0.01242	0.54785
V656	0.09881	0.17203	0.0076	0.72157
V657	0.01572	0.07733	0.01436	0.89259
V658	0.53844	0.17144	0.03694	0.25318
V659	0.21911	0.07257	0.32873	0.37959
V660	0.02152	0.94315	0	0.03533
V661	0.02076	0.28061	0.02915	0.66948
V662	0.31075	0.05157	0.474	0.16367
V663	0.1547	0.08433	0.57682	0.18415
V664	0.12925	0.09655	0.70615	0.06805
V665	0.66106	0.16002	0.02428	0.15463
V666	0.40931	0.01504	0.06619	0.50946
V667	0.72587	0.0998	0.17423	0.00011
V668	0.09223	0.82072	0.08074	0.00631
V669	0.16794	0.40318	0.23299	0.19589
V670	0.05365	0.91145	0	0.0349
V671	0.29862	0.27093	0.25407	0.17638
V672	0.01123	0.09635	0.85291	0.03951
V673	0.15906	0.32659	0.19873	0.31561
V674	0.66119	0.11688	0.00935	0.21258
V675	0.07296	0.26582	0.28007	0.38115
V676	0.00937	0.07103	0.06461	0.85499
V677	0.31235	0.38647	0.07073	0.23045
V678	0.46767	0.51508	0.00673	0.01051
V679	0.02255	0.31148	0.64575	0.02021
V680	0.25398	0.59593	0.11542	0.03467
V681	0.8864	0.06715	0.00672	0.03972
V682	0.06466	0.29017	0.58602	0.05915
V683	0.02096	0.93415	0.03783	0.00706
V684	0.69415	0.14374	0.07338	0.08873
V685	0.46661	0.35139	0.10331	0.07869
V686	0.03332	0.10347	0.08794	0.77527
V687	0.02411	0.03119	0.03436	0.91034
V688	0.29139	0.48822	0	0.22039
V689	0.1292	0.01495	0.03127	0.82457
V690	0.38875	0.06408	0.44454	0.10262
V691	0.11077	0.08545	0.79341	0.01038
V692	0.03814	0.14289	0.72174	0.09723
V693	0.13114	0.08227	0.3108	0.4758
V694	0.00225	0.039	0.20151	0.75724
V695	0.1121	0.01929	0.09988	0.76873
V696	0.03346	0.06543	0.01415	0.88696
V697	0.01011	0.07501	0.01773	0.89715
V698	0.7075	0.02095	0.00986	0.26169
V699	0.52451	0.2647	0.04633	0.16446
V700	0.11864	0.02886	0.00933	0.84317
V701	0.05505	0.43954	0.07055	0.43486
V702	0.36228	0.05333	0.00713	0.57726
V703	0.06341	0.05275	0.40349	0.48035
V704	0.76045	0.04083	0.01459	0.18413
V705	0.92295	0.02708	0.01091	0.03906
V706	0.03853	0.086	0.75569	0.11978
V707	0.01496	0.41983	0.5059	0.0593
V708	0.0185	0.85669	0.0104	0.11441
V709	0.08019	0.24594	0.5487	0.12516
V710	0.53077	0.16866	0.03053	0.27004
V711	0.05543	0.83583	0.0612	0.04754
V712	0.73707	0.04859	0.00321	0.21113
V713	0.31303	0.23515	0.01833	0.4335
V714	0.00407	0.53226	0.01189	0.45178
V715	0.24084	0.33131	0.3109	0.11696
V716	0.01744	0.04483	0.03987	0.89785
V717	0.05736	0.91821	0	0.02443
V718	0.09118	0.55529	0.14451	0.20902
V719	0.02588	0.62564	0.01999	0.32849
V720	0.63974	0.03031	0.21924	0.11071
V721	0.06005	0.12539	0.42728	0.38729
V722	0.0379	0.21559	0.00844	0.73807
V723	0.04896	0.06361	0.00942	0.87802
V724	0.40958	0.02446	0.05296	0.513
V725	0	0.14056	0.81932	0.04012
V726	0.0114	0.24991	0.06849	0.6702
V727	0.21576	0.7024	0.06946	0.01238
V728	0.01646	0.89597	0.07326	0.01431
V729	0.2402	0.02102	0.1071	0.63168
V730	0.88815	0.04246	0.0302	0.03919
V731	0.007	0.13151	0.30365	0.55785
V732	0.23945	0.06589	0.31685	0.37781
V733	0.57164	0.14795	0.01824	0.26217
V734	0.17752	0.32401	0.48848	0.00999
V735	0.00515	0.04555	0.35309	0.59621
V736	0.08073	0.02128	0.01259	0.8854
V737	0.25254	0.2527	0.21614	0.27862
V738	0.03763	0.28812	0.44104	0.2332
V739	0	0.05877	0.47353	0.4677
V740	0.84126	0.08905	0.05324	0.01645
V741	0.34069	0.0698	0.0829	0.50661
V742	0.35376	0.63088	0.01131	0.00405
V743	0.08141	0.15889	0.72998	0.02973
V744	0.43421	0.0525	0.32474	0.18855
V745	0.00723	0.66276	0.14094	0.18906
V746	0.94668	0.04098	0.00326	0.00908
V747	0.02622	0.05602	0.62446	0.2933
V748	0.0634	0.09585	0.55854	0.28221
V749	0.14225	0.10428	0.02904	0.72444
V750	0.33382	0.443	0.00832	0.21486
V751	0.02328	0.8694	0.02033	0.08698
V752	0.37033	0.18284	0.10138	0.34545
V753	0.03217	0.05926	0.00831	0.90026
V754	0.00973	0.89523	0	0.09505
V755	0.07233	0.13557	0.27255	0.51955
V756	0.01792	0.02692	0.05772	0.89744
V757	0.28288	0.62685	0.04228	0.04799
V758	0.02263	0.77143	0.08297	0.12297
V759	0.05483	0.05049	0.30391	0.59078
V760	0.16468	0.04279	0.20659	0.58594
V761	0.03458	0.56701	0.25235	0.14607
V762	0.00098	0.24647	0.01228	0.74026
V763	0.26861	0.28762	0.01345	0.43032
V764	0.00604	0.89444	0.00362	0.0959
V765	0.5197	0.06821	0.0017	0.41039
V766	0.00511	0.25063	0.38579	0.35847
V767	0.39855	0.10168	0.21971	0.28006
V768	0.03539	0.91923	0.01074	0.03464
V769	0.09685	0.86276	0.01695	0.02344
V770	0.01029	0.96742	0.00637	0.01592
V771	0.10901	0.0853	0.78676	0.01892
V772	0.08636	0.10457	0.79913	0.00994
V773	0.11737	0.8583	9e-04	0.02342
V774	0.01503	0.088	0.85714	0.03983
V775	0.04546	0.03617	0.18811	0.73025
V776	0.35805	0.4071	0.03105	0.20381
V777	0.07501	0.06596	0.08079	0.77824
V778	0.47199	0.24276	0.04519	0.24007
V779	0.08767	0.05122	0.42318	0.43793
V780	0.08591	0.78802	0.11994	0.00613
V781	0.02671	0.03955	0.02769	0.90606
V782	0.00253	0.13664	0.77026	0.09057
V783	0.69345	0.02619	0.03275	0.24762
V784	0.07876	0.9001	0.00697	0.01417
V785	0.02312	0.9356	0.00641	0.03488
V786	0.71759	0.14526	0.06507	0.07208
V787	0.0034	0.84627	0.13581	0.01452
V788	0.48448	0.30288	0.13372	0.07892
V789	0.02837	0.22841	0.01611	0.72712
V790	0.27252	0.02415	0.04568	0.65766
V791	0.07745	0.32838	0.3081	0.28607
V792	0.06858	0.4184	0.00318	0.50984
V793	0.06837	0.58668	0.0185	0.32645
V794	0.0191	0.10551	0.77011	0.10528
V795	0.04529	0.0372	0.03696	0.88054
V796	0.01281	0.12838	0.82928	0.02953
V797	0.71186	0.03793	0.23293	0.01728
V798	0.60955	0.30102	0.0588	0.03063
V799	0.08427	0.78195	0.01263	0.12115
V800	0.02695	0.04391	0.40522	0.52392
V801	0.06149	0.07636	0.23875	0.6234
V802	0.01099	0.05438	0.18083	0.75381
V803	0.17035	0.55157	0.27357	0.00451
V804	0.43975	0.04673	0.39776	0.11576
V805	0.05396	0.10278	0.84035	0.0029
V806	0.02726	0.90909	0.00492	0.05873
V807	0.12172	0.09024	0.02022	0.76783
V808	0.65125	0.26463	0.02621	0.05791
V809	0.03959	0.13208	0.82539	0.00294
V810	0.01667	0.96703	0	0.0163
V811	0.28412	0.05457	0.14913	0.51219
V812	0.47166	0.22355	0.03044	0.27435
V813	0.58339	0.19119	0.18046	0.04495
V814	0.39061	0.5671	0.03135	0.01095
V815	0.00331	0.9186	0.06356	0.01453
V816	0.87707	0.04478	0.07815	0
V817	0.01456	0.1281	0.83747	0.01987
V818	0	0.07087	0.04569	0.88344
V819	0.82036	0.07611	0.03533	0.0682
V820	0.05338	0.06396	0.01593	0.86673
V821	0.15628	0.29942	0.41129	0.13301
V822	0.03706	0.09331	0.84037	0.02926
V823	0.00846	0.17647	0.67196	0.14312
V824	0.06297	0.38618	0.54677	0.00408
V825	0.13876	0.22637	0.20697	0.4279
V826	0.39545	0.44485	0.13918	0.02052
V827	0.32246	0.62651	0.00461	0.04642
V828	0.10496	0.09751	0.06131	0.73623
V829	0.01346	0.14799	0.02267	0.81588
V830	0.10494	0.13694	0.01436	0.74376
V831	0.71571	0.07202	0.01874	0.19353
V832	0.19101	0.36105	0.13236	0.31557
V833	0.08624	0.46839	0.13886	0.3065
V834	0.14417	0.04447	0.04471	0.76665
V835	0.29623	0.45776	0.09229	0.15373
V836	0.00436	0.53451	0.00631	0.45481
V837	0.14157	0.32044	0.14681	0.39118
V838	0.9089	0.0616	0.0227	0.0068
V839	0.25286	0.65653	0.07848	0.01212
V840	0.24902	0.73902	0.00688	0.00509
V841	0.00013	0.10484	0.82102	0.07401
V842	0.25044	0.12733	0.22056	0.40167
V843	0.00817	0.08571	0.80793	0.09819
V844	0.04928	0.06493	0.2832	0.60259
V845	0.03172	0.12139	0.75217	0.09472
V846	0.00011	0.07644	0.64713	0.27632
V847	0.00529	0.0294	0.09121	0.8741
V848	0.04308	0.43144	0.1194	0.40608
V849	0.00336	0.93412	0.00447	0.05805
V850	0.93988	0.03019	0.0125	0.01743
V851	0.28829	0.56402	0.14367	0.00402
V852	0.04143	0.03755	0.0799	0.84112
V853	0.16905	0.19679	0.40821	0.22595
V854	0.52744	0.13962	0.07816	0.25478
V855	0.00529	0.0294	0.09121	0.8741
V856	0.01573	0.27509	0.30039	0.40879
V857	0.61569	0.14292	0.01829	0.2231
V858	0.47585	0.06019	0.45583	0.00813
V859	0.61164	0.20923	0.0091	0.17003
V860	0.07936	0.06783	0.03024	0.82257
V861	0.05429	0.35498	0.57045	0.02029
V862	0.07761	0.1108	0.7442	0.06738
V863	0.09658	0.0517	0.00539	0.84633
V864	0.02995	0.03747	0.03833	0.89425
V865	0.04639	0.02427	0.18351	0.74583
V866	0.67799	0.04825	0.25686	0.0169
V867	0.67686	0.05786	0.25835	0.00693
V868	0.47607	0.26231	0.11008	0.15154
V869	0.01753	0.96172	0.00521	0.01554
V870	0.0434	0.21401	0.01121	0.73139
V871	0.00336	0.93412	0.00447	0.05805
V872	0.0031	0.03487	0.17483	0.78721
V873	0.87041	0.0415	0.03592	0.05216
V874	0.16486	0.80382	0.02553	0.00578
V875	0.00428	0.11493	0.12571	0.75508
V876	0.09881	0.30614	0.42699	0.16806
V877	0.01651	0.31004	0.24185	0.43161
V878	0.10305	0.82752	0.06311	0.00632
V879	0.12978	0.70289	0.02449	0.14284
V880	0.21806	0.5188	0.00153	0.2616
V881	0.07582	0.06437	0.55783	0.30199
V882	0.74896	0.02325	0.10408	0.12372
V883	0.21814	0.22923	0.54976	0.00287
V884	0.01138	0.18129	0.0047	0.80263
V885	0.68124	0.23821	0.07973	0.00083
V886	0.00527	0.31115	0.44561	0.23798
V887	0.5543	0.05737	0.12574	0.26258
V888	0.05122	0.08307	0.72973	0.13598
V889	0.90084	0.05799	0.01305	0.02812
V890	0.01106	0.12725	0.57487	0.28682
V891	0.58013	0.06297	0.28602	0.07087
V892	0.13995	0.11229	0.00802	0.73974
V893	0.55697	0.19984	0.13084	0.11234
V894	0.035	0.29905	0.60779	0.05816
V895	0.50773	0.05926	0.16783	0.26518
V896	0.0247	0.93861	0.00164	0.03504
V897	0.65563	0.24085	0.00182	0.1017
V898	0.27691	0.01573	0.00975	0.6976
V899	0.0077	0.11141	0.08366	0.79722
V900	0.03382	0.22191	0.31176	0.4325
V901	0.01916	0.77847	0.0014	0.20098
V902	0.03092	0.92055	0.0342	0.01433
V903	0.00314	0.39626	0.52917	0.07143
V904	0.02105	0.96278	0	0.01618
V905	0.06109	0.0191	0.12118	0.79863
V906	0.24019	0.05694	0.06401	0.63885
V907	0.37288	0.52616	0.00891	0.09205
V908	0.00406	0.05242	0.06195	0.88157
V909	0.08491	0.79991	0	0.11518
V910	0.0684	0.01798	0.08393	0.8297
V911	0.46516	0.38955	0.0189	0.12639
V912	0.30367	0.28696	0.09619	0.31318
V913	0.07594	0.01678	0.01659	0.89068
V914	0.12683	0.51445	0.29523	0.06348
V915	0.12313	0.01599	0.013	0.84788
V916	0.16602	0.0883	0.67734	0.06834
V917	0.66131	0.03834	0.13607	0.16428
V918	0.02106	0.61939	0.19809	0.16147
V919	0.11119	0.17125	0.2444	0.47317
V920	0.5733	0.17316	0.07187	0.18168
V921	0.01132	0.10618	0.02191	0.86059
V922	0.05766	0.46388	0.40125	0.0772
V923	0.03742	0.02672	0.0361	0.89977
V924	0.01736	0.68527	0.24993	0.04744
V925	0.08305	0.03289	0.01314	0.87092
V926	0.09059	0.02604	0.02207	0.8613
V927	0.01181	0.04689	0.04799	0.89331
V928	0.02696	0.87414	0.00095	0.09796
V929	0.02508	0.58534	0.08746	0.30213
V930	0.44638	0.35412	0.0188	0.1807
V931	0.08054	0.25612	0.53764	0.12569
V932	0.01057	0.09904	0.54224	0.34815
V933	0.55845	0.41533	0.00627	0.01995
V934	0.00222	0.09423	0.18322	0.72032
V935	0.5221	0.15019	0.19774	0.12996
V936	0.41981	0.22006	0.00888	0.35125
V937	0.41127	0.09166	0.05609	0.44099
V938	0.24531	0.04627	0.25587	0.45254
V939	0.65437	0.0258	0.05081	0.26902
V940	0.01238	0.81274	0.11395	0.06092
V941	0.00079	0.10711	0.87762	0.01449
V942	0.73167	0.1871	0.05192	0.02932
V943	0.3231	0.12989	0.45495	0.09206
V944	0.00503	0.16159	0.03646	0.79692
V945	0.5025	0.33722	0.00464	0.15563
V946	0.41196	0.26512	0.26015	0.06278
V947	0.03071	0.03924	0.14824	0.78181
V948	0.2544	0.07546	0.6409	0.02924
V949	0	0.07547	0.1343	0.79023
V950	0.02459	0.46597	0.16191	0.34753
V951	0.79112	0.04689	0.15501	0.00698
V952	0.02378	0.07812	0.17506	0.72304
V953	0.008	0.10941	0.84267	0.03992
V954	0.01135	0.10585	0.08258	0.80022
V955	0.06407	0.50032	0.01358	0.42203
V956	0.01313	0.04487	0.39543	0.54657
V957	0.18371	0.02542	0.00493	0.78594
V958	0.06748	0.01853	0.01049	0.9035
V959	0.16344	0.24439	0.46177	0.13041
V960	0.1214	0.17806	0.04535	0.65518
V961	0.07874	0.35337	0.34183	0.22606
V962	0.28804	0.15993	0.42222	0.12982
V963	0.56045	0.15389	0.13842	0.14723
V964	0.8249	0.04152	0.08009	0.05349
V965	0.02253	0.40811	0.13589	0.43346
V966	0.93555	0.04168	0.00537	0.01739
V967	0.02113	0.05165	0.42122	0.506
V968	0.00013	0.163	0.74616	0.09071
V969	0.0028	0.17556	0.02382	0.79782
V970	0.01	0.08441	0.32169	0.58391
V971	0.43255	0.08396	0.3407	0.14278
V972	0.3801	0.14414	0.02858	0.44717
V973	0.17312	0.3482	0.04905	0.42963
V974	0.00461	0.77097	0.08984	0.13458
V975	0.0628	0.29706	0.62985	0.0103
V976	0.33631	0.19565	0.08394	0.3841
V977	0.25917	0.38169	0.34922	0.00993
V978	0.02511	0.06199	0.04034	0.87256
V979	0.76076	0.04664	0.18568	0.00693
V980	0.94668	0.04098	0.00326	0.00908
V981	0.22269	0.048	0.4062	0.3231
V982	0.38255	0.39273	0.05427	0.17045
V983	0.55199	0.04853	0.00367	0.39581
V984	0.00857	0.8527	0.07865	0.06009
V985	0.03081	0.12522	0.00759	0.83638
V986	0.24667	0.51818	0.03067	0.20448
V987	0.18457	0.78133	0	0.0341
V988	0.10321	0.02359	0.01389	0.8593
V989	0.40069	0.50585	0.0603	0.03316
V990	0.00014	0.09187	0.71744	0.19054
V991	0.60088	0.37897	0	0.02015
V992	0.1099	0.04223	0.4565	0.39137
V993	0.03712	0.7478	0.13811	0.07697
V994	0.13473	0.82523	0.01693	0.02312
V995	0.66825	0.08397	0.0184	0.22939
V996	0.12967	0.07454	0.00897	0.78681
V997	0.00874	0.0755	0.75427	0.16149
V998	0.84266	0.02933	0.04871	0.07931
V999	0.09429	0.8913	0	0.01441
V1000	0.17003	0.03003	0.00527	0.79467
