cytotoxic.CD56.dim.NK.cell	memory.CD4.pos.AB.T.cell	memory.B.cell	CD14.pos.CD16.neg.classical.monocyte
V1	0.56001	0.01116	0.17825	0.25059
V2	0.14505	0.08827	0.05567	0.711
V3	0.05178	0.63605	0.01407	0.2981
V4	0.87118	0.11073	0	0.01809
V5	0.10519	0.46421	0.2797	0.1509
V6	0.07315	0.88678	0.02155	0.01853
V7	0.14303	0.35034	0.09018	0.41645
V8	0.12122	0.02634	0.82568	0.02676
V9	0.24004	0.2234	0.04029	0.49627
V10	0.01744	0.03159	0.90764	0.04333
V11	0.20606	0.33353	0.45538	0.00503
V12	0.02359	0.57597	0.38892	0.01153
V13	0.26727	0.70871	0.00585	0.01817
V14	0.06714	0.91946	0.00793	0.00547
V15	0.11639	0.60569	0.12891	0.14901
V16	0.91619	0.04045	0.01893	0.02443
V17	0.08331	0.88428	0.01384	0.01856
V18	0.59055	0.33372	0.04352	0.03221
V19	0.15732	0.82467	0.0065	0.01151
V20	0.16532	0.46183	0.02161	0.35124
V21	0.12189	0.04811	0.80335	0.02665
V22	0.01534	0.08771	0.22786	0.66909
V23	0.37474	0.0381	0.58166	0.00551
V24	0.92811	0.03854	0.03301	0.00034
V25	0.35641	0.21354	0.14004	0.29001
V26	0.40775	0.37871	0.01939	0.19415
V27	0.09574	0.06956	0.02529	0.80941
V28	0.00355	0.0754	0.91912	0.00193
V29	0.43413	0.02478	0.51609	0.02499
V30	0.09358	0.18924	0.31131	0.40587
V31	0.20098	0.16391	0.33145	0.30365
V32	0.07748	0.04673	0.03794	0.83785
V33	0.04023	0.48197	0.38937	0.08843
V34	0.12126	0.03576	0.8163	0.02667
V35	0.15925	0.73175	0.08346	0.02553
V36	0.00636	0.03626	0.51983	0.43755
V37	0.56405	0.05698	0.10064	0.27833
V38	0.42963	0.01016	0.18462	0.37558
V39	0.16358	0.56854	0.13938	0.12851
V40	0.09692	0.82507	0.07802	0
V41	0.00677	0.68998	0.04808	0.25517
V42	0.21963	0.02894	0.22956	0.52188
V43	0.12551	0.31038	0.53801	0.0261
V44	0.0129	0.05694	0.78261	0.14755
V45	0.09315	0.58982	0.23792	0.07912
V46	0.80497	0.06691	0.12323	0.00489
V47	0.46037	0.16185	0.33676	0.04102
V48	0.81425	0.16293	0.00512	0.0177
V49	0.75418	0.17484	0	0.07098
V50	0.06421	0.84624	0.08461	0.00493
V51	0.31634	0.38319	0.27505	0.02542
V52	0.02349	0.09335	0.85591	0.02725
V53	0.73025	0.11574	0.15377	0.00024
V54	0.42956	0.16637	0.38643	0.01765
V55	0.2132	0.10618	0.26928	0.41133
V56	0.04318	0.03526	0.09958	0.82198
V57	0.09406	0.87252	0.02197	0.01145
V58	0.65518	0.01176	0.04345	0.28961
V59	0.44965	0.39743	0.11188	0.04104
V60	0.12745	0.12547	0.36772	0.37936
V61	0.82778	0.09103	0.01081	0.07039
V62	0.88623	0.03446	0.06836	0.01095
V63	0.01565	0.84323	0.12275	0.01837
V64	0.00875	0.87192	0.00116	0.11817
V65	0.01574	0.0299	0.11857	0.83578
V66	0.21552	0.70638	0.01979	0.05831
V67	0.14862	0.30155	0.53841	0.01142
V68	0.15642	0.14215	0.02683	0.6746
V69	0.02193	0.27782	0.65793	0.04232
V70	0.56827	0.12601	0.19347	0.11224
V71	0.15896	0.05487	0.4183	0.36787
V72	0.60463	0.13492	0.1004	0.16006
V73	0.15026	0.62297	0.14815	0.07862
V74	0.05552	0.20487	0.73855	0.00105
V75	0.71637	0.00762	0.19813	0.07788
V76	0.00074	0.16381	0.20427	0.63118
V77	0.0363	0.29713	0.01157	0.655
V78	0.3134	0.09487	0.20723	0.38451
V79	0.00639	0.07883	0.83897	0.07581
V80	0.34369	0.01845	0.56453	0.07333
V81	0.05325	0.14246	0.7981	0.00619
V82	0.00167	0.07472	0.91534	0.00827
V83	0.1323	0.16704	0.08258	0.61808
V84	0.4043	0.03749	0.17813	0.38008
V85	0.10389	0.2848	0.45077	0.16053
V86	0.04197	0.04595	0.87715	0.03494
V87	0.03213	0.85423	0.05529	0.05836
V88	0.16165	0.04959	0.30171	0.48704
V89	0.01841	0.02969	0.23051	0.7214
V90	0.02533	0.90642	0.05668	0.01157
V91	0.03226	0.74594	0.19606	0.02574
V92	0.45683	0.01917	0.40629	0.11771
V93	0.89719	0.01925	0	0.08356
V94	0.01513	0.45645	0.02503	0.50339
V95	0.26449	0.42334	0.17256	0.13961
V96	0.07039	0.11055	0.03229	0.78677
V97	0.6915	0.09215	0.21159	0.00476
V98	0.695	0.29369	0	0.01131
V99	0.80082	0.04383	0.15041	0.00494
V100	0.07222	0.03507	0.87247	0.02024
V101	0.02777	0.08206	0.01028	0.87989
V102	0.92901	0.05358	0.00582	0.01159
V103	0.01071	0.06476	0.10962	0.81491
V104	0.02888	0.95676	0.00864	0.00572
V105	0.05614	0.92288	0.01561	0.00537
V106	0.11541	0.50298	0.34761	0.034
V107	0.1813	0.16929	0.60742	0.04198
V108	0.1494	0.75485	0.09573	2e-05
V109	0.01259	0.12896	0.64519	0.21326
V110	0.05315	0.89006	0.03833	0.01846
V111	0.91296	0.01124	0.07036	0.00544
V112	0.12338	0.04805	0.47623	0.35234
V113	0.18911	0.09148	0.19996	0.51946
V114	0.24766	0.04698	0.09069	0.61467
V115	0.00814	0.75358	0.23303	0.00525
V116	0.13925	0.28457	0.41494	0.16124
V117	0.69706	0.23658	0.03441	0.03195
V118	0.16371	0.58996	0.03774	0.20859
V119	0.11225	0.08345	0.05762	0.74667
V120	0.0727	0.06258	0.85176	0.01296
V121	0.62544	0.1069	0.09963	0.16803
V122	0.95762	0.01701	0.01353	0.01183
V123	0.00686	0.52261	0.05045	0.42008
V124	0.67479	0.27774	0	0.04747
V125	0.39702	0.4015	0.18384	0.01763
V126	0.03681	0.15347	0.0588	0.75092
V127	0.16164	0.04273	0.28945	0.50618
V128	0.03191	0.03414	0.12991	0.80404
V129	0.59851	0.20878	0.16814	0.02457
V130	0.00779	0.64882	0.33804	0.00535
V131	0.02526	0.90763	0.00111	0.066
V132	0.94009	0.01443	0.02756	0.01791
V133	0.91562	0.0212	0.05201	0.01117
V134	0.10685	0.38503	0.14474	0.36338
V135	0.07593	0.03127	0.20452	0.68828
V136	0.24997	0.39953	0.01332	0.33717
V137	0.66132	0.02965	0.25413	0.0549
V138	0.21643	0.39062	0.19856	0.19439
V139	0.36796	0.18087	0.2178	0.23338
V140	0.02947	0.10402	0.06288	0.80363
V141	0.05842	0.12699	0.59692	0.21767
V142	0.77838	0.01661	0.20454	0.00047
V143	0.45442	0.24283	0.07423	0.22852
V144	0.16666	0.1385	0.19019	0.50464
V145	0.00187	0.761	0.23175	0.00538
V146	0.05971	0.04017	0.04203	0.85809
V147	0.92478	0.02496	0.01885	0.03141
V148	0.12118	0.05757	0.62999	0.19127
V149	0.26406	0.50501	0.22621	0.00472
V150	0.08013	0.21032	0.64059	0.06896
V151	0.20889	0.63904	0.03667	0.11539
V152	0.23737	0.43493	0.23889	0.08881
V153	0.10341	0.77252	0.02033	0.10375
V154	0.2442	0.44224	0.28791	0.02564
V155	0.48958	0.11954	0.30597	0.08491
V156	0.02971	0.11304	0.74427	0.11299
V157	0.31102	0.1314	0.34741	0.21016
V158	0.02789	0.03111	0.04883	0.89217
V159	0.89767	0.06337	0	0.03896
V160	0.70974	0.01109	0.06772	0.21145
V161	0.21577	0.02617	0.03895	0.71911
V162	0.06347	0.298	0.09253	0.546
V163	0.09431	0.49108	0.1877	0.22692
V164	0.35623	0.29219	0.11795	0.23363
V165	0.01042	0.28588	0.00575	0.69795
V166	0.00934	0.1145	0.08366	0.7925
V167	0.36153	0.01709	0.01179	0.60959
V168	0.29156	0.57449	0.08365	0.05031
V169	0.19147	0.0616	0.04568	0.70125
V170	0.09942	0.02421	0.56744	0.30894
V171	0.12441	0.21321	0.62823	0.03415
V172	0.70881	0.01337	0.27258	0.00523
V173	0.0275	0.15716	0.05026	0.76508
V174	0.01668	0.17165	0.08817	0.7235
V175	0.05806	0.02381	0.80992	0.10821
V176	0.00839	0.81437	0.17202	0.00522
V177	0.0121	0.97365	0.00152	0.01274
V178	0.00729	0.78859	0.00729	0.19683
V179	0.15608	0.01847	0.41928	0.40617
V180	0.02949	0.89085	0.07965	1e-05
V181	0.15799	0.10681	0.59043	0.14476
V182	0.30144	0.15568	0.49257	0.05032
V183	0.17979	0.80812	0.00691	0.00517
V184	0.9669	0.0185	0.01407	0.00052
V185	0.57335	0.40898	0.0128	0.00486
V186	0.11652	0.4745	0.28971	0.11927
V187	0.94685	0.01797	0.02958	0.0056
V188	0.0578	0.24743	0.00519	0.68958
V189	0.833	0.02195	0.01803	0.12702
V190	0.65135	0.01925	0.32422	0.00518
V191	0.18162	0.18044	0.60413	0.03381
V192	0.31217	0.46492	0.05516	0.16775
V193	0.61515	0.02864	0.24874	0.10747
V194	0.03563	0.93812	0.00727	0.01897
V195	0.01275	0.04947	0.92928	0.00849
V196	0.01489	0.1099	0.02144	0.85378
V197	0.42549	0.04926	0.03052	0.49473
V198	0.06086	0.49186	0.39601	0.05126
V199	0.16307	0.03251	0.19915	0.60527
V200	0.1281	0.57918	0.02107	0.27165
V201	0.09373	0.5592	0.2077	0.13937
V202	0.01402	0.029	0.80399	0.15299
V203	0.16055	0.41176	0.40953	0.01817
V204	0.00744	0.55372	0.00907	0.42977
V205	0.01762	0.0629	0.90548	0.01399
V206	0.04481	0.09304	0.85546	0.0067
V207	0.13214	0.18911	0.06257	0.61618
V208	0.24348	0.06054	0.68418	0.01181
V209	0.31231	0.4653	0.07458	0.14781
V210	0.0819	0.78282	0.0935	0.04178
V211	0.43263	0.0225	0.03969	0.50517
V212	0.50423	0.03686	0.44125	0.01766
V213	0.65679	0.02776	0.11618	0.19926
V214	0.34188	0.14115	0.18412	0.33285
V215	0.29824	0.09572	0.02439	0.58166
V216	0.04814	0.02939	0.04041	0.88206
V217	0.04034	0.48822	0.25679	0.21465
V218	0.0947	0.44311	0.18919	0.273
V219	0.10461	0.65657	0.01328	0.22554
V220	0.00753	0.84802	0.00686	0.13759
V221	0.82363	0.01246	0.00536	0.15854
V222	0.32007	0.11221	0.40199	0.16573
V223	0.00614	0.11942	0.80685	0.06759
V224	0.95416	0.01748	0.02788	0.00048
V225	0.05472	0.88281	0.05742	0.00505
V226	0.3014	0.07392	0.61318	0.0115
V227	0.78381	0.01028	0.19492	0.01099
V228	0.79721	0.0567	0.06714	0.07895
V229	0.01828	0.04116	0.91931	0.02124
V230	0.01952	0.06542	0.03823	0.87682
V231	0.01457	0.2758	0.12564	0.58399
V232	0.04287	0.67453	0.00183	0.28078
V233	0.5855	0.07251	0.21274	0.12925
V234	0.03523	0.92224	0.03088	0.01166
V235	0.37066	0.05306	0.55102	0.02525
V236	0.03969	0.06064	0.8326	0.06707
V237	0.16145	0.02912	0.04175	0.76768
V238	0.12723	0.55014	0.28021	0.04242
V239	0.06394	0.41113	0.02415	0.50078
V240	0.48721	0.03405	0.43876	0.03998
V241	0.01654	0.02955	0.89523	0.05868
V242	0.12583	0.77006	0.09308	0.01102
V243	0.23132	0.0385	0.66412	0.06606
V244	0.19406	0.01954	0.71299	0.07342
V245	0.62023	0.27967	0.05185	0.04825
V246	0.05122	0.13467	0.7947	0.01941
V247	0.16058	0.04121	0.79694	0.00126
V248	0.02471	0.06145	0.06181	0.85204
V249	0.00086	0.04985	0.89038	0.05891
V250	0.75928	0.0122	0.22335	0.00517
V251	0.93818	0.04961	0.00654	0.00567
V252	0.0115	0.83523	0.15315	0.00012
V253	0.37187	0.06022	0.1807	0.38722
V254	0.00987	0.93436	0.05036	0.0054
V255	0.04428	0.9208	0.0011	0.03382
V256	0.17092	0.18676	0.56396	0.07837
V257	0.43457	0.08263	0.25722	0.22558
V258	0.17422	0.23822	0.4692	0.11836
V259	0.03116	0.26778	0.66677	0.03429
V260	0.00129	0.27194	0.72043	0.00634
V261	0.63043	0.02761	0.20737	0.1346
V262	0.09484	0.07717	0.02479	0.8032
V263	0.01909	0.96017	0.00132	0.01942
V264	0.15642	0.03373	0.47189	0.33795
V265	0.03168	0.02613	0.16081	0.78137
V266	0.64134	0.35095	0.00758	0.00013
V267	0.00051	0.16458	0.31715	0.51776
V268	0.38895	0.02544	0.15665	0.42896
V269	0.00648	0.54322	0.40815	0.04215
V270	0.65144	0.02271	0.25454	0.0713
V271	0.82301	0.05703	0.03307	0.08689
V272	0.05169	0.84184	0.01316	0.09331
V273	0.05675	0.04823	0.04933	0.8457
V274	0.70929	0.00731	0.1887	0.0947
V275	0.0018	0.0551	0.93401	0.00909
V276	0.52451	0.3245	0.01123	0.13975
V277	0.03239	0.19858	0.18155	0.58748
V278	0.03204	0.05713	0.32655	0.58428
V279	0.71196	0.04845	0.11495	0.12464
V280	0.02789	0.03111	0.04883	0.89217
V281	0.55706	0.02787	0.15001	0.26507
V282	0.04963	0.06206	0.83789	0.05042
V283	0.21144	0.58647	0.06527	0.13682
V284	0.02651	0.91009	0.05819	0.00521
V285	0.07379	0.03944	0.88518	0.0016
V286	0.24743	0.54881	0.11585	0.08791
V287	0.09373	0.87401	0.01375	0.01851
V288	0.01291	0.25003	0.47286	0.26421
V289	0.28096	0.19439	0.45583	0.06882
V290	0.81713	0.16789	0.01476	0.00021
V291	0.48409	0.0607	0.44422	0.01099
V292	0.93863	0.01541	0	0.04596
V293	0.28308	0.02296	0.66095	0.03301
V294	0.08659	0.37724	0.00341	0.53276
V295	0.01444	0.16899	0.21539	0.60118
V296	0.16754	0.10135	0.65435	0.07676
V297	0.07464	0.02546	0.08781	0.81209
V298	0.29123	0.09014	0.60718	0.01145
V299	0.06569	0.28278	0.01823	0.6333
V300	0.00084	0.0482	0.26097	0.69
V301	0.1108	0.09236	0.69276	0.10408
V302	0.65397	0.3347	0	0.01133
V303	0.00108	0.58409	0.38874	0.02608
V304	0.04799	0.02958	0.7762	0.14623
V305	0.11339	0.13499	0.50933	0.24229
V306	0.82785	0.08313	0.0502	0.03882
V307	0.01805	0.95433	0.01557	0.01205
V308	0.22734	0.20487	0.33096	0.23684
V309	0.33965	0.30412	0.0288	0.32743
V310	0.07303	0.30459	0.16849	0.45389
V311	0.5169	0.47209	0.00607	0.00494
V312	0.09339	0.74469	0.14378	0.01814
V313	0.00123	0.14214	0.02899	0.82764
V314	0.01396	0.47727	0.12197	0.3868
V315	0.11619	0.63833	0.03799	0.20749
V316	0.30653	0.1127	0.42492	0.15585
V317	0.08227	0.71578	0.0469	0.15505
V318	0.03284	0.56797	0.0151	0.38409
V319	0.05133	0.05964	0.86186	0.02717
V320	0.06837	0.12022	0.69727	0.11414
V321	0.63135	0.36098	0.00756	0.00011
V322	0.19221	0.31301	0.07936	0.41542
V323	0.05119	0.0412	0.10607	0.80154
V324	0.67307	0.23954	0.0701	0.01729
V325	0.30411	0.63589	0.05527	0.00473
V326	0.00099	0.5659	0.09846	0.33464
V327	0.01627	0.14819	0.11925	0.7163
V328	0.03891	0.03003	0.77606	0.155
V329	0.1658	0.10172	0.18995	0.54253
V330	0.37881	0.0137	0.36138	0.2461
V331	0.34799	0.08206	0.04904	0.52091
V332	0.00819	0.06042	0.20908	0.72231
V333	0.41952	0.06038	0.4178	0.1023
V334	0.34272	0.01443	0.3859	0.25696
V335	0.02127	0.30669	0.55565	0.11639
V336	0.17092	0.71432	0.01986	0.09489
V337	0.28	0.38459	0.30985	0.02556
V338	0.00265	0.98095	0.01026	0.00613
V339	0.11653	0.03148	0.84496	0.00703
V340	0.04901	0.19715	0.57649	0.17735
V341	0.02319	0.05742	0.08036	0.83902
V342	0.22809	0.01679	0.6379	0.11723
V343	0.95971	0.02731	0.00709	0.0059
V344	0.67236	0.14346	0.18394	0.00025
V345	0.019	0.06386	0.91544	0.0017
V346	0.22399	0.09575	0.3159	0.36435
V347	0.04026	0.03143	0.14777	0.78054
V348	0.0505	0.66317	0.1494	0.13692
V349	0.34359	0.1412	0.41891	0.0963
V350	0.02834	0.79871	0.17283	0.00012
V351	0.01428	0.03679	0.43367	0.51526
V352	0.04083	0.03038	0.86239	0.0664
V353	0.89021	0.0229	0.03352	0.05337
V354	0.04141	0.69483	0.23004	0.03372
V355	0.26408	0.06139	0.50204	0.17249
V356	0.03133	0.0433	0.11831	0.80706
V357	0.10559	0.30997	0.31058	0.27386
V358	0.55485	0.09159	0.05338	0.30019
V359	0.58039	0.05088	0.03582	0.33291
V360	0.55056	0.41887	0.01975	0.01082
V361	0.0012	0.43419	0.55878	0.00583
V362	0.0027	0.97344	0.0179	0.00595
V363	0.15937	0.09644	0.51557	0.22862
V364	0.1424	0.05375	0.71952	0.08434
V365	0.26094	0.0386	0.01951	0.68095
V366	0.07148	0.69636	0.08568	0.14648
V367	0.58305	0.12808	0.00552	0.28335
V368	0.08194	0.74676	0.08467	0.08662
V369	0.01538	0.38224	0.59678	0.00561
V370	0.29041	0.25085	0.43311	0.02563
V371	0.18162	0.73161	0.0282	0.05857
V372	0.1537	0.05641	0.1357	0.65419
V373	0.06905	0.11679	0.51988	0.29427
V374	0.76237	0.02192	0.21531	4e-04
V375	0.03707	0.05216	0.16484	0.74594
V376	0.03054	0.05089	0.11671	0.80186
V377	0.79492	0.00784	0.01206	0.18518
V378	0.00663	0.03808	0.44336	0.51194
V379	0.33724	0.18761	0.01423	0.46093
V380	0.14033	0.06838	0.22355	0.56774
V381	0.74238	0.01538	0.09454	0.1477
V382	0.07507	0.04683	0.87103	0.00707
V383	0.83911	0.01072	0.04917	0.101
V384	0.5661	0.06459	0.14102	0.22829
V385	0.86291	0.01679	0.07474	0.04556
V386	0.29199	0.02243	0.16053	0.52506
V387	0.5975	0.12676	0.20141	0.07433
V388	0.37873	0.31326	0.15956	0.14845
V389	0.41639	0.51405	0.01178	0.05777
V390	0.28492	0.23614	0.4739	0.00504
V391	0.41892	0.09851	0.02177	0.4608
V392	0.43063	0.19987	0.18074	0.18876
V393	0.27435	0.20301	0.38408	0.13856
V394	0.0849	0.21928	0.12521	0.5706
V395	0.21606	0.37898	0.2216	0.18336
V396	0.00986	0.96281	0.00809	0.01924
V397	0.78901	0.0757	0.10391	0.03138
V398	0.45159	0.12044	0.1045	0.32346
V399	0.18735	0.55423	0.16003	0.09839
V400	0.00105	0.58868	0.06809	0.34217
V401	0.03011	0.13543	0.76663	0.06784
V402	0.78808	0.17386	0.03788	0.00018
V403	0.02368	0.04892	0.09138	0.83602
V404	0.07954	0.16851	0.66512	0.08683
V405	0.2099	0.03721	0.18635	0.56654
V406	0.65677	0.23402	0.01814	0.09107
V407	0.00265	0.98095	0.01026	0.00613
V408	0.08141	0.21788	0.44305	0.25765
V409	0.00146	0.06401	0.04883	0.8857
V410	0.08306	0.86885	0.02971	0.01837
V411	0.43935	0.02144	0.00353	0.53567
V412	0.14581	0.06373	0.544	0.24646
V413	0.05068	0.47855	0.20011	0.27065
V414	0.03068	0.49444	0.35726	0.11762
V415	0.4381	0.02842	0.2519	0.28158
V416	0.01446	0.09448	0.88954	0.00152
V417	0.37613	0.61262	0.00626	0.005
V418	0.06433	0.10204	0.16057	0.67306
V419	0.02489	0.03164	0.05744	0.88603
V420	0.00181	0.90125	0.01393	0.083
V421	0.14157	0.03853	0.71834	0.10156
V422	0.0462	0.09086	0.01897	0.84397
V423	0.07222	0.03507	0.87247	0.02024
V424	0.00039	0.05014	0.65782	0.29165
V425	0.04897	0.20936	0.6448	0.09687
V426	0.07919	0.04503	0.81747	0.0583
V427	0.0613	0.3839	0.21409	0.34071
V428	0.08213	0.78544	0.05541	0.07702
V429	0.02234	0.03143	0.06577	0.88046
V430	0.76451	0.15435	0.01793	0.06322
V431	0.16696	0.02711	0.49178	0.31416
V432	0.1003	0.1011	0.05735	0.74124
V433	0.0524	0.7481	0.00135	0.19816
V434	0.33515	0.07362	0.05865	0.53257
V435	0.50707	0.01725	0.13096	0.34471
V436	0.37589	0.02074	0.12579	0.47758
V437	0.22605	0.22693	0.00853	0.53849
V438	0.62485	0.14444	0.03473	0.19597
V439	0.03361	0.12532	0.01761	0.82346
V440	0.48451	0.03974	0.03794	0.43781
V441	0.05809	0.10871	0.64966	0.18353
V442	0.3177	0.32771	0.15124	0.20335
V443	0.74876	0.01055	0.09413	0.14655
V444	0.019	0.06386	0.91544	0.0017
V445	0.60251	0.02133	0.35179	0.02437
V446	0.0319	0.84534	0.0554	0.06736
V447	0.63974	0.08077	0.18817	0.09132
V448	0.01591	0.07232	0.21746	0.69431
V449	0.55792	0.03619	0.31525	0.09064
V450	0.14077	0.84233	0.0169	0
V451	0.92829	0.05338	0	0.01833
V452	0.03497	0.03765	0.09207	0.8353
V453	0.82012	0.06588	0.06745	0.04656
V454	0.00219	0.93645	0.04944	0.01192
V455	0.595	0.03069	0.31896	0.05534
V456	0.31796	0.10338	0.42338	0.15528
V457	0.00145	0.08319	0.03283	0.88253
V458	0.26199	0.22437	0.00813	0.50552
V459	0.01452	0.80608	0.09402	0.08537
V460	0.94446	0.01569	0.02835	0.0115
V461	0.06014	0.06339	0.02059	0.85588
V462	0.34696	0.2404	0.00185	0.41079
V463	0.25021	0.46973	0.17142	0.10864
V464	0.51054	0.09618	0.00653	0.38675
V465	0.40644	0.42222	0.02727	0.14407
V466	0.59515	0.17542	0.00515	0.22427
V467	0.31321	0.57065	0.08291	0.03323
V468	0.50627	0.392	0.05277	0.04897
V469	0.01361	0.16274	0.31932	0.50432
V470	0.55672	0.10781	0.19434	0.14112
V471	0.26212	0.10492	0.04215	0.59082
V472	0.32182	0.32659	0.00147	0.35012
V473	0.09356	0.53531	0.35285	0.01828
V474	0.11262	0.02204	0.12123	0.74411
V475	0.17934	0.39438	0.0886	0.33769
V476	0.15787	0.03438	0.06762	0.74013
V477	0.60026	0.03412	0.22	0.14562
V478	0.12745	0.5984	0.00658	0.26757
V479	0.01348	0.07771	0.83292	0.07589
V480	0.07489	0.3105	0.05254	0.56207
V481	0.13392	0.03322	0.81997	0.01289
V482	0.70543	0.14706	0.1157	0.03181
V483	0.12076	0.11192	0.08437	0.68295
V484	0.02316	0.09801	0.03812	0.84071
V485	0.11437	0.75023	0.01269	0.12271
V486	0.26856	0.25037	0.14252	0.33854
V487	0.06873	0.06058	0.10078	0.76991
V488	0.00304	0.03137	0.87456	0.09103
V489	0.20082	0.09391	0.69348	0.01179
V490	0.34289	0.30363	0.07616	0.27733
V491	0.44589	0.46057	0.03557	0.05798
V492	0.0255	0.83646	0.13297	0.00506
V493	0.04877	0.03136	0.01191	0.90796
V494	0.18245	0.135	0.56663	0.11591
V495	0.21799	0.62038	0.14373	0.0179
V496	0.26888	0.6896	0.00031	0.04121
V497	0.01436	0.03878	0.93797	0.00889
V498	0.31255	0.10058	0.05906	0.5278
V499	0.61266	0.25526	0.12744	0.00463
V500	0.09065	0.10963	0.76556	0.03416
V501	0.00296	0.03679	0.07527	0.88498
V502	0.55389	0.26213	0.15931	0.02467
V503	0.18882	0.09075	0.22304	0.49739
V504	0.22615	0.70326	0.01234	0.05824
V505	0.19045	0.19628	0.28473	0.32854
V506	0.08077	0.22841	0.49985	0.19097
V507	0.62436	0.08889	0.12902	0.15773
V508	0.76287	0.15563	0.04225	0.03926
V509	0.21526	0.05511	0.54748	0.18215
V510	0.21816	0.50716	0.26989	0.00479
V511	0.04224	0.4224	0.05135	0.48401
V512	0.23633	0.05461	0.09096	0.6181
V513	0.07177	0.6445	0.22361	0.06012
V514	0.01887	0.11007	0.00978	0.86128
V515	0.78069	0.05566	0.04996	0.11369
V516	0.90026	0.09372	0.00027	0.00574
V517	0.03393	0.03895	0.28083	0.64629
V518	0.94796	0.04566	3e-04	0.00608
V519	0.02389	0.87736	0.00651	0.09224
V520	0.02208	0.02047	0.64984	0.30761
V521	0.5541	0.04137	0.37995	0.02457
V522	0.00549	0.11064	0.62112	0.26275
V523	0.3497	0.112	0.28625	0.25205
V524	0.00718	0.77254	0.19455	0.02572
V525	0.2512	0.20231	0.03176	0.51473
V526	0.65545	0.07192	0.07906	0.19356
V527	0.19178	0.02686	0.43379	0.34757
V528	0.09319	0.86446	0.00081	0.04154
V529	0.05308	0.06598	0.24836	0.63259
V530	0.00572	0.182	0.71708	0.09519
V531	0.02016	0.8639	0.1159	4e-05
V532	0.16699	0.32646	0.03158	0.47497
V533	0.28026	0.3418	0.15241	0.22553
V534	0.00666	0.02763	0.73777	0.22795
V535	0.55021	0.0115	0.01491	0.42338
V536	0.178	0.01458	0.40399	0.40342
V537	0.58902	0.243	0.15743	0.01055
V538	0.45613	0.05242	0.09405	0.3974
V539	0.26449	0.42334	0.17256	0.13961
V540	0.19379	0.69886	0.07394	0.03341
V541	0.01439	0.51298	0.0695	0.40313
V542	0.18854	0.11606	0.28255	0.41286
V543	0.88451	0.01239	0.01137	0.09173
V544	0.09583	0.08792	0.19209	0.62416
V545	0.3651	0.13382	0.07699	0.42409
V546	0.04493	0.88359	0.06643	0.00505
V547	0.0329	0.633	0.32272	0.01137
V548	0.14789	0.76324	0.08407	0.00479
V549	0.30831	0.03714	0.64288	0.01167
V550	0.58758	0.03419	0.00161	0.37662
V551	0.17009	0.74318	0.03679	0.04994
V552	0.00115	0.54244	0.00962	0.44679
V553	0.21424	0.135	0.63239	0.01836
V554	0.05125	0.1059	0.03401	0.80884
V555	0.08223	0.20859	0.37121	0.33797
V556	0.00125	0.05036	0.91954	0.02885
V557	0.82422	0.02874	0.01108	0.13596
V558	0.06117	0.79676	0.02891	0.11316
V559	0.01106	0.79688	0.19191	0.00015
V560	0.67706	0.31749	0.00018	0.00526
V561	0.0018	0.0551	0.93401	0.00909
V562	0.78287	0.01091	0.12039	0.08583
V563	0.23075	0.02627	0.73671	0.00627
V564	0.05271	0.07929	0.85501	0.01299
V565	0.11606	0.2395	0.41849	0.22595
V566	0.70851	0.09017	0.00484	0.19647
V567	0.2146	0.44843	0.02925	0.30772
V568	0.23636	0.02322	0.06405	0.67636
V569	0.68235	0.03191	0.00086	0.28488
V570	0.02157	0.26533	0.65342	0.05968
V571	0.8253	0.12034	0	0.05435
V572	0.42736	0.01587	0.46684	0.08992
V573	0.05856	0.18791	0.01329	0.74023
V574	0.03318	0.78239	0.17319	0.01125
V575	0.01712	0.09525	0.14338	0.74424
V576	0.14643	0.80455	0.03786	0.01115
V577	0.03412	0.05407	0.23802	0.67379
V578	0.04752	0.06094	0.72275	0.1688
V579	0.00806	0.87993	0.09346	0.01855
V580	0.14337	0.02453	0.12763	0.70447
V581	0.06618	0.10513	0.00804	0.82065
V582	0.59016	0.13635	0.03516	0.23832
V583	0.00591	0.0477	0.63113	0.31527
V584	0.51685	0.14169	0.30894	0.03252
V585	0.00737	0.02712	0.48272	0.4828
V586	0.21748	0.02163	0.67856	0.08233
V587	0.25042	0.02499	0.69875	0.02584
V588	0.63248	0.04286	0.02714	0.29751
V589	0.05106	0.82569	0.06466	0.05859
V590	0.04414	0.75749	0.19339	0.00499
V591	0.00089	0.05528	0.23048	0.71335
V592	0.14979	0.05475	0.79425	0.00121
V593	0.57786	0.00775	0.19676	0.21762
V594	0.33052	0.27013	0.35757	0.04178
V595	0.03082	0.06056	0.03552	0.8731
V596	0.03118	0.26899	0.24969	0.45014
V597	0.00094	0.56589	0.35586	0.0773
V598	0.01611	0.11698	0.85374	0.01317
V599	0.62882	0.31186	0.03475	0.02457
V600	0.3585	0.47167	0.0545	0.11533
V601	0.15591	0.26932	0.09057	0.4842
V602	0.03316	0.06475	0.02566	0.87644
V603	0.00787	0.38183	0.01872	0.59158
V604	0.51037	0.10591	0.35893	0.02479
V605	0.06003	0.30761	0.44001	0.19234
V606	0.73931	0.14372	0.01075	0.10621
V607	0.65179	0.01532	0.11583	0.21706
V608	0.21106	0.14281	0.42399	0.22214
V609	0.02209	0.2254	0.26176	0.49076
V610	0.77225	0.02134	0.09398	0.11243
V611	0.28223	0.02114	0.06228	0.63435
V612	0.02207	0.08626	0.8328	0.05886
V613	0.03117	0.3107	0.62384	0.03429
V614	0.77155	0.05551	0.04997	0.12297
V615	0.12832	0.07446	0.01484	0.78238
V616	0.07172	0.71652	0.04703	0.16473
V617	0.46092	0.15754	0.3811	0.00043
V618	0.72614	0.01436	0.00075	0.25874
V619	0.37335	0.03051	0.34483	0.25132
V620	0.00779	0.64882	0.33804	0.00535
V621	0.42866	0.13912	0.19152	0.2407
V622	0.34955	0.20686	0.4182	0.02539
V623	0.01692	0.08471	0.16489	0.73348
V624	0.78927	0.19282	0	0.01791
V625	0.2629	0.4923	0.10641	0.13839
V626	0.95424	0.03337	2e-04	0.01219
V627	0.0013	0.05696	0.09753	0.84422
V628	0.00123	0.24547	0.02273	0.73057
V629	0.1173	0.27534	0.31078	0.29658
V630	0.0309	0.30996	0.61683	0.04231
V631	0.01551	0.19729	0.11736	0.66985
V632	0.57964	0.00764	0.14652	0.26619
V633	0.00064	0.04483	0.84604	0.10849
V634	0.39108	0.25256	0.35154	0.00483
V635	0.02358	0.77089	0.00695	0.19858
V636	0.11102	0.09169	0.68352	0.11377
V637	0.30517	0.18556	0.09863	0.41064
V638	0.38085	0.24605	0.07578	0.29732
V639	0.26265	0.41796	0.31909	3e-04
V640	0.03094	0.1397	0.78697	0.04239
V641	0.89138	0.0371	0.02559	0.04594
V642	0.77194	0.1655	0	0.06256
V643	0.00541	0.16814	0.49267	0.33379
V644	0.90504	0.07783	0.00568	0.01145
V645	0.25485	0.39696	0.33026	0.01792
V646	0.01152	0.97306	0.00948	0.00594
V647	0.13245	0.07973	0.73766	0.05016
V648	0.41021	0.42219	0.14248	0.02512
V649	0.02266	0.0645	0.86211	0.05072
V650	0.04881	0.08337	0.80907	0.05876
V651	0.2936	0.02391	0.67647	0.00602
V652	0.07979	0.08146	0.48195	0.3568
V653	0.11537	0.6713	0.1063	0.10704
V654	0.70794	0.18423	0.06005	0.04779
V655	0.03246	0.58024	0.02289	0.36442
V656	0.20281	0.27026	0.01532	0.51161
V657	0.0259	0.10535	0.02009	0.84866
V658	0.61521	0.19311	0.06132	0.13037
V659	0.31819	0.07608	0.40016	0.20556
V660	0.02774	0.95165	0.00128	0.01933
V661	0.05211	0.42253	0.06047	0.4649
V662	0.39453	0.02098	0.49357	0.09091
V663	0.2248	0.0647	0.60695	0.10355
V664	0.18776	0.06359	0.70722	0.04143
V665	0.70343	0.1725	0.0422	0.08186
V666	0.5793	0.00817	0.10761	0.30493
V667	0.75491	0.07351	0.17128	3e-04
V668	0.11729	0.79574	0.08697	0
V669	0.22561	0.4	0.27532	0.09907
V670	0.07492	0.9051	0.00104	0.01893
V671	0.36154	0.26766	0.28289	0.08791
V672	0.01701	0.04493	0.90994	0.02811
V673	0.22802	0.35415	0.25589	0.16195
V674	0.73324	0.13335	0.0179	0.11551
V675	0.12833	0.30888	0.35697	0.20582
V676	0.02571	0.11987	0.12017	0.73425
V677	0.38662	0.39259	0.10446	0.11632
V678	0.50846	0.47372	0.01298	0.00484
V679	0.04178	0.29483	0.65148	0.01191
V680	0.30101	0.53763	0.14355	0.01781
V681	0.90065	0.06324	0.01158	0.02453
V682	0.10265	0.27709	0.58609	0.03416
V683	0.01542	0.96179	0.02278	1e-05
V684	0.70944	0.14564	0.09723	0.0477
V685	0.49934	0.32867	0.13122	0.04077
V686	0.08451	0.17478	0.17038	0.57033
V687	0.03334	0.04875	0.03832	0.8796
V688	0.37202	0.50651	0.00014	0.12133
V689	0.24825	0.01833	0.05512	0.6783
V690	0.45681	0.03977	0.44697	0.05645
V691	0.14703	0.03	0.81621	0.00675
V692	0.06882	0.12441	0.74767	0.0591
V693	0.22152	0.0954	0.40914	0.27394
V694	0.00728	0.04167	0.32573	0.62531
V695	0.23138	0.01908	0.17394	0.57561
V696	0.07187	0.10407	0.02403	0.80003
V697	0.01703	0.0962	0.02311	0.86366
V698	0.8258	0.0119	0.0116	0.1507
V699	0.57563	0.26923	0.07084	0.08431
V700	0.22876	0.04273	0.01322	0.71529
V701	0.10571	0.52599	0.1205	0.24779
V702	0.5462	0.07708	0.0129	0.36383
V703	0.12237	0.04837	0.53192	0.29734
V704	0.83019	0.04181	0.02524	0.10276
V705	0.95297	0.00949	0.01275	0.0248
V706	0.06827	0.05067	0.80547	0.07559
V707	0.03114	0.41089	0.52381	0.03417
V708	0.0325	0.87979	0.02101	0.06671
V709	0.12505	0.24157	0.56391	0.06947
V710	0.6147	0.19328	0.05233	0.13969
V711	0.08253	0.799	0.09284	0.02563
V712	0.82525	0.05071	0.00466	0.11938
V713	0.43844	0.28768	0.03646	0.23742
V714	0.00698	0.67727	0.02232	0.29343
V715	0.29639	0.31572	0.32791	0.05998
V716	0.03383	0.06705	0.05855	0.84057
V717	0.07631	0.9104	0.00115	0.01213
V718	0.1397	0.55691	0.1945	0.10889
V719	0.05102	0.71654	0.03829	0.19414
V720	0.69144	0.0083	0.23855	0.0617
V721	0.11345	0.14441	0.52095	0.22119
V722	0.086	0.34474	0.01675	0.5525
V723	0.10493	0.10139	0.01452	0.77916
V724	0.57996	0.02835	0.08973	0.30196
V725	0.00092	0.0993	0.87199	0.02778
V726	0.03183	0.37509	0.13421	0.45887
V727	0.26043	0.6419	0.09296	0.00471
V728	0.02588	0.87448	0.09453	0.00511
V729	0.39923	0.01923	0.17687	0.40468
V730	0.90151	0.03225	0.04209	0.02415
V731	0.02115	0.17805	0.43852	0.36229
V732	0.34221	0.06734	0.38594	0.20451
V733	0.65622	0.17201	0.03414	0.13763
V734	0.22891	0.29031	0.47571	0.00506
V735	0.0137	0.03496	0.52135	0.42999
V736	0.14502	0.03382	0.01725	0.80392
V737	0.32798	0.26885	0.26404	0.13913
V738	0.0703	0.30782	0.49388	0.128
V739	0.00043	0.02995	0.6358	0.33382
V740	0.83955	0.0807	0.06899	0.01076
V741	0.48671	0.09142	0.13455	0.28731
V742	0.39543	0.58948	0.01508	0
V743	0.12346	0.13023	0.72748	0.01883
V744	0.51242	0.0365	0.35077	0.10031
V745	0.014	0.68968	0.19048	0.10583
V746	0.97713	0.01531	0.00097	0.00659
V747	0.04821	0.02075	0.73988	0.19116
V748	0.1113	0.08984	0.63577	0.16308
V749	0.27684	0.16893	0.05918	0.49505
V750	0.41406	0.45333	0.019	0.11361
V751	0.04153	0.87091	0.03769	0.04986
V752	0.46767	0.20904	0.14656	0.17673
V753	0.03304	0.07042	0.0106	0.88594
V754	0.00937	0.93194	0.0012	0.0575
V755	0.1395	0.1752	0.38166	0.30365
V756	0.028	0.0429	0.06665	0.86245
V757	0.33374	0.5774	0.06358	0.02527
V758	0.04107	0.76614	0.12455	0.06824
V759	0.1133	0.05645	0.44342	0.38683
V760	0.28247	0.05245	0.30919	0.35588
V761	0.06094	0.56485	0.29526	0.07895
V762	0.00113	0.39296	0.01907	0.58684
V763	0.38768	0.34603	0.02802	0.23827
V764	0.00831	0.92703	0.0071	0.05757
V765	0.67213	0.08418	0.00053	0.24316
V766	0.01289	0.29479	0.48187	0.21045
V767	0.48291	0.10927	0.26508	0.14274
V768	0.05352	0.90611	0.02182	0.01855
V769	0.13572	0.82329	0.02975	0.01124
V770	0.01152	0.97306	0.00948	0.00594
V771	0.15533	0.03221	0.79979	0.01267
V772	0.12502	0.05561	0.81298	0.00639
V773	0.15732	0.82467	0.0065	0.01151
V774	0.01857	0.03323	0.91968	0.02852
V775	0.10415	0.04519	0.31409	0.53656
V776	0.43087	0.41036	0.05388	0.10489
V777	0.16645	0.11197	0.15646	0.56512
V778	0.54576	0.2597	0.07173	0.1228
V779	0.15619	0.04056	0.53933	0.26391
V780	0.10738	0.75823	0.13433	6e-05
V781	0.04672	0.05993	0.04003	0.85332
V782	0.00633	0.11251	0.82225	0.05891
V783	0.79109	0.02138	0.04969	0.13785
V784	0.10649	0.87345	0.01484	0.00522
V785	0.03492	0.9318	0.01446	0.01881
V786	0.72743	0.14584	0.08734	0.03939
V787	0.00207	0.83101	0.16151	0.00541
V788	0.51291	0.28468	0.16162	0.04079
V789	0.06429	0.36668	0.03348	0.53555
V790	0.44983	0.03215	0.08421	0.43381
V791	0.1279	0.35586	0.36538	0.15085
V792	0.12818	0.54223	0.00688	0.32271
V793	0.11579	0.66014	0.03779	0.18629
V794	0.0395	0.07569	0.81753	0.06728
V795	0.10244	0.06039	0.06935	0.76782
V796	0.02428	0.08791	0.86768	0.02014
V797	0.74503	0.0109	0.2331	0.01097
V798	0.621	0.28222	0.07953	0.01725
V799	0.1255	0.7786	0.02839	0.06751
V800	0.05822	0.03097	0.5591	0.35171
V801	0.12744	0.10699	0.36698	0.39859
V802	0.0319	0.08048	0.30559	0.58203
V803	0.21668	0.50548	0.27759	0.00024
V804	0.51052	0.01962	0.40611	0.06374
V805	0.02522	0.0444	0.9285	0.00187
V806	0.04294	0.90978	0.01366	0.03363
V807	0.25092	0.15154	0.04149	0.55605
V808	0.66761	0.25754	0.04288	0.03198
V809	0.04194	0.06764	0.88894	0.00148
V810	0.01364	0.97841	0.00166	0.0063
V811	0.42123	0.06639	0.22286	0.28951
V812	0.55687	0.24843	0.05296	0.14174
V813	0.59771	0.1791	0.19862	0.02458
V814	0.42806	0.52145	0.0458	0.00468
V815	0.0023	0.91507	0.07722	0.00541
V816	0.91699	0.01591	0.06666	0.00044
V817	0.02537	0.08354	0.87766	0.01344
V818	0.00121	0.09118	0.05448	0.85313
V819	0.83613	0.07488	0.05019	0.0388
V820	0.12353	0.1103	0.0295	0.73667
V821	0.21082	0.29399	0.42546	0.06973
V822	0.06253	0.04177	0.87547	0.02023
V823	0.02116	0.17171	0.72093	0.0862
V824	0.0854	0.36116	0.55278	0.00066
V825	0.21639	0.2725	0.28349	0.22762
V826	0.42917	0.399	0.16116	0.01066
V827	0.37372	0.58874	0.01228	0.02526
V828	0.2155	0.15933	0.12213	0.50305
V829	0.03469	0.25197	0.04587	0.66747
V830	0.21574	0.22534	0.03209	0.52682
V831	0.78093	0.0805	0.03316	0.10541
V832	0.26576	0.38799	0.18477	0.16149
V833	0.14041	0.50044	0.19752	0.16163
V834	0.28585	0.0743	0.08926	0.5506
V835	0.35856	0.4386	0.12515	0.07769
V836	0.00733	0.68463	0.00805	0.29999
V837	0.21642	0.36718	0.21048	0.20592
V838	0.9199	0.04609	0.0287	0.00531
V839	0.29574	0.59709	0.10248	0.00469
V840	0.2862	0.70548	0.00832	0
V841	0.00094	0.05713	0.89071	0.05122
V842	0.35164	0.1502	0.28757	0.21059
V843	0.01477	0.03852	0.8799	0.06681
V844	0.10273	0.08182	0.42303	0.39242
V845	0.05893	0.0985	0.7835	0.05906
V846	0.00059	0.03279	0.77839	0.18823
V847	0.00347	0.03726	0.05577	0.90349
V848	0.08313	0.50289	0.18744	0.22654
V849	0.0022	0.95589	0.00787	0.03405
V850	0.96341	0.01074	0.01391	0.01194
V851	0.3289	0.51835	0.15266	9e-05
V852	0.09782	0.06015	0.14928	0.69275
V853	0.23568	0.20394	0.44252	0.11786
V854	0.60452	0.15441	0.11036	0.13071
V855	0.00347	0.03726	0.05577	0.90349
V856	0.03971	0.33243	0.39213	0.23573
V857	0.6859	0.1623	0.03391	0.1179
V858	0.5346	0.02145	0.43856	0.00539
V859	0.66768	0.22336	0.01812	0.09085
V860	0.17943	0.11781	0.06275	0.64001
V861	0.08261	0.33557	0.57025	0.01156
V862	0.12149	0.08137	0.75525	0.04189
V863	0.19449	0.07719	0.0057	0.72262
V864	0.06218	0.05922	0.06384	0.81475
V865	0.10434	0.02168	0.29904	0.57494
V866	0.71045	0.02185	0.25681	0.01089
V867	0.70804	0.03054	0.25642	0.005
V868	0.52048	0.26117	0.14231	0.07604
V869	0.0202	0.96494	0.00905	0.00581
V870	0.097	0.34317	0.02434	0.5355
V871	0.0022	0.95589	0.00787	0.03405
V872	0.00813	0.03673	0.28211	0.67303
V873	0.88785	0.03113	0.04993	0.03109
V874	0.19257	0.77519	0.03224	0
V875	0.01419	0.18774	0.22689	0.57118
V876	0.14998	0.30724	0.45374	0.08904
V877	0.04021	0.38005	0.33173	0.24801
V878	0.12805	0.80352	0.06843	0
V879	0.18344	0.69381	0.04575	0.077
V880	0.30294	0.5489	0.00534	0.14281
V881	0.13148	0.04311	0.64617	0.17924
V882	0.79566	0.00682	0.12877	0.06875
V883	0.27038	0.19248	0.53643	7e-04
V884	0.01911	0.29323	0.00548	0.68218
V885	0.70089	0.20903	0.08994	0.00014
V886	0.01293	0.33997	0.51092	0.13618
V887	0.63958	0.05647	0.16743	0.13652
V888	0.08863	0.04911	0.77785	0.08441
V889	0.91363	0.04922	0.01937	0.01778
V890	0.02927	0.12903	0.66916	0.17255
V891	0.61758	0.04543	0.2975	0.03949
V892	0.27498	0.18228	0.01536	0.52738
V893	0.58615	0.19625	0.16022	0.05738
V894	0.06045	0.28864	0.6167	0.03421
V895	0.59429	0.0567	0.21154	0.13748
V896	0.03563	0.93812	0.00727	0.01897
V897	0.6947	0.24515	0.00451	0.05563
V898	0.46064	0.01411	0.00974	0.51552
V899	0.02366	0.19039	0.15995	0.626
V900	0.07097	0.27424	0.40667	0.24811
V901	0.03261	0.84092	0.00631	0.12016
V902	0.04535	0.90051	0.049	0.00515
V903	0.00625	0.3973	0.55419	0.04226
V904	0.02179	0.97043	0.00157	0.00621
V905	0.13935	0.01817	0.20026	0.64222
V906	0.39962	0.08574	0.11631	0.39833
V907	0.42812	0.50337	0.01921	0.0493
V908	0.01102	0.07561	0.08884	0.82453
V909	0.12465	0.80823	7e-04	0.06642
V910	0.15372	0.01928	0.13798	0.68901
V911	0.5189	0.38012	0.0349	0.06609
V912	0.39083	0.31283	0.13781	0.15853
V913	0.11725	0.0264	0.02064	0.83571
V914	0.17292	0.47971	0.31348	0.03389
V915	0.22037	0.02161	0.01552	0.74251
V916	0.23238	0.05459	0.67186	0.04117
V917	0.71238	0.02789	0.17169	0.08804
V918	0.04067	0.62372	0.24781	0.0878
V919	0.19001	0.21629	0.33278	0.26092
V920	0.6237	0.18382	0.09964	0.09284
V921	0.02737	0.17689	0.04028	0.75546
V922	0.09269	0.4465	0.41837	0.04244
V923	0.07493	0.04345	0.05596	0.82566
V924	0.0321	0.65908	0.2829	0.02591
V925	0.1721	0.05258	0.02208	0.75323
V926	0.19246	0.04121	0.03856	0.72778
V927	0.02291	0.06835	0.06915	0.83959
V928	0.04265	0.89324	0.00642	0.05769
V929	0.05073	0.64133	0.13957	0.16837
V930	0.5123	0.35906	0.03501	0.09362
V931	0.12531	0.2523	0.55288	0.06952
V932	0.0291	0.10062	0.65732	0.21297
V933	0.58996	0.38679	0.01231	0.01095
V934	0.00637	0.14541	0.30721	0.541
V935	0.56275	0.14718	0.22405	0.06602
V936	0.53139	0.25987	0.01883	0.18991
V937	0.54784	0.11779	0.09199	0.24238
V938	0.36481	0.04392	0.33678	0.25448
V939	0.75482	0.02093	0.07628	0.14797
V940	0.02328	0.78975	0.15332	0.03364
V941	0.00233	0.04351	0.94444	0.00971
V942	0.73492	0.17851	0.0694	0.01717
V943	0.38354	0.11536	0.4514	0.04971
V944	0.01551	0.27125	0.07434	0.63889
V945	0.56256	0.34344	0.0111	0.08291
V946	0.45111	0.24468	0.27128	0.03293
V947	0.07316	0.0563	0.2587	0.61184
V948	0.32018	0.03514	0.62636	0.01832
V949	0.00061	0.11592	0.22795	0.65552
V950	0.05083	0.52411	0.23271	0.19235
V951	0.81344	0.02271	0.15878	0.00507
V952	0.06145	0.12208	0.29698	0.5195
V953	0.01584	0.06399	0.89238	0.0278
V954	0.03297	0.18	0.15978	0.62725
V955	0.1163	0.60357	0.02933	0.2508
V956	0.03022	0.0329	0.55671	0.38018
V957	0.32954	0.03177	0.00465	0.63403
V958	0.04877	0.03136	0.01191	0.90796
V959	0.22143	0.23845	0.47084	0.06928
V960	0.22969	0.2656	0.08937	0.41533
V961	0.12723	0.36712	0.38665	0.11899
V962	0.35349	0.15258	0.426	0.06793
V963	0.59946	0.15566	0.17037	0.07452
V964	0.83607	0.03045	0.10235	0.03112
V965	0.05065	0.49019	0.21105	0.2481
V966	0.95762	0.02412	0.00633	0.01193
V967	0.04807	0.04406	0.57409	0.33378
V968	0.00058	0.14107	0.79958	0.05877
V969	0.00781	0.29549	0.04619	0.6505
V970	0.02985	0.10932	0.47079	0.39004
V971	0.49429	0.07533	0.35557	0.07481
V972	0.51407	0.18664	0.05395	0.24534
V973	0.26596	0.41263	0.08681	0.23459
V974	0.00686	0.78259	0.13402	0.07654
V975	0.09382	0.27477	0.62597	0.00545
V976	0.44306	0.2315	0.12664	0.19879
V977	0.31021	0.3411	0.34388	0.00481
V978	0.05743	0.10416	0.07878	0.75963
V979	0.78467	0.02265	0.18764	0.00504
V980	0.97713	0.01531	0.00097	0.00659
V981	0.32065	0.03142	0.46896	0.17897
V982	0.44362	0.38761	0.08263	0.08614
V983	0.70373	0.05859	0.00522	0.23247
V984	0.01511	0.83859	0.11274	0.03356
V985	0.0684	0.20573	0.01233	0.71354
V986	0.32039	0.5189	0.05465	0.10605
V987	0.23278	0.7483	0.00052	0.0184
V988	0.20574	0.03529	0.02197	0.73701
V989	0.44006	0.46072	0.08166	0.01756
V990	0.00056	0.05526	0.81707	0.12711
V991	0.63354	0.35514	0	0.01132
V992	0.18649	0.01814	0.559	0.23637
V993	0.06136	0.7199	0.17671	0.04203
V994	0.17944	0.78001	0.02939	0.01116
V995	0.74533	0.09701	0.0334	0.12426
V996	0.2619	0.12594	0.01662	0.59554
V997	0.01446	0.03058	0.84658	0.10837
V998	0.87138	0.01682	0.06619	0.04561
V999	0.11857	0.8747	0.00113	0.0056
V1000	0.3065	0.03977	0.00488	0.64885
