cytotoxic.CD56.dim.NK.cell	memory.CD4.pos.AB.T.cell	memory.B.cell	CD14.pos.CD16.neg.classical.monocyte
V1	0.61162	0.03739	0.20774	0.14325
V2	0.29206	0.1288	0.18449	0.39464
V3	0.12029	0.70399	0.01757	0.15815
V4	0.8519	0.1481	0	0
V5	0.13263	0.48045	0.29595	0.09097
V6	0.095	0.89676	0	0.00824
V7	0.2269	0.42445	0.1336	0.21505
V8	0.05522	0	0.89701	0.04777
V9	0.35347	0.30542	0.08803	0.25308
V10	0	0	0.95631	0.04369
V11	0.19274	0.33398	0.45276	0.02052
V12	0.00473	0.56847	0.40118	0.02562
V13	0.30085	0.6909	0	0.00826
V14	0.0767	0.9233	0	0
V15	0.15857	0.63175	0.12481	0.08487
V16	0.89829	0.09727	0	0.00444
V17	0.10777	0.88375	0	0.00848
V18	0.6081	0.36847	0	0.02343
V19	0.18979	0.80592	0	0.00429
V20	0.24929	0.54259	0.03226	0.17586
V21	0.07509	0.00996	0.86711	0.04784
V22	0.09189	0.11291	0.42028	0.37491
V23	0.36491	0.00449	0.60036	0.03024
V24	0.90584	0.09416	0	0
V25	0.41338	0.27665	0.15826	0.15171
V26	0.46123	0.43315	0	0.10562
V27	0.25425	0.0876	0.16903	0.48913
V28	0	0	0.98442	0.01558
V29	0.4273	0.00475	0.52727	0.04068
V30	0.15252	0.23272	0.40606	0.2087
V31	0.24433	0.21582	0.38029	0.15956
V32	0.2382	0.04965	0.19607	0.51607
V33	0.04254	0.48398	0.40433	0.06915
V34	0.0656	0	0.8869	0.0475
V35	0.19739	0.74114	0.03843	0.02304
V36	0.01879	0.01407	0.70325	0.2639
V37	0.61745	0.11234	0.11818	0.15203
V38	0.51913	0.02633	0.24894	0.20561
V39	0.20381	0.59529	0.12292	0.07798
V40	0.11363	0.85349	0.03289	0
V41	0.04614	0.74752	0.06858	0.13776
V42	0.32417	0.03484	0.35741	0.28358
V43	0.11832	0.30057	0.53922	0.04189
V44	0	0.02346	0.86971	0.10683
V45	0.12132	0.5942	0.22413	0.06035
V46	0.8124	0.11316	0.06689	0.00754
V47	0.44679	0.19497	0.31245	0.04579
V48	0.80457	0.19118	0	0.00425
V49	0.75627	0.21288	0	0.03085
V50	0.0778	0.87792	0.04082	0.00346
V51	0.33501	0.38704	0.24332	0.03463
V52	0	0.03965	0.91804	0.04231
V53	0.74023	0.15277	0.09827	0.00873
V54	0.42045	0.18198	0.36489	0.03268
V55	0.28042	0.15388	0.34965	0.21606
V56	0.18224	0.03326	0.28499	0.49952
V57	0.11843	0.87713	0	0.00444
V58	0.73194	0.06655	0.04777	0.15374
V59	0.46758	0.43221	0.06344	0.03677
V60	0.17817	0.16625	0.45763	0.19795
V61	0.81844	0.14598	0	0.03557
V62	0.88618	0.09609	0.01437	0.00335
V63	0.02451	0.87055	0.08507	0.01987
V64	0.03599	0.89622	0	0.06778
V65	0.14762	0.02305	0.30892	0.52041
V66	0.25651	0.70922	0	0.03426
V67	0.13353	0.29159	0.54353	0.03135
V68	0.30118	0.2025	0.12712	0.3692
V69	0	0.25851	0.69282	0.04867
V70	0.5676	0.17825	0.17486	0.07928
V71	0.20976	0.07304	0.51792	0.19929
V72	0.62042	0.19848	0.08213	0.09896
V73	0.18755	0.63539	0.12216	0.05489
V74	0	0.17744	0.79753	0.02503
V75	0.72768	0.03571	0.17895	0.05766
V76	0.06469	0.20187	0.38323	0.3502
V77	0.14958	0.38097	0.10217	0.36727
V78	0.38269	0.14581	0.27119	0.20031
V79	0	0.02853	0.8994	0.07207
V80	0.34558	0	0.58345	0.07097
V81	0	0.10523	0.86368	0.0311
V82	0	0	0.97507	0.02493
V83	0.24874	0.23075	0.20269	0.31782
V84	0.47924	0.07902	0.24113	0.20061
V85	0.11506	0.30884	0.47442	0.10168
V86	0	0	0.95147	0.04853
V87	0.0597	0.88502	0.0189	0.03638
V88	0.24109	0.06691	0.4294	0.2626
V89	0.10532	0.01711	0.44518	0.43239
V90	0.03636	0.94336	0.01376	0.00652
V91	0.04494	0.75364	0.17478	0.02663
V92	0.46622	0.02224	0.42261	0.08894
V93	0.89737	0.06808	0	0.03455
V94	0.09425	0.55478	0.08898	0.26198
V95	0.30242	0.4567	0.15437	0.08652
V96	0.21884	0.15051	0.16902	0.46163
V97	0.69449	0.12593	0.1616	0.01798
V98	0.71124	0.28876	0	0
V99	0.81004	0.08029	0.09948	0.01019
V100	0	0	0.9589	0.0411
V101	0.17491	0.05242	0.18965	0.58302
V102	0.90676	0.09324	0	0
V103	0.13449	0.07004	0.3038	0.49167
V104	0.03197	0.96803	0	0
V105	0.06555	0.93445	0	0
V106	0.12334	0.49554	0.34055	0.04056
V107	0.16034	0.17117	0.61789	0.05059
V108	0.17444	0.77176	0.05139	0.00241
V109	0	0.13462	0.72937	0.13601
V110	0.07419	0.91534	0	0.01047
V111	0.903	0.07393	0.02307	0
V112	0.16592	0.05418	0.58481	0.19508
V113	0.28381	0.13558	0.31007	0.27054
V114	0.38514	0.0764	0.20503	0.33342
V115	0	0.76648	0.2159	0.01762
V116	0.15654	0.31095	0.43222	0.1003
V117	0.70419	0.27434	0	0.02146
V118	0.22793	0.63327	0.02927	0.10954
V119	0.26175	0.12072	0.19641	0.42112
V120	0.00049	0.01434	0.94559	0.03957
V121	0.64989	0.16824	0.07992	0.10195
V122	0.92633	0.07367	0	0
V123	0.06523	0.60951	0.10023	0.22504
V124	0.68975	0.28834	0	0.02191
V125	0.41785	0.42193	0.13277	0.02745
V126	0.15919	0.20807	0.20398	0.42875
V127	0.24699	0.05553	0.42337	0.27411
V128	0.15845	0.02763	0.32846	0.48546
V129	0.59874	0.25104	0.12181	0.02841
V130	0	0.63795	0.34578	0.01626
V131	0.05098	0.91616	0	0.03287
V132	0.92405	0.07299	0	0.00296
V133	0.90994	0.08943	0	0.00063
V134	0.1756	0.44778	0.19301	0.18362
V135	0.17819	0.03087	0.39726	0.39368
V136	0.34296	0.4741	0.01494	0.168
V137	0.65621	0.06088	0.23185	0.05106
V138	0.25919	0.43151	0.1985	0.1108
V139	0.4065	0.23629	0.22958	0.12763
V140	0.16441	0.12911	0.22899	0.47749
V141	0.05516	0.13883	0.6715	0.1345
V142	0.79147	0.0395	0.16253	0.0065
V143	0.49783	0.30883	0.06846	0.12489
V144	0.25407	0.19266	0.29395	0.25932
V145	0	0.77078	0.21579	0.01342
V146	0.21406	0.03599	0.21097	0.53897
V147	0.90878	0.08185	0	0.00937
V148	0.11761	0.05128	0.70552	0.12558
V149	0.27797	0.51642	0.18701	0.01859
V150	0.06092	0.20903	0.66327	0.06679
V151	0.26345	0.66474	0	0.07181
V152	0.26313	0.45407	0.2162	0.0666
V153	0.15171	0.78796	0	0.06032
V154	0.2553	0.44875	0.26279	0.03316
V155	0.48254	0.1592	0.28896	0.0693
V156	0	0.10726	0.80082	0.09192
V157	0.34309	0.16801	0.36546	0.12345
V158	0.16976	0.023	0.21971	0.58752
V159	0.87842	0.11056	0	0.01102
V160	0.7584	0.05965	0.06619	0.11576
V161	0.3905	0.03382	0.1586	0.41709
V162	0.15573	0.36882	0.19079	0.28465
V163	0.13805	0.5251	0.21355	0.12331
V164	0.40576	0.34858	0.12045	0.1252
V165	0.12304	0.36162	0.10733	0.408
V166	0.12907	0.14205	0.25825	0.47063
V167	0.53338	0.04032	0.07981	0.34649
V168	0.32998	0.6	0.02894	0.04108
V169	0.34513	0.09977	0.16297	0.39213
V170	0.118	0.00841	0.69683	0.17675
V171	0.10368	0.20844	0.64062	0.04727
V172	0.71731	0.02282	0.24027	0.01959
V173	0.15414	0.208	0.19463	0.44322
V174	0.12033	0.22393	0.24557	0.41017
V175	0.00787	0	0.89808	0.09405
V176	0.00188	0.84001	0.14521	0.01289
V177	0.01518	0.98482	0	0
V178	0.05024	0.84183	0	0.10793
V179	0.21229	0.00923	0.54718	0.2313
V180	0.03246	0.92591	0.04163	0
V181	0.15463	0.11636	0.62853	0.10048
V182	0.29625	0.1666	0.4838	0.05335
V183	0.20721	0.79279	0	0
V184	0.93869	0.06131	0	0
V185	0.5963	0.4037	0	0
V186	0.1402	0.48582	0.29444	0.07954
V187	0.92787	0.07213	0	0
V188	0.18376	0.32551	0.09892	0.39181
V189	0.84957	0.08571	0	0.06472
V190	0.65016	0.02777	0.29852	0.02356
V191	0.16097	0.18005	0.61191	0.04708
V192	0.36356	0.51037	0.03081	0.09526
V193	0.62226	0.05744	0.24048	0.07981
V194	0.05157	0.94426	0	0.00417
V195	0	0	0.97703	0.02297
V196	0.16604	0.118	0.17916	0.5368
V197	0.55879	0.10186	0.07298	0.26637
V198	0.06284	0.4895	0.3985	0.04917
V199	0.2782	0.03118	0.35521	0.33541
V200	0.20028	0.63446	0.02663	0.13864
V201	0.12732	0.5792	0.21173	0.08175
V202	0	0	0.89281	0.10719
V203	0.16154	0.40732	0.40008	0.03106
V204	0.07296	0.65078	0.04479	0.23147
V205	0	0	0.96989	0.03011
V206	0	0.03289	0.93836	0.02874
V207	0.25248	0.25926	0.17003	0.31823
V208	0.20746	0.03331	0.72146	0.03778
V209	0.35857	0.50656	0.04676	0.0881
V210	0.11279	0.80373	0.05363	0.02984
V211	0.57429	0.05947	0.09031	0.27593
V212	0.49251	0.03353	0.43824	0.03572
V213	0.69799	0.06985	0.11512	0.11704
V214	0.40075	0.20229	0.22442	0.17254
V215	0.44426	0.15683	0.09342	0.3055
V216	0.19492	0.02308	0.21325	0.56874
V217	0.06533	0.51484	0.29822	0.12161
V218	0.14076	0.4859	0.22842	0.14492
V219	0.17209	0.70912	0	0.1188
V220	0.03789	0.88385	0	0.07825
V221	0.85135	0.07114	0	0.07751
V222	0.34193	0.14412	0.40904	0.10491
V223	0	0.07787	0.8542	0.06793
V224	0.92956	0.07044	0	0
V225	0.06919	0.92543	0.00295	0.00243
V226	0.28137	0.05542	0.62851	0.0347
V227	0.79704	0.03096	0.15372	0.01828
V228	0.80521	0.12311	0.02134	0.05035
V229	0	0	0.96853	0.03147
V230	0.16793	0.0515	0.21298	0.56759
V231	0.09423	0.34194	0.25568	0.30815
V232	0.10676	0.74813	0	0.14512
V233	0.59118	0.11541	0.20514	0.08827
V234	0.0497	0.94622	0	0.00408
V235	0.37073	0.0291	0.5565	0.04367
V236	0	0.02282	0.90638	0.0708
V237	0.32902	0.03557	0.18215	0.45325
V238	0.1434	0.54887	0.26646	0.04127
V239	0.1625	0.50159	0.0745	0.26141
V240	0.47691	0.03508	0.43862	0.04938
V241	0	0	0.94577	0.05423
V242	0.15698	0.78895	0.04213	0.01194
V243	0.21335	0.01585	0.70347	0.06734
V244	0.16202	0	0.76691	0.07107
V245	0.6363	0.3291	0	0.0346
V246	0	0.10663	0.85145	0.04192
V247	0.09108	0	0.88097	0.02794
V248	0.17443	0.06053	0.23547	0.52957
V249	0	0	0.94329	0.05671
V250	0.77105	0.03032	0.18463	0.01399
V251	0.91627	0.08373	0	0
V252	0.00454	0.86413	0.12714	0.00418
V253	0.44782	0.10936	0.2403	0.20253
V254	0.01513	0.98009	0.00173	0.00304
V255	0.06627	0.92127	0	0.01247
V256	0.15876	0.19855	0.57481	0.06789
V257	0.46867	0.12437	0.27725	0.12971
V258	0.17929	0.26082	0.4777	0.08219
V259	0	0.25464	0.70056	0.0448
V260	0	0.2118	0.76429	0.02391
V261	0.64444	0.06058	0.20422	0.09075
V262	0.25415	0.09883	0.16508	0.48194
V263	0.02808	0.96902	0	0.0029
V264	0.20066	0.03779	0.57306	0.18849
V265	0.14687	0.0086	0.3697	0.47483
V266	0.65866	0.34134	0	0
V267	0.03424	0.20317	0.47679	0.2858
V268	0.4858	0.05731	0.22883	0.22807
V269	0	0.52978	0.42583	0.04439
V270	0.65113	0.05079	0.23719	0.06089
V271	0.825	0.12513	0	0.04986
V272	0.08862	0.85777	0	0.05361
V273	0.21045	0.04701	0.21451	0.52803
V274	0.7319	0.02935	0.1724	0.06636
V275	0	0	0.97892	0.02108
V276	0.55707	0.36549	0	0.07744
V277	0.11192	0.25566	0.32194	0.31048
V278	0.09652	0.05967	0.51689	0.32691
V279	0.73124	0.10043	0.08958	0.07875
V280	0.16976	0.023	0.21971	0.58752
V281	0.60748	0.06888	0.1749	0.14874
V282	0	0.0228	0.91446	0.06274
V283	0.26648	0.61946	0.03343	0.08063
V284	0.03669	0.95023	0.01182	0.00126
V285	0	0	0.97638	0.02362
V286	0.28769	0.57282	0.07584	0.06365
V287	0.12035	0.87099	0	0.00866
V288	0.00812	0.28314	0.55666	0.15208
V289	0.28119	0.215	0.44083	0.06298
V290	0.80503	0.19497	0	0
V291	0.47104	0.06066	0.43924	0.02906
V292	0.92607	0.06063	0	0.0133
V293	0.25827	0	0.69201	0.04973
V294	0.20304	0.46509	0.05241	0.27946
V295	0.0892	0.21244	0.37865	0.3197
V296	0.14716	0.10334	0.68136	0.06815
V297	0.22341	0.0158	0.2645	0.49629
V298	0.26965	0.07507	0.62125	0.03404
V299	0.18538	0.36276	0.10819	0.34367
V300	0.0687	0.03744	0.48172	0.41214
V301	0.09356	0.08453	0.73466	0.08726
V302	0.67104	0.32889	0	7e-05
V303	0	0.56322	0.40172	0.03506
V304	0.01173	0	0.87675	0.11152
V305	0.1253	0.15894	0.57466	0.14111
V306	0.82199	0.15297	0	0.02503
V307	0.02529	0.97443	0	0.00028
V308	0.2643	0.24547	0.35605	0.13419
V309	0.42098	0.38302	0.03201	0.16398
V310	0.14156	0.37037	0.25154	0.23652
V311	0.54551	0.45449	0	0
V312	0.1172	0.75599	0.10435	0.02247
V313	0.14117	0.16991	0.18189	0.50703
V314	0.06822	0.54607	0.18288	0.20283
V315	0.17875	0.6782	0.03352	0.10952
V316	0.32537	0.1406	0.43212	0.10192
V317	0.13476	0.75221	0.02805	0.08498
V318	0.10502	0.6505	0.04719	0.19729
V319	0	0.01119	0.94376	0.04505
V320	0.04836	0.11755	0.74296	0.09113
V321	0.64929	0.35071	0	0
V322	0.27723	0.39457	0.11802	0.21018
V323	0.19131	0.04023	0.28921	0.47926
V324	0.68534	0.28824	0.00695	0.01947
V325	0.33968	0.65504	0	0.00527
V326	0.03887	0.63515	0.147	0.17898
V327	0.1153	0.19401	0.28658	0.40412
V328	0.00118	0	0.88484	0.11398
V329	0.26607	0.14181	0.30977	0.28234
V330	0.42954	0.0122	0.41069	0.14756
V331	0.48005	0.13981	0.1039	0.27624
V332	0.0908	0.06933	0.41549	0.42439
V333	0.41889	0.07943	0.42395	0.07773
V334	0.3929	0.0122	0.44156	0.15334
V335	0.00455	0.3186	0.5904	0.08645
V336	0.222	0.72165	0	0.05634
V337	0.28809	0.39556	0.28073	0.03563
V338	0.00294	0.99706	0	0
V339	0.03293	0	0.93351	0.03356
V340	0.04167	0.21475	0.62985	0.11373
V341	0.16147	0.06028	0.2636	0.51465
V342	0.21849	0	0.68561	0.0959
V343	0.93244	0.06756	0	0
V344	0.67656	0.18008	0.13358	0.00978
V345	0	0	0.98271	0.01729
V346	0.27715	0.14401	0.38867	0.19018
V347	0.15767	0.02811	0.34581	0.4684
V348	0.08554	0.6844	0.14652	0.08354
V349	0.3474	0.168	0.40941	0.07519
V350	0.02467	0.82162	0.14969	0.00401
V351	0.04471	0.02128	0.6324	0.30161
V352	0	0	0.93498	0.06502
V353	0.88125	0.09374	0	0.025
V354	0.05096	0.70035	0.21317	0.03552
V355	0.28524	0.06515	0.53415	0.11546
V356	0.16111	0.03931	0.31357	0.48601
V357	0.14156	0.35387	0.35742	0.14715
V358	0.61459	0.16791	0.06114	0.15636
V359	0.65713	0.12444	0.04572	0.17272
V360	0.57457	0.41902	0	0.00641
V361	0	0.38594	0.5918	0.02226
V362	0.00255	0.99745	0	0
V363	0.17715	0.11538	0.57068	0.13678
V364	0.12166	0.03774	0.76199	0.07861
V365	0.43347	0.05965	0.11513	0.39175
V366	0.11503	0.72914	0.07238	0.08345
V367	0.6505	0.20489	0	0.14462
V368	0.12303	0.76703	0.05326	0.05668
V369	0	0.3471	0.62919	0.02371
V370	0.28365	0.26406	0.41459	0.0377
V371	0.22449	0.73945	0	0.03606
V372	0.27997	0.07788	0.28445	0.35771
V373	0.08274	0.13897	0.61269	0.1656
V374	0.77081	0.04719	0.17325	0.00876
V375	0.14027	0.06316	0.35705	0.43952
V376	0.15677	0.05033	0.31117	0.48172
V377	0.83716	0.06815	0	0.0947
V378	0.03059	0.02003	0.6469	0.30248
V379	0.45017	0.27074	0.03956	0.23954
V380	0.24195	0.09191	0.36616	0.29998
V381	0.76997	0.06322	0.07868	0.08813
V382	0	0	0.96595	0.03405
V383	0.85995	0.07	0.01219	0.05786
V384	0.59907	0.11684	0.15472	0.12938
V385	0.8679	0.0745	0.0299	0.02769
V386	0.41506	0.02914	0.26821	0.28758
V387	0.59419	0.17347	0.17179	0.06055
V388	0.41176	0.35449	0.14336	0.0904
V389	0.44478	0.52121	0	0.03402
V390	0.27055	0.23715	0.46725	0.02506
V391	0.53257	0.17716	0.05031	0.23996
V392	0.4592	0.25138	0.17962	0.10979
V393	0.29339	0.23245	0.38348	0.09068
V394	0.1854	0.28139	0.23794	0.29527
V395	0.25566	0.41893	0.21935	0.10606
V396	0.02018	0.97504	0	0.00478
V397	0.78548	0.13563	0.05116	0.02773
V398	0.51916	0.1883	0.12608	0.16647
V399	0.22325	0.5758	0.13517	0.06578
V400	0.04291	0.66941	0.10445	0.18323
V401	0	0.113	0.81592	0.07108
V402	0.78569	0.21431	0	0
V403	0.1621	0.04602	0.27752	0.51436
V404	0.06303	0.17048	0.69295	0.07355
V405	0.32204	0.04895	0.32196	0.30705
V406	0.67042	0.27949	0	0.05009
V407	0.00294	0.99706	0	0
V408	0.09815	0.25411	0.50102	0.14673
V409	0.15712	0.03608	0.21901	0.58779
V410	0.10756	0.88168	0	0.01076
V411	0.60445	0.0597	0.03838	0.29748
V412	0.16156	0.07036	0.62034	0.14774
V413	0.08879	0.51715	0.24781	0.14625
V414	0.03519	0.50061	0.38308	0.08112
V415	0.48968	0.05557	0.29779	0.15696
V416	0	0.00977	0.96828	0.02196
V417	0.40792	0.59208	0	0
V418	0.16398	0.13879	0.32893	0.3683
V419	0.16894	0.02102	0.22877	0.58126
V420	0.02015	0.93179	0	0.04806
V421	0.12058	0.01681	0.77405	0.08856
V422	0.20367	0.10444	0.16975	0.52215
V423	0	0	0.9589	0.0411
V424	0	0.02711	0.79887	0.17401
V425	0.03033	0.21609	0.67479	0.07879
V426	0.03204	0.00418	0.89386	0.06992
V427	0.11398	0.43756	0.27323	0.17524
V428	0.1271	0.80374	0.01829	0.05087
V429	0.16579	0.02175	0.2406	0.57186
V430	0.75946	0.20935	0	0.03119
V431	0.20533	0.02846	0.58946	0.17675
V432	0.24176	0.14256	0.19644	0.41925
V433	0.11005	0.78523	0	0.10472
V434	0.46787	0.123	0.12642	0.2827
V435	0.58415	0.05514	0.17326	0.18745
V436	0.49773	0.03879	0.20064	0.26284
V437	0.35251	0.30994	0.05703	0.28053
V438	0.66043	0.22257	0.00925	0.10775
V439	0.18921	0.15486	0.16063	0.49529
V440	0.59273	0.10242	0.07154	0.23331
V441	0.04777	0.11263	0.71703	0.12256
V442	0.36414	0.36987	0.15023	0.11576
V443	0.77815	0.05535	0.07894	0.08757
V444	0	0	0.98271	0.01729
V445	0.59695	0.03472	0.33045	0.03787
V446	0.06092	0.87297	0.02477	0.04134
V447	0.64206	0.12659	0.16294	0.06842
V448	0.09796	0.08984	0.41652	0.39569
V449	0.55645	0.06244	0.30721	0.0739
V450	0.15538	0.84462	0	0
V451	0.90924	0.09076	0	0
V452	0.17764	0.03125	0.27742	0.51369
V453	0.81379	0.13473	0.01955	0.03193
V454	0.00533	0.9862	0.00103	0.00744
V455	0.58919	0.05287	0.30052	0.05743
V456	0.33653	0.13018	0.43158	0.1017
V457	0.15949	0.04962	0.20191	0.58898
V458	0.38898	0.30885	0.04169	0.26048
V459	0.03604	0.83398	0.07151	0.05846
V460	0.92723	0.07277	0	0
V461	0.22272	0.0633	0.17749	0.5365
V462	0.45438	0.32989	0.00562	0.21011
V463	0.28552	0.49628	0.14326	0.07494
V464	0.60453	0.18218	0.01484	0.19845
V465	0.45158	0.46328	0	0.08513
V466	0.63633	0.24802	0	0.11565
V467	0.3506	0.59276	0.02451	0.03214
V468	0.53085	0.4335	0	0.03565
V469	0.05394	0.20362	0.47037	0.27208
V470	0.56267	0.16017	0.18355	0.0936
V471	0.40281	0.16476	0.1222	0.31023
V472	0.42277	0.39872	0	0.17851
V473	0.09914	0.52266	0.34599	0.03222
V474	0.26044	0.01461	0.29063	0.43432
V475	0.25537	0.46211	0.11455	0.16797
V476	0.31438	0.04139	0.21639	0.42784
V477	0.61106	0.07056	0.22297	0.09541
V478	0.19984	0.66106	0	0.13909
V479	0	0.03451	0.89348	0.07201
V480	0.18031	0.38799	0.13985	0.29185
V481	0.06507	0	0.89524	0.03969
V482	0.71226	0.19826	0.05828	0.0312
V483	0.25175	0.15731	0.22036	0.37058
V484	0.1706	0.1186	0.20004	0.51075
V485	0.169	0.7616	0	0.0694
V486	0.33619	0.31591	0.17472	0.17317
V487	0.20264	0.07789	0.27185	0.44762
V488	0	0	0.92898	0.07102
V489	0.16365	0.07495	0.72459	0.03681
V490	0.409	0.36705	0.07997	0.14398
V491	0.46983	0.49242	0	0.03775
V492	0.02907	0.86742	0.09534	0.00818
V493	0.17829	0.02724	0.19635	0.59811
V494	0.17483	0.14857	0.59028	0.08632
V495	0.24733	0.63426	0.09345	0.02495
V496	0.3037	0.67574	0	0.02056
V497	0	0	0.97736	0.02264
V498	0.43646	0.15983	0.12845	0.27526
V499	0.62475	0.29471	0.06933	0.01121
V500	0.04775	0.09102	0.80691	0.05432
V501	0.15269	0.01786	0.24724	0.58221
V502	0.5596	0.3008	0.11384	0.02577
V503	0.27832	0.13441	0.32893	0.25834
V504	0.26541	0.70153	0	0.03306
V505	0.24383	0.25255	0.33475	0.16887
V506	0.08876	0.25234	0.54341	0.11548
V507	0.64018	0.14557	0.11615	0.0981
V508	0.76259	0.2129	0	0.02451
V509	0.23407	0.0525	0.59378	0.11964
V510	0.22695	0.51625	0.24108	0.01571
V511	0.11774	0.51724	0.11537	0.24964
V512	0.37258	0.08678	0.20588	0.33476
V513	0.0941	0.65007	0.20634	0.04948
V514	0.16934	0.10554	0.1743	0.55082
V515	0.79618	0.12583	0.01093	0.06707
V516	0.88016	0.11984	0	0
V517	0.11291	0.02923	0.48347	0.3744
V518	0.92433	0.07567	0	0
V519	0.0532	0.8956	0	0.0512
V520	0.00309	0	0.80912	0.18779
V521	0.54303	0.05346	0.36409	0.03942
V522	0	0.11394	0.72718	0.15888
V523	0.39148	0.15018	0.31768	0.14066
V524	0.0075	0.78931	0.17409	0.0291
V525	0.37565	0.27883	0.08107	0.26445
V526	0.68868	0.13447	0.06482	0.11203
V527	0.24122	0.02896	0.53437	0.19545
V528	0.12877	0.85185	0	0.01938
V529	0.14028	0.08361	0.42838	0.34773
V530	0	0.16408	0.75533	0.08058
V531	0.0202	0.89692	0.08282	6e-05
V532	0.27141	0.40995	0.07385	0.24479
V533	0.33076	0.3861	0.15754	0.1256
V534	0	0	0.85438	0.14562
V535	0.67538	0.05806	0.0346	0.23196
V536	0.24126	0.00061	0.52705	0.23109
V537	0.59828	0.27783	0.10592	0.01797
V538	0.54599	0.112	0.13614	0.20588
V539	0.30242	0.4567	0.15437	0.08652
V540	0.23462	0.71151	0.02643	0.02744
V541	0.07441	0.59412	0.12149	0.20998
V542	0.2554	0.16529	0.36127	0.21803
V543	0.89053	0.06667	0	0.04281
V544	0.19343	0.11944	0.35168	0.33545
V545	0.45516	0.20954	0.11763	0.21768
V546	0.05649	0.92151	0.01944	0.00256
V547	0.02282	0.62829	0.32641	0.02247
V548	0.17682	0.77968	0.03667	0.00682
V549	0.2869	0.00472	0.67378	0.0346
V550	0.69827	0.10118	0.00245	0.19809
V551	0.21169	0.75647	0	0.03184
V552	0.06433	0.64018	0.05225	0.24324
V553	0.19027	0.12239	0.6496	0.03774
V554	0.20078	0.13558	0.18176	0.48188
V555	0.11993	0.25142	0.45351	0.17514
V556	0	0	0.96676	0.03324
V557	0.84064	0.09033	0	0.06903
V558	0.10424	0.8266	0	0.06917
V559	0.00027	0.82043	0.17147	0.00783
V560	0.69347	0.30653	0	0
V561	0	0	0.97892	0.02108
V562	0.80701	0.04531	0.08905	0.05864
V563	0.17864	0	0.79029	0.03107
V564	0	0.0282	0.93507	0.03673
V565	0.13457	0.27689	0.45665	0.1319
V566	0.74138	0.16075	0	0.09788
V567	0.29508	0.51711	0.0329	0.15491
V568	0.39407	0.03159	0.18933	0.38501
V569	0.7566	0.09602	0	0.14738
V570	0	0.25667	0.68355	0.05978
V571	0.81558	0.16016	0	0.02426
V572	0.42981	0.0069	0.48666	0.07663
V573	0.19739	0.24816	0.12626	0.42819
V574	0.04114	0.79405	0.14688	0.01794
V575	0.11443	0.12482	0.32976	0.43099
V576	0.18163	0.81048	0	0.00788
V577	0.11878	0.06143	0.43549	0.3843
V578	0.02269	0.05382	0.80455	0.11894
V579	0.0162	0.91205	0.05608	0.01566
V580	0.28026	0.02682	0.29454	0.39839
V581	0.2311	0.12445	0.14299	0.50146
V582	0.63082	0.21692	0.02522	0.12703
V583	0	0.02971	0.78179	0.1885
V584	0.50563	0.17598	0.27702	0.04137
V585	0.02223	0	0.68757	0.2902
V586	0.19674	0	0.7271	0.07616
V587	0.21677	0	0.73759	0.04564
V588	0.69806	0.12035	0.02793	0.15366
V589	0.0823	0.85453	0.02539	0.03778
V590	0.04954	0.77171	0.16712	0.01162
V591	0.07913	0.05302	0.4427	0.42515
V592	0.08628	0.01307	0.87282	0.02783
V593	0.62467	0.02645	0.2203	0.12858
V594	0.3383	0.27999	0.33398	0.04773
V595	0.18422	0.04908	0.20807	0.55863
V596	0.08443	0.32523	0.35546	0.23488
V597	0	0.56111	0.37673	0.06216
V598	0	0.04946	0.91737	0.03317
V599	0.64644	0.3357	0	0.01786
V600	0.39988	0.51204	0.01356	0.07451
V601	0.24974	0.34262	0.15831	0.24933
V602	0.18521	0.04957	0.19544	0.56978
V603	0.1005	0.46698	0.1116	0.32092
V604	0.49478	0.1346	0.33264	0.03798
V605	0.07046	0.33523	0.47872	0.11559
V606	0.74824	0.19598	0	0.05578
V607	0.69774	0.05261	0.1243	0.12535
V608	0.23801	0.17718	0.45489	0.12992
V609	0.07307	0.27904	0.39077	0.25712
V610	0.79252	0.07404	0.0644	0.06904
V611	0.44126	0.03164	0.17319	0.35391
V612	0	0.04432	0.89125	0.06442
V613	0	0.29782	0.65583	0.04635
V614	0.78338	0.12846	0.01592	0.07224
V615	0.29284	0.1027	0.14201	0.46244
V616	0.12521	0.75346	0.03067	0.09066
V617	0.44801	0.16991	0.36533	0.01675
V618	0.7954	0.0724	0	0.1322
V619	0.4198	0.04628	0.38854	0.14538
V620	0	0.63795	0.34578	0.01626
V621	0.46702	0.19621	0.20464	0.13212
V622	0.35044	0.21905	0.39295	0.03756
V623	0.11121	0.11085	0.35638	0.42156
V624	0.78674	0.20931	0	0.00396
V625	0.30746	0.52805	0.08089	0.08359
V626	0.92786	0.07214	0	0
V627	0.13488	0.04924	0.28244	0.53344
V628	0.11562	0.30673	0.14964	0.42801
V629	0.15725	0.32377	0.36393	0.15505
V630	0	0.3033	0.64792	0.04878
V631	0.1067	0.25193	0.27392	0.36745
V632	0.64197	0.03194	0.17562	0.15047
V633	0	0	0.91466	0.08534
V634	0.39545	0.25684	0.32499	0.02272
V635	0.07157	0.82338	0	0.10506
V636	0.09445	0.09092	0.72506	0.08957
V637	0.39296	0.25719	0.13776	0.21209
V638	0.44479	0.32072	0.08255	0.15194
V639	0.26477	0.42562	0.29449	0.01512
V640	0	0.11377	0.83272	0.05351
V641	0.87628	0.1036	0	0.02012
V642	0.77307	0.19946	0	0.02747
V643	0.00588	0.19788	0.61101	0.18523
V644	0.88075	0.11925	0	0
V645	0.25949	0.40384	0.3056	0.03107
V646	0.01412	0.98588	0	0
V647	0.10349	0.06266	0.77412	0.05973
V648	0.43276	0.44504	0.0912	0.031
V649	0	0.01575	0.92898	0.05527
V650	0.00014	0.05564	0.8742	0.07002
V651	0.25523	0	0.71409	0.03068
V652	0.1096	0.09914	0.59563	0.19563
V653	0.15632	0.69255	0.08316	0.06798
V654	0.71721	0.24467	0.00204	0.03608
V655	0.1014	0.66009	0.04948	0.18904
V656	0.31586	0.36058	0.05869	0.26487
V657	0.17858	0.11903	0.17415	0.52825
V658	0.62938	0.26285	0.02736	0.0804
V659	0.34636	0.10449	0.42624	0.12291
V660	0.03769	0.96015	0	0.00215
V661	0.13123	0.50965	0.11854	0.24058
V662	0.39725	0.00829	0.51579	0.07868
V663	0.2181	0.06101	0.63835	0.08254
V664	0.15773	0.04795	0.74188	0.05244
V665	0.71445	0.23529	0	0.05026
V666	0.65588	0.04035	0.13706	0.1667
V667	0.76587	0.10844	0.1183	0.0074
V668	0.13852	0.81638	0.0451	0
V669	0.2482	0.42109	0.26001	0.0707
V670	0.09524	0.90091	0	0.00385
V671	0.37168	0.29625	0.26204	0.07004
V672	0	0	0.96201	0.03799
V673	0.26193	0.38532	0.25445	0.0983
V674	0.74256	0.19524	0	0.06221
V675	0.15335	0.34083	0.38958	0.11624
V676	0.13059	0.16033	0.29122	0.41786
V677	0.41851	0.43215	0.07108	0.07826
V678	0.53333	0.46667	0	0
V679	0	0.27213	0.69333	0.03454
V680	0.32813	0.55956	0.08657	0.02575
V681	0.87784	0.11747	0	0.00469
V682	0.08882	0.267	0.59701	0.04717
V683	0.01465	0.98535	0	0
V684	0.71521	0.20271	0.043	0.03907
V685	0.51003	0.37054	0.08482	0.03462
V686	0.18318	0.22799	0.29408	0.29475
V687	0.18197	0.03836	0.2119	0.56777
V688	0.41371	0.51848	0	0.06781
V689	0.41424	0.01743	0.17303	0.39529
V690	0.44683	0.04619	0.45082	0.05616
V691	0.07313	0	0.89444	0.03244
V692	0.03406	0.10974	0.79001	0.06619
V693	0.2608	0.1268	0.45738	0.15502
V694	0.06411	0.02744	0.5399	0.36855
V695	0.35619	0.0155	0.30786	0.32045
V696	0.22577	0.13668	0.16112	0.47643
V697	0.16946	0.0902	0.18871	0.55163
V698	0.85061	0.07365	0	0.07574
V699	0.59194	0.32712	0.02355	0.05738
V700	0.40728	0.06064	0.11566	0.41642
V701	0.15955	0.56956	0.13945	0.13143
V702	0.63568	0.16252	0.01532	0.18648
V703	0.14532	0.05233	0.63138	0.17098
V704	0.84016	0.10444	0	0.0554
V705	0.93578	0.06076	0	0.00346
V706	0.02539	0.01421	0.8821	0.0783
V707	0.01235	0.40086	0.545	0.04179
V708	0.06327	0.89975	0	0.03698
V709	0.11675	0.2469	0.57404	0.06231
V710	0.63034	0.26643	0.02034	0.08289
V711	0.10822	0.82291	0.04653	0.02235
V712	0.83482	0.10626	0	0.05892
V713	0.4928	0.35587	0.02514	0.12619
V714	0.05715	0.74396	0.04339	0.15549
V715	0.30897	0.3315	0.30481	0.05472
V716	0.17878	0.07431	0.23241	0.5145
V717	0.09393	0.90582	0	0.00025
V718	0.17083	0.57506	0.18412	0.06999
V719	0.10418	0.75637	0.03338	0.10607
V720	0.69694	0.0271	0.22117	0.0548
V721	0.12163	0.16648	0.58099	0.1309
V722	0.203	0.43183	0.07757	0.28759
V723	0.26584	0.13704	0.13807	0.45905
V724	0.64623	0.07881	0.11096	0.164
V725	0	0.02037	0.93819	0.04144
V726	0.09469	0.44382	0.22248	0.23901
V727	0.29316	0.66885	0.02716	0.01084
V728	0.03369	0.9063	0.05543	0.00457
V729	0.48688	0.0465	0.24913	0.21749
V730	0.89382	0.09633	0	0.00986
V731	0.03973	0.21756	0.54669	0.19603
V732	0.37152	0.09602	0.41099	0.12146
V733	0.6803	0.24229	0	0.07741
V734	0.21219	0.29319	0.47311	0.02151
V735	0.02963	0.01514	0.69835	0.25689
V736	0.3213	0.03495	0.15377	0.48998
V737	0.35349	0.30145	0.25404	0.09102
V738	0.07425	0.32002	0.51389	0.09184
V739	0	0	0.79939	0.20061
V740	0.83611	0.14418	0.01255	0.00716
V741	0.54041	0.1507	0.15571	0.15318
V742	0.42494	0.57506	0	0
V743	0.08686	0.11011	0.75991	0.04311
V744	0.51603	0.05279	0.35264	0.07854
V745	0.02921	0.70371	0.19407	0.07301
V746	0.9444	0.0556	0	0
V747	0.00969	0	0.85898	0.13133
V748	0.10456	0.09359	0.69142	0.11044
V749	0.39153	0.23836	0.11602	0.25409
V750	0.44889	0.4818	0	0.0693
V751	0.07342	0.89957	0	0.02701
V752	0.49077	0.26472	0.1415	0.103
V753	0.17633	0.0387	0.19183	0.59315
V754	0.02822	0.94289	0	0.02888
V755	0.17617	0.22182	0.44211	0.15989
V756	0.17941	0.03173	0.24305	0.5458
V757	0.37594	0.59754	0.00064	0.02587
V758	0.06328	0.79087	0.09701	0.04884
V759	0.16082	0.06779	0.55819	0.21321
V760	0.34027	0.08545	0.38491	0.18937
V761	0.07676	0.56375	0.29764	0.06185
V762	0.08969	0.47728	0.11115	0.32187
V763	0.44899	0.40932	0.01625	0.12543
V764	0.02882	0.94029	0	0.03089
V765	0.72214	0.15733	0	0.12053
V766	0.00319	0.321	0.54905	0.12677
V767	0.48797	0.15357	0.26483	0.09363
V768	0.07385	0.91866	0	0.00749
V769	0.16631	0.82712	0	0.00658
V770	0.01412	0.98588	0	0
V771	0.09576	0	0.86554	0.0387
V772	0.06064	0.01278	0.89319	0.03339
V773	0.18979	0.80592	0	0.00429
V774	0	0	0.96642	0.03358
V775	0.1854	0.04854	0.47247	0.29359
V776	0.45867	0.45393	0.01568	0.07172
V777	0.27229	0.15951	0.27636	0.29183
V778	0.56431	0.32023	0.0379	0.07755
V779	0.17857	0.03976	0.62372	0.15794
V780	0.11942	0.78057	0.09565	0.00436
V781	0.20062	0.06368	0.20698	0.52873
V782	0	0.06377	0.87363	0.06259
V783	0.81818	0.08546	0.01966	0.0767
V784	0.12435	0.87565	0	0
V785	0.05229	0.94227	0	0.00544
V786	0.73048	0.20766	0.03144	0.03043
V787	0	0.85781	0.13071	0.01148
V788	0.5173	0.32591	0.12041	0.03638
V789	0.16643	0.45401	0.09933	0.28023
V790	0.55321	0.08074	0.13525	0.2308
V791	0.14662	0.37602	0.38288	0.09448
V792	0.2122	0.61885	0.00304	0.16592
V793	0.17805	0.69462	0.02829	0.09904
V794	0	0.04343	0.88436	0.07221
V795	0.2515	0.08115	0.22487	0.44248
V796	0	0.02898	0.93449	0.03654
V797	0.75558	0.02687	0.1979	0.01966
V798	0.64124	0.32285	0.01738	0.01852
V799	0.1719	0.7882	0	0.0399
V800	0.07602	0.01468	0.70563	0.20368
V801	0.18195	0.14245	0.46435	0.21125
V802	0.09735	0.09538	0.48512	0.32216
V803	0.21963	0.51643	0.25331	0.01063
V804	0.50813	0.02311	0.40653	0.06223
V805	0	0	0.98258	0.01742
V806	0.06805	0.91776	0	0.01419
V807	0.38285	0.21578	0.10711	0.29425
V808	0.67711	0.29788	0	0.02501
V809	0	0	0.97754	0.02246
V810	0.01327	0.98673	0	0
V811	0.46847	0.11208	0.26206	0.15739
V812	0.58054	0.31229	0.02222	0.08494
V813	0.59299	0.22065	0.15589	0.03047
V814	0.45621	0.54028	0	0.0035
V815	0.00398	0.95628	0.03386	0.00588
V816	0.90574	0.08135	0.01291	0
V817	0	0.01648	0.94977	0.03375
V818	0.14396	0.09059	0.22619	0.53927
V819	0.83075	0.14456	0	0.02469
V820	0.2764	0.15736	0.14976	0.41649
V821	0.21363	0.30854	0.41705	0.06078
V822	0	0	0.9585	0.0415
V823	0	0.16273	0.75972	0.07754
V824	0.0527	0.34353	0.58614	0.01763
V825	0.25569	0.31777	0.30103	0.12551
V826	0.45167	0.41836	0.10717	0.0228
V827	0.40791	0.5789	0	0.01319
V828	0.3099	0.22366	0.20664	0.2598
V829	0.14074	0.32664	0.16495	0.36767
V830	0.33392	0.30901	0.08855	0.26852
V831	0.79364	0.14586	0	0.0605
V832	0.3034	0.42192	0.17742	0.09726
V833	0.17647	0.52693	0.20123	0.09536
V834	0.4158	0.11888	0.17564	0.28969
V835	0.39001	0.47015	0.08269	0.05715
V836	0.06288	0.75893	0.01861	0.15957
V837	0.25675	0.4114	0.21503	0.11682
V838	0.90189	0.09811	0	0
V839	0.3259	0.6257	0.03622	0.01218
V840	0.31267	0.68733	0	0
V841	0	0	0.94938	0.05062
V842	0.38622	0.19294	0.30199	0.11884
V843	0	0	0.93682	0.06318
V844	0.14921	0.10151	0.53686	0.21242
V845	0.01514	0.0755	0.83931	0.07004
V846	0	0	0.87819	0.12181
V847	0.16377	0.0275	0.20927	0.59947
V848	0.12557	0.5372	0.21357	0.12366
V849	0.00929	0.97554	0	0.01516
V850	0.93369	0.06631	0	0
V851	0.35719	0.53863	0.09644	0.00774
V852	0.21471	0.07938	0.32143	0.38447
V853	0.24282	0.23084	0.44317	0.08317
V854	0.61702	0.21082	0.08579	0.08637
V855	0.16377	0.0275	0.20927	0.59947
V856	0.04995	0.37024	0.44727	0.13254
V857	0.7018	0.23122	0	0.06698
V858	0.52545	0.01029	0.43746	0.0268
V859	0.68315	0.26649	0	0.05035
V860	0.31478	0.17156	0.17048	0.34317
V861	0.05659	0.3191	0.5948	0.02952
V862	0.08701	0.06223	0.79317	0.05759
V863	0.36444	0.11605	0.10487	0.41464
V864	0.21437	0.06571	0.23032	0.4896
V865	0.19308	0.00869	0.47652	0.32171
V866	0.71106	0.04549	0.21986	0.02359
V867	0.71052	0.05295	0.21771	0.01883
V868	0.5286	0.30853	0.10501	0.05786
V869	0.02317	0.97683	0	0
V870	0.20826	0.43166	0.08292	0.27717
V871	0.00929	0.97554	0	0.01516
V872	0.07742	0.02286	0.5002	0.39951
V873	0.88653	0.0984	0	0.01507
V874	0.22165	0.77835	0	0
V875	0.08402	0.23483	0.37756	0.30359
V876	0.1554	0.31798	0.45837	0.06825
V877	0.05835	0.41879	0.38586	0.13699
V878	0.14968	0.82704	0.02329	0
V879	0.23366	0.71352	0.00114	0.05168
V880	0.35516	0.56767	0	0.07718
V881	0.12939	0.03066	0.72051	0.11944
V882	0.81321	0.03804	0.10007	0.04868
V883	0.24119	0.18784	0.54875	0.02221
V884	0.12963	0.37134	0.1058	0.39323
V885	0.71986	0.25019	0.02287	0.00708
V886	0	0.35207	0.55287	0.09506
V887	0.65344	0.10117	0.15378	0.09162
V888	0.05611	0.01723	0.8434	0.08326
V889	0.89182	0.10807	0	0.00011
V890	0.00846	0.13552	0.73863	0.1174
V891	0.60733	0.07491	0.27148	0.04628
V892	0.40185	0.262	0.06387	0.27228
V893	0.5868	0.24543	0.11858	0.04919
V894	0.03281	0.28057	0.64037	0.04625
V895	0.60338	0.09738	0.20689	0.09235
V896	0.05157	0.94426	0	0.00417
V897	0.70239	0.26937	0	0.02824
V898	0.62382	0.04834	0.04224	0.2856
V899	0.11041	0.24539	0.31232	0.33188
V900	0.0898	0.31276	0.45834	0.13911
V901	0.06916	0.86234	0	0.0685
V902	0.05762	0.94162	0	0.00076
V903	0	0.37488	0.57755	0.04757
V904	0.0222	0.9778	0	0
V905	0.25739	0.00223	0.37275	0.36763
V906	0.47837	0.15401	0.16381	0.20382
V907	0.45368	0.51553	0	0.03078
V908	0.14286	0.08518	0.27354	0.49842
V909	0.16845	0.79773	0	0.03383
V910	0.29033	0.01543	0.30182	0.39241
V911	0.54346	0.41652	0	0.04002
V912	0.42658	0.35956	0.12006	0.0938
V913	0.28146	0.02883	0.17016	0.51955
V914	0.1834	0.48215	0.29756	0.03689
V915	0.40223	0.02543	0.12552	0.44682
V916	0.20628	0.03949	0.70233	0.05191
V917	0.72258	0.06889	0.14775	0.06078
V918	0.06009	0.62999	0.24658	0.06334
V919	0.22579	0.26465	0.36786	0.1417
V920	0.63512	0.24244	0.05806	0.06437
V921	0.154	0.23409	0.18021	0.43169
V922	0.09974	0.43756	0.4159	0.0468
V923	0.23505	0.0451	0.21642	0.50343
V924	0.03317	0.65868	0.27536	0.03279
V925	0.34203	0.07502	0.14314	0.43981
V926	0.35769	0.06371	0.16191	0.41669
V927	0.1626	0.07471	0.24911	0.51358
V928	0.07362	0.8981	0	0.02828
V929	0.08875	0.67129	0.1437	0.09626
V930	0.54108	0.40155	0	0.05737
V931	0.11918	0.26014	0.55823	0.06246
V932	0.01132	0.10757	0.74545	0.13567
V933	0.60927	0.387	0	0.00373
V934	0.05272	0.18293	0.47189	0.29246
V935	0.55871	0.19102	0.19224	0.05804
V936	0.57211	0.32508	0	0.1028
V937	0.58572	0.18329	0.09754	0.13345
V938	0.40905	0.06741	0.37773	0.14581
V939	0.77514	0.08192	0.05829	0.08465
V940	0.03627	0.80033	0.13265	0.03075
V941	0	0	0.98059	0.01941
V942	0.74482	0.23314	0.00503	0.01701
V943	0.3799	0.12912	0.43761	0.05337
V944	0.1097	0.33867	0.20707	0.34455
V945	0.58746	0.36774	0	0.0448
V946	0.44772	0.27519	0.23779	0.0393
V947	0.1587	0.06688	0.43644	0.33798
V948	0.30161	0.01038	0.65101	0.037
V949	0.06431	0.14378	0.42221	0.3697
V950	0.07682	0.55105	0.26122	0.11091
V951	0.82311	0.05376	0.11291	0.01023
V952	0.12461	0.16266	0.43726	0.27547
V953	0	0	0.95739	0.04261
V954	0.12163	0.23476	0.31112	0.3325
V955	0.18148	0.65751	0.03148	0.12953
V956	0.04142	0.02016	0.71937	0.21905
V957	0.50043	0.06396	0.0743	0.36131
V958	0.17829	0.02724	0.19635	0.59811
V959	0.21951	0.25521	0.4652	0.06008
V960	0.31511	0.34664	0.12868	0.20957
V961	0.14413	0.37769	0.39808	0.08009
V962	0.35691	0.16961	0.41189	0.06159
V963	0.60035	0.20661	0.13605	0.05699
V964	0.84265	0.08042	0.05238	0.02455
V965	0.0862	0.52331	0.25297	0.13752
V966	0.92956	0.07044	0	0
V967	0.0614	0.03969	0.70806	0.19084
V968	0	0.08893	0.84905	0.06202
V969	0.10142	0.37203	0.16676	0.35978
V970	0.05139	0.13398	0.60124	0.21339
V971	0.48484	0.10474	0.34572	0.0647
V972	0.55508	0.26665	0.04793	0.13034
V973	0.32793	0.46135	0.08291	0.12781
V974	0.01525	0.81015	0.11565	0.05894
V975	0.05929	0.2508	0.65997	0.02994
V976	0.47424	0.29171	0.12199	0.11207
V977	0.31203	0.34631	0.3195	0.02215
V978	0.1879	0.14063	0.23577	0.43571
V979	0.79728	0.05042	0.13926	0.01303
V980	0.9444	0.0556	0	0
V981	0.34728	0.03331	0.50213	0.11728
V982	0.46706	0.43108	0.04082	0.06104
V983	0.74916	0.13457	0	0.11626
V984	0.0261	0.86298	0.08294	0.02798
V985	0.20422	0.27375	0.11493	0.4071
V986	0.36581	0.55255	0.01296	0.06867
V987	0.27127	0.72269	0	0.00605
V988	0.38103	0.05039	0.13813	0.43045
V989	0.46829	0.48913	0.02226	0.02032
V990	0	0	0.90137	0.09863
V991	0.6509	0.34887	0	0.00023
V992	0.20984	0	0.6413	0.14886
V993	0.08364	0.72339	0.15476	0.03821
V994	0.21117	0.78126	0	0.00757
V995	0.76057	0.16929	0	0.07014
V996	0.40774	0.19262	0.08411	0.31553
V997	0	0	0.91554	0.08446
V998	0.8753	0.07735	0.02124	0.02611
V999	0.13522	0.86478	0	0
V1000	0.47326	0.07565	0.07893	0.37216
