B_cells	NK_cells	T_cells_CD4.	Monocytes
V1	0.55295	0	0.19825	0.24879
V2	0.20145	0.08158	0.10525	0.61172
V3	0.08444	0.58347	0.06547	0.26661
V4	0.83151	0.11271	0.00669	0.04909
V5	0.12462	0.446	0.29399	0.13539
V6	0.10853	0.77894	0.08405	0.02849
V7	0.1725	0.34153	0.13304	0.35293
V8	0.14554	0.02613	0.78867	0.03966
V9	0.27141	0.22652	0.07721	0.42486
V10	0.03551	0.03211	0.87302	0.05936
V11	0.21808	0.34092	0.44101	0
V12	0.0472	0.54301	0.40228	0.00751
V13	0.28657	0.6388	0.05257	0.02205
V14	0.10432	0.8179	0.06702	0.01076
V15	0.14087	0.54997	0.17447	0.1347
V16	0.84468	0.04191	0.04567	0.06773
V17	0.11843	0.78115	0.07198	0.02845
V18	0.56035	0.3198	0.07672	0.04313
V19	0.1868	0.73665	0.05953	0.01703
V20	0.19304	0.43571	0.06454	0.30671
V21	0.14479	0.08311	0.73704	0.03506
V22	0.04559	0.09395	0.26501	0.59545
V23	0.37861	0.06058	0.55061	0.0102
V24	0.89911	0.0358	0.06508	0
V25	0.3545	0.22648	0.16436	0.25466
V26	0.40397	0.36127	0.0511	0.18366
V27	0.16751	0.05589	0.07405	0.70255
V28	0	0.08999	0.91001	0
V29	0.4335	0.04374	0.48791	0.03485
V30	0.12169	0.21691	0.31599	0.34541
V31	0.21964	0.19292	0.32391	0.26354
V32	0.15354	0.01996	0.10346	0.72305
V33	0.06047	0.47003	0.38916	0.08035
V34	0.14474	0.06348	0.75482	0.03696
V35	0.18545	0.64947	0.13923	0.02585
V36	0.02236	0.05299	0.51621	0.40844
V37	0.54475	0.0633	0.12667	0.26528
V38	0.44752	0	0.20063	0.35185
V39	0.18467	0.51883	0.17928	0.11722
V40	0.12436	0.73849	0.13715	0
V41	0.0244	0.63536	0.11042	0.22983
V42	0.26124	0.02213	0.25389	0.46275
V43	0.14571	0.33154	0.50505	0.01771
V44	0.02323	0.10128	0.73255	0.14294
V45	0.11779	0.5422	0.26638	0.07362
V46	0.76788	0.07392	0.14346	0.01474
V47	0.44138	0.18821	0.32611	0.0443
V48	0.7758	0.15827	0.02443	0.04149
V49	0.71963	0.18275	0.00148	0.09614
V50	0.09885	0.75172	0.14943	0
V51	0.3191	0.37684	0.2864	0.01766
V52	0.03737	0.13675	0.78605	0.03982
V53	0.71016	0.12	0.16984	0
V54	0.41953	0.19279	0.37305	0.01462
V55	0.2385	0.12765	0.27884	0.35501
V56	0.11052	0.00344	0.16378	0.72227
V57	0.12939	0.77068	0.08378	0.01615
V58	0.64631	0	0.06476	0.28893
V59	0.4327	0.37857	0.14459	0.04413
V60	0.15496	0.15756	0.36036	0.32712
V61	0.7736	0.09883	0.02729	0.10029
V62	0.82937	0.03734	0.09297	0.04032
V63	0.04173	0.74922	0.18646	0.02259
V64	0.04073	0.80373	0.04321	0.11234
V65	0.06693	0	0.17859	0.75449
V66	0.23795	0.63122	0.06957	0.06126
V67	0.1677	0.32155	0.51074	0
V68	0.20995	0.14128	0.06734	0.58143
V69	0.0373	0.31168	0.61149	0.03953
V70	0.52744	0.14779	0.20513	0.11964
V71	0.1889	0.07786	0.40561	0.32763
V72	0.56319	0.15014	0.12372	0.16296
V73	0.17263	0.56221	0.19073	0.07443
V74	0.06906	0.22961	0.70132	0
V75	0.68677	0	0.21121	0.10203
V76	0.00438	0.1781	0.2497	0.56783
V77	0.07854	0.28461	0.05445	0.5824
V78	0.32776	0.11181	0.22426	0.33617
V79	0.01141	0.12602	0.78006	0.08251
V80	0.35596	0.0343	0.52938	0.08036
V81	0.07455	0.18083	0.74461	0
V82	0	0.10574	0.87016	0.0241
V83	0.17903	0.17059	0.12777	0.52261
V84	0.41543	0.03902	0.20082	0.34473
V85	0.12213	0.31044	0.42284	0.14458
V86	0.0622	0.08007	0.80764	0.05009
V87	0.06206	0.75182	0.12286	0.06326
V88	0.1999	0.05961	0.3128	0.4277
V89	0.06364	0.0124	0.26699	0.65696
V90	0.05976	0.79451	0.12704	0.01869
V91	0.05856	0.67101	0.24495	0.02548
V92	0.45526	0.02936	0.38858	0.1268
V93	0.8575	0.0227	0	0.1198
V94	0.04468	0.43241	0.07958	0.44334
V95	0.26981	0.40364	0.19783	0.12872
V96	0.13642	0.09996	0.08283	0.68079
V97	0.66171	0.10628	0.22301	0.00901
V98	0.68072	0.27842	0.01175	0.02911
V99	0.76575	0.05055	0.16604	0.01765
V100	0.09452	0.05787	0.81241	0.03521
V101	0.09942	0.07945	0.03453	0.7866
V102	0.86797	0.0559	0.02517	0.05096
V103	0.05078	0.04722	0.16902	0.73299
V104	0.07072	0.83989	0.07193	0.01747
V105	0.09517	0.81625	0.07948	0.00909
V106	0.13698	0.48146	0.35461	0.02696
V107	0.19775	0.20995	0.55208	0.04021
V108	0.17249	0.67863	0.14889	0
V109	0.02193	0.17738	0.60364	0.19704
V110	0.08861	0.77783	0.1054	0.02816
V111	0.86624	0	0.0993	0.03446
V112	0.15349	0.07278	0.45556	0.31818
V113	0.22505	0.10355	0.22682	0.44458
V114	0.29129	0.03596	0.13568	0.53707
V115	0.03039	0.68445	0.28047	0.00468
V116	0.15605	0.30678	0.39189	0.14527
V117	0.65505	0.23538	0.06124	0.04833
V118	0.18849	0.5378	0.08522	0.1885
V119	0.17307	0.0734	0.11097	0.64257
V120	0.09581	0.10014	0.78561	0.01845
V121	0.58408	0.12219	0.12208	0.17165
V122	0.87766	0.01022	0.04849	0.06362
V123	0.0263	0.4956	0.10835	0.36975
V124	0.65175	0.27424	0.00913	0.06489
V125	0.39129	0.38651	0.20891	0.01329
V126	0.0863	0.14536	0.11567	0.65267
V127	0.20164	0.04816	0.304	0.44621
V128	0.0908	0.0084	0.18424	0.71655
V129	0.56109	0.22117	0.18799	0.02975
V130	0.02762	0.60014	0.36783	0.00441
V131	0.05862	0.81978	0.05104	0.07056
V132	0.86595	0.00496	0.06277	0.06631
V133	0.85283	0.01838	0.08143	0.04736
V134	0.13498	0.37647	0.18168	0.30688
V135	0.13014	0.01557	0.24214	0.61215
V136	0.27237	0.38026	0.04969	0.29768
V137	0.62707	0.04046	0.25872	0.07375
V138	0.22717	0.38122	0.21909	0.17252
V139	0.36062	0.20102	0.22754	0.21082
V140	0.08189	0.09167	0.12389	0.70255
V141	0.07894	0.17204	0.55133	0.1977
V142	0.77568	0.00047	0.22385	0
V143	0.43703	0.24828	0.10325	0.21144
V144	0.20123	0.15545	0.21754	0.42578
V145	0.0014	0.70356	0.28578	0.00927
V146	0.1387	0.00512	0.11711	0.73907
V147	0.85115	0.02531	0.04662	0.07692
V148	0.14626	0.09295	0.58004	0.18075
V149	0.27329	0.47345	0.25326	0
V150	0.10113	0.25093	0.58035	0.06759
V151	0.22888	0.57606	0.0851	0.10997
V152	0.24494	0.41525	0.25616	0.08364
V153	0.13691	0.68841	0.07536	0.09932
V154	0.25519	0.42707	0.30108	0.01667
V155	0.46342	0.14729	0.29756	0.09173
V156	0.04339	0.16459	0.68118	0.11085
V157	0.31417	0.16121	0.33158	0.19305
V158	0.0976	0	0.13046	0.77194
V159	0.84521	0.07402	0.00029	0.08049
V160	0.68746	0	0.0901	0.22245
V161	0.26944	0	0.08804	0.64252
V162	0.09928	0.29525	0.14183	0.46363
V163	0.11735	0.46497	0.22059	0.19708
V164	0.35125	0.29419	0.14452	0.21004
V165	0.05025	0.27509	0.03424	0.64042
V166	0.04645	0.10266	0.14468	0.70621
V167	0.39746	0	0.04063	0.5619
V168	0.29886	0.52197	0.12816	0.05101
V169	0.24522	0.0501	0.09427	0.61041
V170	0.12937	0.03925	0.54249	0.2889
V171	0.14554	0.25027	0.57395	0.03024
V172	0.68973	0	0.28225	0.02801
V173	0.07491	0.14641	0.10868	0.67001
V174	0.05136	0.1669	0.14518	0.63656
V175	0.08291	0.03703	0.7698	0.11026
V176	0.03266	0.73242	0.23017	0.00476
V177	0.04826	0.86514	0.05249	0.03411
V178	0.03539	0.71502	0.06871	0.18088
V179	0.19258	0.01814	0.41532	0.37397
V180	0.05896	0.79708	0.14395	0
V181	0.17753	0.14947	0.53563	0.13737
V182	0.30402	0.19076	0.45453	0.05069
V183	0.20527	0.7238	0.06068	0.01025
V184	0.9305	0	0.06703	0.00247
V185	0.56151	0.37362	0.04738	0.01749
V186	0.13674	0.45344	0.30122	0.1086
V187	0.88006	0.01103	0.0662	0.04271
V188	0.10713	0.24595	0.02569	0.62123
V189	0.79103	0.01785	0.03951	0.15161
V190	0.63219	0.02436	0.31874	0.0247
V191	0.19846	0.21984	0.5518	0.02989
V192	0.31619	0.43472	0.09313	0.15596
V193	0.58636	0.03726	0.25388	0.1225
V194	0.07361	0.82618	0.0655	0.03471
V195	0.03643	0.07333	0.85784	0.0324
V196	0.06422	0.09192	0.07691	0.76695
V197	0.44718	0.04307	0.06141	0.44834
V198	0.08459	0.47612	0.3949	0.04438
V199	0.21244	0.02151	0.23339	0.53267
V200	0.15722	0.5322	0.06879	0.24179
V201	0.11652	0.51786	0.23947	0.12614
V202	0.03275	0.05451	0.76412	0.14862
V203	0.18094	0.4085	0.40456	0.006
V204	0.03723	0.51601	0.06306	0.3837
V205	0.03649	0.09769	0.83389	0.03192
V206	0.0683	0.13255	0.79915	0
V207	0.17939	0.19064	0.10691	0.52307
V208	0.25656	0.09283	0.63853	0.01208
V209	0.31463	0.43503	0.11168	0.13866
V210	0.11341	0.689	0.15213	0.04547
V211	0.45759	0.00306	0.07457	0.46478
V212	0.49248	0.05737	0.42061	0.02954
V213	0.6278	0.02663	0.13891	0.20666
V214	0.34611	0.16024	0.20281	0.29085
V215	0.3349	0.09703	0.05673	0.51134
V216	0.12686	0	0.11328	0.75986
V217	0.06066	0.47038	0.28202	0.18695
V218	0.11758	0.42844	0.22034	0.23363
V219	0.13635	0.59682	0.06246	0.20437
V220	0.03696	0.76368	0.07116	0.1282
V221	0.79338	0.00168	0.02449	0.18045
V222	0.32116	0.14452	0.37589	0.15843
V223	0.01162	0.16988	0.74524	0.07325
V224	0.92088	0	0.07431	0.00481
V225	0.09251	0.78182	0.12567	0
V226	0.31011	0.10722	0.57338	0.00929
V227	0.75501	0	0.21017	0.03482
V228	0.73879	0.06543	0.09014	0.10564
V229	0.03936	0.0654	0.85138	0.04387
V230	0.07892	0.0413	0.11228	0.7675
V231	0.03933	0.28185	0.1749	0.50392
V232	0.07641	0.63043	0.03547	0.2577
V233	0.54945	0.09156	0.22144	0.13755
V234	0.07237	0.80551	0.09955	0.02258
V235	0.37313	0.08231	0.51395	0.03061
V236	0.06051	0.10413	0.76181	0.07355
V237	0.22248	0	0.09759	0.67993
V238	0.14892	0.51366	0.30074	0.03668
V239	0.10129	0.3915	0.07258	0.43463
V240	0.47756	0.0547	0.41746	0.05028
V241	0.03484	0.03899	0.85622	0.06994
V242	0.15775	0.68576	0.1518	0.0047
V243	0.2479	0.06811	0.6119	0.0721
V244	0.21892	0.01786	0.68209	0.08113
V245	0.58168	0.27523	0.08203	0.06106
V246	0.07213	0.17826	0.72885	0.02077
V247	0.17378	0.06072	0.76551	0
V248	0.0862	0.03863	0.13151	0.74367
V249	0	0.08642	0.84378	0.0698
V250	0.73593	0	0.23491	0.02916
V251	0.88176	0.05021	0.03004	0.03798
V252	0.03419	0.75463	0.21117	0
V253	0.3836	0.06932	0.20247	0.34462
V254	0.04218	0.82467	0.12318	0.00998
V255	0.08157	0.82988	0.04204	0.04651
V256	0.18709	0.22559	0.51135	0.07596
V257	0.42426	0.10457	0.25875	0.21242
V258	0.18852	0.26839	0.43253	0.11057
V259	0.05001	0.30197	0.61685	0.03118
V260	0	0.29867	0.69519	0.00614
V261	0.59933	0.03303	0.21969	0.14795
V262	0.1657	0.06464	0.07271	0.69696
V263	0.05649	0.85816	0.04798	0.03737
V264	0.18612	0.05071	0.45332	0.30985
V265	0.08737	0	0.20734	0.70529
V266	0.64378	0.31907	0.03715	0
V267	0	0.19235	0.34354	0.46411
V268	0.40878	0.01564	0.18648	0.3891
V269	0.01927	0.52535	0.41868	0.0367
V270	0.61989	0.02994	0.2598	0.09037
V271	0.76604	0.06399	0.05593	0.11403
V272	0.08525	0.752	0.07112	0.09164
V273	0.13193	0.02118	0.1192	0.72769
V274	0.68021	0	0.20232	0.11747
V275	0	0.07877	0.88075	0.04048
V276	0.50266	0.31567	0.03821	0.14346
V277	0.06191	0.21241	0.22226	0.50342
V278	0.06962	0.06719	0.34437	0.51882
V279	0.66547	0.05623	0.13662	0.14168
V280	0.0976	0	0.13046	0.77194
V281	0.54329	0.02776	0.17194	0.25701
V282	0.072	0.10471	0.76301	0.06028
V283	0.22849	0.53273	0.11115	0.12763
V284	0.06386	0.80421	0.12901	0.00292
V285	0.08939	0.04361	0.86699	0
V286	0.25816	0.5017	0.15579	0.08435
V287	0.12821	0.77274	0.07146	0.02758
V288	0.02518	0.28698	0.45505	0.23279
V289	0.28394	0.22691	0.42124	0.06791
V290	0.80956	0.14877	0.04167	0
V291	0.47398	0.08525	0.42382	0.01695
V292	0.88833	0.01861	0	0.09307
V293	0.29833	0.04238	0.6195	0.0398
V294	0.12721	0.37016	0.02689	0.47574
V295	0.04026	0.18455	0.25304	0.52214
V296	0.18703	0.14388	0.5907	0.07839
V297	0.14557	0	0.14539	0.70904
V298	0.30107	0.12545	0.56709	0.00639
V299	0.11017	0.27316	0.0624	0.55427
V300	0.00969	0.03928	0.3012	0.64983
V301	0.13451	0.138	0.62493	0.10256
V302	0.64149	0.31248	0.01822	0.0278
V303	0.00247	0.56231	0.41196	0.02327
V304	0.07203	0.05892	0.72634	0.14271
V305	0.13562	0.17596	0.47168	0.21673
V306	0.76475	0.09101	0.07481	0.06943
V307	0.05572	0.83039	0.0841	0.02979
V308	0.23862	0.23174	0.3205	0.20914
V309	0.34906	0.30102	0.06028	0.28965
V310	0.10236	0.31021	0.20598	0.38144
V311	0.51233	0.42792	0.04211	0.01764
V312	0.12491	0.66406	0.19669	0.01434
V313	0.01435	0.12348	0.0923	0.76987
V314	0.03358	0.46191	0.17048	0.33404
V315	0.14527	0.57806	0.08948	0.18719
V316	0.30967	0.14628	0.39502	0.14903
V317	0.113	0.64162	0.10393	0.14144
V318	0.0659	0.52793	0.06688	0.33929
V319	0.07282	0.09933	0.78709	0.04075
V320	0.09075	0.16838	0.6307	0.11017
V321	0.63439	0.32828	0.03733	0
V322	0.21912	0.30949	0.11849	0.3529
V323	0.11696	0.01697	0.16409	0.70197
V324	0.63461	0.23772	0.09879	0.02888
V325	0.31746	0.57781	0.10473	0
V326	0	0.5436	0.15713	0.29927
V327	0.05079	0.1491	0.17205	0.62806
V328	0.06209	0.05935	0.72761	0.15095
V329	0.20469	0.11417	0.21912	0.46202
V330	0.39322	0.01522	0.35272	0.23884
V331	0.37232	0.08346	0.0858	0.45841
V332	0.03924	0.05522	0.24984	0.6557
V333	0.41271	0.08679	0.39273	0.10777
V334	0.36147	0.01698	0.37404	0.2475
V335	0.0356	0.33571	0.52014	0.10856
V336	0.19681	0.63927	0.0706	0.09333
V337	0.28725	0.38001	0.31611	0.01662
V338	0.00736	0.87223	0.08572	0.03469
V339	0.13655	0.03184	0.81705	0.01457
V340	0.06606	0.24036	0.53142	0.16217
V341	0.0811	0.0362	0.14578	0.73693
V342	0.2518	0.01869	0.60679	0.12272
V343	0.88506	0.03	0.03377	0.05117
V344	0.65313	0.14783	0.19904	0
V345	0.04644	0.07972	0.87384	0
V346	0.24641	0.12083	0.31429	0.31847
V347	0.09972	0.00578	0.19921	0.6953
V348	0.07457	0.60074	0.19929	0.12541
V349	0.3383	0.17482	0.38993	0.09696
V350	0.0519	0.7215	0.2266	0
V351	0.04296	0.04631	0.43844	0.47229
V352	0.06252	0.05563	0.80729	0.07457
V353	0.82548	0.02107	0.06078	0.09266
V354	0.06765	0.62903	0.27134	0.03198
V355	0.27693	0.09239	0.46407	0.1666
V356	0.09096	0.02007	0.17459	0.71438
V357	0.12581	0.32496	0.31415	0.23508
V358	0.53718	0.09998	0.0808	0.28204
V359	0.57132	0.0515	0.06083	0.31635
V360	0.53506	0.38634	0.05632	0.02228
V361	0	0.43697	0.55656	0.00646
V362	0	0.87105	0.09702	0.03194
V363	0.17994	0.13513	0.47622	0.20871
V364	0.16563	0.09169	0.65571	0.08697
V365	0.3104	0.01812	0.05839	0.61309
V366	0.10037	0.62404	0.14242	0.13318
V367	0.56976	0.13754	0.01889	0.27381
V368	0.11278	0.66136	0.14219	0.08367
V369	0.03504	0.38826	0.57627	0.00043
V370	0.29587	0.27408	0.41228	0.01776
V371	0.20582	0.65146	0.08103	0.06169
V372	0.20595	0.05149	0.17824	0.56432
V373	0.09437	0.15738	0.4872	0.26104
V374	0.75414	0.02263	0.22323	0
V375	0.08962	0.04069	0.20973	0.65996
V376	0.08833	0.03284	0.17149	0.70733
V377	0.77193	0	0.02696	0.20111
V378	0.02691	0.04781	0.45088	0.4744
V379	0.35905	0.19137	0.04321	0.40637
V380	0.18442	0.07611	0.24993	0.48955
V381	0.70724	0.00803	0.11877	0.16596
V382	0.09808	0.07409	0.81759	0.01024
V383	0.79424	0	0.07571	0.13005
V384	0.53954	0.07617	0.16193	0.22236
V385	0.8033	0.01243	0.10114	0.08313
V386	0.32792	0.00612	0.19671	0.46925
V387	0.55351	0.14897	0.21143	0.08609
V388	0.36628	0.31375	0.17963	0.14035
V389	0.41438	0.4739	0.0496	0.06211
V390	0.29121	0.25663	0.45216	0
V391	0.43577	0.10157	0.04845	0.41421
V392	0.41057	0.21661	0.19597	0.17685
V393	0.277	0.232	0.36129	0.1297
V394	0.12512	0.22424	0.1699	0.48074
V395	0.22736	0.37121	0.23843	0.163
V396	0.0425	0.84489	0.07398	0.03863
V397	0.73121	0.08538	0.12634	0.05707
V398	0.44349	0.13363	0.13203	0.29085
V399	0.20388	0.50765	0.19663	0.09185
V400	0.00583	0.55893	0.12853	0.30671
V401	0.04322	0.18435	0.70021	0.07222
V402	0.77484	0.16067	0.06449	0
V403	0.08155	0.0238	0.15631	0.73834
V404	0.10038	0.21467	0.60003	0.08492
V405	0.25344	0.02956	0.21976	0.49724
V406	0.61605	0.23725	0.04092	0.10578
V407	0.00736	0.87223	0.08572	0.03469
V408	0.10171	0.25219	0.42036	0.22573
V409	0.02817	0.03261	0.13345	0.80577
V410	0.11748	0.76307	0.09278	0.02666
V411	0.47522	0.01503	0	0.50975
V412	0.17035	0.09643	0.50684	0.22638
V413	0.07417	0.46057	0.23284	0.23242
V414	0.04892	0.48005	0.36374	0.1073
V415	0.43993	0.03471	0.26015	0.26521
V416	0.02938	0.1189	0.85172	0
V417	0.38424	0.55175	0.05017	0.01384
V418	0.11256	0.10738	0.20233	0.57773
V419	0.0887	0	0.13878	0.77251
V420	0	0.82434	0.08656	0.0891
V421	0.16601	0.07071	0.65964	0.10364
V422	0.11904	0.07873	0.06572	0.73651
V423	0.09452	0.05787	0.81241	0.03521
V424	0	0.08276	0.63904	0.2782
V425	0.06602	0.25318	0.58767	0.09313
V426	0.10375	0.08242	0.74753	0.0663
V427	0.08593	0.38238	0.24324	0.28846
V428	0.1144	0.69361	0.11584	0.07615
V429	0.08225	0	0.14583	0.77192
V430	0.71333	0.16149	0.03699	0.08819
V431	0.1956	0.04231	0.47039	0.2917
V432	0.16043	0.09354	0.11064	0.63539
V433	0.08498	0.68554	0.04503	0.18446
V434	0.3619	0.07416	0.09687	0.46707
V435	0.51013	0.00404	0.15833	0.3275
V436	0.40096	0.00381	0.16275	0.43249
V437	0.26546	0.22535	0.03945	0.46974
V438	0.58937	0.15657	0.05709	0.19697
V439	0.09327	0.11127	0.06548	0.72998
V440	0.49625	0.03315	0.06724	0.40336
V441	0.0798	0.1552	0.59452	0.17049
V442	0.31671	0.32691	0.17363	0.18276
V443	0.71608	0	0.11773	0.16619
V444	0.04644	0.07972	0.87384	0
V445	0.58362	0.03078	0.34654	0.03906
V446	0.0619	0.74504	0.12261	0.07046
V447	0.59376	0.09912	0.2013	0.10582
V448	0.05077	0.07351	0.25573	0.62
V449	0.53447	0.05208	0.31063	0.10283
V450	0.16721	0.75933	0.07347	0
V451	0.87199	0.06051	0.00398	0.06351
V452	0.09947	0.00649	0.15911	0.73493
V453	0.75716	0.07489	0.09093	0.07703
V454	0.00501	0.83857	0.12702	0.0294
V455	0.56977	0.04493	0.31507	0.07023
V456	0.32045	0.1359	0.3942	0.14945
V457	0.02297	0.05987	0.10503	0.81213
V458	0.29564	0.22383	0.03834	0.44219
V459	0.03502	0.72109	0.15935	0.08454
V460	0.8707	0.00721	0.06427	0.05782
V461	0.13998	0.04928	0.06934	0.7414
V462	0.36927	0.24674	0.01153	0.37247
V463	0.25711	0.44093	0.20046	0.1015
V464	0.51643	0.09951	0.02306	0.361
V465	0.39976	0.39834	0.06131	0.1406
V466	0.57339	0.18343	0.02136	0.22183
V467	0.31866	0.51931	0.12774	0.03428
V468	0.48417	0.37161	0.08827	0.05595
V469	0.0345	0.18944	0.33702	0.43904
V470	0.52019	0.1282	0.20618	0.14544
V471	0.30135	0.10669	0.08026	0.51169
V472	0.34245	0.32325	0.01693	0.31737
V473	0.11885	0.50786	0.36491	0.00838
V474	0.17515	0	0.16591	0.65894
V475	0.20261	0.38	0.12849	0.2889
V476	0.21766	0.00632	0.12618	0.64985
V477	0.57128	0.04328	0.2297	0.15575
V478	0.15778	0.54944	0.05114	0.24164
V479	0.02114	0.1251	0.77136	0.0824
V480	0.11353	0.3028	0.10216	0.48151
V481	0.15533	0.0562	0.7683	0.02017
V482	0.65322	0.15939	0.13907	0.04832
V483	0.17413	0.11187	0.13269	0.58131
V484	0.0792	0.08034	0.10139	0.73906
V485	0.14766	0.6723	0.06403	0.116
V486	0.28002	0.25888	0.17124	0.28986
V487	0.13218	0.04609	0.15531	0.66642
V488	0	0.03745	0.86565	0.0969
V489	0.21862	0.13279	0.64356	0.00503
V490	0.34441	0.30243	0.10827	0.24489
V491	0.43472	0.42999	0.07292	0.06238
V492	0.05676	0.74846	0.19478	0
V493	0.14406	0	0.02481	0.83113
V494	0.19772	0.17721	0.51343	0.11163
V495	0.23619	0.56404	0.1889	0.01087
V496	0.29084	0.63057	0.03336	0.04523
V497	0.03964	0.03504	0.88896	0.03637
V498	0.33961	0.10415	0.0973	0.45894
V499	0.58717	0.25269	0.1534	0.00674
V500	0.11424	0.15429	0.69244	0.03903
V501	0.023	0	0.16302	0.81398
V502	0.52235	0.26732	0.1828	0.02752
V503	0.22312	0.10525	0.24505	0.42658
V504	0.24812	0.6301	0.06018	0.0616
V505	0.21043	0.22092	0.28789	0.28076
V506	0.09915	0.26486	0.46426	0.17172
V507	0.58256	0.10428	0.14984	0.16333
V508	0.70881	0.16184	0.0663	0.06305
V509	0.23316	0.08622	0.5064	0.17422
V510	0.23126	0.47667	0.29207	0
V511	0.07611	0.40372	0.10413	0.41605
V512	0.27983	0.04718	0.1359	0.53708
V513	0.09727	0.58618	0.26021	0.05634
V514	0.07149	0.10071	0.04381	0.78399
V515	0.72813	0.06398	0.0729	0.135
V516	0.86891	0.09268	0.00689	0.03151
V517	0.07828	0.03457	0.30719	0.57996
V518	0.8985	0.05597	0.00058	0.04496
V519	0.05654	0.78617	0.06647	0.09083
V520	0.04704	0.01631	0.64125	0.29541
V521	0.5346	0.06133	0.36722	0.03684
V522	0.01208	0.15562	0.5899	0.2424
V523	0.35056	0.13695	0.28327	0.22922
V524	0.0253	0.69943	0.24834	0.02693
V525	0.28422	0.20543	0.06798	0.44237
V526	0.61703	0.08242	0.10305	0.19749
V527	0.22148	0.03781	0.42149	0.31921
V528	0.12791	0.77537	0.04665	0.05006
V529	0.09709	0.07196	0.27676	0.55419
V530	0.0123	0.23032	0.66405	0.09332
V531	0.04713	0.7761	0.17678	0
V532	0.20108	0.31901	0.07243	0.40748
V533	0.28564	0.33759	0.17699	0.19978
V534	0.0237	0.05127	0.70585	0.21918
V535	0.56307	0	0.03455	0.40237
V536	0.21564	0	0.40877	0.37559
V537	0.56008	0.24769	0.18008	0.01216
V538	0.46038	0.05211	0.12624	0.36127
V539	0.26981	0.40364	0.19783	0.12872
V540	0.21656	0.62202	0.12753	0.03389
V541	0.03575	0.48714	0.12531	0.3518
V542	0.21587	0.14033	0.28915	0.35465
V543	0.83777	0.00135	0.03604	0.12484
V544	0.14257	0.0975	0.22583	0.53411
V545	0.3757	0.14247	0.1115	0.37032
V546	0.08211	0.78294	0.13495	0
V547	0.05912	0.58437	0.35003	0.00648
V548	0.17652	0.68175	0.14173	0
V549	0.31674	0.06316	0.60295	0.01716
V550	0.59906	0.03395	0	0.36699
V551	0.19585	0.66037	0.09133	0.05246
V552	0.00233	0.51606	0.0691	0.4125
V553	0.2299	0.17427	0.58425	0.01158
V554	0.11736	0.0927	0.08961	0.70034
V555	0.10581	0.23996	0.36419	0.29004
V556	0	0.08166	0.86645	0.0519
V557	0.78555	0.02766	0.028	0.15879
V558	0.09375	0.711	0.08817	0.10708
V559	0.03265	0.72296	0.24439	0
V560	0.66782	0.29418	0.01437	0.02363
V561	0	0.07877	0.88075	0.04048
V562	0.74055	0.00318	0.14286	0.11341
V563	0.24364	0.03091	0.70994	0.01551
V564	0.07591	0.11991	0.78769	0.01649
V565	0.13504	0.27018	0.39625	0.19854
V566	0.67931	0.09925	0.01517	0.20628
V567	0.2366	0.42268	0.07023	0.27049
V568	0.28633	0	0.11054	0.60313
V569	0.6786	0.03249	0	0.28891
V570	0.0357	0.30229	0.60449	0.05752
V571	0.78077	0.12463	0.0088	0.08581
V572	0.43148	0.02675	0.44212	0.09964
V573	0.11409	0.17619	0.05638	0.65334
V574	0.06251	0.70131	0.22827	0.00792
V575	0.05406	0.09166	0.19399	0.66028
V576	0.17714	0.71268	0.09751	0.01266
V577	0.07928	0.05228	0.2708	0.59764
V578	0.07038	0.10309	0.66615	0.16039
V579	0.03001	0.78119	0.1617	0.0271
V580	0.2021	0	0.17576	0.62214
V581	0.13915	0.09808	0.03961	0.72316
V582	0.56344	0.14769	0.05821	0.23066
V583	0.01494	0.07942	0.60925	0.29639
V584	0.49078	0.16676	0.30537	0.03708
V585	0.03413	0.03088	0.48375	0.45124
V586	0.23803	0.04075	0.63236	0.08886
V587	0.26606	0.04539	0.65663	0.03192
V588	0.61853	0.04311	0.04846	0.2899
V589	0.08293	0.72586	0.12904	0.06217
V590	0.07176	0.68437	0.24387	0
V591	0.0105	0.0475	0.27496	0.66703
V592	0.16411	0.07689	0.759	0
V593	0.56912	0	0.20917	0.2217
V594	0.32842	0.28796	0.34702	0.03659
V595	0.10305	0.03747	0.10571	0.75377
V596	0.05453	0.28722	0.27601	0.38223
V597	0	0.54931	0.37919	0.0715
V598	0.0315	0.15735	0.79366	0.01749
V599	0.5973	0.29857	0.06669	0.03744
V600	0.35512	0.43928	0.0919	0.1137
V601	0.18977	0.27087	0.13263	0.40673
V602	0.1099	0.04715	0.0835	0.75946
V603	0.03723	0.36283	0.07295	0.52699
V604	0.48872	0.13361	0.34748	0.03019
V605	0.077	0.3324	0.41976	0.17083
V606	0.69433	0.154	0.02581	0.12586
V607	0.62995	0.00714	0.13951	0.2234
V608	0.22522	0.17804	0.39646	0.20029
V609	0.04556	0.24761	0.28719	0.41964
V610	0.72768	0.01942	0.11749	0.13541
V611	0.32665	0	0.10453	0.56882
V612	0.03332	0.13376	0.76557	0.06734
V613	0.05147	0.33693	0.58197	0.02963
V614	0.72088	0.06435	0.07261	0.14216
V615	0.19503	0.06535	0.05249	0.68714
V616	0.10292	0.64259	0.10456	0.14993
V617	0.45365	0.17206	0.37428	0
V618	0.71976	0.01107	0	0.26917
V619	0.3832	0.04114	0.33663	0.23903
V620	0.02762	0.60014	0.36783	0.00441
V621	0.41494	0.15915	0.20524	0.22066
V622	0.34775	0.23343	0.39878	0.02005
V623	0.05266	0.08228	0.21212	0.65294
V624	0.76426	0.18985	0.00638	0.03951
V625	0.27038	0.45716	0.14388	0.12859
V626	0.89131	0.04607	0	0.06262
V627	0.01122	0.03097	0.17069	0.78712
V628	0.01732	0.22898	0.08101	0.67269
V629	0.14013	0.29457	0.31223	0.25307
V630	0.04984	0.33729	0.57497	0.0379
V631	0.04611	0.19852	0.17087	0.5845
V632	0.57379	0	0.16215	0.26406
V633	0	0.0817	0.80881	0.10949
V634	0.38574	0.2663	0.34796	0
V635	0.05499	0.70021	0.06242	0.18237
V636	0.13478	0.13728	0.61728	0.11065
V637	0.31897	0.1961	0.13236	0.35257
V638	0.37826	0.25146	0.10705	0.26323
V639	0.26803	0.40202	0.32996	0
V640	0.04526	0.18585	0.71952	0.04937
V641	0.8233	0.03993	0.05122	0.08554
V642	0.73469	0.17285	0.00279	0.08966
V643	0.01509	0.20885	0.47816	0.2979
V644	0.85272	0.07824	0.02504	0.04401
V645	0.26597	0.39084	0.33521	0.00798
V646	0.05072	0.84606	0.0776	0.02563
V647	0.15474	0.12289	0.66745	0.05491
V648	0.40168	0.40101	0.17365	0.02366
V649	0.0362	0.10824	0.7932	0.06235
V650	0.07066	0.13011	0.73378	0.06544
V651	0.304	0.03068	0.64942	0.0159
V652	0.10978	0.11391	0.45944	0.31687
V653	0.14328	0.60046	0.1568	0.09946
V654	0.65623	0.19276	0.08489	0.06612
V655	0.06438	0.53697	0.07806	0.32059
V656	0.23996	0.2669	0.04978	0.44336
V657	0.08528	0.09017	0.07148	0.75307
V658	0.57073	0.20505	0.08686	0.13735
V659	0.32446	0.10501	0.37742	0.19311
V660	0.06609	0.8503	0.04729	0.03631
V661	0.08641	0.40344	0.11263	0.39752
V662	0.40036	0.03675	0.46417	0.09872
V663	0.24041	0.10141	0.55347	0.10471
V664	0.20633	0.10158	0.64624	0.04585
V665	0.65171	0.18335	0.06476	0.10019
V666	0.57699	0	0.12635	0.29667
V667	0.73713	0.07791	0.18496	0
V668	0.14359	0.71331	0.1431	0
V669	0.23483	0.38981	0.28285	0.09251
V670	0.11038	0.81316	0.0456	0.03086
V671	0.34986	0.28181	0.28096	0.08737
V672	0.03534	0.07627	0.84025	0.04813
V673	0.23677	0.35316	0.26423	0.14583
V674	0.68611	0.14534	0.03497	0.13357
V675	0.14748	0.32505	0.34749	0.17998
V676	0.06454	0.1195	0.17323	0.64273
V677	0.37532	0.37463	0.13587	0.11419
V678	0.50345	0.43004	0.05108	0.01543
V679	0.06362	0.31982	0.61217	0.00439
V680	0.3097	0.49762	0.18112	0.01156
V681	0.83544	0.06737	0.03301	0.06418
V682	0.12448	0.30557	0.54139	0.02856
V683	0.05372	0.85472	0.09155	0
V684	0.65441	0.1573	0.1214	0.0669
V685	0.47332	0.32286	0.15815	0.04567
V686	0.12335	0.18748	0.20711	0.48206
V687	0.10942	0.01858	0.11479	0.75721
V688	0.37915	0.47498	0.0232	0.12268
V689	0.29677	0	0.09422	0.60901
V690	0.44972	0.06331	0.4217	0.06527
V691	0.16492	0.03869	0.78244	0.01395
V692	0.09157	0.17137	0.67436	0.0627
V693	0.23969	0.12644	0.38789	0.24597
V694	0.03464	0.03965	0.34987	0.57584
V695	0.27694	0	0.20947	0.5136
V696	0.14083	0.09426	0.07161	0.6933
V697	0.06946	0.07777	0.08061	0.77216
V698	0.79401	0	0.03249	0.1735
V699	0.53618	0.2702	0.0999	0.09372
V700	0.2833	0.02302	0.04856	0.64511
V701	0.1316	0.48991	0.16386	0.21463
V702	0.54528	0.07932	0.0318	0.34359
V703	0.14989	0.07669	0.50159	0.27183
V704	0.77803	0.04575	0.04727	0.12895
V705	0.88136	0	0.04244	0.0762
V706	0.09329	0.09037	0.73617	0.08017
V707	0.05356	0.4163	0.50242	0.02772
V708	0.06568	0.77811	0.08557	0.07064
V709	0.14334	0.27464	0.51547	0.06655
V710	0.57213	0.20495	0.07676	0.14616
V711	0.11474	0.70289	0.15307	0.0293
V712	0.78391	0.05648	0.01544	0.14417
V713	0.42826	0.2862	0.06582	0.21971
V714	0.02861	0.62189	0.08496	0.26455
V715	0.29705	0.32435	0.32207	0.05654
V716	0.09963	0.04663	0.12501	0.72874
V717	0.11172	0.81888	0.04772	0.02168
V718	0.16118	0.51245	0.22664	0.09973
V719	0.08159	0.64549	0.09704	0.17588
V720	0.66571	0	0.24908	0.0852
V721	0.13464	0.18616	0.48033	0.19886
V722	0.12716	0.33222	0.05933	0.48129
V723	0.1719	0.094	0.05321	0.68088
V724	0.56791	0.02311	0.11749	0.29149
V725	0	0.14071	0.81557	0.04372
V726	0.0588	0.37087	0.17995	0.39038
V727	0.27614	0.5823	0.14156	0
V728	0.05959	0.77911	0.1613	0
V729	0.41827	0.00787	0.20188	0.37197
V730	0.83202	0.03279	0.07022	0.06497
V731	0.03813	0.21534	0.42922	0.31731
V732	0.34638	0.09387	0.36598	0.19377
V733	0.61179	0.18296	0.05806	0.14719
V734	0.23885	0.30439	0.45676	0
V735	0.03778	0.05223	0.51282	0.39717
V736	0.21297	0.00322	0.06503	0.71878
V737	0.32162	0.2822	0.26591	0.13027
V738	0.08796	0.33214	0.4613	0.1186
V739	0	0.04689	0.62845	0.32465
V740	0.79013	0.08657	0.09447	0.02882
V741	0.47235	0.10537	0.15768	0.2646
V742	0.40526	0.53532	0.05942	0
V743	0.14742	0.17215	0.66609	0.01434
V744	0.49505	0.05403	0.3401	0.11082
V745	0.03234	0.62993	0.2391	0.09863
V746	0.92765	0	0	0.07235
V747	0.07377	0.01904	0.71919	0.18799
V748	0.13457	0.13385	0.57773	0.15385
V749	0.30385	0.17588	0.09611	0.42417
V750	0.40781	0.4239	0.05388	0.11441
V751	0.075	0.76386	0.10399	0.05716
V752	0.44172	0.22246	0.16705	0.16878
V753	0.11529	0.06552	0.03574	0.78345
V754	0.04204	0.84218	0.05122	0.06456
V755	0.16201	0.20758	0.3674	0.26302
V756	0.09411	0.01068	0.14255	0.75265
V757	0.3393	0.52462	0.10865	0.02743
V758	0.06686	0.68203	0.18249	0.06862
V759	0.1451	0.08052	0.42893	0.34546
V760	0.30276	0.06791	0.31005	0.31927
V761	0.08336	0.52842	0.31579	0.07243
V762	0.00843	0.37786	0.07759	0.53612
V763	0.38611	0.33618	0.05911	0.21861
V764	0.0388	0.8243	0.07233	0.06457
V765	0.65867	0.09237	0	0.24896
V766	0.02529	0.32667	0.46109	0.18696
V767	0.45844	0.13354	0.2642	0.14383
V768	0.09015	0.79408	0.08547	0.0303
V769	0.16783	0.72881	0.08942	0.01394
V770	0.05072	0.84606	0.0776	0.02563
V771	0.17492	0.05471	0.75094	0.01943
V772	0.14828	0.08872	0.76079	0.0022
V773	0.1868	0.73665	0.05953	0.01703
V774	0.03838	0.03628	0.87489	0.05045
V775	0.14653	0.05217	0.3275	0.47379
V776	0.4173	0.38779	0.08872	0.10618
V777	0.20671	0.12245	0.19192	0.47892
V778	0.5102	0.26302	0.09977	0.12701
V779	0.18229	0.06608	0.5067	0.24493
V780	0.13207	0.68213	0.1858	0
V781	0.12123	0.03988	0.10615	0.73274
V782	0.01184	0.16201	0.75947	0.06667
V783	0.7499	0.01741	0.07374	0.15895
V784	0.13966	0.7777	0.07539	0.00725
V785	0.07233	0.81634	0.07746	0.03387
V786	0.67233	0.15719	0.11106	0.05942
V787	0	0.76229	0.22825	0.00945
V788	0.48304	0.28651	0.18494	0.04551
V789	0.10229	0.35332	0.08143	0.46297
V790	0.46335	0.02198	0.11846	0.39621
V791	0.14504	0.36262	0.35615	0.13619
V792	0.15923	0.50332	0.05031	0.28715
V793	0.14545	0.59536	0.09005	0.16914
V794	0.05913	0.1217	0.74575	0.07342
V795	0.16613	0.04505	0.12578	0.66304
V796	0.0409	0.1292	0.79724	0.03266
V797	0.72202	0	0.24447	0.03352
V798	0.58828	0.27569	0.11079	0.02524
V799	0.15673	0.69003	0.08429	0.06895
V800	0.08946	0.05001	0.53628	0.32425
V801	0.15657	0.13754	0.36042	0.34547
V802	0.06585	0.09692	0.32547	0.51175
V803	0.22744	0.47404	0.29853	0
V804	0.50111	0.03225	0.39156	0.07508
V805	0.05291	0.03963	0.90746	0
V806	0.07943	0.79976	0.07532	0.04549
V807	0.28749	0.15646	0.07812	0.47794
V808	0.62702	0.25412	0.07234	0.04653
V809	0.06164	0.09147	0.84689	0
V810	0.05411	0.86906	0.04892	0.02792
V811	0.41897	0.08173	0.23385	0.26545
V812	0.52274	0.25266	0.08029	0.14432
V813	0.5609	0.19589	0.21327	0.02994
V814	0.42886	0.47861	0.08823	0.0043
V815	0.0126	0.82469	0.15177	0.01094
V816	0.89901	0	0.09965	0.00134
V817	0.04474	0.12227	0.81065	0.02234
V818	0.02352	0.06714	0.12735	0.78199
V819	0.77233	0.0829	0.07433	0.07043
V820	0.18439	0.10552	0.0735	0.63659
V821	0.22088	0.31317	0.40076	0.06519
V822	0.08449	0.07021	0.80998	0.03532
V823	0.03228	0.22021	0.66109	0.08642
V824	0.09858	0.36512	0.5363	0
V825	0.22775	0.28797	0.28443	0.19986
V826	0.4206	0.38231	0.18984	0.00724
V827	0.38001	0.53468	0.0546	0.0307
V828	0.24732	0.16904	0.15918	0.42445
V829	0.07684	0.24393	0.09775	0.58148
V830	0.2523	0.22706	0.06948	0.45116
V831	0.72775	0.09068	0.05403	0.12755
V832	0.27041	0.37664	0.20676	0.1462
V833	0.16174	0.46872	0.22556	0.14398
V834	0.31836	0.07614	0.12894	0.47656
V835	0.35222	0.41318	0.1574	0.07719
V836	0.03612	0.62648	0.06622	0.27118
V837	0.22814	0.36178	0.22917	0.18091
V838	0.86527	0.04645	0.05949	0.02879
V839	0.30628	0.54625	0.14747	0
V840	0.30406	0.63802	0.05792	0
V841	0	0.09603	0.83935	0.06462
V842	0.34767	0.17564	0.28319	0.19351
V843	0.03177	0.07246	0.82119	0.07458
V844	0.13457	0.11018	0.41009	0.34516
V845	0.08064	0.14634	0.7083	0.06472
V846	0	0.05869	0.75674	0.18458
V847	0.02092	0	0.15333	0.82574
V848	0.1065	0.47502	0.22154	0.19695
V849	0	0.86596	0.07985	0.0542
V850	0.88468	0	0.04983	0.0655
V851	0.33282	0.48046	0.18671	0
V852	0.15289	0.05508	0.19227	0.59976
V853	0.24239	0.23675	0.40927	0.11159
V854	0.56011	0.16981	0.13262	0.13745
V855	0.02092	0	0.15333	0.82574
V856	0.05846	0.3511	0.38473	0.20571
V857	0.63772	0.17346	0.05675	0.13207
V858	0.52542	0.03148	0.42174	0.02137
V859	0.6256	0.22813	0.03988	0.10639
V860	0.22719	0.11823	0.10816	0.54643
V861	0.10512	0.35237	0.54251	0
V862	0.14475	0.12433	0.6833	0.04761
V863	0.25359	0.07424	0.02305	0.64912
V864	0.13195	0.03908	0.12713	0.70184
V865	0.15137	0.00891	0.32107	0.51865
V866	0.68143	0.02777	0.26005	0.03075
V867	0.68156	0.03829	0.25971	0.02044
V868	0.48475	0.26635	0.16587	0.08302
V869	0.06199	0.84272	0.07392	0.02137
V870	0.13776	0.3306	0.06947	0.46216
V871	0	0.86596	0.07985	0.0542
V872	0.04202	0.02764	0.31221	0.61812
V873	0.8202	0.0318	0.07699	0.07101
V874	0.21297	0.70021	0.08681	0
V875	0.03853	0.2059	0.26086	0.49471
V876	0.16577	0.326	0.42469	0.08353
V877	0.05981	0.38764	0.33834	0.21421
V878	0.15467	0.71919	0.12613	0
V879	0.20708	0.61831	0.09783	0.07677
V880	0.31502	0.5029	0.04383	0.13825
V881	0.15647	0.07483	0.59647	0.17223
V882	0.75409	0	0.14737	0.09854
V883	0.27508	0.21323	0.51169	0
V884	0.06032	0.28688	0.0289	0.6239
V885	0.68253	0.20369	0.11378	0
V886	0.02534	0.36402	0.48504	0.1256
V887	0.59963	0.0697	0.18315	0.14752
V888	0.1143	0.08753	0.71105	0.08712
V889	0.84552	0.05153	0.04501	0.05793
V890	0.04329	0.17802	0.61671	0.16198
V891	0.58723	0.06391	0.29486	0.05401
V892	0.30833	0.18455	0.04612	0.461
V893	0.54218	0.21067	0.17907	0.06808
V894	0.08137	0.31764	0.57149	0.02949
V895	0.56005	0.07259	0.2206	0.14675
V896	0.07361	0.82618	0.0655	0.03471
V897	0.65902	0.24324	0.0233	0.07444
V898	0.4853	0	0.0342	0.4805
V899	0.05384	0.20175	0.20467	0.53974
V900	0.09049	0.30135	0.39242	0.21574
V901	0.06514	0.75688	0.06366	0.11432
V902	0.08457	0.79671	0.11871	1e-05
V903	0.01728	0.41148	0.53446	0.03678
V904	0.06427	0.86612	0.04573	0.02388
V905	0.19384	0	0.23116	0.575
V906	0.40589	0.09528	0.1464	0.35243
V907	0.42353	0.46419	0.05822	0.05406
V908	0.05217	0.05704	0.15315	0.73764
V909	0.15837	0.73137	0.04098	0.06927
V910	0.21047	0	0.17642	0.61312
V911	0.49595	0.36236	0.06821	0.07348
V912	0.37769	0.31183	0.16143	0.14905
V913	0.19055	0	0.06459	0.74486
V914	0.1919	0.45898	0.32316	0.02596
V915	0.27495	0	0.05234	0.6727
V916	0.24742	0.08957	0.61676	0.04625
V917	0.66959	0.03155	0.18871	0.11015
V918	0.06222	0.57466	0.28132	0.08179
V919	0.20609	0.24272	0.32422	0.22697
V920	0.57533	0.19628	0.12421	0.10418
V921	0.07442	0.16523	0.0967	0.66365
V922	0.11418	0.43935	0.41104	0.03544
V923	0.14859	0.01584	0.12351	0.71205
V924	0.05808	0.60467	0.31549	0.02176
V925	0.23272	0.0361	0.06468	0.6665
V926	0.24929	0.01869	0.08939	0.64263
V927	0.07828	0.04665	0.13712	0.73795
V928	0.0787	0.79373	0.06341	0.06416
V929	0.07523	0.5843	0.18941	0.15105
V930	0.48858	0.34579	0.06634	0.09929
V931	0.14366	0.28389	0.50667	0.06579
V932	0.0446	0.1476	0.61041	0.19738
V933	0.57281	0.35681	0.04558	0.0248
V934	0.02452	0.16908	0.32938	0.47702
V935	0.52288	0.16936	0.23148	0.07628
V936	0.50798	0.26131	0.04417	0.18654
V937	0.5208	0.13171	0.11706	0.23043
V938	0.37257	0.05934	0.3291	0.239
V939	0.71605	0.01774	0.10014	0.16607
V940	0.04741	0.70489	0.21073	0.03696
V941	0	0.04699	0.90838	0.04462
V942	0.69027	0.18344	0.09516	0.03113
V943	0.3776	0.14891	0.42054	0.05295
V944	0.04348	0.26818	0.13013	0.55822
V945	0.53746	0.33105	0.03863	0.09286
V946	0.43243	0.25973	0.27612	0.03172
V947	0.11912	0.06134	0.28389	0.53564
V948	0.32787	0.06097	0.58604	0.02512
V949	0	0.12865	0.27226	0.59909
V950	0.07092	0.49724	0.26191	0.16994
V951	0.77694	0.02383	0.17248	0.02675
V952	0.09473	0.14555	0.31242	0.44731
V953	0.02943	0.10356	0.82107	0.04595
V954	0.06519	0.1906	0.20472	0.53948
V955	0.14641	0.55132	0.07904	0.22323
V956	0.05853	0.05248	0.53848	0.3505
V957	0.3767	0.02005	0.01084	0.59241
V958	0.14406	0	0.02481	0.83113
V959	0.23042	0.26692	0.4358	0.06686
V960	0.25248	0.26859	0.12579	0.35314
V961	0.14424	0.37235	0.37349	0.10992
V962	0.34774	0.18544	0.39744	0.06937
V963	0.55371	0.17377	0.1865	0.08602
V964	0.77793	0.03386	0.12451	0.06371
V965	0.07354	0.46972	0.24248	0.21426
V966	0.87995	0.0274	0.02948	0.06316
V967	0.07679	0.07225	0.54575	0.30522
V968	0	0.18955	0.74592	0.06453
V969	0.03418	0.28704	0.10201	0.57678
V970	0.0511	0.14604	0.45751	0.34535
V971	0.47238	0.1032	0.34144	0.08297
V972	0.49132	0.19767	0.08128	0.22973
V973	0.27629	0.39284	0.12289	0.20798
V974	0.02385	0.70504	0.19502	0.07609
V975	0.11229	0.29762	0.59008	0
V976	0.42291	0.24106	0.15061	0.18542
V977	0.31357	0.34094	0.34549	0
V978	0.11624	0.0957	0.13429	0.65377
V979	0.75172	0.02515	0.19738	0.02576
V980	0.92765	0	0	0.07235
V981	0.33309	0.05099	0.44003	0.17589
V982	0.42584	0.36957	0.11635	0.08823
V983	0.68295	0.06253	0.01468	0.23984
V984	0.03823	0.7436	0.17731	0.04085
V985	0.12179	0.19414	0.05458	0.62949
V986	0.32353	0.47771	0.09521	0.10356
V987	0.25706	0.67743	0.04264	0.02287
V988	0.26326	0.00996	0.0672	0.65958
V989	0.43035	0.42985	0.1195	0.0203
V990	0	0.09646	0.77817	0.12538
V991	0.62793	0.3413	0.00353	0.02724
V992	0.21306	0.02919	0.53037	0.22738
V993	0.08882	0.64345	0.22532	0.04241
V994	0.20593	0.69456	0.08627	0.01324
V995	0.69566	0.10833	0.05408	0.14193
V996	0.30355	0.12731	0.0478	0.52134
V997	0.03255	0.05847	0.80063	0.10835
V998	0.81069	0.0121	0.09283	0.08438
V999	0.14947	0.79462	0.04505	0.01086
V1000	0.35556	0.02589	0.0186	0.59996
