B_cells	NK_cells	T_cells_CD4.	Monocytes
V1	0.57437	0	0.16479	0.26084
V2	0.18044	0.08286	0.05947	0.67722
V3	0.0596	0.64341	0.01265	0.28434
V4	0.87391	0.08968	0	0.0364
V5	0.10612	0.48972	0.26291	0.14125
V6	0.08228	0.86489	0.0302	0.02263
V7	0.155	0.37637	0.08835	0.38028
V8	0.11836	0.02596	0.81955	0.03614
V9	0.2611	0.24516	0.03262	0.46113
V10	0	0.03062	0.91368	0.0557
V11	0.20169	0.37037	0.42794	0
V12	0.01651	0.59963	0.37983	0.00403
V13	0.28004	0.7014	0.00194	0.01662
V14	0.07499	0.90785	0.01171	0.00545
V15	0.12257	0.6055	0.13188	0.14006
V16	0.90767	0.02985	0.00726	0.05521
V17	0.09327	0.86534	0.01892	0.02247
V18	0.58063	0.34604	0.03549	0.03784
V19	0.16966	0.81267	0.0064	0.01127
V20	0.17853	0.47957	0.01464	0.32726
V21	0.119	0.07976	0.76864	0.0326
V22	0.01903	0.09776	0.22919	0.65402
V23	0.38217	0.052	0.56193	0.0039
V24	0.95921	0.02006	0.02073	0
V25	0.35496	0.24542	0.12912	0.2705
V26	0.4091	0.3941	0.00665	0.19015
V27	0.1365	0.0484	0.02829	0.78681
V28	0	0.07278	0.92722	0
V29	0.44325	0.03479	0.49151	0.03046
V30	0.10047	0.23519	0.29003	0.37431
V31	0.20614	0.20849	0.30216	0.28321
V32	0.11864	0.0142	0.05381	0.81335
V33	0.03561	0.51604	0.36516	0.08319
V34	0.11854	0.05848	0.78873	0.03425
V35	0.16885	0.71595	0.09269	0.02251
V36	0	0.04794	0.50841	0.44365
V37	0.56587	0.06188	0.09226	0.27999
V38	0.45746	0	0.16507	0.37747
V39	0.16908	0.57073	0.13896	0.12123
V40	0.09769	0.81696	0.08535	0
V41	0	0.69898	0.05809	0.24293
V42	0.24907	0.01939	0.22426	0.50728
V43	0.12462	0.36055	0.49706	0.01777
V44	0	0.09947	0.74873	0.1518
V45	0.0969	0.59627	0.23165	0.07518
V46	0.8135	0.06767	0.11154	0.00729
V47	0.45029	0.19892	0.30844	0.04235
V48	0.81594	0.15286	0	0.0312
V49	0.74542	0.16751	0	0.08708
V50	0.06982	0.83157	0.09861	0
V51	0.31364	0.41078	0.25883	0.01675
V52	0.0038	0.13896	0.82106	0.03619
V53	0.74337	0.11745	0.13918	0
V54	0.42547	0.20358	0.3592	0.01175
V55	0.22627	0.13603	0.25234	0.38536
V56	0.07792	0	0.11144	0.81064
V57	0.10485	0.85356	0.03043	0.01116
V58	0.67757	0	0.01868	0.30375
V59	0.43958	0.41262	0.1065	0.04131
V60	0.13534	0.16854	0.34118	0.35494
V61	0.8171	0.08978	0	0.09312
V62	0.88749	0.02613	0.05581	0.03057
V63	0.01459	0.82858	0.13876	0.01807
V64	0.0078	0.87517	0	0.11703
V65	0.03412	0	0.11996	0.84592
V66	0.22666	0.69328	0.02056	0.0595
V67	0.14698	0.34897	0.50405	0
V68	0.19014	0.14796	0.02148	0.64041
V69	0.00729	0.33815	0.61405	0.04051
V70	0.54719	0.15429	0.17822	0.1203
V71	0.17142	0.07906	0.39314	0.35638
V72	0.58635	0.15716	0.08998	0.1665
V73	0.15608	0.61854	0.15019	0.07518
V74	0.0357	0.24455	0.71976	0
V75	0.72339	0	0.17926	0.09735
V76	0	0.18838	0.20403	0.60758
V77	0.05112	0.31044	0.00257	0.63587
V78	0.32516	0.11789	0.19421	0.36274
V79	0	0.12562	0.7954	0.07898
V80	0.35666	0.02519	0.53613	0.08202
V81	0.04032	0.18829	0.77139	0
V82	0	0.09636	0.89183	0.01181
V83	0.15808	0.18403	0.08417	0.57372
V84	0.42238	0.03584	0.17039	0.37139
V85	0.10255	0.33843	0.40672	0.1523
V86	0.02557	0.07696	0.85026	0.04721
V87	0.03566	0.83201	0.07098	0.06135
V88	0.18206	0.06005	0.28936	0.46853
V89	0.03061	0.00728	0.2319	0.73021
V90	0.03036	0.88366	0.07276	0.01322
V91	0.03192	0.74104	0.20425	0.02279
V92	0.46791	0.0214	0.38075	0.12994
V93	0.89363	0	0	0.10637
V94	0.016	0.47985	0.02421	0.47994
V95	0.26163	0.44289	0.16269	0.1328
V96	0.1071	0.09822	0.036	0.75868
V97	0.69487	0.10428	0.19868	0.00217
V98	0.70457	0.27849	0	0.01695
V99	0.81199	0.04111	0.13724	0.00966
V100	0.06014	0.05259	0.85613	0.03114
V101	0.06359	0.0533	0	0.88311
V102	0.92748	0.03471	0	0.03781
V103	0.02564	0.04153	0.11715	0.81568
V104	0.037	0.93634	0.01556	0.0111
V105	0.06448	0.9075	0.02365	0.00437
V106	0.11711	0.52788	0.32833	0.02668
V107	0.18048	0.22392	0.55503	0.04056
V108	0.15132	0.74851	0.10017	0
V109	0	0.18718	0.6031	0.20972
V110	0.06052	0.8656	0.05167	0.02221
V111	0.9268	0	0.05049	0.02271
V112	0.13272	0.07269	0.44824	0.34635
V113	0.21027	0.11005	0.19344	0.48625
V114	0.28202	0.03472	0.09331	0.58994
V115	0	0.75742	0.24258	0
V116	0.13844	0.33487	0.37391	0.15278
V117	0.68591	0.24925	0.02275	0.0421
V118	0.17361	0.59112	0.03756	0.19771
V119	0.14796	0.07353	0.06418	0.71433
V120	0.06188	0.09774	0.82477	0.01561
V121	0.60966	0.12538	0.08897	0.17599
V122	0.94658	0	0.00528	0.04815
V123	0	0.54696	0.05588	0.39716
V124	0.6713	0.27208	0	0.05662
V125	0.3931	0.42075	0.17612	0.01003
V126	0.05993	0.15341	0.06625	0.72041
V127	0.18371	0.04781	0.27928	0.4892
V128	0.05993	0.0031	0.13557	0.80141
V129	0.58205	0.23476	0.15748	0.02572
V130	0	0.66172	0.33828	0
V131	0.02928	0.90138	0	0.06934
V132	0.93189	0	0.01687	0.05124
V133	0.91602	0.00665	0.04138	0.03596
V134	0.11499	0.41478	0.14073	0.3295
V135	0.10302	0.01234	0.20622	0.67842
V136	0.26392	0.41804	0.00064	0.3174
V137	0.65809	0.03306	0.23899	0.06986
V138	0.21575	0.4179	0.18567	0.18068
V139	0.36221	0.21688	0.1987	0.22221
V140	0.05533	0.09016	0.07328	0.78122
V141	0.05317	0.18306	0.55103	0.21273
V142	0.81268	0	0.18732	0
V143	0.44613	0.26835	0.06468	0.22084
V144	0.1843	0.16742	0.18304	0.46525
V145	0	0.76226	0.23774	0
V146	0.10077	0.00012	0.0652	0.8339
V147	0.91518	0.01252	0.00799	0.06431
V148	0.12464	0.09423	0.58663	0.1945
V149	0.26224	0.51755	0.22021	0
V150	0.07627	0.27056	0.58344	0.06973
V151	0.2173	0.63246	0.03782	0.11243
V152	0.2346	0.45566	0.22472	0.08502
V153	0.1161	0.75809	0.02389	0.10193
V154	0.2439	0.46718	0.2729	0.01602
V155	0.47622	0.15354	0.27876	0.09149
V156	0.0139	0.17236	0.69596	0.11778
V157	0.31105	0.17177	0.3133	0.20388
V158	0.06073	0	0.06724	0.87203
V159	0.89078	0.04312	0	0.0661
V160	0.72265	0	0.04786	0.22949
V161	0.25476	0	0.03561	0.70963
V162	0.07583	0.325	0.09501	0.50416
V163	0.09798	0.51098	0.18292	0.20812
V164	0.35146	0.32001	0.10808	0.22045
V165	0.01733	0.28656	0	0.69611
V166	0.02137	0.10328	0.09346	0.7819
V167	0.39471	0	0	0.60529
V168	0.2931	0.57278	0.08496	0.04916
V169	0.22867	0.04826	0.04821	0.67487
V170	0.10546	0.03447	0.54501	0.31507
V171	0.1231	0.26923	0.57725	0.03043
V172	0.72764	0	0.25632	0.01603
V173	0.04842	0.15371	0.05813	0.73974
V174	0.02645	0.17919	0.09576	0.69859
V175	0.05031	0.03062	0.79991	0.11916
V176	0.00218	0.81166	0.18617	0
V177	0.01671	0.95826	0	0.02503
V178	0.00471	0.79184	0.01166	0.19179
V179	0.17455	0.01142	0.40497	0.40906
V180	0.02664	0.88389	0.08947	0
V181	0.15939	0.15725	0.53771	0.14566
V182	0.2983	0.20258	0.44857	0.05054
V183	0.19065	0.79963	0.00653	0.00319
V184	0.99163	0	0.00837	0
V185	0.58309	0.40738	0.00181	0.00772
V186	0.118	0.49816	0.2713	0.11255
V187	0.94736	0	0.02187	0.03077
V188	0.07884	0.2481	0	0.67306
V189	0.83992	0.00699	0.00133	0.15176
V190	0.66567	0.01256	0.307	0.01476
V191	0.18087	0.2347	0.55447	0.02997
V192	0.31252	0.47649	0.04991	0.16108
V193	0.61294	0.03078	0.23339	0.12289
V194	0.04241	0.91848	0.01156	0.02755
V195	0	0.06563	0.90913	0.02524
V196	0.03653	0.07838	0.02869	0.8564
V197	0.4566	0.03972	0.01822	0.48546
V198	0.06001	0.52248	0.37193	0.04557
V199	0.19393	0.01954	0.19922	0.58731
V200	0.14034	0.58505	0.01868	0.25594
V201	0.09685	0.56938	0.20263	0.13114
V202	0	0.04822	0.79037	0.1614
V203	0.16248	0.44665	0.3855	0.00537
V204	0.0061	0.57279	0.00646	0.41465
V205	8e-04	0.09317	0.87926	0.02677
V206	0.03056	0.13248	0.83696	0
V207	0.15851	0.20586	0.06208	0.57355
V208	0.24556	0.08973	0.65621	0.0085
V209	0.31095	0.47659	0.07008	0.14238
V210	0.09012	0.76221	0.10486	0.0428
V211	0.46837	0	0.02768	0.50395
V212	0.50948	0.05016	0.41722	0.02314
V213	0.65788	0.02014	0.10784	0.21414
V214	0.34586	0.17146	0.1712	0.31148
V215	0.33037	0.09876	0.01252	0.55835
V216	0.08445	0	0.05552	0.86003
V217	0.03737	0.51717	0.24763	0.19782
V218	0.09858	0.47031	0.18304	0.24808
V219	0.11693	0.65646	0.01117	0.21543
V220	0.00618	0.84499	0.01377	0.13506
V221	0.8255	0	0	0.1745
V222	0.3189	0.15267	0.36256	0.16587
V223	0	0.17508	0.75599	0.06893
V224	0.98245	0	0.01755	0
V225	0.06187	0.86671	0.07142	0
V226	0.30504	0.10562	0.58365	0.00569
V227	0.79923	0	0.17677	0.024
V228	0.78305	0.06026	0.05561	0.10109
V229	0.00102	0.05993	0.90084	0.03821
V230	0.04976	0.02842	0.05836	0.86346
V231	0.01322	0.30889	0.12954	0.54835
V232	0.04802	0.67999	0	0.27199
V233	0.57181	0.09193	0.19661	0.13966
V234	0.04159	0.89805	0.04402	0.01634
V235	0.3755	0.07857	0.51869	0.02724
V236	0.02659	0.1038	0.7935	0.07611
V237	0.19938	0	0.04534	0.75528
V238	0.13007	0.56419	0.26929	0.03645
V239	0.0769	0.4325	0.02019	0.4704
V240	0.49185	0.04824	0.41239	0.04751
V241	0	0.03553	0.89495	0.06952
V242	0.13638	0.75743	0.104	0.00218
V243	0.23689	0.06387	0.62585	0.07339
V244	0.20256	0.01454	0.69928	0.08362
V245	0.60471	0.29566	0.04301	0.05662
V246	0.04003	0.18658	0.75424	0.01914
V247	0.14889	0.05094	0.80017	0
V248	0.05597	0.03092	0.07727	0.83584
V249	0	0.07894	0.86007	0.061
V250	0.77805	0	0.20515	0.0168
V251	0.94396	0.02946	0	0.02658
V252	0	0.83566	0.16434	0
V253	0.387	0.06993	0.17155	0.37153
V254	0.01345	0.91575	0.06593	0.00487
V255	0.05104	0.90847	0	0.04049
V256	0.17004	0.24213	0.50926	0.07857
V257	0.43301	0.10772	0.2355	0.22377
V258	0.1723	0.29151	0.42087	0.11532
V259	0.01997	0.32721	0.62135	0.03147
V260	0	0.31387	0.68613	0
V261	0.62727	0.02688	0.19548	0.15037
V262	0.13541	0.05802	0.02692	0.77965
V263	0.02445	0.94634	0	0.02921
V264	0.16873	0.04828	0.4463	0.33669
V265	0.05569	0	0.1576	0.78671
V266	0.66404	0.33596	0	0
V267	0	0.20353	0.30528	0.49119
V268	0.41451	0.01104	0.15349	0.42096
V269	0	0.5738	0.39138	0.03483
V270	0.65026	0.02195	0.24006	0.08773
V271	0.81313	0.05763	0.01924	0.11
V272	0.05994	0.82893	0.01747	0.09366
V273	0.09653	0.0154	0.06764	0.82044
V274	0.71596	0	0.16961	0.11443
V275	0	0.06704	0.90856	0.0244
V276	0.51647	0.33911	0	0.14443
V277	0.03781	0.23093	0.18201	0.54925
V278	0.0396	0.06735	0.32137	0.57169
V279	0.70024	0.05229	0.10537	0.1421
V280	0.06073	0	0.06724	0.87203
V281	0.56465	0.02191	0.14201	0.27143
V282	0.03851	0.10444	0.79696	0.06009
V283	0.21723	0.58495	0.06637	0.13144
V284	0.03286	0.89332	0.07382	0
V285	0.04875	0.03992	0.91133	0
V286	0.24889	0.5509	0.11501	0.08521
V287	0.10434	0.85495	0.01889	0.02182
V288	0	0.31289	0.43834	0.24877
V289	0.27643	0.24376	0.4109	0.06891
V290	0.85057	0.14943	0	0
V291	0.48798	0.0817	0.41944	0.01088
V292	0.92767	0	0	0.07233
V293	0.29236	0.03375	0.63616	0.03773
V294	0.10171	0.38881	0	0.50948
V295	0.01321	0.19977	0.21564	0.57139
V296	0.16874	0.1504	0.59979	0.08107
V297	0.11265	0	0.09082	0.79653
V298	0.2946	0.12661	0.57527	0.00353
V299	0.08619	0.2979	0.01133	0.60458
V300	0	0.03373	0.26223	0.70404
V301	0.11067	0.14366	0.63718	0.10849
V302	0.66331	0.32044	0	0.01625
V303	0	0.60823	0.37658	0.01519
V304	0.03951	0.05412	0.7511	0.15528
V305	0.11503	0.18807	0.46415	0.23274
V306	0.81276	0.08799	0.03853	0.06072
V307	0.0244	0.92695	0.02673	0.02191
V308	0.2274	0.25146	0.29883	0.22231
V309	0.34795	0.32754	0.01623	0.30828
V310	0.08076	0.34146	0.16529	0.41249
V311	0.52716	0.46547	0	0.00737
V312	0.10146	0.73319	0.15361	0.01174
V313	0	0.11738	0.03778	0.84484
V314	0.00724	0.50957	0.1246	0.35859
V315	0.12709	0.63534	0.041	0.19657
V316	0.30618	0.15445	0.3835	0.15587
V317	0.09168	0.70604	0.0545	0.14779
V318	0.03824	0.58366	0.0133	0.3648
V319	0.03769	0.09732	0.82748	0.03751
V320	0.06361	0.17774	0.64156	0.11709
V321	0.65355	0.34645	0	0
V322	0.20504	0.33973	0.07478	0.38044
V323	0.08587	0.01305	0.1149	0.78618
V324	0.66368	0.25301	0.06124	0.02207
V325	0.31033	0.63292	0.05676	0
V326	0	0.58786	0.10321	0.30892
V327	0.02546	0.15931	0.12566	0.68957
V328	0.02785	0.05472	0.7527	0.16473
V329	0.18731	0.12158	0.18462	0.50649
V330	0.39867	0.00638	0.34024	0.25472
V331	0.37316	0.08544	0.04295	0.49844
V332	0.012	0.05301	0.21118	0.72382
V333	0.42002	0.08671	0.38349	0.10978
V334	0.36313	0.0084	0.36349	0.26498
V335	0.00748	0.36712	0.51128	0.11411
V336	0.18249	0.70169	0.02117	0.09464
V337	0.27858	0.41427	0.29106	0.01608
V338	0	0.95917	0.02045	0.02038
V339	0.10655	0.0297	0.85422	0.00953
V340	0.04067	0.2596	0.52687	0.17286
V341	0.05133	0.02974	0.09222	0.8267
V342	0.24088	0.01261	0.61739	0.12913
V343	0.95255	0.01035	0	0.03711
V344	0.68026	0.14994	0.1698	0
V345	0.00297	0.07062	0.92641	0
V346	0.23505	0.12777	0.29246	0.34472
V347	0.06887	0.0013	0.15353	0.7763
V348	0.05222	0.66056	0.15674	0.13048
V349	0.33751	0.18551	0.37808	0.09891
V350	0.01983	0.79809	0.18209	0
V351	0.00884	0.04224	0.42754	0.52138
V352	0.02608	0.05093	0.84554	0.07745
V353	0.88369	0.01024	0.02252	0.08355
V354	0.04195	0.69308	0.23457	0.03041
V355	0.26975	0.0937	0.46046	0.1761
V356	0.06026	0.01563	0.12496	0.79915
V357	0.10715	0.35625	0.28624	0.25036
V358	0.55694	0.10179	0.04287	0.2984
V359	0.59462	0.04781	0.02147	0.33611
V360	0.55352	0.422	0.01094	0.01354
V361	0	0.46759	0.53241	0
V362	0	0.95263	0.0304	0.01697
V363	0.16288	0.14159	0.4716	0.22393
V364	0.14464	0.09097	0.67333	0.09106
V365	0.30187	0.01291	0.01067	0.67454
V366	0.0785	0.68658	0.09614	0.13879
V367	0.58571	0.12957	0	0.28472
V368	0.09049	0.72934	0.09515	0.08502
V369	0	0.4254	0.5746	0
V370	0.28781	0.29581	0.39907	0.01731
V371	0.19234	0.71557	0.0322	0.0599
V372	0.18628	0.05214	0.13807	0.62352
V373	0.06887	0.16733	0.48102	0.28277
V374	0.79322	0.00736	0.19942	0
V375	0.06074	0.03828	0.16792	0.73305
V376	0.0583	0.02823	0.12286	0.79061
V377	0.80207	0	0	0.19793
V378	0	0.04315	0.43741	0.51944
V379	0.35761	0.20392	0	0.43846
V380	0.16428	0.07937	0.218	0.53836
V381	0.74611	0	0.08553	0.16836
V382	0.06218	0.06855	0.86189	0.00739
V383	0.84317	0	0.03095	0.12588
V384	0.56057	0.07574	0.13089	0.23281
V385	0.85818	0.00238	0.06552	0.07392
V386	0.32397	0.00116	0.16162	0.51326
V387	0.57587	0.15461	0.18545	0.08408
V388	0.36806	0.34123	0.14662	0.1441
V389	0.41903	0.51853	0.00252	0.05992
V390	0.28164	0.27507	0.44329	0
V391	0.44317	0.10409	0.0058	0.44694
V392	0.41771	0.23327	0.16527	0.18375
V393	0.26977	0.25075	0.34459	0.13489
V394	0.10213	0.24545	0.12686	0.52556
V395	0.21522	0.40756	0.20636	0.17085
V396	0.01335	0.94	0.01666	0.02999
V397	0.77456	0.08253	0.09387	0.04904
V398	0.45367	0.14033	0.0962	0.3098
V399	0.19021	0.55799	0.15797	0.09383
V400	0	0.60758	0.07341	0.31901
V401	0.01362	0.19428	0.71813	0.07397
V402	0.81323	0.16401	0.02276	0
V403	0.0514	0.01762	0.10281	0.82818
V404	0.07523	0.22955	0.60647	0.08874
V405	0.24037	0.02838	0.18506	0.54619
V406	0.64317	0.25262	0.00112	0.10308
V407	0	0.95917	0.02045	0.02038
V408	0.08015	0.27436	0.40396	0.24153
V409	0.00799	0.01911	0.07206	0.90084
V410	0.09262	0.846	0.04029	0.02109
V411	0.46758	0	0	0.53242
V412	0.15143	0.09864	0.50572	0.24421
V413	0.05132	0.506	0.19553	0.24714
V414	0.02375	0.52762	0.33688	0.11175
V415	0.45026	0.03037	0.2368	0.28257
V416	0	0.11388	0.88612	0
V417	0.38697	0.60813	0	0.0049
V418	0.08691	0.1135	0.1625	0.63709
V419	0.05476	0	0.07477	0.87047
V420	0	0.89408	0.02314	0.08278
V421	0.14516	0.06771	0.6774	0.10974
V422	0.08516	0.06628	0.02151	0.82705
V423	0.06014	0.05259	0.85613	0.03114
V424	0	0.07842	0.63097	0.29061
V425	0.04024	0.27297	0.58924	0.09755
V426	0.07356	0.07989	0.77898	0.06757
V427	0.06409	0.42106	0.20595	0.3089
V428	0.09163	0.766	0.06577	0.0766
V429	0.04992	0	0.08182	0.86826
V430	0.75194	0.16598	0	0.08208
V431	0.17953	0.03838	0.4656	0.31649
V432	0.13496	0.0957	0.06365	0.70569
V433	0.05907	0.74775	0	0.19318
V434	0.36152	0.07525	0.05446	0.50877
V435	0.52673	0	0.12401	0.34926
V436	0.40563	0	0.12474	0.46963
V437	0.25193	0.23863	0	0.50944
V438	0.61419	0.16301	0.01962	0.20318
V439	0.06378	0.10459	0.01843	0.81319
V440	0.51143	0.02771	0.02595	0.43491
V441	0.05248	0.16392	0.60012	0.18349
V442	0.31322	0.35647	0.13932	0.191
V443	0.75495	0	0.07789	0.16715
V444	0.00297	0.07062	0.92641	0
V445	0.6103	0.02153	0.33488	0.0333
V446	0.03561	0.8244	0.07048	0.0695
V447	0.6209	0.10001	0.17475	0.10434
V448	0.023	0.0747	0.21911	0.6832
V449	0.5554	0.04712	0.29466	0.10282
V450	0.14468	0.83804	0.01728	0
V451	0.92411	0.02822	0	0.04767
V452	0.06724	0.0014	0.10569	0.82568
V453	0.80458	0.07018	0.05612	0.06912
V454	0	0.91789	0.06494	0.01717
V455	0.59448	0.03789	0.30009	0.06754
V456	0.31803	0.14279	0.38296	0.15623
V457	0.00516	0.03963	0.05056	0.90465
V458	0.28598	0.23607	0	0.47795
V459	0.00948	0.79497	0.11003	0.08553
V460	0.93748	0	0.01905	0.04347
V461	0.10235	0.03769	0.02459	0.83537
V462	0.36181	0.24448	0	0.39371
V463	0.24829	0.48399	0.16404	0.10367
V464	0.52745	0.09019	0	0.38236
V465	0.40442	0.43464	0.01775	0.1432
V466	0.59049	0.18172	0	0.22779
V467	0.31457	0.56946	0.08463	0.03135
V468	0.49632	0.40433	0.04654	0.05281
V469	0.00626	0.20501	0.30993	0.4788
V470	0.53916	0.13325	0.17923	0.14837
V471	0.29308	0.11054	0.03644	0.55994
V472	0.3335	0.3332	0	0.3333
V473	0.09601	0.5578	0.33894	0.00725
V474	0.14855	0	0.11693	0.73453
V475	0.1883	0.41758	0.08542	0.3087
V476	0.19628	0.00282	0.0789	0.722
V477	0.59613	0.03852	0.20619	0.15916
V478	0.14085	0.60364	0	0.25551
V479	0	0.12559	0.79246	0.08195
V480	0.09091	0.33279	0.05271	0.52359
V481	0.12957	0.04922	0.80455	0.01666
V482	0.68613	0.16521	0.1066	0.04207
V483	0.15175	0.1177	0.08842	0.64213
V484	0.05103	0.07165	0.05109	0.82624
V485	0.12806	0.73906	0.01283	0.12006
V486	0.27285	0.28283	0.1339	0.31043
V487	0.1031	0.04466	0.10856	0.74369
V488	0	0.03441	0.87357	0.09202
V489	0.2018	0.13454	0.65997	0.00369
V490	0.34349	0.32961	0.06791	0.25899
V491	0.44161	0.46899	0.0292	0.0602
V492	0.02621	0.82654	0.14724	0
V493	0.08251	0	0	0.91749
V494	0.1821	0.18818	0.51278	0.11695
V495	0.22345	0.61976	0.14781	0.00898
V496	0.28061	0.67847	0	0.04092
V497	0	0.03389	0.93749	0.02862
V498	0.3367	0.10888	0.05467	0.49975
V499	0.61074	0.27019	0.11907	0
V500	0.08626	0.16056	0.7154	0.03778
V501	0.00691	0	0.09135	0.90174
V502	0.53876	0.28739	0.15013	0.02371
V503	0.20834	0.11167	0.21375	0.46624
V504	0.23803	0.69163	0.01068	0.05966
V505	0.19597	0.24012	0.26172	0.30219
V506	0.07784	0.28765	0.45225	0.18226
V507	0.60829	0.10612	0.11856	0.16704
V508	0.7474	0.16728	0.02963	0.05568
V509	0.22098	0.08637	0.50707	0.18559
V510	0.21629	0.52271	0.261	0
V511	0.05019	0.44678	0.0529	0.45014
V512	0.26962	0.04665	0.09345	0.59028
V513	0.07474	0.64499	0.22367	0.0566
V514	0.04261	0.08012	0.00291	0.87436
V515	0.77003	0.05861	0.03742	0.13394
V516	0.9164	0.06463	0	0.01898
V517	0.04744	0.03166	0.27944	0.64147
V518	0.95201	0.0177	0	0.03029
V519	0.02787	0.86802	0.01109	0.09302
V520	0.00912	0.01293	0.65288	0.32507
V521	0.55573	0.05502	0.35778	0.03147
V522	0	0.16236	0.58239	0.25525
V523	0.35116	0.14485	0.26068	0.24332
V524	0	0.77096	0.20574	0.0233
V525	0.27501	0.2216	0.02257	0.48082
V526	0.64589	0.08113	0.06909	0.20389
V527	0.20749	0.03387	0.4118	0.34684
V528	0.10426	0.85038	0	0.04536
V529	0.06985	0.07379	0.24559	0.61076
V530	0	0.24358	0.6639	0.09252
V531	0.01445	0.85956	0.12599	0
V532	0.18536	0.34986	0.02425	0.44053
V533	0.27915	0.36944	0.14137	0.21004
V534	0	0.04379	0.72056	0.23564
V535	0.57619	0	0	0.42381
V536	0.19956	0	0.39149	0.40895
V537	0.5807	0.26457	0.14817	0.00657
V538	0.4718	0.05134	0.08873	0.38813
V539	0.26163	0.44289	0.16269	0.1328
V540	0.20274	0.68425	0.08186	0.03114
V541	0.00985	0.5376	0.07487	0.37768
V542	0.20123	0.14958	0.26377	0.38541
V543	0.88448	0	0	0.11552
V544	0.11889	0.10277	0.1901	0.58824
V545	0.37789	0.15158	0.07113	0.3994
V546	0.05081	0.86802	0.08117	0
V547	0.03015	0.64546	0.32125	0.00313
V548	0.15608	0.75127	0.09266	0
V549	0.31341	0.05561	0.61919	0.01179
V550	0.61341	0.00071	0	0.38587
V551	0.18087	0.72639	0.04239	0.05035
V552	0	0.56195	0.00591	0.43215
V553	0.2151	0.18269	0.59138	0.01083
V554	0.08709	0.08911	0.04153	0.78227
V555	0.08438	0.26073	0.34235	0.31255
V556	0	0.07256	0.88933	0.03811
V557	0.82954	0.01166	0	0.1588
V558	0.06979	0.78336	0.0362	0.11065
V559	0	0.79939	0.20061	0
V560	0.69172	0.29778	0	0.01051
V561	0	0.06704	0.90856	0.0244
V562	0.78395	0	0.10716	0.10889
V563	0.23051	0.02557	0.73494	0.00898
V564	0.03985	0.11939	0.82651	0.01424
V565	0.11604	0.29393	0.37861	0.21141
V566	0.70588	0.08464	0	0.20948
V567	0.22558	0.46452	0.02261	0.28729
V568	0.27486	0	0.06124	0.6639
V569	0.70092	0	0	0.29908
V570	0.00647	0.32783	0.60634	0.05936
V571	0.81774	0.10723	0	0.07504
V572	0.44123	0.01725	0.44022	0.1013
V573	0.08754	0.18553	0.00701	0.71992
V574	0.03468	0.77521	0.18541	0.0047
V575	0.02881	0.09411	0.1486	0.72849
V576	0.15861	0.78765	0.04577	0.00797
V577	0.04992	0.05178	0.23791	0.6604
V578	0.03979	0.10398	0.68229	0.17394
V579	0.00391	0.86445	0.11034	0.0213
V580	0.17996	0	0.13021	0.68983
V581	0.10561	0.08627	0	0.80812
V582	0.58562	0.15357	0.0203	0.24051
V583	0	0.07632	0.60713	0.31656
V584	0.50518	0.1744	0.28643	0.03399
V585	0	0.02425	0.47797	0.49777
V586	0.22586	0.03278	0.64912	0.09225
V587	0.25655	0.03694	0.677	0.02952
V588	0.64724	0.03682	0.00973	0.30621
V589	0.05745	0.80337	0.07854	0.06063
V590	0.04305	0.75474	0.20221	0
V591	0	0.0432	0.23243	0.72437
V592	0.13773	0.07067	0.7916	0
V593	0.59289	0	0.17627	0.23084
V594	0.32453	0.31145	0.32726	0.03676
V595	0.06752	0.02627	0.05443	0.85178
V596	0.02948	0.31507	0.24153	0.41392
V597	0	0.59269	0.34053	0.06678
V598	0	0.16089	0.82451	0.0146
V599	0.62182	0.32172	0.02564	0.03082
V600	0.35524	0.48073	0.04921	0.11482
V601	0.17207	0.29707	0.08902	0.44184
V602	0.07192	0.03246	0.03715	0.85847
V603	0.00899	0.40132	0.01659	0.5731
V604	0.50333	0.13655	0.33393	0.0262
V605	0.05525	0.36294	0.40095	0.18085
V606	0.72634	0.15101	0	0.12264
V607	0.66015	0	0.10733	0.23252
V608	0.21279	0.19075	0.38305	0.21341
V609	0.01887	0.27019	0.25457	0.45637
V610	0.77	0.01035	0.08512	0.13452
V611	0.32055	0	0.05573	0.62372
V612	0.00137	0.13665	0.79429	0.06769
V613	0.02161	0.36722	0.58119	0.02998
V614	0.7618	0.05875	0.03735	0.1421
V615	0.16816	0.05845	0.00772	0.76567
V616	0.0805	0.70725	0.05513	0.15711
V617	0.46111	0.17842	0.36047	0
V618	0.73348	0	0	0.26652
V619	0.38723	0.03691	0.32119	0.25467
V620	0	0.66172	0.33828	0
V621	0.42259	0.16912	0.17586	0.23243
V622	0.34562	0.25023	0.38519	0.01895
V623	0.0271	0.08375	0.16891	0.72024
V624	0.79536	0.17648	0	0.02816
V625	0.2628	0.50172	0.10317	0.13231
V626	0.94607	0.00885	0	0.04508
V627	0	0.02164	0.11037	0.86798
V628	0	0.24494	0.02461	0.73045
V629	0.12091	0.32217	0.28585	0.27107
V630	0.02075	0.36751	0.57267	0.03907
V631	0.02049	0.21552	0.12415	0.63983
V632	0.59781	0	0.1249	0.27729
V633	0	0.07427	0.81798	0.10776
V634	0.38589	0.2849	0.32922	0
V635	0.0262	0.77298	0.00781	0.193
V636	0.11108	0.14299	0.62843	0.1175
V637	0.31523	0.21178	0.09264	0.38035
V638	0.38099	0.27263	0.06741	0.27897
V639	0.25587	0.43932	0.30481	0
V640	0.01464	0.19582	0.74133	0.04821
V641	0.8816	0.02941	0.01343	0.07557
V642	0.76303	0.15708	0	0.07988
V643	0	0.22326	0.46028	0.31646
V644	0.90742	0.06027	0	0.03231
V645	0.25484	0.42682	0.3116	0.00674
V646	0.01849	0.94546	0.01897	0.01708
V647	0.13199	0.12554	0.68722	0.05525
V648	0.40495	0.43721	0.13726	0.02058
V649	0.00211	0.10779	0.82875	0.06134
V650	0.03862	0.13335	0.76142	0.06661
V651	0.29885	0.02174	0.67031	0.0091
V652	0.08454	0.11898	0.45115	0.34533
V653	0.12397	0.66095	0.11272	0.10236
V654	0.68832	0.20168	0.04943	0.06057
V655	0.0371	0.59407	0.02437	0.34445
V656	0.22644	0.29063	0.0017	0.48124
V657	0.05556	0.07712	0.0253	0.84203
V658	0.59396	0.21732	0.05049	0.13824
V659	0.32231	0.10838	0.36475	0.20456
V660	0.03383	0.93777	0	0.0284
V661	0.06142	0.44633	0.06275	0.4295
V662	0.40631	0.0291	0.46363	0.10096
V663	0.22853	0.10238	0.5598	0.10929
V664	0.18955	0.10096	0.66401	0.04548
V665	0.68343	0.19116	0.02883	0.09659
V666	0.60128	0	0.08512	0.31361
V667	0.7736	0.07025	0.15615	0
V668	0.11898	0.78805	0.09297	0
V669	0.22304	0.42744	0.2548	0.09472
V670	0.08297	0.89299	0	0.02404
V671	0.35009	0.30583	0.25611	0.08798
V672	0	0.07094	0.88617	0.04289
V673	0.22556	0.38695	0.2353	0.15219
V674	0.72048	0.14725	0	0.13228
V675	0.12922	0.35572	0.32437	0.19069
V676	0.04063	0.12526	0.12676	0.70736
V677	0.37778	0.4091	0.09766	0.11547
V678	0.51869	0.47155	0.00359	0.00617
V679	0.03308	0.34772	0.61667	0.00253
V680	0.3031	0.54516	0.14279	0.00895
V681	0.89322	0.05483	0	0.05195
V682	0.10111	0.33179	0.53813	0.02896
V683	0.01843	0.95234	0.02923	0
V684	0.68771	0.16321	0.0878	0.06128
V685	0.48465	0.3498	0.12295	0.04261
V686	0.10079	0.20349	0.16824	0.52749
V687	0.07122	0.01069	0.06119	0.85689
V688	0.37555	0.50284	0	0.1216
V689	0.28698	0	0.04213	0.67089
V690	0.46075	0.05844	0.41649	0.06432
V691	0.14022	0.03274	0.81837	0.00866
V692	0.06301	0.18064	0.69234	0.06401
V693	0.22805	0.13322	0.37448	0.26426
V694	0.0043	0.0358	0.32509	0.63482
V695	0.26604	0	0.17028	0.56368
V696	0.11051	0.08984	0.02554	0.77411
V697	0.04178	0.06141	0.03271	0.8641
V698	0.83088	0	0	0.16912
V699	0.55525	0.29093	0.06212	0.0917
V700	0.26989	0.01681	0.00138	0.71193
V701	0.11263	0.53904	0.12107	0.22725
V702	0.56203	0.07367	0	0.3643
V703	0.12927	0.07643	0.49934	0.29495
V704	0.82596	0.03723	0.01018	0.12663
V705	0.94242	0	0	0.05758
V706	0.06241	0.08886	0.76479	0.08394
V707	0.02427	0.45641	0.49097	0.02836
V708	0.03816	0.86107	0.03124	0.06953
V709	0.12339	0.29738	0.51097	0.06826
V710	0.59531	0.21691	0.04014	0.14764
V711	0.09073	0.77833	0.10552	0.02542
V712	0.82341	0.03565	0	0.14094
V713	0.43606	0.30983	0.02447	0.22963
V714	8e-04	0.68697	0.03014	0.28209
V715	0.29065	0.35305	0.29955	0.05675
V716	0.06808	0.03955	0.07299	0.81938
V717	0.08366	0.90112	0	0.01522
V718	0.14368	0.56372	0.18989	0.10271
V719	0.05736	0.71126	0.04605	0.18534
V720	0.69988	0	0.22044	0.07968
V721	0.1142	0.19936	0.47361	0.21283
V722	0.1048	0.36488	0.00748	0.52285
V723	0.14391	0.08976	0.00804	0.7583
V724	0.59132	0.01756	0.08258	0.30854
V725	0	0.13909	0.82985	0.03107
V726	0.03358	0.40923	0.13554	0.42165
V727	0.26514	0.63836	0.0965	0
V728	0.02899	0.86145	0.10956	0
V729	0.42502	0.00142	0.17187	0.40169
V730	0.89302	0.02206	0.03182	0.0531
V731	0.01025	0.23332	0.41256	0.34387
V732	0.34656	0.09568	0.35278	0.20498
V733	0.63908	0.19233	0.02034	0.14824
V734	0.22423	0.32947	0.44631	0
V735	0.00289	0.04814	0.51127	0.4377
V736	0.18514	0	0.01306	0.8018
V737	0.31919	0.30686	0.2395	0.13445
V738	0.06612	0.36218	0.44767	0.12403
V739	0	0.03686	0.62112	0.34202
V740	0.83951	0.08157	0.05775	0.02117
V741	0.48598	0.10868	0.12483	0.28052
V742	0.40598	0.58702	0.00699	0
V743	0.12223	0.17993	0.68402	0.01382
V744	0.51166	0.04955	0.32698	0.11181
V745	0.00589	0.69329	0.19875	0.10208
V746	0.95935	0	0	0.04065
V747	0.04038	0.01697	0.73771	0.20494
V748	0.11196	0.13957	0.58371	0.16475
V749	0.29754	0.18837	0.0534	0.4607
V750	0.41304	0.46322	0.00874	0.115
V751	0.04827	0.84659	0.05116	0.05398
V752	0.45203	0.23968	0.13405	0.17423
V753	0.07278	0.04294	0	0.88428
V754	0.01087	0.92734	0	0.06178
V755	0.14365	0.22493	0.34838	0.28304
V756	0.06086	0.0047	0.08653	0.84792
V757	0.33686	0.57573	0.06418	0.02323
V758	0.04267	0.75254	0.13656	0.06823
V759	0.12292	0.08206	0.41802	0.377
V760	0.29754	0.06848	0.28907	0.34491
V761	0.06079	0.58104	0.28389	0.07429
V762	0	0.41263	0.01626	0.57111
V763	0.3894	0.36609	0.01568	0.22883
V764	0.00925	0.91414	0.01469	0.06191
V765	0.67744	0.06833	0	0.25423
V766	0	0.35618	0.44521	0.19861
V767	0.47109	0.13966	0.24176	0.1475
V768	0.06161	0.88312	0.03152	0.02375
V769	0.14798	0.80596	0.03693	0.00913
V770	0.01849	0.94546	0.01897	0.01708
V771	0.15237	0.04744	0.78439	0.0158
V772	0.12066	0.0845	0.79484	0
V773	0.16966	0.81267	0.0064	0.01127
V774	0	0.03514	0.91979	0.04506
V775	0.12314	0.05156	0.30447	0.52083
V776	0.42362	0.42265	0.04739	0.10634
V777	0.18934	0.1307	0.1544	0.52556
V778	0.52663	0.28326	0.06254	0.12757
V779	0.16427	0.06439	0.50639	0.26495
V780	0.10663	0.75355	0.13982	0
V781	0.08612	0.03113	0.05612	0.82662
V782	0	0.16584	0.77288	0.06127
V783	0.79413	0.00788	0.03763	0.16036
V784	0.11602	0.86149	0.02087	0.00162
V785	0.04155	0.90875	0.02288	0.02682
V786	0.70717	0.16215	0.07747	0.05321
V787	0	0.82559	0.17441	0
V788	0.49563	0.30963	0.15206	0.04267
V789	0.07809	0.38927	0.03046	0.50218
V790	0.47485	0.01779	0.08014	0.42721
V791	0.12719	0.39722	0.33319	0.1424
V792	0.14185	0.55278	0	0.30537
V793	0.12702	0.65428	0.04164	0.17705
V794	0.02633	0.12388	0.7741	0.0757
V795	0.13912	0.04249	0.07808	0.74032
V796	0.00614	0.12991	0.83506	0.02888
V797	0.76187	0	0.21574	0.02239
V798	0.61197	0.2963	0.07276	0.01898
V799	0.13742	0.76067	0.03357	0.06834
V800	0.05967	0.0466	0.53818	0.35555
V801	0.13651	0.14574	0.34187	0.37588
V802	0.0379	0.10059	0.29937	0.56214
V803	0.21172	0.52028	0.268	0
V804	0.51788	0.02365	0.38396	0.07451
V805	0.00614	0.03707	0.95679	0
V806	0.05074	0.88786	0.02145	0.03994
V807	0.27794	0.16615	0.03436	0.52155
V808	0.65496	0.2715	0.03295	0.04059
V809	0.01963	0.08531	0.89506	0
V810	0.01964	0.9614	0	0.01896
V811	0.42674	0.08317	0.20756	0.28253
V812	0.54046	0.27157	0.04188	0.1461
V813	0.58215	0.20627	0.1856	0.02597
V814	0.43377	0.52388	0.04235	0
V815	0	0.90512	0.09271	0.00217
V816	0.95425	0	0.04575	0
V817	0.00876	0.12131	0.85082	0.01911
V818	0.00326	0.05589	0.07065	0.8702
V819	0.8217	0.07855	0.0382	0.06156
V820	0.16052	0.10656	0.02739	0.70553
V821	0.20749	0.3409	0.3851	0.06651
V822	0.04896	0.06569	0.85424	0.03111
V823	0.00291	0.23503	0.67185	0.09021
V824	0.07179	0.39843	0.52978	0
V825	0.21561	0.31485	0.25787	0.21166
V826	0.42573	0.41628	0.15542	0.00257
V827	0.38154	0.58691	0.00601	0.02554
V828	0.23492	0.18288	0.11945	0.46275
V829	0.05017	0.26583	0.04779	0.63621
V830	0.23942	0.24579	0.02366	0.49113
V831	0.76881	0.08764	0.01816	0.12539
V832	0.26248	0.41278	0.17292	0.15182
V833	0.14446	0.51515	0.18997	0.15042
V834	0.31312	0.07813	0.08796	0.5208
V835	0.35167	0.45196	0.11951	0.07685
V836	0.00471	0.6947	0.00983	0.29077
V837	0.21623	0.39718	0.19625	0.19034
V838	0.92795	0.03344	0.01887	0.01975
V839	0.2981	0.59817	0.10373	0
V840	0.29565	0.70133	0.00302	0
V841	0	0.08949	0.85646	0.05405
V842	0.34793	0.18846	0.25999	0.20362
V843	0	0.06712	0.85757	0.07531
V844	0.11142	0.11518	0.39698	0.37641
V845	0.0504	0.15184	0.73197	0.0658
V846	0	0.04871	0.76073	0.19055
V847	0.00376	0	0.0787	0.91754
V848	0.08635	0.52206	0.18359	0.208
V849	0	0.94345	0.01579	0.04077
V850	0.95205	0	0	0.04795
V851	0.32664	0.52553	0.14783	0
V852	0.12795	0.05584	0.15175	0.66446
V853	0.23159	0.25569	0.39673	0.11599
V854	0.58283	0.17883	0.09956	0.13877
V855	0.00376	0	0.0787	0.91754
V856	0.03407	0.38455	0.36219	0.21918
V857	0.66815	0.18117	0.01941	0.13127
V858	0.5472	0.02064	0.41969	0.01246
V859	0.65376	0.242	0.00065	0.10359
V860	0.21043	0.12479	0.06364	0.60114
V861	0.07927	0.38341	0.53732	0
V862	0.12025	0.12719	0.70549	0.04706
V863	0.23195	0.05726	0	0.71079
V864	0.10038	0.03535	0.07668	0.7876
V865	0.12771	0.00359	0.2968	0.5719
V866	0.72032	0.01692	0.24109	0.02166
V867	0.71997	0.0278	0.24085	0.01138
V868	0.49872	0.2878	0.13209	0.0814
V869	0.02803	0.94086	0.01711	0.01401
V870	0.11593	0.36387	0.01837	0.50184
V871	0	0.94345	0.01579	0.04077
V872	0.0104	0.02264	0.28312	0.68384
V873	0.87879	0.02173	0.03953	0.05994
V874	0.19666	0.7702	0.03314	0
V875	0.01118	0.22355	0.22494	0.54034
V876	0.14847	0.35553	0.40983	0.08617
V877	0.03575	0.42551	0.31048	0.22826
V878	0.13113	0.79458	0.07429	0
V879	0.19283	0.67962	0.05079	0.07675
V880	0.31076	0.54836	0	0.14087
V881	0.13597	0.07335	0.60553	0.18514
V882	0.79919	0	0.10908	0.09173
V883	0.26411	0.22566	0.51023	0
V884	0.0278	0.29645	0	0.67575
V885	0.71137	0.21164	0.07699	0
V886	0	0.39779	0.47079	0.13142
V887	0.62735	0.06731	0.15558	0.14975
V888	0.08631	0.08593	0.73591	0.09185
V889	0.90759	0.03933	0.00717	0.04591
V890	0.01491	0.18894	0.62227	0.17388
V891	0.6136	0.05837	0.27816	0.04986
V892	0.30148	0.19722	0.00054	0.50076
V893	0.56251	0.22416	0.14841	0.06492
V894	0.05482	0.34495	0.57029	0.02993
V895	0.58373	0.07068	0.19613	0.14945
V896	0.04241	0.91848	0.01156	0.02755
V897	0.68491	0.24764	0	0.06745
V898	0.48983	0	0	0.51017
V899	0.02876	0.21867	0.16264	0.58993
V900	0.06873	0.32922	0.37194	0.23011
V901	0.03766	0.83403	0.00928	0.11902
V902	0.05265	0.88398	0.06337	0
V903	0	0.44656	0.51893	0.03452
V904	0.02869	0.95549	0	0.01582
V905	0.17246	0	0.19175	0.63579
V906	0.41171	0.09845	0.11027	0.37957
V907	0.42913	0.50772	0.01199	0.05116
V908	0.02749	0.05145	0.09958	0.82148
V909	0.13731	0.79523	0	0.06746
V910	0.18987	0	0.13047	0.67966
V911	0.50937	0.39335	0.02614	0.07114
V912	0.3807	0.33918	0.12678	0.15334
V913	0.15639	0	0.00795	0.83566
V914	0.17532	0.5032	0.29569	0.02579
V915	0.25791	0	0	0.74209
V916	0.23591	0.08708	0.63153	0.04548
V917	0.70517	0.0252	0.16198	0.10765
V918	0.03864	0.63136	0.24612	0.08389
V919	0.19172	0.26429	0.30175	0.24224
V920	0.59952	0.20826	0.08973	0.10248
V921	0.04739	0.17519	0.04587	0.73156
V922	0.09278	0.48089	0.39031	0.03603
V923	0.11535	0.01124	0.07267	0.80074
V924	0.03054	0.66617	0.28304	0.02026
V925	0.21141	0.0309	0.0186	0.73908
V926	0.23181	0.01481	0.04216	0.71122
V927	0.0504	0.03999	0.08335	0.82626
V928	0.05103	0.87718	0.00967	0.06212
V929	0.05256	0.64282	0.14631	0.15831
V930	0.50172	0.37504	0.02498	0.09826
V931	0.12378	0.30786	0.50069	0.06768
V932	0.01552	0.15479	0.61649	0.21321
V933	0.59544	0.38858	0.00041	0.01557
V934	0	0.18156	0.29948	0.51896
V935	0.54161	0.17778	0.20651	0.0741
V936	0.52375	0.28137	0.00261	0.19228
V937	0.53947	0.13705	0.08207	0.2414
V938	0.37527	0.05826	0.31193	0.25454
V939	0.75621	0.0087	0.06642	0.16867
V940	0.02126	0.77852	0.16661	0.0336
V941	0	0.04068	0.9322	0.02713
V942	0.72571	0.19092	0.05927	0.0241
V943	0.38034	0.15473	0.41281	0.05211
V944	0.01838	0.29331	0.08011	0.6082
V945	0.5543	0.35542	0	0.09029
V946	0.43929	0.27942	0.25119	0.0301
V947	0.0932	0.06194	0.25442	0.59045
V948	0.32601	0.05353	0.59978	0.02068
V949	0	0.1327	0.22734	0.63995
V950	0.04923	0.5461	0.22598	0.17869
V951	0.82672	0.01185	0.14472	0.01671
V952	0.07033	0.15574	0.28503	0.48889
V953	0	0.10052	0.85951	0.03997
V954	0.04141	0.20636	0.16259	0.58965
V955	0.12827	0.60634	0.02945	0.23594
V956	0.02455	0.04861	0.54092	0.38593
V957	0.36514	0	0	0.63486
V958	0.08251	0	0	0.91749
V959	0.21784	0.28897	0.42506	0.06812
V960	0.24164	0.29323	0.08418	0.38095
V961	0.12648	0.40735	0.35207	0.1141
V962	0.34732	0.19668	0.38615	0.06985
V963	0.57592	0.18297	0.15729	0.08382
V964	0.82894	0.02498	0.09161	0.05448
V965	0.05072	0.51625	0.20574	0.22729
V966	0.94578	0.00684	0	0.04738
V967	0.04621	0.07081	0.54852	0.33446
V968	0	0.19539	0.74837	0.05624
V969	0.00823	0.31435	0.04934	0.62808
V970	0.02297	0.15505	0.44572	0.37626
V971	0.486	0.10392	0.32757	0.08252
V972	0.50583	0.21073	0.04302	0.24042
V973	0.26885	0.43083	0.08154	0.21878
V974	0	0.77608	0.14815	0.07577
V975	0.08593	0.3213	0.59277	0
V976	0.43103	0.26096	0.11535	0.19266
V977	0.30628	0.3696	0.32412	0
V978	0.08822	0.09844	0.08675	0.72658
V979	0.79835	0.01355	0.17249	0.0156
V980	0.95935	0	0	0.04065
V981	0.33176	0.04698	0.43536	0.18589
V982	0.43293	0.40283	0.07674	0.0875
V983	0.70989	0.04382	0	0.24629
V984	0.01229	0.82251	0.12897	0.03622
V985	0.09637	0.20701	0.00459	0.69203
V986	0.32037	0.52314	0.05179	0.10469
V987	0.2455	0.73764	0	0.01687
V988	0.24674	0.00426	0.01871	0.73029
V989	0.43686	0.46977	0.07853	0.01484
V990	0	0.0915	0.78319	0.12531
V991	0.64309	0.34178	0	0.01513
V992	0.19909	0.02163	0.53408	0.2452
V993	0.06512	0.70957	0.18474	0.04057
V994	0.19116	0.76608	0.03476	0.00801
V995	0.73209	0.1082	0.01802	0.14168
V996	0.29488	0.13223	0.00311	0.56977
V997	0	0.05221	0.83191	0.11588
V998	0.86674	0.00202	0.05645	0.07478
V999	0.12598	0.86999	0	0.00403
V1000	0.34606	0.00299	0	0.65095
