B_cells	NK_cells	T_cells_CD4.	Monocytes
V1	0.6116	0	0.11941	0.269
V2	0.16614	0.07067	0	0.76319
V3	0.00935	0.68728	0	0.30337
V4	0.93442	0.06558	0	0
V5	0.05926	0.56096	0.23637	0.14341
V6	0.00087	0.99913	0	0
V7	0.13281	0.42375	0.01721	0.42623
V8	0.05727	0.01641	0.91287	0.01345
V9	0.24736	0.24507	0	0.50757
V10	0	0.00916	0.98546	0.00538
V11	0.14427	0.41609	0.43964	0
V12	0	0.65066	0.34934	0
V13	0.23204	0.76796	0	0
V14	0	1	0	0
V15	0.07751	0.69812	0.08483	0.13954
V16	0.99403	0.00597	0	0
V17	0.01289	0.98711	0	0
V18	0.60883	0.39045	0	0.00072
V19	0.09706	0.90294	0	0
V20	0.14856	0.50109	0	0.35035
V21	0.05803	0.07756	0.85318	0.01122
V22	0	0.10773	0.14418	0.74808
V23	0.36236	0.04027	0.59737	0
V24	1	0	0	0
V25	0.35763	0.27874	0.07461	0.28901
V26	0.40635	0.4128	0	0.18084
V27	0.11191	0.00589	0	0.8822
V28	0	0.03912	0.96088	0
V29	0.4516	0.0282	0.51878	0.00142
V30	0.07046	0.26161	0.24347	0.42446
V31	0.18603	0.23262	0.26806	0.31329
V32	0.08961	0	0	0.91039
V33	0	0.58386	0.35099	0.06516
V34	0.05737	0.05231	0.8781	0.01222
V35	0.11549	0.83698	0.04753	0
V36	0	0.0413	0.46793	0.49077
V37	0.60178	0.07302	0.0343	0.29089
V38	0.47859	0	0.10888	0.41253
V39	0.12978	0.65797	0.09551	0.11673
V40	0.01309	0.95019	0.03671	0
V41	0	0.76331	0	0.23669
V42	0.24351	0.02152	0.1583	0.57667
V43	0.06536	0.41083	0.52176	0.00205
V44	0	0.092	0.76763	0.14038
V45	0.03933	0.69058	0.20664	0.06346
V46	0.86339	0.06721	0.0694	0
V47	0.45673	0.22391	0.30049	0.01887
V48	0.86221	0.13779	0	0
V49	0.79546	0.16141	0	0.04313
V50	0	0.95457	0.04543	0
V51	0.28894	0.46884	0.24222	0
V52	0	0.13303	0.86697	0
V53	0.77557	0.1219	0.10253	0
V54	0.41769	0.22454	0.35777	0
V55	0.21386	0.15156	0.20124	0.43334
V56	0.06232	0	0	0.93768
V57	0.02232	0.97768	0	0
V58	0.70507	0	0	0.29493
V59	0.44445	0.47542	0.06596	0.01417
V60	0.10856	0.18549	0.30409	0.40186
V61	0.88167	0.07368	0	0.04465
V62	0.96982	0.02471	0.00547	0
V63	0	0.92117	0.07883	0
V64	0	0.92457	0	0.07543
V65	0.02283	0	0	0.97717
V66	0.18685	0.78192	0	0.03123
V67	0.08153	0.39121	0.52726	0
V68	0.16953	0.12028	0	0.71019
V69	0	0.36804	0.6287	0.00326
V70	0.57759	0.17566	0.14488	0.10188
V71	0.14976	0.08303	0.36348	0.40373
V72	0.62471	0.18113	0.04032	0.15384
V73	0.10975	0.71746	0.11207	0.06072
V74	0	0.24991	0.75009	0
V75	0.78637	0	0.14891	0.06472
V76	0	0.20336	0.11712	0.67952
V77	0.01902	0.28215	0	0.69882
V78	0.32638	0.13312	0.13884	0.40166
V79	0	0.1217	0.83561	0.04269
V80	0.35078	0.01643	0.56277	0.07001
V81	0	0.18621	0.81379	0
V82	0	0.07043	0.92957	0
V83	0.14277	0.20389	0	0.65334
V84	0.43847	0.04083	0.11311	0.40759
V85	0.05637	0.38223	0.40179	0.15962
V86	0	0.06999	0.92427	0.00574
V87	0	0.96243	0.01357	0.02401
V88	0.16615	0.06475	0.23458	0.53452
V89	0.01061	0.00782	0.14055	0.84102
V90	0	0.99448	0.00552	0
V91	0	0.83778	0.16222	0
V92	0.485	0.01682	0.37839	0.11979
V93	0.95523	0	0	0.04477
V94	0	0.48371	0	0.51629
V95	0.2409	0.50851	0.12318	0.1274
V96	0.08233	0.06598	0	0.85169
V97	0.72312	0.10683	0.17005	0
V98	0.72343	0.27657	0	0
V99	0.86404	0.03599	0.09997	0
V100	0	0.04293	0.95707	0
V101	0.02973	0	0	0.97027
V102	0.99956	0.00044	0	0
V103	0.01632	0.04773	0	0.93595
V104	0	1	0	0
V105	0	1	0	0
V106	0.05803	0.60899	0.32343	0.00955
V107	0.13478	0.24934	0.58943	0.02645
V108	0.07853	0.8667	0.05477	0
V109	0	0.19479	0.59605	0.20915
V110	0	1	0	0
V111	1	0	0	0
V112	0.10422	0.07438	0.42745	0.39395
V113	0.19886	0.12386	0.12461	0.55268
V114	0.28426	0.04278	0.00379	0.66917
V115	0	0.81407	0.18593	0
V116	0.09812	0.37935	0.3638	0.15873
V117	0.72946	0.27054	0	0
V118	0.13845	0.65885	0	0.2027
V119	0.13156	0.0606	0	0.80784
V120	0	0.09223	0.90777	0
V121	0.65199	0.14459	0.03919	0.16424
V122	1	0	0	0
V123	0	0.58059	0	0.41941
V124	0.70639	0.27964	0	0.01396
V125	0.37708	0.47726	0.14566	0
V126	0.03878	0.14757	0	0.81365
V127	0.16897	0.05144	0.22114	0.55845
V128	0.04575	0.00485	0.02297	0.92644
V129	0.60764	0.26658	0.12578	0
V130	0	0.70725	0.29275	0
V131	0	0.97902	0	0.02098
V132	1	0	0	0
V133	1	0	0	0
V134	0.08361	0.46803	0.07992	0.36844
V135	0.08714	0.01352	0.11895	0.78039
V136	0.24161	0.42436	0	0.33403
V137	0.70778	0.03395	0.22013	0.03813
V138	0.1912	0.47676	0.1458	0.18624
V139	0.36505	0.24562	0.15767	0.23166
V140	0.03781	0.07686	0	0.88534
V141	0.00263	0.20002	0.56005	0.2373
V142	0.8534	0	0.1466	0
V143	0.46247	0.30669	0.00639	0.22446
V144	0.16853	0.1873	0.11508	0.52909
V145	0	0.81839	0.18161	0
V146	0.06903	0	0	0.93097
V147	1	0	0	0
V148	0.08373	0.09724	0.6049	0.21414
V149	0.21514	0.58894	0.19592	0
V150	0.01383	0.30451	0.62015	0.06151
V151	0.18346	0.71641	0	0.10013
V152	0.2049	0.52365	0.19822	0.07322
V153	0.05826	0.85453	0	0.08722
V154	0.20595	0.53616	0.25789	0
V155	0.49214	0.1722	0.26311	0.07255
V156	0	0.17917	0.71906	0.10178
V157	0.30424	0.19192	0.29031	0.21353
V158	0.02897	0	0	0.97103
V159	0.97761	0.0203	0	0.0021
V160	0.77909	0	0	0.22091
V161	0.23612	0	0	0.76388
V162	0.05066	0.36218	0.01379	0.57337
V163	0.05556	0.58278	0.13815	0.22351
V164	0.35227	0.36417	0.05565	0.2279
V165	0	0.24636	0	0.75364
V166	0.00748	0.10394	0	0.88858
V167	0.37657	0	0	0.62343
V168	0.27114	0.66375	0.03959	0.02552
V169	0.21845	0.02617	0	0.75538
V170	0.07036	0.02891	0.54067	0.36007
V171	0.06421	0.30329	0.61666	0.01583
V172	0.76928	0	0.23072	0
V173	0.02694	0.14077	0	0.83229
V174	0.00953	0.19535	0	0.79512
V175	0	0.01518	0.86336	0.12146
V176	0	0.87745	0.12255	0
V177	0	1	0	0
V178	0	0.83358	0	0.16642
V179	0.15609	0.00584	0.37235	0.46572
V180	0	0.97781	0.02219	0
V181	0.12103	0.17103	0.55567	0.15226
V182	0.27746	0.22567	0.46256	0.03431
V183	0.11691	0.88309	0	0
V184	1	0	0	0
V185	0.57775	0.42225	0	0
V186	0.06957	0.57223	0.24923	0.10896
V187	1	0	0	0
V188	0.05112	0.21047	0	0.73841
V189	0.8914	0	0	0.1086
V190	0.6987	0.00129	0.3	0
V191	0.13368	0.26199	0.58944	0.01489
V192	0.30175	0.54148	0	0.15677
V193	0.65564	0.03197	0.20933	0.10306
V194	0	1	0	0
V195	0	0.04007	0.95993	0
V196	0.019	0.0286	0	0.9524
V197	0.46508	0.01091	0	0.52401
V198	0	0.60058	0.36978	0.02964
V199	0.18481	0.02239	0.12074	0.67206
V200	0.1015	0.62969	0	0.26881
V201	0.04637	0.65549	0.16761	0.13053
V202	0	0.03456	0.81249	0.15295
V203	0.10286	0.50832	0.38882	0
V204	0	0.57117	0	0.42883
V205	0	0.07401	0.92599	0
V206	0	0.11795	0.88205	0
V207	0.13984	0.21322	0	0.64693
V208	0.20371	0.08654	0.70975	0
V209	0.29965	0.54707	0.0175	0.13577
V210	0.02595	0.89646	0.06175	0.01585
V211	0.4696	0	0	0.5304
V212	0.52421	0.04505	0.43073	0
V213	0.70887	0.02515	0.05805	0.20793
V214	0.34866	0.1939	0.11811	0.33932
V215	0.32285	0.06755	0	0.6096
V216	0.047	0	0	0.953
V217	0	0.58501	0.20853	0.20646
V218	0.05978	0.53368	0.13482	0.27172
V219	0.0697	0.70907	0	0.22123
V220	0	0.90116	0	0.09884
V221	0.86817	0	0	0.13183
V222	0.3115	0.16963	0.35093	0.16795
V223	0	0.17899	0.79084	0.03017
V224	1	0	0	0
V225	0	0.98916	0.01084	0
V226	0.27331	0.10502	0.62167	0
V227	0.85891	0	0.14109	0
V228	0.85791	0.07097	0.00761	0.06351
V229	0	0.04022	0.95978	0
V230	0.02877	0	0	0.97123
V231	0	0.339	0.04486	0.61614
V232	0	0.71636	0	0.28364
V233	0.60705	0.10398	0.16471	0.12425
V234	0	1	0	0
V235	0.36949	0.07901	0.5497	0.00181
V236	0	0.10069	0.84854	0.05077
V237	0.17792	0	0	0.82208
V238	0.07468	0.65334	0.25361	0.01838
V239	0.04135	0.43973	0	0.51892
V240	0.50883	0.04597	0.4235	0.0217
V241	0	0.01645	0.95593	0.02761
V242	0.06376	0.87819	0.05805	0
V243	0.20758	0.06043	0.66975	0.06223
V244	0.16715	0.00024	0.75638	0.07623
V245	0.64	0.33715	0	0.02285
V246	0	0.19319	0.80681	0
V247	0.07945	0.03572	0.88484	0
V248	0.03795	0.00926	0	0.95279
V249	0	0.06752	0.91605	0.01643
V250	0.82751	0	0.17249	0
V251	1	0	0	0
V252	0	0.90103	0.09897	0
V253	0.39777	0.07957	0.11349	0.40917
V254	0	1	0	0
V255	0	1	0	0
V256	0.12722	0.27142	0.53087	0.07049
V257	0.44729	0.12091	0.2006	0.2312
V258	0.13393	0.32979	0.42319	0.1131
V259	0	0.35759	0.64241	0
V260	0	0.31379	0.68621	0
V261	0.67277	0.02898	0.16359	0.13466
V262	0.11109	0.01568	0	0.87323
V263	0	1	0	0
V264	0.1458	0.04665	0.42649	0.38106
V265	0.0401	0	0.0516	0.9083
V266	0.66478	0.33522	0	0
V267	0	0.21808	0.2385	0.54342
V268	0.43082	0.01381	0.089	0.46636
V269	0	0.63264	0.36736	0
V270	0.69888	0.0213	0.22034	0.05949
V271	0.8825	0.04859	0	0.06891
V272	0	0.92843	0	0.07157
V273	0.07031	0	0	0.92969
V274	0.77715	0	0.13699	0.08586
V275	0	0.04034	0.95966	0
V276	0.52786	0.3503	0	0.12183
V277	0.01254	0.25594	0.1037	0.62783
V278	0.01269	0.07228	0.25647	0.65857
V279	0.75776	0.06116	0.06118	0.1199
V280	0.02897	0	0	0.97103
V281	0.60064	0.0255	0.09199	0.28187
V282	0	0.10339	0.86459	0.03202
V283	0.18808	0.67355	0.01271	0.12565
V284	0	0.99591	0.00409	0
V285	0	0.01495	0.98505	0
V286	0.2217	0.63619	0.07179	0.07032
V287	0.02639	0.97361	0	0
V288	0	0.33852	0.40744	0.25404
V289	0.25307	0.27435	0.41671	0.05587
V290	0.87589	0.12411	0	0
V291	0.49067	0.07951	0.42982	0
V292	1	0	0	0
V293	0.27108	0.02462	0.68763	0.01667
V294	0.06931	0.37396	0	0.55672
V295	0	0.21831	0.13519	0.6465
V296	0.12504	0.16363	0.63749	0.07384
V297	0.09216	0	0	0.90784
V298	0.25971	0.12939	0.6109	0
V299	0.05681	0.27666	0	0.66653
V300	0	0.03403	0.17158	0.79439
V301	0.05799	0.15452	0.678	0.10949
V302	0.67642	0.32358	0	0
V303	0	0.65759	0.34241	0
V304	0	0.04523	0.79191	0.16286
V305	0.0767	0.20682	0.45831	0.25816
V306	0.89217	0.09782	0	0.01001
V307	0	1	0	0
V308	0.20729	0.28316	0.27116	0.23839
V309	0.34083	0.33582	0	0.32336
V310	0.05091	0.38257	0.09864	0.46787
V311	0.51236	0.48764	0	0
V312	0.02807	0.85483	0.1171	0
V313	0	0.07523	0	0.92477
V314	0	0.56208	0.05294	0.38498
V315	0.08466	0.71208	0	0.20325
V316	0.29575	0.17127	0.37598	0.15701
V317	0.03961	0.81222	0	0.14817
V318	0	0.60751	0	0.39249
V319	0	0.09413	0.90587	0
V320	0.00324	0.1941	0.68133	0.12133
V321	0.65267	0.34733	0	0
V322	0.18884	0.38274	0.00376	0.42465
V323	0.07042	0.01792	0.00151	0.91014
V324	0.69918	0.28661	0.01422	0
V325	0.26968	0.72445	0.00587	0
V326	0	0.64802	0.03152	0.32045
V327	0.00823	0.17716	0.02694	0.78767
V328	0	0.04517	0.78574	0.16909
V329	0.17352	0.13662	0.11262	0.57724
V330	0.40819	0.00201	0.31763	0.27216
V331	0.37678	0.07526	0	0.54796
V332	0	0.05818	0.11573	0.82609
V333	0.42732	0.09336	0.38155	0.09776
V334	0.36714	0.00325	0.34324	0.28638
V335	0	0.40273	0.50514	0.09213
V336	0.13758	0.78641	0	0.076
V337	0.24734	0.47307	0.27959	0
V338	0	1	0	0
V339	0.03124	0.01332	0.95544	0
V340	0	0.28679	0.5316	0.18161
V341	0.0357	0.01816	0	0.94614
V342	0.21673	0.00146	0.6505	0.13131
V343	1	0	0	0
V344	0.70316	0.15997	0.13687	0
V345	0	0.03955	0.96045	0
V346	0.22246	0.1412	0.25077	0.38557
V347	0.05333	0.00242	0.04766	0.89659
V348	0	0.76096	0.11221	0.12682
V349	0.3291	0.20724	0.37626	0.0874
V350	0	0.8736	0.1264	0
V351	0	0.03849	0.37432	0.58718
V352	0	0.03859	0.90943	0.05198
V353	0.97419	0	0	0.02581
V354	0	0.79623	0.20377	0
V355	0.25432	0.09886	0.46308	0.18374
V356	0.0457	0.01973	0.01095	0.92362
V357	0.07041	0.40208	0.25184	0.27566
V358	0.5859	0.10546	0	0.30865
V359	0.6225	0.02996	0	0.34753
V360	0.551	0.449	0	0
V361	0	0.48736	0.51264	0
V362	0	1	0	0
V363	0.13175	0.15331	0.46878	0.24616
V364	0.09702	0.09245	0.7235	0.08703
V365	0.283	0	0	0.717
V366	0.02384	0.79427	0.04332	0.13857
V367	0.60749	0.10939	0	0.28312
V368	0.0313	0.85105	0.04663	0.07103
V369	0	0.44171	0.55829	0
V370	0.2597	0.33399	0.40631	0
V371	0.1485	0.81826	0	0.03324
V372	0.17688	0.06052	0.04915	0.71345
V373	0.0265	0.18207	0.47094	0.32048
V374	0.8332	0	0.1668	0
V375	0.04334	0.04385	0.06899	0.84382
V376	0.04355	0.03362	0.01025	0.91258
V377	0.84048	0	0	0.15952
V378	0	0.03826	0.38233	0.5794
V379	0.34988	0.18061	0	0.46951
V380	0.14882	0.089	0.14643	0.61576
V381	0.81238	0	0.03781	0.14981
V382	0	0.05444	0.94556	0
V383	0.91564	0	0	0.08436
V384	0.59595	0.0873	0.0815	0.23526
V385	0.95442	0.00375	0.02024	0.02159
V386	0.33046	0.00242	0.08741	0.57971
V387	0.60978	0.1757	0.1562	0.05832
V388	0.36771	0.38987	0.10566	0.13677
V389	0.40978	0.56122	0	0.029
V390	0.24022	0.30329	0.45648	0
V391	0.44682	0.07617	0	0.47701
V392	0.42867	0.26605	0.12317	0.18211
V393	0.25084	0.28337	0.33273	0.13306
V394	0.08008	0.27411	0.04594	0.59987
V395	0.1891	0.46561	0.17004	0.17524
V396	0	1	0	0
V397	0.84722	0.09587	0.05457	0.00234
V398	0.47338	0.16026	0.035	0.33136
V399	0.1526	0.64408	0.11994	0.08338
V400	0	0.66855	0	0.33145
V401	0	0.2044	0.75145	0.04415
V402	0.84305	0.15695	0	0
V403	0.03699	0.01111	0	0.9519
V404	0.01499	0.25544	0.64467	0.0849
V405	0.23532	0.03328	0.10951	0.62189
V406	0.67423	0.25687	0	0.0689
V407	0	1	0	0
V408	0.03779	0.30676	0.38737	0.26808
V409	0.00017	0	0	0.99983
V410	0.01598	0.98402	0	0
V411	0.45649	0	0	0.54351
V412	0.11947	0.10356	0.50518	0.27179
V413	0.00414	0.57487	0.14874	0.27225
V414	0	0.5929	0.31283	0.09427
V415	0.46877	0.03253	0.19687	0.30182
V416	0	0.0873	0.9127	0
V417	0.34872	0.65128	0	0
V418	0.06825	0.12759	0.07383	0.73034
V419	0.02832	0	0	0.97168
V420	0	0.96936	0	0.03064
V421	0.09962	0.06463	0.72476	0.11099
V422	0.05715	0.01578	0	0.92707
V423	0	0.04293	0.95707	0
V424	0	0.07111	0.62079	0.3081
V425	0	0.30163	0.61174	0.08663
V426	0.00677	0.07821	0.85865	0.05638
V427	0.02462	0.47509	0.15414	0.34615
V428	0.03105	0.8965	0.01323	0.05922
V429	0.02683	0	0	0.97317
V430	0.80284	0.16042	0	0.03674
V431	0.15703	0.03472	0.45138	0.35687
V432	0.11706	0.08449	0	0.79845
V433	0	0.80688	0	0.19312
V434	0.36608	0.07058	0	0.56334
V435	0.558	6e-05	0.0656	0.37634
V436	0.42245	0	0.05304	0.52451
V437	0.23312	0.2125	0	0.55438
V438	0.64605	0.16372	0	0.19023
V439	0.03907	0.05591	0	0.90503
V440	0.52898	0.00457	0	0.46645
V441	0	0.17725	0.62079	0.20196
V442	0.30582	0.40604	0.09338	0.19477
V443	0.82293	0	0.02947	0.14761
V444	0	0.03955	0.96045	0
V445	0.64795	0.01716	0.33489	0
V446	0	0.95253	0.01239	0.03508
V447	0.66456	0.11393	0.14241	0.07909
V448	0.00348	0.08246	0.13069	0.78337
V449	0.58664	0.04896	0.28153	0.08287
V450	0.06126	0.93874	0	0
V451	1	0	0	0
V452	0.0506	0	0	0.9494
V453	0.88568	0.08258	0.01021	0.02153
V454	0	1	0	0
V455	0.63146	0.03688	0.29177	0.03989
V456	0.30998	0.1577	0.37561	0.15671
V457	0	0	0	1
V458	0.27043	0.21169	0	0.51788
V459	0	0.90013	0.05165	0.04823
V460	1	0	0	0
V461	0.06912	0	0	0.93088
V462	0.35547	0.22701	0	0.41753
V463	0.22302	0.55658	0.12652	0.09388
V464	0.54027	0.06102	0	0.39871
V465	0.40171	0.47099	0	0.1273
V466	0.61383	0.16977	0	0.21641
V467	0.2955	0.6604	0.04071	0.0034
V468	0.51122	0.46478	0	0.024
V469	0	0.22125	0.2455	0.53325
V470	0.56924	0.15176	0.14338	0.13562
V471	0.28597	0.09457	0	0.61945
V472	0.32272	0.32838	0	0.3489
V473	0.02354	0.64193	0.33453	0
V474	0.13872	0	0.01537	0.84591
V475	0.16687	0.47199	0.02104	0.3401
V476	0.18635	0	0	0.81365
V477	0.63627	0.04255	0.17464	0.14653
V478	0.09939	0.63596	0	0.26464
V479	0	0.12204	0.83077	0.04719
V480	0.0644	0.34877	0	0.58683
V481	0.06451	0.03841	0.89708	0
V482	0.7389	0.19004	0.06827	0.00279
V483	0.13801	0.12921	0	0.73278
V484	0.03216	0.03775	0	0.93009
V485	0.073	0.81937	0	0.10763
V486	0.26444	0.32024	0.07532	0.33999
V487	0.08805	0.05308	0.00134	0.85753
V488	0	0.01611	0.92098	0.06291
V489	0.14857	0.13862	0.71281	0
V490	0.34407	0.37475	0.00662	0.27456
V491	0.44287	0.52465	0	0.03247
V492	0	0.91245	0.08755	0
V493	0.02629	0	0	0.97371
V494	0.14587	0.20768	0.53032	0.11613
V495	0.17487	0.71465	0.11047	0
V496	0.24606	0.74766	0	0.00628
V497	0	0.00252	0.99748	0
V498	0.33827	0.10801	0	0.55372
V499	0.62285	0.29981	0.07734	0
V500	0.01935	0.1742	0.78633	0.02012
V501	0.00343	0	0	0.99657
V502	0.55594	0.32757	0.11649	0
V503	0.19605	0.12508	0.14932	0.52955
V504	0.19898	0.77103	0	0.02999
V505	0.175	0.26949	0.21961	0.3359
V506	0.0308	0.32241	0.45007	0.19672
V507	0.65039	0.12224	0.07283	0.15454
V508	0.80728	0.18275	0	0.00997
V509	0.19775	0.08928	0.51496	0.198
V510	0.1603	0.59636	0.24334	0
V511	0.01528	0.48083	0	0.50389
V512	0.26999	0.05545	0.00414	0.67042
V513	0.01053	0.75089	0.19824	0.04034
V514	0.02171	0.01389	0	0.9644
V515	0.83588	0.06076	0	0.10335
V516	0.97031	0.02969	0	0
V517	0.02371	0.03317	0.20345	0.73967
V518	1	0	0	0
V519	0	0.94559	0	0.05441
V520	0	0	0.64443	0.35557
V521	0.58315	0.05458	0.36227	0
V522	0	0.16712	0.56871	0.26417
V523	0.35278	0.16206	0.22651	0.25865
V524	0	0.84844	0.15156	0
V525	0.26194	0.21063	0	0.52744
V526	0.69431	0.09478	0.01531	0.19559
V527	0.19095	0.03145	0.38629	0.39131
V528	0.03625	0.95629	0	0.00746
V529	0.04795	0.08141	0.16893	0.70171
V530	0	0.25811	0.67937	0.06252
V531	0	0.93938	0.06062	0
V532	0.1614	0.35526	0	0.48334
V533	0.2666	0.4206	0.09375	0.21905
V534	0	0.03143	0.72662	0.24194
V535	0.57727	0	0	0.42273
V536	0.18421	0	0.35305	0.46274
V537	0.5927	0.29517	0.11213	0
V538	0.49513	0.0614	0.01979	0.42368
V539	0.2409	0.50851	0.12318	0.1274
V540	0.16054	0.80056	0.03622	0.00268
V541	0	0.59205	0	0.40795
V542	0.18503	0.16607	0.21412	0.43478
V543	0.94291	0	0	0.05709
V544	0.10073	0.11484	0.1102	0.67423
V545	0.38794	0.17188	0	0.44018
V546	0	0.98104	0.01896	0
V547	0	0.71121	0.28879	0
V548	0.08494	0.87002	0.04504	0
V549	0.28644	0.04654	0.66702	0
V550	0.61946	0	0	0.38054
V551	0.13529	0.84146	0	0.02324
V552	0	0.55459	0	0.44541
V553	0.16927	0.19822	0.63251	0
V554	0.0625	0.05654	0	0.88097
V555	0.04825	0.29011	0.30933	0.35231
V556	0	0.05394	0.94606	0
V557	0.88061	0	0	0.11939
V558	0.00641	0.89346	0	0.10013
V559	0	0.86018	0.13982	0
V560	0.70443	0.29557	0	0
V561	0	0.04034	0.95966	0
V562	0.8596	0	0.06631	0.07409
V563	0.18414	0.00879	0.80706	0
V564	0	0.111	0.889	0
V565	0.07698	0.3301	0.36236	0.23057
V566	0.74598	0.06314	0	0.19088
V567	0.20126	0.49475	0	0.30399
V568	0.26794	0	0	0.73206
V569	0.72022	0	0	0.27978
V570	0	0.35604	0.61841	0.02555
V571	0.88439	0.09405	0	0.02156
V572	0.45167	0.00956	0.4503	0.08847
V573	0.05986	0.14521	0	0.79493
V574	0	0.86474	0.13526	0
V575	0.01353	0.10592	0.04688	0.83367
V576	0.0905	0.9095	0	0
V577	0.02873	0.05716	0.15466	0.75945
V578	0	0.10454	0.70984	0.18561
V579	0	0.95589	0.04411	0
V580	0.17299	0	0.03519	0.79182
V581	0.07573	0.02682	0	0.89745
V582	0.6133	0.15136	0	0.23534
V583	0	0.07012	0.59039	0.33949
V584	0.52133	0.19592	0.27564	0.00711
V585	0	0.01704	0.42872	0.55424
V586	0.19574	0.02333	0.69477	0.08615
V587	0.22702	0.02752	0.73816	0.0073
V588	0.67964	0.01191	0	0.30846
V589	0	0.93985	0.02662	0.03353
V590	0	0.84295	0.15705	0
V591	0	0.04517	0.13686	0.81797
V592	0.06572	0.05997	0.87431	0
V593	0.63323	0	0.13456	0.23221
V594	0.30664	0.35307	0.32104	0.01925
V595	0.03933	0	0	0.96067
V596	0	0.34977	0.18208	0.46815
V597	0	0.65919	0.31208	0.02873
V598	0	0.14765	0.85235	0
V599	0.64824	0.35176	0	0
V600	0.3495	0.54996	0	0.10054
V601	0.15407	0.33313	0.01386	0.49894
V602	0.03973	0	0	0.96027
V603	0	0.38431	0	0.61569
V604	0.51779	0.15022	0.33199	0
V605	0.00432	0.40989	0.39077	0.19503
V606	0.77171	0.14114	0	0.08716
V607	0.71182	1e-05	0.05777	0.2304
V608	0.18965	0.21198	0.36811	0.23027
V609	0	0.29661	0.18991	0.51348
V610	0.84153	0.01313	0.03868	0.10666
V611	0.31634	0	0	0.68366
V612	0	0.13528	0.83599	0.02873
V613	0	0.40392	0.59608	0
V614	0.82552	0.06016	0	0.11432
V615	0.14528	0.00688	0	0.84785
V616	0.02683	0.81325	0	0.15992
V617	0.45006	0.19057	0.35937	0
V618	0.75877	0	0	0.24123
V619	0.39483	0.03746	0.29573	0.27198
V620	0	0.70725	0.29275	0
V621	0.43539	0.19218	0.13153	0.2409
V622	0.32943	0.28138	0.38919	0
V623	0.01165	0.09398	0.07009	0.82428
V624	0.83614	0.16386	0	0
V625	0.2423	0.57687	0.05489	0.12594
V626	1	0	0	0
V627	0.00376	0.01458	0	0.98166
V628	0	0.21139	0	0.78861
V629	0.08663	0.36234	0.25014	0.30089
V630	0	0.40568	0.58717	0.00715
V631	0	0.23883	0.03081	0.73036
V632	0.6389	0	0.07369	0.2874
V633	0	0.0616	0.8547	0.0837
V634	0.36276	0.31489	0.32236	0
V635	0	0.82209	0	0.17791
V636	0.05959	0.15367	0.66602	0.12071
V637	0.31579	0.2395	0.02354	0.42117
V638	0.38901	0.30998	0.00447	0.29654
V639	0.20697	0.49704	0.29599	0
V640	0	0.20609	0.78397	0.00994
V641	0.97087	0.0134	0	0.01574
V642	0.81718	0.15024	0	0.03258
V643	0	0.23692	0.42664	0.33644
V644	0.97125	0.02875	0	0
V645	0.21276	0.48487	0.30237	0
V646	0	1	0	0
V647	0.07766	0.13326	0.74755	0.04152
V648	0.39771	0.50081	0.10148	0
V649	0	0.10242	0.87943	0.01815
V650	0	0.13723	0.81962	0.04315
V651	0.26679	0.00356	0.72965	0
V652	0.04843	0.12704	0.43021	0.39431
V653	0.07369	0.76687	0.06628	0.09316
V654	0.74197	0.23244	0.00316	0.02243
V655	0	0.62923	0	0.37077
V656	0.20338	0.27242	0	0.5242
V657	0.03323	0.02739	0	0.93939
V658	0.63212	0.24872	0	0.11916
V659	0.31724	0.11812	0.34934	0.21531
V660	0	1	0	0
V661	0.0278	0.48973	0	0.48247
V662	0.41065	0.0231	0.47662	0.08963
V663	0.20016	0.10728	0.58665	0.10592
V664	0.14692	0.10406	0.71988	0.02914
V665	0.73081	0.20692	0	0.06227
V666	0.6433	0	0.02614	0.33056
V667	0.81112	0.06737	0.12151	0
V668	0.039	0.91423	0.04677	0
V669	0.192	0.49006	0.2326	0.08534
V670	0	1	0	0
V671	0.34288	0.34872	0.23588	0.07253
V672	0	0.05511	0.94489	0
V673	0.20013	0.44155	0.20527	0.15305
V674	0.76413	0.13669	0	0.09917
V675	0.0902	0.40266	0.30273	0.20441
V676	0.02512	0.13991	0.02611	0.80886
V677	0.37738	0.46993	0.05097	0.10172
V678	0.50297	0.49703	0	0
V679	0	0.37028	0.62972	0
V680	0.2696	0.62435	0.10606	0
V681	0.97049	0.02951	0	0
V682	0.03825	0.37697	0.57034	0.01444
V683	0	1	0	0
V684	0.74199	0.18832	0.04597	0.02373
V685	0.49759	0.4026	0.08532	0.0145
V686	0.0792	0.2268	0.09131	0.60269
V687	0.03947	0	0	0.96053
V688	0.36351	0.53564	0	0.10085
V689	0.27422	0	0	0.72578
V690	0.47245	0.05808	0.42574	0.04373
V691	0.07283	0.01427	0.9129	0
V692	0	0.19751	0.75053	0.05196
V693	0.20995	0.1462	0.35302	0.29083
V694	0	0.03509	0.24767	0.71724
V695	0.26599	0	0.09254	0.64148
V696	0.08461	0.04885	0	0.86654
V697	0.02402	0.01139	0	0.96459
V698	0.87449	0	0	0.12551
V699	0.58531	0.33521	0.01328	0.0662
V700	0.24554	0	0	0.75446
V701	0.07374	0.61462	0.06639	0.24525
V702	0.57914	0.04434	0	0.37652
V703	0.09724	0.07794	0.49107	0.33375
V704	0.89321	0.01874	0	0.08805
V705	1	0	0	0
V706	0	0.08784	0.83482	0.07733
V707	0	0.50732	0.49268	0
V708	0	0.96968	0	0.03032
V709	0.07093	0.33647	0.53389	0.0587
V710	0.63075	0.2408	0	0.12845
V711	0.0213	0.91585	0.06285	0
V712	0.88612	0.00948	0	0.1044
V713	0.44258	0.32814	0	0.22928
V714	0	0.72276	0	0.27724
V715	0.26854	0.40294	0.28767	0.04085
V716	0.04746	0.0181	0	0.93444
V717	0	1	0	0
V718	0.09815	0.65062	0.15572	0.09552
V719	0.00163	0.80578	0	0.19258
V720	0.7583	0	0.19634	0.04536
V721	0.07427	0.22034	0.47123	0.23416
V722	0.07305	0.35268	0	0.57426
V723	0.11858	0.04063	0	0.84079
V724	0.63148	0.0236	0.02091	0.32401
V725	0	0.12808	0.87192	0
V726	0	0.45759	0.06509	0.47732
V727	0.21644	0.73229	0.05127	0
V728	0	0.95444	0.04556	0
V729	0.44229	0.00196	0.11227	0.44348
V730	0.9866	0.0134	0	0
V731	0	0.25148	0.37358	0.37494
V732	0.34566	0.10346	0.33649	0.21438
V733	0.67559	0.19969	0	0.12472
V734	0.17105	0.36792	0.46103	0
V735	0	0.04201	0.47256	0.48543
V736	0.15009	0	0	0.84991
V737	0.30979	0.34951	0.21211	0.12859
V738	0.0108	0.41093	0.45257	0.1257
V739	0	0.0253	0.60461	0.37009
V740	0.90406	0.0874	0.00854	0
V741	0.50964	0.12459	0.06986	0.29591
V742	0.3694	0.6306	0	0
V743	0.05755	0.19572	0.74673	0
V744	0.53568	0.05115	0.31771	0.09546
V745	0	0.77827	0.15035	0.07138
V746	1	0	0	0
V747	0	0.00248	0.7716	0.22592
V748	0.06637	0.15008	0.6054	0.17814
V749	0.29333	0.19623	0	0.51044
V750	0.40818	0.49869	0	0.09313
V751	0	0.98364	0	0.01636
V752	0.46782	0.27405	0.08906	0.16907
V753	0.03071	0	0	0.96929
V754	0	0.99938	0	0.00062
V755	0.11348	0.25059	0.32043	0.31549
V756	0.03856	0	0	0.96144
V757	0.31742	0.66593	0.01665	0
V758	0	0.86901	0.09063	0.04037
V759	0.09519	0.0857	0.38905	0.43007
V760	0.29429	0.07445	0.24831	0.38295
V761	0	0.67076	0.26602	0.06322
V762	0	0.39308	0	0.60692
V763	0.38672	0.38482	0	0.22846
V764	0	0.99781	0	0.00219
V765	0.71266	0.04297	0	0.24437
V766	0	0.38719	0.42014	0.19267
V767	0.48928	0.15783	0.2144	0.13849
V768	0	1	0	0
V769	0.07586	0.92414	0	0
V770	0	1	0	0
V771	0.09271	0.03635	0.87095	0
V772	0.04476	0.07683	0.87841	0
V773	0.09706	0.90294	0	0
V774	0	0.0135	0.9865	0
V775	0.10214	0.05494	0.24557	0.59735
V776	0.42922	0.48254	0	0.08824
V777	0.1762	0.14721	0.07715	0.59944
V778	0.55289	0.32542	0.01175	0.10994
V779	0.13602	0.06422	0.50328	0.29648
V780	0.02457	0.87412	0.10131	0
V781	0.06042	0	0	0.93958
V782	0	0.16837	0.81217	0.01946
V783	0.86351	0.00158	0	0.13491
V784	0.02794	0.97206	0	0
V785	0	1	0	0
V786	0.76454	0.1871	0.03568	0.01268
V787	0	0.89079	0.10921	0
V788	0.5105	0.35588	0.11905	0.01457
V789	0.04561	0.39678	0	0.55761
V790	0.49941	0.02389	0.00695	0.46974
V791	0.08419	0.45264	0.31789	0.14527
V792	0.10327	0.57339	0	0.32335
V793	0.083	0.73695	0	0.18004
V794	0	0.12434	0.82537	0.05029
V795	0.12344	0.03304	0	0.84352
V796	0	0.11976	0.88024	0
V797	0.81304	0	0.18696	0
V798	0.6372	0.33644	0.02636	0
V799	0.08233	0.87277	0	0.0449
V800	0.0192	0.04335	0.52756	0.40988
V801	0.11105	0.15946	0.30273	0.42675
V802	0.01083	0.11002	0.23291	0.64624
V803	0.15371	0.59331	0.25298	0
V804	0.54039	0.01814	0.38805	0.05342
V805	0	0.0027	0.9973	0
V806	0	1	0	0
V807	0.26825	0.15572	0	0.57603
V808	0.69629	0.30342	0	0.00029
V809	0	0.06082	0.93918	0
V810	0	1	0	0
V811	0.44162	0.09415	0.16282	0.30142
V812	0.56693	0.30373	0	0.12934
V813	0.60822	0.2334	0.15838	0
V814	0.41297	0.58703	0	0
V815	0	0.98333	0.01667	0
V816	1	0	0	0
V817	0	0.10591	0.89409	0
V818	0	0.02757	0	0.97243
V819	0.90324	0.08664	0	0.01011
V820	0.13947	0.07433	0	0.7862
V821	0.1705	0.38783	0.38667	0.055
V822	0	0.05664	0.94336	0
V823	0	0.24929	0.68935	0.06136
V824	0	0.44538	0.55462	0
V825	0.19289	0.35698	0.22508	0.22505
V826	0.41024	0.46954	0.12022	0
V827	0.35887	0.64113	0	0
V828	0.22584	0.20626	0.04493	0.52297
V829	0.02358	0.26363	0	0.71279
V830	0.22201	0.23715	0	0.54084
V831	0.82798	0.08191	0	0.09012
V832	0.24364	0.47225	0.13352	0.15059
V833	0.10419	0.59094	0.1523	0.15257
V834	0.31753	0.09028	0.00528	0.5869
V835	0.34285	0.52015	0.07855	0.05846
V836	0	0.71549	0	0.28451
V837	0.19208	0.45298	0.15655	0.19839
V838	0.99384	0.00616	0	0
V839	0.25605	0.68394	0.06001	0
V840	0.23838	0.76162	0	0
V841	0	0.07981	0.91482	0.00537
V842	0.34697	0.21239	0.23016	0.21048
V843	0	0.05444	0.90821	0.03735
V844	0.08125	0.12367	0.36554	0.42953
V845	0	0.16096	0.79159	0.04746
V846	0	0.03438	0.77745	0.18816
V847	0	0	0	1
V848	0.04181	0.59559	0.13896	0.22364
V849	0	1	0	0
V850	1	0	0	0
V851	0.28966	0.59766	0.11268	0
V852	0.11296	0.06462	0.05938	0.76305
V853	0.20435	0.28831	0.39538	0.11195
V854	0.61997	0.20515	0.05359	0.12129
V855	0	0	0	1
V856	0	0.42984	0.33655	0.2336
V857	0.7096	0.18752	0	0.10288
V858	0.56007	0.00818	0.43176	0
V859	0.68656	0.24469	0	0.06874
V860	0.19887	0.12403	0	0.6771
V861	0.00028	0.4327	0.56702	0
V862	0.06198	0.13538	0.77165	0.031
V863	0.21557	0.00528	0	0.77915
V864	0.08044	0.02004	0	0.89952
V865	0.10958	0.00102	0.2316	0.65781
V866	0.76806	0.00888	0.22307	0
V867	0.75971	0.01902	0.22127	0
V868	0.51784	0.33088	0.09379	0.05749
V869	0	1	0	0
V870	0.08517	0.3609	0	0.55392
V871	0	1	0	0
V872	0	0.02206	0.19888	0.77906
V873	0.97818	0.02135	0	0.00047
V874	0.12878	0.87122	0	0
V875	0	0.24361	0.14842	0.60797
V876	0.10277	0.4046	0.41377	0.07886
V877	0	0.47777	0.27746	0.24477
V878	0.05294	0.92264	0.02442	0
V879	0.1531	0.78901	0	0.05789
V880	0.28875	0.5862	0	0.12505
V881	0.09668	0.07234	0.62844	0.20253
V882	0.87912	0	0.07015	0.05073
V883	0.21869	0.24452	0.53679	0
V884	0	0.26107	0	0.73893
V885	0.73753	0.23145	0.03102	0
V886	0	0.43527	0.45542	0.10931
V887	0.67255	0.07698	0.11718	0.13328
V888	0.02566	0.08527	0.79958	0.0895
V889	0.98616	0.01384	0	0
V890	0	0.19919	0.62861	0.1722
V891	0.65292	0.06118	0.26779	0.01811
V892	0.28813	0.16935	0	0.54252
V893	0.5926	0.25688	0.11455	0.03598
V894	0	0.38866	0.60165	0.00969
V895	0.62164	0.07943	0.16368	0.13524
V896	0	1	0	0
V897	0.72292	0.25227	0	0.02481
V898	0.48088	0	0	0.51912
V899	0.005	0.24154	0.07879	0.67467
V900	0.02362	0.37016	0.35166	0.25456
V901	0	0.90756	0	0.09244
V902	0	1	0	0
V903	0	0.48631	0.51369	0
V904	0	1	0	0
V905	0.16293	0	0.1088	0.72827
V906	0.42619	0.11305	0.04413	0.41663
V907	0.42346	0.55694	0	0.0196
V908	0.01698	0.04659	0	0.93642
V909	0.07824	0.88282	0	0.03894
V910	0.18449	0	0.0371	0.77841
V911	0.52266	0.43523	0	0.0421
V912	0.38297	0.38779	0.08222	0.14701
V913	0.1151	0	0	0.8849
V914	0.1266	0.57985	0.2859	0.00765
V915	0.22712	0	0	0.77288
V916	0.20344	0.08755	0.68093	0.02808
V917	0.76434	0.02882	0.12858	0.07826
V918	0	0.72136	0.21454	0.0641
V919	0.16689	0.29729	0.27209	0.26373
V920	0.63858	0.23981	0.04483	0.07679
V921	0.02377	0.15721	0	0.81902
V922	0.03053	0.55303	0.39491	0.02152
V923	0.09216	0	0	0.90784
V924	0	0.74846	0.25154	0
V925	0.19117	0	0	0.80883
V926	0.2174	0	0	0.7826
V927	0.03514	0.02395	0	0.94091
V928	0	0.97847	0	0.02153
V929	0	0.73902	0.09875	0.16223
V930	0.51483	0.41192	0	0.07324
V931	0.07115	0.34875	0.52152	0.05858
V932	0	0.16085	0.61756	0.2216
V933	0.59747	0.40253	0	0
V934	0	0.19474	0.22891	0.57635
V935	0.56858	0.20218	0.18093	0.04831
V936	0.53712	0.28431	0	0.17857
V937	0.57124	0.15792	0.02553	0.2453
V938	0.38084	0.06219	0.28463	0.27233
V939	0.82376	0.01194	0.01514	0.14916
V940	0	0.88153	0.11847	0
V941	0	0.00759	0.99241	0
V942	0.77253	0.21487	0.01261	0
V943	0.37563	0.17067	0.42049	0.03321
V944	0	0.3145	0	0.6855
V945	0.56961	0.37185	0	0.05854
V946	0.44189	0.31764	0.23377	0.00669
V947	0.07177	0.06776	0.1813	0.67917
V948	0.30738	0.0468	0.64582	0
V949	0	0.14321	0.1394	0.71739
V950	0	0.62347	0.18888	0.18765
V951	0.88749	0.00265	0.10985	0
V952	0.04352	0.17167	0.22482	0.55999
V953	0	0.08809	0.91191	0
V954	0.01926	0.22849	0.07836	0.67389
V955	0.08712	0.665	0	0.24788
V956	0	0.04369	0.51934	0.43697
V957	0.34417	0	0	0.65583
V958	0.02629	0	0	0.97371
V959	0.18315	0.32722	0.43348	0.05615
V960	0.23107	0.33033	0.01452	0.42409
V961	0.08072	0.46496	0.34274	0.11158
V962	0.33804	0.21996	0.38764	0.05437
V963	0.60985	0.20915	0.1235	0.0575
V964	0.91676	0.02897	0.05176	0.00251
V965	0.00182	0.58743	0.16225	0.24851
V966	1	0	0	0
V967	0.00288	0.07001	0.54183	0.38528
V968	0	0.20247	0.7842	0.01333
V969	0	0.31085	0	0.68915
V970	0	0.16546	0.41262	0.42191
V971	0.5028	0.11368	0.32073	0.06279
V972	0.52736	0.23008	0	0.24256
V973	0.25473	0.49171	0.02428	0.22928
V974	0	0.87336	0.0937	0.03294
V975	0.00654	0.35872	0.63474	0
V976	0.44395	0.29831	0.06614	0.1916
V977	0.26846	0.41401	0.31753	0
V978	0.0691	0.10083	0	0.83008
V979	0.85377	0.00457	0.14166	0
V980	1	0	0	0
V981	0.32755	0.0456	0.43378	0.19307
V982	0.43991	0.46365	0.02899	0.06744
V983	0.74999	0.016	0	0.23401
V984	0	0.92794	0.07206	0
V985	0.06811	0.16921	0	0.76268
V986	0.30776	0.60191	0	0.09032
V987	0.19086	0.80914	0	0
V988	0.22258	0	0	0.77742
V989	0.43012	0.53689	0.03298	0
V990	0	0.0819	0.81182	0.10627
V991	0.65251	0.34749	0	0
V992	0.17589	0.01433	0.53772	0.27206
V993	0	0.83062	0.15304	0.01634
V994	0.12792	0.87208	0	0
V995	0.78343	0.10453	0	0.11204
V996	0.28159	0.09711	0	0.6213
V997	0	0.03806	0.86765	0.09429
V998	0.96589	0.00389	0.00893	0.02129
V999	0.03831	0.96169	0	0
V1000	0.3237	0	0	0.6763
