cytotoxic.CD56.dim.NK.cell	memory.CD4.pos.AB.T.cell	memory.B.cell	CD14.pos.CD16.neg.classical.monocyte
V1	0.65159	0.01119	0.20783	0.1294
V2	0.30665	0.12331	0.09429	0.47576
V3	0.10523	0.70448	0.02261	0.16768
V4	0.87405	0.11496	2e-05	0.01097
V5	0.16717	0.45319	0.30021	0.07943
V6	0.11664	0.84017	0.03034	0.01286
V7	0.24392	0.40927	0.12431	0.2225
V8	0.15908	0.00406	0.82108	0.01577
V9	0.38079	0.28355	0.06117	0.27449
V10	0.02758	0.00431	0.94333	0.02478
V11	0.25416	0.29947	0.4427	0.00367
V12	0.043	0.53731	0.4114	0.00829
V13	0.32423	0.65438	0.00921	0.01218
V14	0.10218	0.88215	0.0114	0.00427
V15	0.18402	0.58471	0.15173	0.07954
V16	0.92582	0.04032	0.02103	0.01283
V17	0.12817	0.83865	0.02033	0.01284
V18	0.61711	0.31174	0.05199	0.01917
V19	0.21298	0.76884	0.01004	0.00814
V20	0.27188	0.50766	0.03245	0.18801
V21	0.16083	0.03414	0.7892	0.01584
V22	0.04604	0.12368	0.36935	0.46092
V23	0.43427	0.02489	0.5375	0.00334
V24	0.94235	0.02882	0.02881	2e-05
V25	0.44923	0.24134	0.16664	0.14279
V26	0.48321	0.39047	0.02769	0.09863
V27	0.23137	0.08492	0.04174	0.64196
V28	0.00091	0.01836	0.98053	2e-04
V29	0.46961	0.01768	0.49797	0.01475
V30	0.16834	0.23338	0.3835	0.21478
V31	0.29547	0.18805	0.36721	0.14927
V32	0.18794	0.0436	0.06485	0.70361
V33	0.07501	0.46644	0.40842	0.05013
V34	0.15955	0.01809	0.80662	0.01575
V35	0.21629	0.66825	0.09871	0.01675
V36	0.01851	0.03029	0.68405	0.26714
V37	0.65555	0.07403	0.12726	0.14315
V38	0.56695	0.0046	0.23155	0.1969
V39	0.23026	0.54204	0.15929	0.06841
V40	0.13919	0.77061	0.09004	0.00016
V41	0.0185	0.76131	0.07104	0.14915
V42	0.36145	0.03104	0.31022	0.29728
V43	0.16925	0.29066	0.52377	0.01633
V44	0.02917	0.05275	0.83539	0.08269
V45	0.1441	0.55362	0.25721	0.04508
V46	0.80108	0.06757	0.12802	0.00334
V47	0.47648	0.16449	0.3344	0.02463
V48	0.81735	0.16414	0.00751	0.011
V49	0.77625	0.18403	4e-05	0.03968
V50	0.1011	0.7933	0.10147	0.00413
V51	0.35395	0.35289	0.27726	0.0159
V52	0.04097	0.07981	0.86285	0.01636
V53	0.74413	0.10518	0.15067	3e-05
V54	0.45554	0.16027	0.37297	0.01123
V55	0.33342	0.13257	0.32424	0.20977
V56	0.1081	0.02596	0.17926	0.68667
V57	0.14082	0.82082	0.03007	0.00829
V58	0.78171	0.01281	0.05766	0.14782
V59	0.48291	0.36946	0.12311	0.02452
V60	0.21161	0.15487	0.43324	0.20029
V61	0.83621	0.10758	0.01593	0.04028
V62	0.8935	0.03293	0.06741	0.00616
V63	0.03084	0.80759	0.14851	0.01306
V64	0.01782	0.90629	0.00237	0.07352
V65	0.03126	0.01243	0.20514	0.75118
V66	0.28546	0.6526	0.02772	0.03422
V67	0.19664	0.27531	0.5203	0.00775
V68	0.31481	0.20278	0.04503	0.43737
V69	0.04218	0.26955	0.66268	0.0256
V70	0.60436	0.13547	0.20143	0.05874
V71	0.25603	0.06522	0.48343	0.19531
V72	0.64364	0.15543	0.11897	0.08197
V73	0.21193	0.57829	0.16564	0.04414
V74	0.0796	0.17743	0.74286	0.00012
V75	0.74679	0.0056	0.20524	0.04238
V76	0.0027	0.23802	0.32795	0.43134
V77	0.09217	0.42693	0.0185	0.4624
V78	0.42818	0.1208	0.25374	0.19728
V79	0.01394	0.0711	0.87092	0.04404
V80	0.39721	0.00978	0.55221	0.04081
V81	0.0794	0.12363	0.7931	0.00386
V82	7e-04	0.04043	0.9547	0.00417
V83	0.26278	0.23281	0.13058	0.37383
V84	0.53028	0.04751	0.22343	0.19877
V85	0.16264	0.29362	0.46192	0.08182
V86	0.0682	0.02691	0.88454	0.02034
V87	0.06196	0.82763	0.07378	0.03663
V88	0.28471	0.06048	0.38641	0.2684
V89	0.04946	0.0193	0.38953	0.5417
V90	0.04496	0.87327	0.0732	0.00858
V91	0.05974	0.70147	0.22158	0.01721
V92	0.5042	0.01725	0.41389	0.06465
V93	0.9289	0.02381	2e-05	0.04727
V94	0.04175	0.5967	0.04172	0.31983
V95	0.32792	0.4107	0.18876	0.07261
V96	0.17529	0.15932	0.05656	0.60883
V97	0.70883	0.08638	0.20157	0.00321
V98	0.7183	0.27425	0.00021	0.00724
V99	0.79977	0.04412	0.15278	0.00332
V100	0.1068	0.01132	0.86994	0.01193
V101	0.03803	0.06369	0.01464	0.88365
V102	0.93769	0.04949	0.00656	0.00627
V103	0.03068	0.075	0.20389	0.69043
V104	0.0456	0.93787	0.01212	0.00441
V105	0.08734	0.88694	0.02143	0.00429
V106	0.16395	0.46026	0.35455	0.02125
V107	0.22504	0.1647	0.58551	0.02476
V108	0.20304	0.68856	0.10827	0.00014
V109	0.03055	0.14515	0.70799	0.11631
V110	0.08828	0.8477	0.05115	0.01287
V111	0.92168	0.0079	0.0674	0.00302
V112	0.20652	0.05452	0.55013	0.18883
V113	0.32578	0.12045	0.26769	0.28608
V114	0.42207	0.05977	0.1416	0.37656
V115	0.01584	0.71687	0.26307	0.00421
V116	0.20741	0.29043	0.42088	0.08128
V117	0.71023	0.22895	0.04196	0.01887
V118	0.24944	0.59085	0.05164	0.10807
V119	0.25179	0.11607	0.10046	0.53167
V120	0.10633	0.04397	0.84188	0.00782
V121	0.67172	0.12579	0.11783	0.08466
V122	0.96397	0.0153	0.0144	0.00633
V123	0.02027	0.64126	0.07915	0.25931
V124	0.69916	0.27348	0.00013	0.02723
V125	0.43833	0.36174	0.1885	0.01144
V126	0.0993	0.2333	0.10613	0.56127
V127	0.28976	0.05088	0.37891	0.28045
V128	0.08221	0.02497	0.2373	0.65551
V129	0.62292	0.19537	0.16704	0.01468
V130	0.01538	0.61097	0.36953	0.00413
V131	0.04716	0.90886	0.00219	0.0418
V132	0.94722	0.01411	0.02917	0.0095
V133	0.92056	0.02033	0.05285	0.00627
V134	0.18675	0.43544	0.18554	0.19226
V135	0.18018	0.02819	0.3304	0.46123
V136	0.36287	0.44128	0.02055	0.17531
V137	0.67934	0.03316	0.25725	0.03025
V138	0.29489	0.39055	0.21886	0.0957
V139	0.44148	0.20242	0.24232	0.11378
V140	0.08067	0.1519	0.11675	0.65067
V141	0.10737	0.1429	0.63687	0.11285
V142	0.81792	0.00643	0.17564	1e-05
V143	0.52199	0.26986	0.09416	0.11399
V144	0.292	0.17973	0.25327	0.275
V145	0.00203	0.72983	0.26389	0.00424
V146	0.13873	0.03034	0.06862	0.76231
V147	0.93645	0.02636	0.02104	0.01614
V148	0.18512	0.05969	0.65683	0.09836
V149	0.3171	0.44698	0.2322	0.00372
V150	0.12265	0.20845	0.62979	0.0391
V151	0.28643	0.60213	0.04865	0.06278
V152	0.29599	0.40805	0.24845	0.04751
V153	0.16596	0.74578	0.02977	0.05849
V154	0.29015	0.40138	0.29233	0.01615
V155	0.50488	0.13134	0.3161	0.04768
V156	0.05898	0.11771	0.76079	0.06253
V157	0.38133	0.14784	0.36775	0.10308
V158	0.0372	0.01617	0.06064	0.886
V159	0.90426	0.07305	0	0.02269
V160	0.79609	0.0126	0.08484	0.10647
V161	0.41608	0.02022	0.06491	0.49879
V162	0.14113	0.39491	0.14323	0.32073
V163	0.15785	0.50465	0.22092	0.11658
V164	0.4389	0.30826	0.13913	0.11371
V165	0.02695	0.43158	0.00755	0.53392
V166	0.02932	0.17033	0.15654	0.64381
V167	0.59705	0.00814	0.01489	0.37992
V168	0.34572	0.52733	0.09715	0.0298
V169	0.3696	0.08067	0.07685	0.47288
V170	0.16793	0.01703	0.64895	0.16609
V171	0.16618	0.20321	0.60997	0.02064
V172	0.72817	0.00704	0.26155	0.00323
V173	0.07665	0.23975	0.09172	0.59188
V174	0.04936	0.25956	0.15674	0.53434
V175	0.09746	0.00307	0.8389	0.06058
V176	0.01621	0.77932	0.20022	0.00425
V177	0.01763	0.97082	0.00265	0.00889
V178	0.01827	0.85085	0.01169	0.11919
V179	0.25865	0.01006	0.51041	0.22088
V180	0.04472	0.86097	0.09412	0.00019
V181	0.22122	0.11434	0.58935	0.07509
V182	0.34255	0.15433	0.47417	0.02895
V183	0.23586	0.74996	0.01016	0.00402
V184	0.98231	0.01039	0.00725	4e-05
V185	0.62465	0.35591	0.01598	0.00346
V186	0.17917	0.45268	0.30471	0.06344
V187	0.95357	0.01494	0.02852	0.00297
V188	0.13773	0.3605	0.00652	0.49525
V189	0.87625	0.02962	0.02489	0.06924
V190	0.67695	0.01283	0.30696	0.00326
V191	0.22436	0.17355	0.58174	0.02034
V192	0.38486	0.45894	0.07049	0.08572
V193	0.65043	0.03309	0.25786	0.05862
V194	0.06073	0.91483	0.01131	0.01313
V195	0.01407	0.01452	0.96725	0.00416
V196	0.03355	0.14163	0.03265	0.79217
V197	0.60585	0.06271	0.0455	0.28594
V198	0.10094	0.46221	0.40569	0.03117
V199	0.31126	0.03441	0.2901	0.36423
V200	0.21373	0.60961	0.03152	0.14514
V201	0.1537	0.53988	0.23234	0.07408
V202	0.02932	0.00975	0.87409	0.08685
V203	0.21116	0.37413	0.40276	0.01196
V204	0.02085	0.69	0.01426	0.27488
V205	0.02742	0.03796	0.92648	0.00813
V206	0.06725	0.0715	0.85733	0.00392
V207	0.26224	0.26224	0.10081	0.3747
V208	0.29289	0.04946	0.65027	0.00738
V209	0.38008	0.45286	0.0909	0.07616
V210	0.13117	0.72911	0.11356	0.02616
V211	0.62405	0.02342	0.05898	0.29355
V212	0.5396	0.03269	0.41711	0.0106
V213	0.73014	0.03511	0.13608	0.09867
V214	0.44784	0.1686	0.21764	0.16592
V215	0.48567	0.13135	0.03878	0.34421
V216	0.09419	0.01564	0.05696	0.83322
V217	0.08212	0.50621	0.29734	0.11433
V218	0.15903	0.47226	0.22697	0.14173
V219	0.17521	0.68232	0.0208	0.12167
V220	0.01784	0.88629	0.01138	0.08449
V221	0.89235	0.01486	0.0076	0.08519
V222	0.38134	0.12529	0.41131	0.08207
V223	0.01402	0.11729	0.82914	0.03955
V224	0.96777	0.01006	0.02213	3e-05
V225	0.08715	0.83681	0.07184	0.0042
V226	0.35118	0.06449	0.57708	0.00725
V227	0.81321	0.00532	0.17541	0.00605
V228	0.80552	0.06958	0.08068	0.04422
V229	0.02734	0.0125	0.94789	0.01226
V230	0.0353	0.05617	0.05691	0.85161
V231	0.04306	0.38653	0.19904	0.37136
V232	0.08777	0.74759	0.00264	0.162
V233	0.63273	0.08188	0.21993	0.06546
V234	0.06001	0.88964	0.0418	0.00856
V235	0.40562	0.04878	0.53054	0.01506
V236	0.0699	0.0512	0.84057	0.03834
V237	0.34512	0.02207	0.07046	0.56234
V238	0.18014	0.50377	0.29015	0.02594
V239	0.13934	0.52197	0.03943	0.29925
V240	0.51858	0.03278	0.4253	0.02334
V241	0.02784	0.00401	0.93411	0.03404
V242	0.17872	0.70324	0.10994	0.0081
V243	0.28459	0.03215	0.64622	0.03704
V244	0.25018	0.00333	0.70554	0.04094
V245	0.64026	0.27045	0.0618	0.02749
V246	0.0807	0.1232	0.78393	0.01218
V247	0.19765	0.01306	0.78919	0.00011
V248	0.06142	0.06484	0.11256	0.76118
V249	0.00057	0.02811	0.93684	0.03449
V250	0.79871	0.00539	0.19305	0.00284
V251	0.9484	0.04207	0.00654	0.00299
V252	0.01648	0.80505	0.17829	0.00018
V253	0.49593	0.07756	0.22544	0.20107
V254	0.01702	0.91461	0.064	0.00437
V255	0.07511	0.90076	0.0021	0.02203
V256	0.22117	0.18747	0.54814	0.04322
V257	0.49439	0.1011	0.29059	0.11393
V258	0.23137	0.24095	0.46538	0.06229
V259	0.05596	0.25558	0.66751	0.02095
V260	0.00091	0.24903	0.74603	0.00403
V261	0.67455	0.03367	0.22268	0.06909
V262	0.23099	0.09987	0.04124	0.62789
V263	0.03213	0.95212	0.00246	0.01328
V264	0.24922	0.03477	0.53875	0.17726
V265	0.07992	0.01013	0.28887	0.62107
V266	0.67878	0.31279	0.00836	7e-05
V267	0.00199	0.22663	0.45205	0.31934
V268	0.53735	0.02969	0.20526	0.2277
V269	0.01522	0.52279	0.43562	0.02638
V270	0.67766	0.02534	0.25842	0.03858
V271	0.83458	0.07163	0.04389	0.0499
V272	0.09337	0.82998	0.02045	0.05619
V273	0.13847	0.04549	0.08729	0.72875
V274	0.74661	0.00539	0.19743	0.05056
V275	7e-04	0.01551	0.97954	0.00425
V276	0.57874	0.33149	0.01683	0.07295
V277	0.08477	0.27863	0.27421	0.36239
V278	0.08252	0.07019	0.47416	0.37313
V279	0.74747	0.0586	0.12904	0.06489
V280	0.0372	0.01617	0.06064	0.886
V281	0.65144	0.03539	0.17828	0.13489
V282	0.08112	0.05117	0.83839	0.02932
V283	0.28784	0.55895	0.08063	0.07258
V284	0.0448	0.87746	0.07344	0.00429
V285	0.09207	0.00635	0.90144	0.00015
V286	0.3102	0.50966	0.13177	0.04836
V287	0.14183	0.82533	0.02012	0.01273
V288	0.03275	0.28545	0.53723	0.14457
V289	0.32842	0.19309	0.44014	0.03835
V290	0.82828	0.15504	0.01664	5e-05
V291	0.51964	0.05563	0.41776	0.00697
V292	0.96309	0.01393	0	0.02298
V293	0.32605	0.01035	0.64394	0.01965
V294	0.18088	0.49	0.00412	0.325
V295	0.04304	0.24105	0.32974	0.38617
V296	0.21743	0.10213	0.63816	0.04228
V297	0.17842	0.01068	0.15112	0.65977
V298	0.33863	0.08095	0.57313	0.00729
V299	0.15294	0.39691	0.0309	0.41925
V300	0.00301	0.04501	0.43788	0.51411
V301	0.16322	0.09463	0.68531	0.05684
V302	0.68281	0.30961	0.00028	0.00729
V303	0.00147	0.55985	0.42138	0.0173
V304	0.08554	0.01668	0.81735	0.08043
V305	0.18623	0.15127	0.5389	0.1236
V306	0.82303	0.09421	0.0602	0.02255
V307	0.03191	0.93726	0.02207	0.00876
V308	0.31148	0.22223	0.35162	0.11468
V309	0.4529	0.33855	0.04136	0.16719
V310	0.14819	0.37251	0.22684	0.25247
V311	0.57084	0.41742	0.00816	0.00358
V312	0.13981	0.68448	0.16316	0.01254
V313	0.00498	0.20448	0.04843	0.74211
V314	0.03741	0.56595	0.17178	0.22487
V315	0.1919	0.64527	0.05289	0.10995
V316	0.36708	0.12422	0.4297	0.07901
V317	0.13984	0.7111	0.06365	0.08541
V318	0.07409	0.67191	0.02454	0.22947
V319	0.0797	0.04362	0.86062	0.01607
V320	0.1151	0.12482	0.69864	0.06143
V321	0.67027	0.32131	0.00836	7e-05
V322	0.31066	0.36407	0.10892	0.21635
V323	0.13081	0.03842	0.1925	0.63826
V324	0.68236	0.22834	0.07838	0.01091
V325	0.36706	0.56455	0.06465	0.00374
V326	0.0023	0.65883	0.14167	0.1972
V327	0.04868	0.22462	0.207	0.5197
V328	0.07355	0.0168	0.8247	0.08496
V329	0.29599	0.13765	0.26371	0.30265
V330	0.46869	0.00989	0.3965	0.12492
V331	0.52901	0.10792	0.07175	0.29132
V332	0.02644	0.07519	0.36174	0.53663
V333	0.45346	0.06779	0.42212	0.05663
V334	0.44168	0.00957	0.41889	0.12986
V335	0.04514	0.31569	0.57507	0.0641
V336	0.23667	0.68046	0.02868	0.05419
V337	0.32237	0.35271	0.30887	0.01605
V338	0.00311	0.97944	0.01292	0.00453
V339	0.1485	0.00511	0.84254	0.00385
V340	0.09192	0.2147	0.60135	0.09203
V341	0.05908	0.06071	0.14754	0.73267
V342	0.29286	0.00309	0.64055	0.0635
V343	0.96765	0.02254	0.00678	0.00303
V344	0.69216	0.12844	0.17938	3e-05
V345	0.01446	0.01676	0.96861	0.00017
V346	0.33277	0.11693	0.36557	0.18473
V347	0.10368	0.02259	0.26425	0.60948
V348	0.093	0.65366	0.17835	0.07498
V349	0.38939	0.1483	0.41023	0.05208
V350	0.04439	0.75846	0.19698	0.00017
V351	0.03907	0.0331	0.60513	0.32269
V352	0.0693	0.01005	0.88262	0.03803
V353	0.8942	0.03096	0.04346	0.03138
V354	0.07309	0.6509	0.2542	0.02181
V355	0.3348	0.06736	0.512	0.08584
V356	0.0826	0.04024	0.21826	0.6589
V357	0.17343	0.33773	0.34859	0.14026
V358	0.65846	0.11649	0.07254	0.15251
V359	0.70298	0.0675	0.05119	0.17833
V360	0.5915	0.37621	0.02499	0.0073
V361	0.00118	0.40498	0.5898	0.00404
V362	0.00304	0.96941	0.02305	0.00449
V363	0.23688	0.1087	0.54077	0.11365
V364	0.20048	0.0491	0.70416	0.04626
V365	0.46601	0.04209	0.03083	0.46107
V366	0.1228	0.68732	0.10844	0.08144
V367	0.68731	0.15722	0.00876	0.14672
V368	0.13618	0.70921	0.10464	0.04996
V369	0.02814	0.35508	0.61283	0.00395
V370	0.3285	0.23734	0.41829	0.01588
V371	0.24644	0.68039	0.03836	0.03482
V372	0.30431	0.07407	0.21142	0.4102
V373	0.12712	0.1367	0.58169	0.1545
V374	0.80247	0.01195	0.18557	0
V375	0.09844	0.06063	0.28518	0.55576
V376	0.08169	0.05451	0.21507	0.64873
V377	0.87473	0.00804	0.01693	0.1003
V378	0.02015	0.03349	0.62385	0.32251
V379	0.50002	0.22968	0.02149	0.24881
V380	0.26747	0.08982	0.31371	0.329
V381	0.79103	0.01991	0.11228	0.07678
V382	0.10612	0.02055	0.86943	0.0039
V383	0.86731	0.01409	0.06185	0.05674
V384	0.6478	0.07858	0.16245	0.11117
V385	0.8829	0.0176	0.07631	0.02319
V386	0.4653	0.0214	0.21784	0.29545
V387	0.62243	0.13291	0.20525	0.03941
V388	0.43367	0.31562	0.17591	0.0748
V389	0.46437	0.48483	0.01721	0.0336
V390	0.33651	0.21005	0.4499	0.00354
V391	0.57937	0.13045	0.03355	0.25663
V392	0.48227	0.21999	0.20285	0.09488
V393	0.33449	0.20998	0.38494	0.07059
V394	0.18081	0.30016	0.1895	0.32953
V395	0.29241	0.37783	0.24	0.08977
V396	0.0174	0.95739	0.01189	0.01332
V397	0.78463	0.08314	0.11361	0.01862
V398	0.5487	0.15012	0.13427	0.16691
V399	0.24948	0.51976	0.1769	0.05387
V400	0.0024	0.69032	0.10146	0.20582
V401	0.05673	0.13402	0.77038	0.03887
V402	0.79865	0.15947	0.04184	4e-05
V403	0.05884	0.04477	0.16722	0.72917
V404	0.12442	0.17086	0.65757	0.04715
V405	0.36343	0.04362	0.26339	0.32956
V406	0.68357	0.24097	0.02487	0.05059
V407	0.00311	0.97944	0.01292	0.00453
V408	0.14	0.24389	0.48286	0.13325
V409	0.00584	0.04318	0.06124	0.88974
V410	0.12858	0.8186	0.04007	0.01275
V411	0.66114	0.01651	0.00332	0.31903
V412	0.22661	0.07027	0.57694	0.12619
V413	0.09995	0.51302	0.24372	0.14332
V414	0.06157	0.48768	0.38537	0.06538
V415	0.52666	0.03524	0.29277	0.14533
V416	0.01424	0.05838	0.92722	0.00016
V417	0.44401	0.5435	0.00877	0.00371
V418	0.15421	0.1488	0.2592	0.43779
V419	0.03596	0.0156	0.07945	0.86899
V420	0.00273	0.92342	0.02175	0.0521
V421	0.1997	0.03215	0.71247	0.05568
V422	0.11442	0.11697	0.03011	0.73849
V423	0.1068	0.01132	0.86994	0.01193
V424	0.00095	0.04682	0.78323	0.169
V425	0.08629	0.21329	0.6462	0.05422
V426	0.11959	0.0335	0.81348	0.03342
V427	0.11996	0.43459	0.26526	0.1802
V428	0.13615	0.74582	0.07249	0.04555
V429	0.03481	0.01502	0.09762	0.85255
V430	0.77463	0.16531	0.02441	0.03565
V431	0.26052	0.02513	0.55103	0.16331
V432	0.23177	0.14499	0.0997	0.52354
V433	0.09885	0.78452	0.0022	0.11443
V434	0.51316	0.09798	0.08633	0.30252
V435	0.63408	0.01987	0.16695	0.1791
V436	0.5436	0.02144	0.17242	0.26253
V437	0.37306	0.29416	0.01313	0.31964
V438	0.68151	0.17107	0.04756	0.09986
V439	0.08523	0.18264	0.02831	0.70382
V440	0.65135	0.05114	0.05546	0.24205
V441	0.10413	0.119	0.68119	0.09568
V442	0.38853	0.33807	0.17232	0.10107
V443	0.79812	0.01278	0.1124	0.0767
V444	0.01446	0.01676	0.96861	0.00017
V445	0.63242	0.01806	0.33531	0.01421
V446	0.06252	0.82158	0.07428	0.04162
V447	0.66877	0.0895	0.19297	0.04875
V448	0.04736	0.09768	0.35998	0.49497
V449	0.60337	0.03913	0.30915	0.04835
V450	0.18887	0.7904	0.02056	0.00017
V451	0.94121	0.04927	0	0.00952
V452	0.08511	0.02798	0.16554	0.72137
V453	0.81383	0.07862	0.08033	0.02722
V454	0.00273	0.92421	0.06431	0.00876
V455	0.62307	0.03247	0.31387	0.0306
V456	0.37687	0.11439	0.42975	0.079
V457	0.00593	0.06287	0.03978	0.89142
V458	0.41875	0.28362	0.01227	0.28536
V459	0.03194	0.79525	0.12087	0.05194
V460	0.94953	0.01468	0.02953	0.00626
V461	0.14337	0.0659	0.03151	0.75922
V462	0.49778	0.28321	0.002	0.21701
V463	0.31333	0.44208	0.18581	0.05878
V464	0.65906	0.12332	0.00995	0.20767
V465	0.47146	0.41743	0.03696	0.07416
V466	0.66706	0.2072	0.00847	0.11727
V467	0.36019	0.52272	0.09633	0.02076
V468	0.54364	0.36541	0.06281	0.02815
V469	0.03934	0.21975	0.44023	0.30068
V470	0.59714	0.12247	0.20891	0.07149
V471	0.4333	0.14443	0.06637	0.3559
V472	0.45396	0.36137	0.00168	0.18298
V473	0.13553	0.48961	0.36244	0.01242
V474	0.26048	0.00815	0.20242	0.52895
V475	0.28206	0.43134	0.11563	0.17097
V476	0.33258	0.03158	0.11497	0.52087
V477	0.65297	0.041	0.23324	0.0728
V478	0.21419	0.6308	0.01048	0.14453
V479	0.02806	0.0706	0.8577	0.04364
V480	0.16597	0.41379	0.08475	0.33549
V481	0.16919	0.01145	0.8117	0.00766
V482	0.71528	0.14583	0.12061	0.01828
V483	0.25489	0.16214	0.14078	0.44218
V484	0.05975	0.13319	0.06843	0.73863
V485	0.17832	0.73265	0.01965	0.06937
V486	0.37624	0.28263	0.17286	0.16827
V487	0.169	0.07662	0.17843	0.57595
V488	0.00068	0.00432	0.94164	0.05337
V489	0.24104	0.08379	0.66762	0.00755
V490	0.43837	0.32822	0.09661	0.1368
V491	0.48266	0.43759	0.04603	0.03371
V492	0.04434	0.79455	0.15691	0.0042
V493	0.04088	0.01885	0.01557	0.9247
V494	0.23837	0.14169	0.55833	0.06161
V495	0.2749	0.55684	0.15624	0.01203
V496	0.33268	0.64109	0.00107	0.02515
V497	0.0142	0.00591	0.97569	0.0042
V498	0.48688	0.13266	0.08604	0.29442
V499	0.63809	0.22934	0.1292	0.00337
V500	0.1314	0.10317	0.74514	0.02029
V501	0.00575	0.01636	0.10236	0.87553
V502	0.59262	0.23623	0.15657	0.01458
V503	0.32074	0.11791	0.29237	0.26898
V504	0.2923	0.65498	0.01821	0.03451
V505	0.29057	0.22389	0.3235	0.16204
V506	0.1334	0.24469	0.52493	0.09698
V507	0.67406	0.10334	0.14403	0.07857
V508	0.76894	0.15846	0.0502	0.02241
V509	0.29169	0.05868	0.55777	0.09186
V510	0.27057	0.45139	0.27429	0.00375
V511	0.09746	0.53264	0.08062	0.28929
V512	0.41008	0.07145	0.14161	0.37686
V513	0.11549	0.60397	0.24493	0.03561
V514	0.03458	0.12868	0.01324	0.8235
V515	0.80461	0.06989	0.06295	0.06255
V516	0.90913	0.08741	6e-05	0.0034
V517	0.08888	0.03848	0.43554	0.4371
V518	0.96073	0.03624	0	0.00303
V519	0.04772	0.88481	0.01094	0.05653
V520	0.04796	0.00298	0.77027	0.17879
V521	0.58478	0.04015	0.36066	0.01441
V522	0.01595	0.12743	0.7092	0.14743
V523	0.4315	0.13013	0.31401	0.12436
V524	0.01603	0.74088	0.22552	0.01757
V525	0.39813	0.26196	0.04932	0.29059
V526	0.71872	0.08853	0.09653	0.09622
V527	0.29843	0.02567	0.49469	0.18121
V528	0.14406	0.82816	0.00175	0.02604
V529	0.1272	0.0873	0.37797	0.40753
V530	0.01453	0.18821	0.74216	0.05511
V531	0.03091	0.83245	0.13646	0.00018
V532	0.2911	0.39505	0.04863	0.26523
V533	0.35926	0.35491	0.1753	0.11053
V534	0.01549	0.00992	0.8438	0.13079
V535	0.72882	0.00689	0.02055	0.24374
V536	0.29658	0.00316	0.48384	0.21641
V537	0.61515	0.22118	0.15668	0.00699
V538	0.6004	0.0687	0.12602	0.20488
V539	0.32792	0.4107	0.18876	0.07261
V540	0.25619	0.63506	0.08776	0.021
V541	0.03845	0.6207	0.10551	0.23534
V542	0.30548	0.14388	0.34005	0.21059
V543	0.91722	0.01566	0.01573	0.0514
V544	0.20305	0.12335	0.2874	0.3862
V545	0.5061	0.17012	0.10573	0.21805
V546	0.07298	0.84024	0.08257	0.00421
V547	0.05796	0.58795	0.34582	0.00826
V548	0.20328	0.69478	0.09797	0.00396
V549	0.36035	0.02531	0.60718	0.00716
V550	0.74441	0.04136	0.00165	0.21258
V551	0.22979	0.69093	0.04873	0.03055
V552	0.00295	0.69206	0.01495	0.29003
V553	0.25837	0.12595	0.60426	0.01143
V554	0.13204	0.15365	0.06133	0.65298
V555	0.14888	0.24506	0.43061	0.17545
V556	6e-04	0.02114	0.96161	0.01665
V557	0.87335	0.03772	0.01591	0.07302
V558	0.10754	0.78506	0.04159	0.06581
V559	0.01624	0.76362	0.21997	0.00017
V560	0.71218	0.28404	0.00028	0.0035
V561	7e-04	0.01551	0.97954	0.00425
V562	0.80557	0.01258	0.13427	0.04758
V563	0.27965	0.00491	0.71187	0.00358
V564	0.07887	0.0616	0.85163	0.0079
V565	0.1888	0.25803	0.44189	0.11127
V566	0.77975	0.11093	0.00778	0.10154
V567	0.3215	0.47974	0.04232	0.15644
V568	0.43157	0.01723	0.10331	0.4479
V569	0.80239	0.04052	0.00107	0.15602
V570	0.04245	0.26168	0.6607	0.03518
V571	0.83373	0.13455	1e-05	0.03171
V572	0.47225	0.00994	0.46784	0.04997
V573	0.14462	0.28053	0.02148	0.55338
V574	0.05892	0.73434	0.19836	0.00838
V575	0.05074	0.13788	0.25265	0.55873
V576	0.20139	0.74181	0.04866	0.00813
V577	0.09158	0.06625	0.38113	0.46104
V578	0.08785	0.06108	0.76035	0.09072
V579	0.01648	0.85359	0.11677	0.01316
V580	0.30417	0.01737	0.2072	0.47126
V581	0.16118	0.14106	0.01011	0.68764
V582	0.66221	0.16623	0.04931	0.12225
V583	0.01655	0.04661	0.75362	0.18322
V584	0.52959	0.14379	0.30699	0.01963
V585	0.01941	0.01237	0.6639	0.30431
V586	0.27622	0.00931	0.66933	0.04514
V587	0.29579	0.01057	0.67833	0.0153
V588	0.74642	0.05734	0.03911	0.15713
V589	0.0917	0.78814	0.08381	0.03636
V590	0.07226	0.70647	0.21716	0.00412
V591	0.00324	0.06094	0.39446	0.54136
V592	0.18613	0.02841	0.78535	1e-04
V593	0.66047	0.00493	0.22424	0.11036
V594	0.36428	0.25924	0.35146	0.02501
V595	0.06297	0.05319	0.05451	0.82933
V596	0.07475	0.33752	0.32875	0.25898
V597	0.00147	0.55853	0.39325	0.04675
V598	0.02729	0.0989	0.86572	0.00809
V599	0.65337	0.28956	0.04207	0.015
V600	0.41736	0.45287	0.06807	0.0617
V601	0.27329	0.3337	0.12877	0.26424
V602	0.06399	0.05588	0.03586	0.84427
V603	0.02374	0.53594	0.03177	0.40854
V604	0.53265	0.10683	0.34553	0.01499
V605	0.1081	0.32505	0.46745	0.09939
V606	0.7685	0.15785	0.01557	0.05809
V607	0.73128	0.01947	0.13934	0.10991
V608	0.29537	0.15776	0.43914	0.10773
V609	0.05825	0.29651	0.35739	0.28786
V610	0.79929	0.02792	0.11059	0.0622
V611	0.49609	0.01607	0.09732	0.39052
V612	0.04161	0.07893	0.84538	0.03408
V613	0.05625	0.29672	0.62596	0.02107
V614	0.8004	0.06991	0.06314	0.06655
V615	0.29037	0.09627	0.02293	0.59042
V616	0.12573	0.71982	0.06449	0.08996
V617	0.49225	0.14118	0.36652	5e-05
V618	0.84332	0.01489	0.00091	0.14088
V619	0.46346	0.03387	0.37663	0.12603
V620	0.01538	0.61097	0.36953	0.00413
V621	0.49413	0.16417	0.22072	0.12099
V622	0.38693	0.19716	0.40033	0.01559
V623	0.05016	0.12021	0.28696	0.54266
V624	0.80001	0.18893	6e-05	0.011
V625	0.32962	0.47309	0.12435	0.07294
V626	0.96395	0.0297	0	0.00635
V627	0.00479	0.0471	0.16791	0.78021
V628	0.00409	0.37981	0.03992	0.57618
V629	0.19258	0.30574	0.35108	0.1506
V630	0.0566	0.29833	0.61951	0.02556
V631	0.04705	0.2957	0.19971	0.45754
V632	0.68196	0.00516	0.17633	0.13655
V633	0.00058	0.02689	0.9105	0.06203
V634	0.4259	0.2298	0.34075	0.00356
V635	0.05062	0.82135	0.01139	0.11663
V636	0.16566	0.09483	0.67859	0.06091
V637	0.43061	0.22793	0.13125	0.21021
V638	0.47749	0.27739	0.09745	0.14768
V639	0.32438	0.36258	0.31296	8e-05
V640	0.05549	0.13387	0.78549	0.02515
V641	0.90758	0.03967	0.02914	0.02361
V642	0.78948	0.175	2e-05	0.03551
V643	0.01721	0.20388	0.59068	0.18823
V644	0.90357	0.08158	0.0077	0.00714
V645	0.29913	0.36124	0.32785	0.01179
V646	0.01751	0.96545	0.01257	0.00448
V647	0.17903	0.07529	0.71665	0.02903
V648	0.44287	0.38786	0.15337	0.0159
V649	0.04129	0.0523	0.87674	0.02966
V650	0.08257	0.07723	0.80673	0.03346
V651	0.34815	0.00496	0.64342	0.00347
V652	0.14753	0.09763	0.56286	0.19198
V653	0.17949	0.63447	0.1269	0.05914
V654	0.71066	0.19064	0.07106	0.02764
V655	0.07325	0.67643	0.03615	0.21417
V656	0.34474	0.33854	0.02433	0.29239
V657	0.06218	0.14056	0.03192	0.76534
V658	0.65122	0.2067	0.07437	0.06772
V659	0.39392	0.08737	0.41778	0.10093
V660	0.04599	0.93836	0.0024	0.01326
V661	0.11764	0.52247	0.0928	0.2671
V662	0.43933	0.01694	0.4932	0.05053
V663	0.2834	0.06594	0.5946	0.05606
V664	0.23451	0.05764	0.68358	0.02427
V665	0.72551	0.17859	0.05128	0.04462
V666	0.70966	0.00502	0.13231	0.15301
V667	0.76419	0.06687	0.16891	3e-05
V668	0.16753	0.7335	0.09882	0.00015
V669	0.28671	0.3787	0.28182	0.05277
V670	0.1163	0.86888	0.00199	0.01283
V671	0.40236	0.26383	0.28634	0.04747
V672	0.02769	0.02009	0.93579	0.01643
V673	0.29783	0.34992	0.27051	0.08174
V674	0.76506	0.14841	0.02448	0.06205
V675	0.19932	0.32046	0.37808	0.10213
V676	0.07356	0.18103	0.21048	0.53493
V677	0.43585	0.38182	0.11991	0.06241
V678	0.55458	0.42487	0.01693	0.00362
V679	0.06896	0.27385	0.64915	0.00805
V680	0.34499	0.48677	0.15626	0.01198
V681	0.89829	0.07144	0.01564	0.01463
V682	0.14655	0.26177	0.57085	0.02083
V683	0.01765	0.95857	0.02356	0.00023
V684	0.7162	0.15057	0.10632	0.02691
V685	0.52556	0.30964	0.14074	0.02406
V686	0.17866	0.2422	0.25012	0.32901
V687	0.06386	0.03682	0.05622	0.8431
V688	0.44236	0.48952	0.00077	0.06734
V689	0.45135	0.008	0.08844	0.45221
V690	0.49296	0.04006	0.43523	0.03176
V691	0.18264	0.005	0.80861	0.00375
V692	0.10989	0.12231	0.73415	0.03366
V693	0.31464	0.11004	0.43933	0.13599
V694	0.02298	0.03912	0.5074	0.43049
V695	0.39132	0.01361	0.25064	0.34443
V696	0.18051	0.14863	0.04131	0.62955
V697	0.03434	0.10907	0.03438	0.82221
V698	0.88777	0.01463	0.01615	0.08145
V699	0.60728	0.26461	0.08167	0.04645
V700	0.43442	0.04632	0.01955	0.49971
V701	0.17672	0.54355	0.15006	0.12967
V702	0.68846	0.09947	0.01945	0.19262
V703	0.19879	0.05327	0.59294	0.155
V704	0.85209	0.055	0.03463	0.05829
V705	0.96501	0.00813	0.01397	0.0129
V706	0.10971	0.04168	0.80616	0.04245
V707	0.05708	0.38991	0.5317	0.0213
V708	0.06244	0.86513	0.03108	0.04136
V709	0.17499	0.23663	0.54884	0.03955
V710	0.65542	0.20843	0.06509	0.07106
V711	0.12929	0.74125	0.11241	0.01705
V712	0.86017	0.06484	0.00749	0.06749
V713	0.51678	0.31313	0.05006	0.12003
V714	0.01918	0.77153	0.03568	0.17361
V715	0.33805	0.30132	0.32646	0.03417
V716	0.08625	0.07836	0.10671	0.72868
V717	0.11571	0.87377	0.00207	0.00845
V718	0.20392	0.52381	0.21287	0.05939
V719	0.09866	0.73868	0.0548	0.10786
V720	0.71423	0.0058	0.24562	0.03435
V721	0.17767	0.16165	0.5489	0.11179
V722	0.18405	0.4538	0.02783	0.33433
V723	0.24443	0.14289	0.02283	0.58985
V724	0.69665	0.03678	0.11437	0.15219
V725	0.00061	0.08171	0.90112	0.01656
V726	0.07749	0.46341	0.19193	0.26716
V727	0.31726	0.57375	0.10521	0.00378
V728	0.04451	0.83619	0.11505	0.00425
V729	0.53816	0.02019	0.2272	0.21445
V730	0.90992	0.03291	0.0443	0.01288
V731	0.05141	0.21815	0.5269	0.20354
V732	0.41762	0.07801	0.40376	0.1006
V733	0.69616	0.18852	0.04444	0.07088
V734	0.29039	0.25536	0.45069	0.00356
V735	0.03527	0.02952	0.67499	0.26021
V736	0.31715	0.02586	0.0252	0.63179
V737	0.37926	0.27397	0.27512	0.07165
V738	0.11632	0.31116	0.50487	0.06766
V739	0.00109	0.01095	0.78735	0.20061
V740	0.82691	0.08731	0.07862	0.00716
V741	0.57469	0.11484	0.16482	0.14565
V742	0.46258	0.51957	0.01775	1e-04
V743	0.16208	0.12108	0.70494	0.0119
V744	0.54803	0.04085	0.35516	0.05595
V745	0.0316	0.68272	0.2241	0.06157
V746	0.98706	0.00998	0	0.00296
V747	0.08868	0.00278	0.80272	0.10583
V748	0.16976	0.09655	0.64924	0.08444
V749	0.42141	0.21784	0.08673	0.27402
V750	0.47309	0.43839	0.02657	0.06196
V751	0.07596	0.84065	0.05178	0.03162
V752	0.51606	0.22778	0.16746	0.0887
V753	0.03856	0.04628	0.01476	0.90039
V754	0.01758	0.94316	0.00235	0.03691
V755	0.22366	0.20134	0.42293	0.15207
V756	0.06078	0.03204	0.11219	0.795
V757	0.38206	0.52628	0.07552	0.01614
V758	0.07584	0.73242	0.15047	0.04127
V759	0.19581	0.06696	0.53013	0.2071
V760	0.39429	0.06405	0.35924	0.18242
V761	0.10362	0.53701	0.31416	0.04521
V762	0.00334	0.55574	0.03208	0.40885
V763	0.47808	0.36349	0.03883	0.11959
V764	0.01747	0.93437	0.01133	0.03683
V765	0.768	0.10413	0.00074	0.12713
V766	0.03129	0.32208	0.53254	0.11409
V767	0.51254	0.12665	0.28661	0.0742
V768	0.08793	0.86834	0.03077	0.01295
V769	0.1882	0.76443	0.0392	0.00817
V770	0.01751	0.96545	0.01257	0.00448
V771	0.19285	0.01136	0.78821	0.00758
V772	0.1579	0.03567	0.80265	0.00377
V773	0.21298	0.76884	0.01004	0.00814
V774	0.02751	0.00468	0.95143	0.01638
V775	0.20577	0.05371	0.42891	0.31161
V776	0.47843	0.39752	0.06682	0.05723
V777	0.30281	0.15163	0.22172	0.32383
V778	0.58007	0.26738	0.08585	0.06669
V779	0.2408	0.04231	0.58184	0.13505
V780	0.15227	0.69697	0.15062	0.00014
V781	0.1156	0.0642	0.07033	0.74987
V782	0.01393	0.10766	0.84404	0.03437
V783	0.83691	0.02822	0.06234	0.07254
V784	0.15213	0.82329	0.02043	0.00415
V785	0.06044	0.9052	0.02127	0.01309
V786	0.72955	0.15088	0.0969	0.02267
V787	0.00229	0.80252	0.19088	0.0043
V788	0.5344	0.2724	0.16903	0.02417
V789	0.14357	0.47851	0.05502	0.32289
V790	0.60894	0.04008	0.11609	0.23489
V791	0.19224	0.35413	0.37567	0.07797
V792	0.21445	0.59769	0.01113	0.17673
V793	0.18976	0.6586	0.05232	0.09931
V794	0.07026	0.06917	0.82206	0.03851
V795	0.23811	0.07622	0.12253	0.56313
V796	0.04075	0.07125	0.87581	0.01219
V797	0.78453	0.00484	0.20467	0.00596
V798	0.64231	0.2601	0.08677	0.01082
V799	0.18731	0.73297	0.03945	0.04027
V800	0.11654	0.02672	0.66085	0.1959
V801	0.21538	0.13445	0.44059	0.20958
V802	0.0828	0.10814	0.44009	0.36897
V803	0.26914	0.44779	0.28297	1e-04
V804	0.54872	0.01745	0.39818	0.03565
V805	0.01469	0.00722	0.97789	0.00019
V806	0.07502	0.88227	0.02071	0.02201
V807	0.40734	0.2025	0.06414	0.32602
V808	0.68297	0.24678	0.05125	0.019
V809	0.05365	0.03126	0.91494	0.00015
V810	0.01773	0.97495	0.00278	0.00454
V811	0.50443	0.08401	0.26237	0.14919
V812	0.59626	0.26326	0.06704	0.07345
V813	0.62078	0.1698	0.19486	0.01456
V814	0.47972	0.46335	0.05332	0.00361
V815	0.00264	0.89732	0.09567	0.00437
V816	0.93049	0.00897	0.06053	2e-05
V817	0.04061	0.06323	0.8881	0.00806
V818	0.00515	0.10401	0.09314	0.7977
V819	0.83094	0.08601	0.06039	0.02265
V820	0.27387	0.15924	0.05024	0.51665
V821	0.26528	0.28353	0.4124	0.03879
V822	0.09335	0.01923	0.87542	0.012
V823	0.04313	0.17605	0.73203	0.04879
V824	0.11827	0.32562	0.55601	0.00011
V825	0.29509	0.28869	0.30611	0.11011
V826	0.4669	0.35895	0.16675	0.00739
V827	0.42684	0.53975	0.01745	0.01596
V828	0.35177	0.20665	0.16871	0.27287
V829	0.09166	0.36533	0.07929	0.46371
V830	0.35588	0.29325	0.05056	0.30032
V831	0.80154	0.09627	0.04343	0.05876
V832	0.33207	0.38305	0.2021	0.08278
V833	0.2119	0.48537	0.21973	0.08299
V834	0.45029	0.10107	0.13116	0.31747
V835	0.40453	0.41278	0.13954	0.04315
V836	0.01951	0.78887	0.01274	0.17888
V837	0.29319	0.37259	0.23182	0.1024
V838	0.92893	0.04025	0.0279	0.00292
V839	0.35682	0.5266	0.11289	0.00369
V840	0.35827	0.63187	0.00973	0.00013
V841	0.00056	0.03691	0.93254	0.02999
V842	0.42335	0.16704	0.30744	0.10216
V843	0.02775	0.01835	0.91497	0.03893
V844	0.18297	0.1004	0.50679	0.20984
V845	0.09761	0.09514	0.77343	0.03383
V846	0.00071	0.01049	0.88062	0.10818
V847	0.00632	0.01806	0.0465	0.92912
V848	0.14178	0.51922	0.22193	0.11707
V849	0.00287	0.96261	0.0118	0.02272
V850	0.97019	0.00891	0.01454	0.00636
V851	0.38836	0.45352	0.15803	9e-05
V852	0.22145	0.08001	0.24376	0.45478
V853	0.29653	0.20702	0.43446	0.06199
V854	0.63987	0.16825	0.12441	0.06748
V855	0.00632	0.01806	0.0465	0.92912
V856	0.08201	0.36028	0.43513	0.12258
V857	0.71676	0.17653	0.04367	0.06304
V858	0.56545	0.01227	0.41889	0.00339
V859	0.69643	0.22907	0.02455	0.04994
V860	0.33825	0.16569	0.101	0.39506
V861	0.11879	0.30928	0.56402	0.00792
V862	0.16336	0.07559	0.73667	0.02438
V863	0.38625	0.10125	0.00657	0.50593
V864	0.15679	0.06958	0.11559	0.65805
V865	0.21263	0.01288	0.4216	0.35289
V866	0.7201	0.01993	0.25314	0.00683
V867	0.72326	0.02723	0.24629	0.00322
V868	0.54637	0.25878	0.15328	0.04158
V869	0.0319	0.95133	0.01233	0.00444
V870	0.19372	0.44629	0.04017	0.31983
V871	0.00287	0.96261	0.0118	0.02272
V872	0.02442	0.02952	0.45955	0.48651
V873	0.89997	0.03199	0.05185	0.0162
V874	0.25156	0.70986	0.03843	0.00014
V875	0.04237	0.2653	0.33988	0.35245
V876	0.20905	0.29771	0.44554	0.04769
V877	0.08263	0.41088	0.37744	0.12905
V878	0.17962	0.74131	0.07892	0.00015
V879	0.24933	0.64798	0.05896	0.04373
V880	0.38078	0.53529	0.00873	0.0752
V881	0.20133	0.04098	0.6656	0.09209
V882	0.81262	0.00668	0.14227	0.03844
V883	0.3268	0.16561	0.50752	7e-05
V884	0.04837	0.43348	0.00697	0.51118
V885	0.71737	0.1887	0.09389	4e-05
V886	0.0301	0.35222	0.5426	0.07508
V887	0.68033	0.06747	0.1825	0.0697
V888	0.13571	0.04126	0.77598	0.04705
V889	0.92186	0.0476	0.02112	0.00942
V890	0.06083	0.14057	0.7068	0.09179
V891	0.64074	0.04782	0.28904	0.0224
V892	0.43814	0.23537	0.02402	0.30246
V893	0.61081	0.19356	0.16445	0.03118
V894	0.09707	0.27325	0.60877	0.02091
V895	0.64391	0.06578	0.22179	0.06852
V896	0.06073	0.91483	0.01131	0.01313
V897	0.71324	0.24784	0.00733	0.03158
V898	0.68089	0.00736	0.01229	0.29945
V899	0.06594	0.27678	0.25295	0.40433
V900	0.12605	0.30171	0.44455	0.12769
V901	0.06495	0.85193	0.01079	0.07233
V902	0.07314	0.86046	0.06216	0.00424
V903	0.01476	0.38712	0.57187	0.02624
V904	0.03209	0.96075	0.00267	0.00449
V905	0.28418	0.00583	0.30334	0.40664
V906	0.53208	0.11074	0.15132	0.20585
V907	0.47016	0.47385	0.02647	0.02951
V908	0.03027	0.09096	0.16123	0.71754
V909	0.18622	0.77236	0.00156	0.03985
V910	0.31995	0.00707	0.21927	0.4537
V911	0.55143	0.3663	0.04478	0.03748
V912	0.44448	0.31887	0.1559	0.08076
V913	0.26265	0.01333	0.0286	0.69542
V914	0.22293	0.43703	0.3189	0.02113
V915	0.43194	0.01046	0.02109	0.53651
V916	0.27991	0.04892	0.64703	0.02414
V917	0.73513	0.03376	0.18294	0.04817
V918	0.07505	0.60013	0.27431	0.05052
V919	0.27653	0.23644	0.35806	0.12897
V920	0.64886	0.18989	0.11069	0.05056
V921	0.07626	0.27119	0.07334	0.57921
V922	0.13725	0.41713	0.42004	0.02558
V923	0.18279	0.04046	0.09865	0.6781
V924	0.05909	0.617	0.3067	0.01721
V925	0.35777	0.06135	0.03611	0.54477
V926	0.38508	0.04487	0.06508	0.50498
V927	0.05922	0.07901	0.12767	0.7341
V928	0.07653	0.87681	0.01067	0.036
V929	0.09495	0.64312	0.17073	0.0912
V930	0.54709	0.35505	0.04557	0.05229
V931	0.17914	0.2457	0.53579	0.03936
V932	0.06178	0.11251	0.71303	0.11268
V933	0.63037	0.34642	0.01602	0.00718
V934	0.02106	0.20314	0.44521	0.3306
V935	0.59429	0.14881	0.22155	0.03535
V936	0.59834	0.27901	0.02686	0.09579
V937	0.61795	0.14331	0.11531	0.12343
V938	0.44839	0.05197	0.37131	0.12833
V939	0.79624	0.02913	0.09531	0.07931
V940	0.04491	0.75193	0.18106	0.02211
V941	0.00076	0.00636	0.98858	0.0043
V942	0.73999	0.17277	0.07659	0.01065
V943	0.40977	0.11972	0.44148	0.02902
V944	0.04507	0.39118	0.12645	0.4373
V945	0.59956	0.33759	0.01624	0.0466
V946	0.47329	0.23522	0.27156	0.01992
V947	0.16497	0.0712	0.38123	0.3826
V948	0.36238	0.0255	0.60106	0.01106
V949	0.00277	0.16812	0.37058	0.45852
V950	0.09541	0.5332	0.26928	0.10212
V951	0.8375	0.01807	0.14154	0.0029
V952	0.13531	0.1638	0.40388	0.29701
V953	0.02755	0.04536	0.91063	0.01645
V954	0.08804	0.25943	0.25087	0.40167
V955	0.19686	0.62799	0.04254	0.1326
V956	0.06922	0.02794	0.68349	0.21935
V957	0.56985	0.02796	0.00455	0.39764
V958	0.04088	0.01885	0.01557	0.9247
V959	0.27792	0.23073	0.45301	0.03834
V960	0.35117	0.31427	0.12065	0.2139
V961	0.18725	0.35878	0.39133	0.06264
V962	0.39547	0.15594	0.41079	0.0378
V963	0.6239	0.16053	0.176	0.03958
V964	0.82948	0.03687	0.11492	0.01873
V965	0.09768	0.51875	0.25249	0.13109
V966	0.96448	0.02234	0.00684	0.00633
V967	0.10004	0.04564	0.6707	0.18362
V968	0.00061	0.13704	0.82772	0.03463
V969	0.02469	0.43283	0.08091	0.46157
V970	0.07018	0.13582	0.57367	0.22034
V971	0.51805	0.08389	0.35602	0.04203
V972	0.59115	0.21435	0.07061	0.12389
V973	0.35241	0.42393	0.10744	0.11621
V974	0.01651	0.77051	0.16594	0.04704
V975	0.12968	0.24917	0.61736	0.00379
V976	0.50119	0.25203	0.14758	0.09919
V977	0.36009	0.30349	0.33283	0.00359
V978	0.14368	0.15244	0.14094	0.56294
V979	0.78701	0.02141	0.18829	0.00329
V980	0.98706	0.00998	0	0.00296
V981	0.39338	0.03253	0.48449	0.0896
V982	0.4803	0.37511	0.09677	0.04782
V983	0.7912	0.07578	0.00826	0.12476
V984	0.031	0.8077	0.13907	0.02222
V985	0.16147	0.30269	0.01991	0.51593
V986	0.38452	0.48964	0.06801	0.05783
V987	0.29084	0.69563	0.00129	0.01224
V988	0.40463	0.03374	0.03547	0.52616
V989	0.48838	0.40994	0.09035	0.01132
V990	0.00061	0.0444	0.88263	0.07235
V991	0.66651	0.32593	0.00029	0.00727
V992	0.26996	0.00878	0.59832	0.12294
V993	0.10162	0.67316	0.19898	0.02624
V994	0.23368	0.71967	0.03856	0.00809
V995	0.77756	0.11349	0.04329	0.06565
V996	0.43871	0.17287	0.02666	0.36176
V997	0.02853	0.00998	0.90013	0.06136
V998	0.89031	0.01785	0.06855	0.02329
V999	0.16294	0.83089	0.00197	0.0042
V1000	0.53549	0.03956	0.00477	0.42018
