cytotoxic.CD56.dim.NK.cell	memory.CD4.pos.AB.T.cell	memory.B.cell	CD14.pos.CD16.neg.classical.monocyte
V1	0.57234	0.00892	0.17736	0.24138
V2	0.15572	0.08354	0.05942	0.70131
V3	0.04997	0.66295	0.0137	0.27338
V4	0.86386	0.11873	0	0.01741
V5	0.10302	0.49037	0.26596	0.14065
V6	0.06818	0.89543	0.01915	0.01724
V7	0.14431	0.37507	0.08931	0.39132
V8	0.1248	0.03323	0.81547	0.0265
V9	0.24567	0.23968	0.04108	0.47357
V10	0.0188	0.03916	0.89977	0.04226
V11	0.20394	0.35679	0.43404	0.00523
V12	0.02245	0.60029	0.36597	0.01129
V13	0.25466	0.72325	0.00497	0.01712
V14	0.06251	0.92576	0.0064	0.00534
V15	0.11233	0.62951	0.12117	0.13699
V16	0.91368	0.04499	0.01772	0.02361
V17	0.07778	0.89287	0.01209	0.01726
V18	0.57599	0.35225	0.04095	0.03081
V19	0.14849	0.83525	0.00536	0.0109
V20	0.16408	0.4881	0.02136	0.32646
V21	0.12527	0.05768	0.79058	0.02646
V22	0.01663	0.08515	0.23809	0.66013
V23	0.38	0.04532	0.56899	0.0057
V24	0.9261	0.04223	0.03114	0.00053
V25	0.35783	0.23043	0.13738	0.27436
V26	0.40038	0.4007	0.01867	0.18024
V27	0.10536	0.05557	0.02818	0.8109
V28	0.00377	0.08586	0.90825	0.00212
V29	0.43988	0.0301	0.50529	0.02472
V30	0.0965	0.20519	0.31012	0.38818
V31	0.20461	0.17851	0.32726	0.28962
V32	0.08556	0.02763	0.04204	0.84476
V33	0.03928	0.50865	0.36904	0.08302
V34	0.12481	0.0436	0.80512	0.02647
V35	0.15094	0.74818	0.07685	0.02403
V36	0.00721	0.03388	0.53072	0.42818
V37	0.57331	0.05996	0.10021	0.26652
V38	0.44519	0.00495	0.18679	0.36307
V39	0.15794	0.5923	0.13118	0.11858
V40	0.09125	0.837	0.07146	3e-04
V41	0.00585	0.71575	0.04567	0.23273
V42	0.23146	0.02283	0.23592	0.50979
V43	0.12473	0.33485	0.5149	0.02553
V44	0.01404	0.06509	0.77759	0.14328
V45	0.08969	0.61363	0.22305	0.07363
V46	0.80258	0.07417	0.11822	0.00503
V47	0.45847	0.17709	0.32449	0.03994
V48	0.8042	0.17433	0.00437	0.0171
V49	0.74556	0.18728	0	0.06716
V50	0.06003	0.85776	0.07732	0.00489
V51	0.30854	0.40624	0.26059	0.02463
V52	0.02466	0.10684	0.84156	0.02694
V53	0.72642	0.1256	0.14755	0.00043
V54	0.42812	0.182	0.37235	0.01754
V55	0.22002	0.11388	0.2703	0.3958
V56	0.0482	0.01511	0.10873	0.82796
V57	0.08806	0.88152	0.01957	0.01085
V58	0.67026	0.00795	0.04381	0.27799
V59	0.4374	0.41797	0.10559	0.03904
V60	0.13172	0.1363	0.36719	0.36479
V61	0.82401	0.09878	0.0102	0.067
V62	0.88478	0.03893	0.06545	0.01084
V63	0.01386	0.85624	0.11264	0.01726
V64	0.0072	0.88556	0.00086	0.10639
V65	0.01744	0.00793	0.13009	0.84453
V66	0.20522	0.72312	0.01798	0.05369
V67	0.14788	0.32524	0.51541	0.01147
V68	0.16594	0.14625	0.02858	0.65923
V69	0.02223	0.30203	0.63471	0.04103
V70	0.56688	0.13807	0.1877	0.10735
V71	0.16537	0.05759	0.4206	0.35645
V72	0.6031	0.14682	0.0982	0.15188
V73	0.14417	0.64476	0.13829	0.07278
V74	0.05642	0.22499	0.71735	0.00124
V75	0.72225	0.00852	0.19401	0.07522
V76	0.00072	0.1727	0.21079	0.61579
V77	0.0378	0.31821	0.01282	0.63117
V78	0.32188	0.1015	0.20749	0.36913
V79	0.00722	0.09087	0.82814	0.07377
V80	0.35002	0.02203	0.55646	0.07148
V81	0.0546	0.15997	0.77911	0.00632
V82	0.00234	0.08676	0.90279	0.00811
V83	0.1391	0.17643	0.08545	0.59902
V84	0.41768	0.03625	0.17946	0.36661
V85	0.10417	0.30852	0.43523	0.15208
V86	0.0441	0.05536	0.8662	0.03434
V87	0.02945	0.86663	0.05061	0.05331
V88	0.1702	0.0481	0.30744	0.47427
V89	0.02005	0.01477	0.24474	0.72044
V90	0.02286	0.9148	0.0514	0.01093
V91	0.03006	0.76424	0.18148	0.02422
V92	0.46446	0.02136	0.39998	0.1142
V93	0.90025	0.02034	0	0.07941
V94	0.01488	0.48656	0.02534	0.47322
V95	0.258	0.44772	0.16392	0.13036
V96	0.07637	0.10455	0.03535	0.78373
V97	0.68976	0.10163	0.20362	0.00498
V98	0.68004	0.30899	0	0.01097
V99	0.80055	0.04964	0.14472	0.00509
V100	0.07491	0.04336	0.86167	0.02006
V101	0.0311	0.06239	0.01299	0.89351
V102	0.92507	0.05873	0.00492	0.01128
V103	0.01175	0.05018	0.11911	0.81896
V104	0.02616	0.96134	0.00699	0.00551
V105	0.05212	0.929	0.0136	0.00528
V106	0.11233	0.52734	0.32783	0.03249
V107	0.18223	0.18725	0.58945	0.04107
V108	0.14192	0.76957	0.08819	0.00032
V109	0.01343	0.14292	0.63849	0.20515
V110	0.04919	0.89893	0.03466	0.01721
V111	0.91379	0.01346	0.06729	0.00546
V112	0.12859	0.05023	0.47918	0.342
V113	0.19752	0.09499	0.2038	0.50369
V114	0.26218	0.04054	0.09477	0.60251
V115	0.00698	0.77184	0.21597	0.00521
V116	0.13928	0.30784	0.40032	0.15255
V117	0.68433	0.25251	0.03247	0.03068
V118	0.15858	0.61462	0.03579	0.19102
V119	0.12184	0.07623	0.06177	0.74016
V120	0.07519	0.07354	0.83826	0.01301
V121	0.62576	0.11679	0.09769	0.15976
V122	0.95675	0.01938	0.01243	0.01144
V123	0.00629	0.55324	0.04972	0.39076
V124	0.66038	0.29478	0	0.04484
V125	0.38669	0.42277	0.17334	0.0172
V126	0.03989	0.15647	0.06275	0.7409
V127	0.17067	0.03958	0.29614	0.49361
V128	0.0354	0.0152	0.14092	0.80848
V129	0.5911	0.22444	0.16047	0.024
V130	0.00689	0.67161	0.31616	0.00535
V131	0.02281	0.91696	0.00065	0.05958
V132	0.94009	0.01648	0.02606	0.01736
V133	0.91513	0.02416	0.04973	0.01098
V134	0.10698	0.41128	0.14127	0.34048
V135	0.08279	0.01848	0.2161	0.68263
V136	0.24815	0.42397	0.01332	0.31456
V137	0.66474	0.0339	0.248	0.05336
V138	0.21279	0.41567	0.1905	0.18105
V139	0.36952	0.1959	0.21328	0.2213
V140	0.03235	0.09686	0.06802	0.80277
V141	0.06074	0.14087	0.58925	0.20914
V142	0.78201	0.0192	0.19812	0.00067
V143	0.45191	0.26112	0.07236	0.2146
V144	0.17345	0.14751	0.19258	0.48647
V145	0.00094	0.77892	0.21481	0.00533
V146	0.06726	0.01824	0.04663	0.86788
V147	0.92432	0.02783	0.01768	0.03016
V148	0.12536	0.06473	0.62515	0.18475
V149	0.25591	0.52674	0.21244	0.00491
V150	0.081	0.23082	0.62155	0.06663
V151	0.19993	0.66017	0.03419	0.10571
V152	0.23115	0.45913	0.22631	0.08341
V153	0.09795	0.78904	0.01865	0.09436
V154	0.2376	0.46584	0.27181	0.02475
V155	0.48971	0.13192	0.29671	0.08166
V156	0.0311	0.12803	0.73134	0.10953
V157	0.31369	0.14474	0.34104	0.20053
V158	0.03135	0.00539	0.05492	0.90835
V159	0.89345	0.06941	0	0.03714
V160	0.72043	0.00906	0.06759	0.20292
V161	0.2328	0.01032	0.042	0.71488
V162	0.06561	0.32051	0.09369	0.52019
V163	0.09249	0.51827	0.17912	0.21012
V164	0.35323	0.31346	0.11446	0.21885
V165	0.01051	0.30423	0.00698	0.67828
V166	0.01011	0.10923	0.0903	0.79036
V167	0.38386	0.00386	0.01302	0.59926
V168	0.2797	0.59507	0.07809	0.04714
V169	0.20501	0.05324	0.04893	0.69282
V170	0.10461	0.02354	0.57138	0.30048
V171	0.12504	0.2337	0.60782	0.03345
V172	0.71299	0.01665	0.26499	0.00536
V173	0.0297	0.15969	0.05392	0.7567
V174	0.01777	0.17828	0.09312	0.71083
V175	0.061	0.02856	0.80483	0.10561
V176	0.00704	0.82937	0.15843	0.00515
V177	0.00999	0.97749	7e-04	0.01182
V178	0.00614	0.80897	0.0069	0.17798
V179	0.1639	0.01436	0.42612	0.39561
V180	0.02698	0.89988	0.07282	0.00031
V181	0.1611	0.11975	0.57957	0.13958
V182	0.30149	0.17198	0.47738	0.04915
V183	0.17029	0.81896	0.00566	0.00509
V184	0.96503	0.02117	0.0131	7e-04
V185	0.5578	0.42586	0.01142	0.00493
V186	0.11391	0.50028	0.27447	0.11134
V187	0.94616	0.02051	0.02777	0.00556
V188	0.06094	0.2626	0.00639	0.67007
V189	0.83855	0.02274	0.01752	0.12119
V190	0.65582	0.02336	0.31544	0.00538
V191	0.18232	0.19888	0.58561	0.03319
V192	0.304	0.48834	0.05256	0.15509
V193	0.62023	0.03194	0.24394	0.10389
V194	0.03242	0.94411	0.00598	0.01749
V195	0.01404	0.05924	0.91842	0.0083
V196	0.01633	0.09802	0.02448	0.86117
V197	0.4429	0.04604	0.03172	0.47934
V198	0.05935	0.51755	0.37447	0.04863
V199	0.17418	0.02407	0.20674	0.59501
V200	0.1248	0.60561	0.02034	0.24925
V201	0.09084	0.58427	0.19593	0.12896
V202	0.01533	0.03326	0.8026	0.14881
V203	0.15746	0.4365	0.38823	0.0178
V204	0.00679	0.58447	0.00944	0.3993
V205	0.01891	0.07402	0.89324	0.01383
V206	0.04658	0.10619	0.84043	0.0068
V207	0.13859	0.20061	0.06486	0.59594
V208	0.24713	0.07072	0.67023	0.01193
V209	0.30358	0.48855	0.07084	0.13704
V210	0.07731	0.79778	0.08618	0.03873
V211	0.45232	0.0146	0.04134	0.49173
V212	0.50961	0.04303	0.42981	0.01756
V213	0.66526	0.02876	0.11506	0.19092
V214	0.34718	0.15308	0.18231	0.31742
V215	0.31279	0.09624	0.02566	0.5653
V216	0.05407	0.00429	0.04535	0.89629
V217	0.03955	0.5159	0.24536	0.1992
V218	0.09355	0.47061	0.18199	0.25385
V219	0.10097	0.68066	0.01274	0.20563
V220	0.00614	0.86369	0.00624	0.12393
V221	0.83252	0.01114	0.00519	0.15115
V222	0.32276	0.12461	0.39382	0.15881
V223	0.00682	0.13542	0.79209	0.06568
V224	0.95323	0.0197	0.02641	0.00066
V225	0.05076	0.89207	0.05216	0.00501
V226	0.3046	0.08483	0.59893	0.01164
V227	0.78751	0.01274	0.18887	0.01089
V228	0.79678	0.06257	0.06515	0.0755
V229	0.01967	0.05028	0.9091	0.02095
V230	0.02174	0.04485	0.04285	0.89056
V231	0.01491	0.29726	0.12763	0.5602
V232	0.04111	0.70044	0.00193	0.25652
V233	0.58807	0.08031	0.20779	0.12383
V234	0.03203	0.92931	0.02767	0.01099
V235	0.37508	0.06165	0.53826	0.02501
V236	0.0416	0.07087	0.82203	0.0655
V237	0.17536	0.01159	0.04532	0.76772
V238	0.123	0.57373	0.26307	0.04019
V239	0.06491	0.43883	0.0245	0.47175
V240	0.49261	0.03978	0.42839	0.03921
V241	0.01785	0.03654	0.88836	0.05725
V242	0.11928	0.78451	0.08557	0.01064
V243	0.23641	0.04519	0.6539	0.0645
V244	0.19988	0.02389	0.70459	0.07163
V245	0.60688	0.298	0.04919	0.04592
V246	0.05266	0.15159	0.77644	0.01931
V247	0.16374	0.04985	0.78495	0.00147
V248	0.02778	0.04319	0.0677	0.86132
V249	0.00158	0.05903	0.88201	0.05738
V250	0.76342	0.01503	0.21627	0.00528
V251	0.93444	0.05445	0.00549	0.00562
V252	0.00985	0.84884	0.14089	0.00041
V253	0.38332	0.06236	0.18157	0.37275
V254	0.00798	0.94107	0.04567	0.00529
V255	0.04069	0.92796	0.00055	0.03081
V256	0.17208	0.2057	0.54667	0.07555
V257	0.44022	0.09067	0.25369	0.21542
V258	0.17434	0.25915	0.45343	0.11308
V259	0.03147	0.29158	0.64355	0.0334
V260	0.00152	0.29461	0.69749	0.00639
V261	0.63643	0.03026	0.20392	0.12939
V262	0.10439	0.06466	0.02762	0.80334
V263	0.01661	0.96504	0.00058	0.01778
V264	0.16306	0.03385	0.47492	0.32817
V265	0.03512	0.00723	0.17315	0.7845
V266	0.6257	0.36745	0.00648	0.00037
V267	0.00058	0.17621	0.32221	0.50101
V268	0.40474	0.02113	0.15899	0.41514
V269	0.00596	0.56898	0.38521	0.03985
V270	0.65605	0.02594	0.24891	0.0691
V271	0.8225	0.06251	0.03203	0.08295
V272	0.04828	0.85522	0.01193	0.08457
V273	0.06344	0.02916	0.05413	0.85327
V274	0.71542	0.00781	0.18525	0.09152
V275	0.0026	0.06499	0.92362	0.0088
V276	0.5144	0.34447	0.01076	0.13038
V277	0.03395	0.21236	0.18543	0.56826
V278	0.03456	0.05392	0.33737	0.57415
V279	0.71454	0.05329	0.11273	0.11945
V280	0.03135	0.00539	0.05492	0.90835
V281	0.56846	0.02778	0.14914	0.25463
V282	0.05171	0.07263	0.82621	0.04945
V283	0.20337	0.60939	0.06138	0.12586
V284	0.02399	0.91804	0.05284	0.00512
V285	0.07502	0.04821	0.87494	0.00183
V286	0.23858	0.57096	0.10883	0.08164
V287	0.08771	0.88305	0.01201	0.01723
V288	0.01329	0.27243	0.46332	0.25097
V289	0.27991	0.21275	0.44093	0.06642
V290	0.80742	0.17883	0.01331	0.00043
V291	0.48783	0.06958	0.43148	0.01111
V292	0.9396	0.01682	0	0.04358
V293	0.28814	0.02839	0.65087	0.0326
V294	0.08853	0.40284	0.00405	0.50457
V295	0.01531	0.17959	0.22077	0.58433
V296	0.1702	0.11491	0.64045	0.07445
V297	0.08213	0.00478	0.09602	0.81707
V298	0.29366	0.10231	0.59243	0.01161
V299	0.06865	0.30314	0.01945	0.60875
V300	0.00114	0.0379	0.27504	0.68592
V301	0.11356	0.10513	0.68039	0.10091
V302	0.63782	0.35119	0	0.01099
V303	0.00056	0.60852	0.3661	0.02482
V304	0.05054	0.03405	0.77308	0.14232
V305	0.11653	0.14884	0.50219	0.23245
V306	0.82343	0.09101	0.04822	0.03734
V307	0.01573	0.95941	0.01358	0.01128
V308	0.22889	0.22303	0.3235	0.22458
V309	0.33948	0.32508	0.0285	0.30694
V310	0.07456	0.32803	0.16717	0.43025
V311	0.50119	0.48875	0.00509	0.00496
V312	0.08847	0.76155	0.13272	0.01727
V313	0.00094	0.13697	0.03229	0.8298
V314	0.0136	0.50662	0.11896	0.36082
V315	0.11215	0.6625	0.03591	0.18944
V316	0.30912	0.1254	0.41582	0.14965
V317	0.07838	0.73678	0.04382	0.14102
V318	0.03193	0.59768	0.01506	0.35532
V319	0.05346	0.07038	0.84925	0.02691
V320	0.07054	0.13529	0.68366	0.11051
V321	0.6157	0.3775	0.00645	0.00036
V322	0.19396	0.33601	0.07885	0.39118
V323	0.05661	0.02421	0.11494	0.80424
V324	0.66114	0.25543	0.06651	0.01692
V325	0.29121	0.65311	0.0509	0.00477
V326	0.00033	0.5951	0.09503	0.30954
V327	0.01739	0.15238	0.12548	0.70475
V328	0.04115	0.03441	0.77379	0.15065
V329	0.17416	0.10594	0.19386	0.52605
V330	0.38916	0.01261	0.36061	0.23763
V331	0.36275	0.08287	0.05071	0.50367
V332	0.0091	0.05101	0.22151	0.71838
V333	0.42406	0.06824	0.40869	0.09901
V334	0.35241	0.01323	0.38588	0.24848
V335	0.02143	0.33236	0.53541	0.1108
V336	0.16277	0.73219	0.01828	0.08677
V337	0.27328	0.40808	0.29387	0.02477
V338	0.00092	0.98478	0.0085	0.0058
V339	0.11958	0.03938	0.83398	0.00706
V340	0.05029	0.2167	0.56356	0.16945
V341	0.02596	0.03987	0.08796	0.84621
V342	0.23444	0.01973	0.63167	0.11415
V343	0.95764	0.0306	0.00595	0.0058
V344	0.66792	0.15507	0.17656	0.00044
V345	0.02031	0.0736	0.90418	0.00191
V346	0.23002	0.10337	0.31601	0.3506
V347	0.0446	0.01373	0.15895	0.78271
V348	0.04818	0.68669	0.13979	0.12534
V349	0.34405	0.15623	0.407	0.09273
V350	0.02594	0.81419	0.15946	0.00041
V351	0.01577	0.03218	0.44614	0.50591
V352	0.04312	0.03677	0.85524	0.06486
V353	0.89103	0.02542	0.03234	0.05122
V354	0.03909	0.71571	0.21358	0.03162
V355	0.26909	0.06869	0.49588	0.16634
V356	0.03461	0.02637	0.12856	0.81046
V357	0.10602	0.33424	0.30197	0.25776
V358	0.56253	0.09822	0.05323	0.28602
V359	0.59295	0.05173	0.03619	0.31913
V360	0.53463	0.43675	0.01805	0.01058
V361	0.001	0.46017	0.53293	0.0059
V362	0.00102	0.97752	0.01579	0.00567
V363	0.16348	0.10728	0.50953	0.21971
V364	0.14643	0.0626	0.70888	0.08209
V365	0.2791	0.02689	0.0214	0.67262
V366	0.06814	0.71821	0.08007	0.13357
V367	0.58822	0.1372	0.00577	0.26881
V368	0.07772	0.76453	0.07848	0.07926
V369	0.0152	0.40841	0.57064	0.00575
V370	0.28738	0.27172	0.41576	0.02513
V371	0.17241	0.74792	0.0258	0.05387
V372	0.16428	0.05055	0.14175	0.64343
V373	0.07189	0.12883	0.51647	0.2828
V374	0.7652	0.02576	0.20845	6e-04
V375	0.04083	0.04044	0.17537	0.74336
V376	0.03366	0.03533	0.12652	0.80449
V377	0.80575	0.00537	0.01193	0.17694
V378	0.00744	0.03351	0.45625	0.5028
V379	0.34544	0.20015	0.01484	0.43957
V380	0.14862	0.06737	0.22979	0.55422
V381	0.74945	0.01564	0.09335	0.14156
V382	0.07759	0.05667	0.85864	0.00711
V383	0.84423	0.01092	0.04813	0.09671
V384	0.57321	0.06967	0.13913	0.21799
V385	0.86454	0.01902	0.07252	0.04391
V386	0.30723	0.01501	0.1651	0.51266
V387	0.59502	0.13884	0.19475	0.07138
V388	0.37275	0.33517	0.15283	0.13926
V389	0.40192	0.53357	0.01075	0.05377
V390	0.28309	0.25597	0.45569	0.00526
V391	0.43245	0.10221	0.02252	0.44282
V392	0.43004	0.21625	0.17559	0.17812
V393	0.27386	0.22151	0.37233	0.1323
V394	0.08866	0.23543	0.12743	0.54847
V395	0.21252	0.40376	0.21252	0.17121
V396	0.00794	0.96768	0.00671	0.01766
V397	0.78583	0.08356	0.10016	0.03045
V398	0.45787	0.12986	0.10391	0.30836
V399	0.18079	0.57757	0.15032	0.09133
V400	4e-04	0.61795	0.06577	0.31587
V401	0.03129	0.15214	0.75064	0.06594
V402	0.77852	0.18568	0.0354	4e-04
V403	0.02648	0.03019	0.10021	0.84312
V404	0.08092	0.18706	0.64836	0.08366
V405	0.22185	0.03103	0.19237	0.55475
V406	0.64599	0.25063	0.01721	0.08617
V407	0.00092	0.98478	0.0085	0.0058
V408	0.08281	0.2378	0.4343	0.24509
V409	0.00157	0.04235	0.05483	0.90125
V410	0.07772	0.87842	0.02669	0.01716
V411	0.46164	0.01168	0.00437	0.5223
V412	0.15079	0.0707	0.54048	0.23804
V413	0.04985	0.50684	0.19215	0.25115
V414	0.02999	0.52117	0.33886	0.10998
V415	0.44888	0.02837	0.25144	0.27131
V416	0.0155	0.10728	0.87549	0.00173
V417	0.36148	0.62832	0.00522	0.00498
V418	0.06932	0.10146	0.16756	0.66167
V419	0.0279	0.00653	0.06415	0.90141
V420	0.00042	0.91204	0.0126	0.07493
V421	0.14602	0.04478	0.71022	0.09898
V422	0.05154	0.07729	0.02167	0.84951
V423	0.07491	0.04336	0.86167	0.02006
V424	0.00094	0.05349	0.66169	0.28388
V425	0.04999	0.2301	0.62674	0.09318
V426	0.08207	0.05354	0.80724	0.05715
V427	0.06131	0.41083	0.20824	0.31961
V428	0.07754	0.80101	0.05115	0.0703
V429	0.02492	0.00691	0.07313	0.89505
V430	0.75648	0.16625	0.01705	0.06022
V431	0.17394	0.02691	0.4943	0.30486
V432	0.10872	0.09663	0.06135	0.7333
V433	0.04982	0.76934	0.0013	0.17954
V434	0.35014	0.07314	0.06057	0.51616
V435	0.52223	0.01363	0.13195	0.33219
V436	0.39301	0.01414	0.1289	0.46395
V437	0.23253	0.24244	0.00927	0.51575
V438	0.62462	0.15581	0.03415	0.18542
V439	0.03684	0.11875	0.02012	0.82429
V440	0.50205	0.03642	0.03905	0.42248
V441	0.06036	0.12141	0.64143	0.1768
V442	0.31319	0.35091	0.14578	0.19013
V443	0.75649	0.01001	0.09299	0.14051
V444	0.02031	0.0736	0.90418	0.00191
V445	0.60748	0.02544	0.34308	0.024
V446	0.02929	0.85853	0.05081	0.06137
V447	0.6395	0.0896	0.18302	0.08787
V448	0.01733	0.06674	0.22849	0.68744
V449	0.56318	0.04081	0.30843	0.08758
V450	0.13239	0.85252	0.01486	0.00023
V451	0.92404	0.05835	0	0.01761
V452	0.03883	0.01682	0.10118	0.84317
V453	0.81727	0.07284	0.0651	0.04479
V454	0.00068	0.94334	0.0448	0.01118
V455	0.59949	0.03526	0.31142	0.05383
V456	0.32093	0.11518	0.4147	0.14918
V457	0.00135	0.06419	0.03688	0.89757
V458	0.2689	0.23978	0.0088	0.48251
V459	0.01299	0.82219	0.08702	0.07781
V460	0.94396	0.01809	0.02673	0.01122
V461	0.06748	0.04424	0.02348	0.8648
V462	0.35237	0.25711	0.00231	0.38821
V463	0.24312	0.4937	0.16181	0.10137
V464	0.52262	0.1007	0.007	0.36968
V465	0.39637	0.44423	0.02587	0.13354
V466	0.59467	0.18828	0.00524	0.21181
V467	0.30085	0.59051	0.07722	0.03142
V468	0.49229	0.41182	0.04963	0.04625
V469	0.0144	0.17483	0.32339	0.48739
V470	0.55736	0.1186	0.1894	0.13464
V471	0.2745	0.10697	0.04402	0.5745
V472	0.32208	0.34817	0.00181	0.32794
V473	0.09066	0.55916	0.33243	0.01775
V474	0.12343	0.00474	0.12966	0.74216
V475	0.17854	0.41951	0.08644	0.31551
V476	0.17098	0.01934	0.07275	0.73693
V477	0.60627	0.0374	0.21651	0.13982
V478	0.1242	0.62428	0.00647	0.24505
V479	0.01451	0.08961	0.82197	0.07391
V480	0.07717	0.33354	0.05355	0.53573
V481	0.13758	0.04108	0.80847	0.01287
V482	0.69825	0.15986	0.11107	0.03082
V483	0.12893	0.11186	0.08888	0.67033
V484	0.02572	0.08656	0.04221	0.8455
V485	0.10878	0.76802	0.01174	0.11146
V486	0.26983	0.26994	0.14015	0.32009
V487	0.07502	0.04913	0.10828	0.76758
V488	0.00326	0.03745	0.87097	0.08832
V489	0.20358	0.1069	0.67759	0.01193
V490	0.34083	0.32513	0.07424	0.25979
V491	0.43186	0.48059	0.03328	0.05427
V492	0.02317	0.84976	0.12205	0.00502
V493	0.05484	0.00452	0.01513	0.9255
V494	0.18455	0.15059	0.55296	0.11191
V495	0.20922	0.64009	0.13347	0.01722
V496	0.25628	0.70562	2e-05	0.03808
V497	0.01573	0.04789	0.92773	0.00865
V498	0.32554	0.10372	0.06081	0.50993
V499	0.60231	0.27194	0.12093	0.00481
V500	0.09256	0.12468	0.74908	0.03368
V501	0.00336	0.0117	0.08428	0.90066
V502	0.54492	0.2798	0.15129	0.02399
V503	0.19688	0.09481	0.22679	0.48152
V504	0.21537	0.71994	0.0111	0.05359
V505	0.19353	0.21294	0.28074	0.31279
V506	0.08182	0.24931	0.48733	0.18154
V507	0.62566	0.09755	0.12639	0.1504
V508	0.75418	0.16785	0.0403	0.03767
V509	0.22077	0.06177	0.54178	0.17568
V510	0.21182	0.52956	0.25365	0.00497
V511	0.04255	0.45086	0.05137	0.45521
V512	0.25024	0.04931	0.09502	0.60543
V513	0.06871	0.66675	0.20858	0.05596
V514	0.0208	0.09649	0.01231	0.8704
V515	0.78173	0.06092	0.04877	0.10858
V516	0.89382	0.10051	0	0.00567
V517	0.03689	0.02986	0.29361	0.63964
V518	0.94421	0.04986	0	0.00594
V519	0.0216	0.88932	0.00578	0.08331
V520	0.02397	0.01939	0.6563	0.30033
V521	0.55861	0.04775	0.36945	0.0242
V522	0.00613	0.12239	0.61803	0.25346
V523	0.35414	0.12254	0.28256	0.24076
V524	0.00602	0.78989	0.17999	0.02411
V525	0.25829	0.21622	0.0326	0.49289
V526	0.65955	0.07819	0.07798	0.18428
V527	0.19973	0.02569	0.43719	0.33739
V528	0.08736	0.87433	0.00038	0.03794
V529	0.05745	0.06232	0.25811	0.62211
V530	0.00619	0.20181	0.70033	0.09167
V531	0.01805	0.87536	0.10626	0.00033
V532	0.16966	0.34952	0.03199	0.44884
V533	0.27679	0.36544	0.14706	0.21071
V534	0.00762	0.02987	0.74074	0.22177
V535	0.57122	0.00357	0.01556	0.40965
V536	0.18678	0.00983	0.41045	0.39294
V537	0.57987	0.25994	0.14964	0.01055
V538	0.47013	0.05271	0.0954	0.38176
V539	0.258	0.44772	0.16392	0.13036
V540	0.18419	0.71637	0.06818	0.03126
V541	0.01396	0.54304	0.06806	0.37494
V542	0.19476	0.12468	0.28335	0.39722
V543	0.8888	0.01271	0.01096	0.08754
V544	0.10229	0.08799	0.19874	0.61098
V545	0.37465	0.14265	0.07784	0.40486
V546	0.04138	0.89313	0.06049	0.005
V547	0.03133	0.65576	0.30182	0.01109
V548	0.14052	0.77756	0.07709	0.00483
V549	0.31311	0.04449	0.63061	0.01179
V550	0.6048	0.03084	0.00201	0.36235
V551	0.16119	0.75907	0.03366	0.04608
V552	0.00046	0.57351	0.01003	0.416
V553	0.21618	0.15035	0.61515	0.01832
V554	0.05621	0.09859	0.03733	0.80787
V555	0.08424	0.22696	0.36664	0.32216
V556	0.00197	0.06033	0.90948	0.02821
V557	0.82944	0.03034	0.01077	0.12945
V558	0.0576	0.81318	0.02658	0.10264
V559	0.00967	0.81268	0.17721	0.00044
V560	0.66194	0.33277	0	0.00529
V561	0.0026	0.06499	0.92362	0.0088
V562	0.78785	0.01185	0.11775	0.08254
V563	0.23553	0.03288	0.72517	0.00642
V564	0.05458	0.09171	0.8407	0.01301
V565	0.11745	0.26058	0.40788	0.21409
V566	0.71117	0.0972	0.00491	0.18672
V567	0.2117	0.47409	0.02857	0.28565
V568	0.25355	0.0094	0.06823	0.66882
V569	0.696	0.03049	0.00113	0.27239
V570	0.02193	0.2892	0.63131	0.05756
V571	0.8187	0.12969	0	0.05161
V572	0.4346	0.01852	0.45953	0.08736
V573	0.06261	0.19457	0.01506	0.72776
V574	0.03073	0.79863	0.1598	0.01084
V575	0.01856	0.09025	0.15222	0.73897
V576	0.13834	0.81663	0.03437	0.01067
V577	0.03714	0.04679	0.24954	0.66653
V578	0.04996	0.0693	0.71706	0.16369
V579	0.00653	0.89069	0.08549	0.01728
V580	0.15537	0.01013	0.13538	0.69911
V581	0.07249	0.09584	0.01009	0.82158
V582	0.59249	0.1467	0.03475	0.22607
V583	0.00674	0.05044	0.63571	0.30711
V584	0.51523	0.15513	0.2979	0.03174
V585	0.00815	0.02164	0.49591	0.47429
V586	0.22354	0.02596	0.67026	0.08024
V587	0.25536	0.03099	0.68803	0.02562
V588	0.64456	0.04327	0.02741	0.28476
V589	0.04763	0.83928	0.05949	0.0536
V590	0.04145	0.77481	0.17875	0.005
V591	0.00115	0.04543	0.24384	0.70958
V592	0.15292	0.06379	0.7819	0.0014
V593	0.58926	0.0058	0.19565	0.20929
V594	0.32568	0.2915	0.34232	0.0405
V595	0.03495	0.03979	0.03977	0.88549
V596	0.03207	0.29052	0.24844	0.42897
V597	0.00035	0.59145	0.336	0.0722
V598	0.01698	0.13273	0.83719	0.0131
V599	0.61386	0.32987	0.03259	0.02369
V600	0.34787	0.4936	0.0515	0.10702
V601	0.15966	0.28947	0.09108	0.45979
V602	0.03769	0.04397	0.02909	0.88925
V603	0.00771	0.40862	0.01961	0.56407
V604	0.51127	0.1174	0.34692	0.02441
V605	0.06038	0.33271	0.42538	0.18153
V606	0.73366	0.1552	0.0103	0.10084
V607	0.6623	0.01411	0.11517	0.20843
V608	0.21429	0.15728	0.41635	0.21208
V609	0.023	0.24361	0.26288	0.47051
V610	0.777	0.023	0.09222	0.10779
V611	0.30097	0.00863	0.06601	0.62439
V612	0.02332	0.09925	0.81996	0.05747
V613	0.03124	0.33592	0.59956	0.03328
V614	0.77276	0.06087	0.04888	0.11749
V615	0.14045	0.06234	0.01695	0.78027
V616	0.0683	0.73811	0.04399	0.1496
V617	0.46037	0.17159	0.36738	0.00065
V618	0.74021	0.01095	0.00094	0.2479
V619	0.38273	0.03155	0.34341	0.24232
V620	0.00689	0.67161	0.31616	0.00535
V621	0.43185	0.15142	0.18786	0.22887
V622	0.34745	0.22503	0.40256	0.02496
V623	0.01841	0.07894	0.17446	0.72819
V624	0.77771	0.20505	0	0.01724
V625	0.25486	0.51604	0.10074	0.12837
V626	0.95159	0.03671	0	0.0117
V627	0.00147	0.03812	0.10743	0.85298
V628	0.00086	0.25979	0.02459	0.71476
V629	0.11834	0.29784	0.30366	0.28016
V630	0.03104	0.33521	0.59285	0.0409
V631	0.01639	0.20893	0.12207	0.65261
V632	0.59312	0.00436	0.14626	0.25625
V633	0.0013	0.05214	0.84111	0.10545
V634	0.38743	0.27143	0.33609	0.00505
V635	0.02175	0.79198	0.00656	0.17972
V636	0.11373	0.10423	0.67174	0.11031
V637	0.31081	0.19975	0.09891	0.39054
V638	0.38132	0.26443	0.07449	0.27977
V639	0.25666	0.44039	0.30239	0.00056
V640	0.03211	0.15693	0.76944	0.04152
V641	0.89041	0.04109	0.02444	0.04406
V642	0.7635	0.17724	0	0.05926
V643	0.00577	0.18381	0.49004	0.32039
V644	0.89969	0.08427	0.00485	0.01119
V645	0.24912	0.42017	0.31314	0.01757
V646	0.00954	0.97704	0.00777	0.00565
V647	0.13539	0.09182	0.72355	0.04924
V648	0.3986	0.44328	0.13391	0.02421
V649	0.02405	0.0755	0.85076	0.04969
V650	0.05077	0.09595	0.79586	0.05742
V651	0.29889	0.03	0.66495	0.00616
V652	0.08339	0.08827	0.48332	0.34503
V653	0.11026	0.69231	0.09917	0.09827
V654	0.69821	0.19844	0.05749	0.04586
V655	0.03155	0.60943	0.02248	0.33654
V656	0.20749	0.28958	0.01599	0.48693
V657	0.02873	0.09333	0.02298	0.85496
V658	0.60921	0.20811	0.05932	0.12336
V659	0.32357	0.08422	0.39505	0.19716
V660	0.02507	0.95665	0.00058	0.0177
V661	0.05258	0.45068	0.0602	0.43654
V662	0.40126	0.02444	0.48591	0.08839
V663	0.2289	0.07396	0.59658	0.10056
V664	0.19127	0.07402	0.69394	0.04078
V665	0.69543	0.18609	0.04054	0.07794
V666	0.59451	0.0039	0.10814	0.29345
V667	0.7537	0.08068	0.16511	0.00051
V668	0.11094	0.80895	0.07982	0.00029
V669	0.2207	0.42429	0.26169	0.09332
V670	0.06993	0.91216	0.00043	0.01748
V671	0.35677	0.28832	0.27125	0.08365
V672	0.01822	0.05474	0.89933	0.02772
V673	0.22444	0.3783	0.24536	0.15189
V674	0.72879	0.14428	0.01726	0.10967
V675	0.12822	0.3331	0.34522	0.19345
V676	0.02779	0.11877	0.12714	0.7263
V677	0.37713	0.41461	0.09939	0.10888
V678	0.49282	0.49073	0.01156	0.00489
V679	0.04178	0.31948	0.62685	0.01189
V680	0.28997	0.55867	0.13409	0.01727
V681	0.89597	0.06962	0.0107	0.02371
V682	0.10247	0.30061	0.56364	0.03328
V683	0.01342	0.96558	0.02071	0.00029
V684	0.70229	0.15807	0.09363	0.046
V685	0.48805	0.34871	0.12426	0.03898
V686	0.08878	0.18655	0.17377	0.5509
V687	0.03792	0.02622	0.04288	0.89298
V688	0.36028	0.52763	0.00011	0.11199
V689	0.26645	0.00324	0.05901	0.6713
V690	0.46152	0.0458	0.43758	0.0551
V691	0.15077	0.03758	0.80486	0.00679
V692	0.07083	0.14038	0.73119	0.0576
V693	0.22636	0.10498	0.40568	0.26297
V694	0.00811	0.03349	0.33997	0.61843
V695	0.24519	0.00934	0.18043	0.56504
V696	0.07826	0.09654	0.02668	0.79852
V697	0.01883	0.08135	0.0263	0.87353
V698	0.83411	0.01074	0.01139	0.14375
V699	0.5646	0.28783	0.06773	0.07984
V700	0.24606	0.0298	0.01495	0.70919
V701	0.10348	0.55285	0.1151	0.22857
V702	0.55852	0.08007	0.01332	0.34808
V703	0.12734	0.05198	0.53268	0.28799
V704	0.8318	0.04559	0.02455	0.09806
V705	0.95348	0.01087	0.01183	0.02382
V706	0.07108	0.05978	0.79535	0.07379
V707	0.03069	0.4381	0.49832	0.0329
V708	0.02962	0.89088	0.01901	0.06049
V709	0.12552	0.26351	0.544	0.06697
V710	0.60917	0.2081	0.05077	0.13196
V711	0.0777	0.81294	0.08537	0.02398
V712	0.82681	0.05518	0.0044	0.11361
V713	0.43493	0.30741	0.03553	0.22214
V714	0.00605	0.70421	0.02143	0.26832
V715	0.2907	0.33882	0.31312	0.05736
V716	0.03759	0.05102	0.0639	0.84749
V717	0.07114	0.91711	0.00044	0.01131
V718	0.1353	0.58085	0.18279	0.10107
V719	0.04862	0.7389	0.03599	0.17649
V720	0.69675	0.0098	0.2336	0.05985
V721	0.11627	0.15952	0.51237	0.21184
V722	0.08824	0.36904	0.01749	0.52523
V723	0.11452	0.09407	0.01661	0.77479
V724	0.59314	0.02702	0.09007	0.28977
V725	0.0015	0.1135	0.85768	0.02732
V726	0.03222	0.40198	0.13288	0.43293
V727	0.24925	0.66004	0.08592	0.00479
V728	0.02348	0.88515	0.08632	0.00505
V729	0.41485	0.0145	0.17934	0.39131
V730	0.90015	0.03613	0.04027	0.02346
V731	0.02204	0.19416	0.43606	0.34774
V732	0.34808	0.0745	0.38122	0.1962
V733	0.65129	0.18538	0.0331	0.13023
V734	0.22727	0.31247	0.45499	0.00527
V735	0.0151	0.03283	0.5316	0.42047
V736	0.15919	0.01416	0.01964	0.80702
V737	0.32398	0.29018	0.25413	0.13171
V738	0.07041	0.33236	0.47587	0.12137
V739	0.00088	0.02886	0.64398	0.32628
V740	0.83512	0.08823	0.06595	0.01069
V741	0.49371	0.0988	0.13324	0.27425
V742	0.38104	0.60541	0.01327	0.00028
V743	0.12542	0.14621	0.70957	0.0188
V744	0.51819	0.04133	0.34341	0.09707
V745	0.01286	0.71203	0.17782	0.09729
V746	0.9763	0.0173	7e-05	0.00632
V747	0.05109	0.02315	0.7398	0.18595
V748	0.11445	0.10142	0.62696	0.15716
V749	0.28498	0.18019	0.06033	0.47451
V750	0.40203	0.47458	0.01789	0.1055
V751	0.03832	0.88186	0.03431	0.04551
V752	0.4657	0.22543	0.14224	0.16663
V753	0.03717	0.04875	0.01344	0.90065
V754	0.00756	0.93985	0.00069	0.0519
V755	0.14251	0.19102	0.37665	0.28982
V756	0.0316	0.02124	0.07341	0.87375
V757	0.32077	0.59617	0.05904	0.02402
V758	0.03844	0.78363	0.11521	0.06271
V759	0.11864	0.05917	0.44718	0.37501
V760	0.29137	0.05472	0.31034	0.34357
V761	0.0589	0.58962	0.27778	0.07369
V762	0.00068	0.4204	0.0199	0.55902
V763	0.38306	0.3677	0.02722	0.22203
V764	0.00667	0.93514	0.00615	0.05204
V765	0.67825	0.0896	0.00075	0.2314
V766	0.01314	0.31964	0.46811	0.19911
V767	0.48464	0.12058	0.25844	0.13635
V768	0.04947	0.91388	0.0194	0.01724
V769	0.12812	0.83434	0.02683	0.01072
V770	0.00954	0.97704	0.00777	0.00565
V771	0.15944	0.0398	0.78808	0.01268
V772	0.12799	0.06568	0.79981	0.00652
V773	0.14849	0.83525	0.00536	0.0109
V774	0.0201	0.04167	0.91023	0.028
V775	0.11083	0.04173	0.32268	0.52476
V776	0.41934	0.43157	0.05106	0.09803
V777	0.17477	0.11666	0.16027	0.54831
V778	0.53719	0.27809	0.06899	0.11574
V779	0.16235	0.04351	0.53862	0.25552
V780	0.10171	0.77411	0.12383	0.00036
V781	0.05248	0.04129	0.04437	0.86187
V782	0.00702	0.12781	0.8078	0.05738
V783	0.79695	0.02237	0.04892	0.13175
V784	0.09986	0.88218	0.01282	0.00514
V785	0.03171	0.93824	0.01266	0.01739
V786	0.7199	0.15814	0.08396	0.038
V787	0.00087	0.84521	0.14863	0.00529
V788	0.5033	0.30399	0.15356	0.03914
V789	0.06577	0.39247	0.03408	0.50767
V790	0.46651	0.02818	0.08606	0.41926
V791	0.12671	0.38102	0.35025	0.14202
V792	0.12595	0.56927	0.00687	0.29791
V793	0.1114	0.68329	0.03558	0.16974
V794	0.04129	0.08747	0.80561	0.06564
V795	0.11213	0.04838	0.07471	0.76478
V796	0.02553	0.10116	0.85336	0.01995
V797	0.7491	0.0136	0.22638	0.01092
V798	0.6077	0.30012	0.07531	0.01687
V799	0.11867	0.79361	0.02593	0.0618
V800	0.06173	0.03055	0.5647	0.34302
V801	0.13233	0.11517	0.3684	0.3841
V802	0.03414	0.08036	0.31483	0.57067
V803	0.2108	0.52738	0.26131	0.00051
V804	0.51748	0.02305	0.39744	0.06204
V805	0.02628	0.05439	0.91727	0.00207
V806	0.03938	0.91783	0.01202	0.03077
V807	0.26043	0.15966	0.04294	0.53697
V808	0.65425	0.27448	0.04055	0.03072
V809	0.04362	0.0783	0.87638	0.0017
V810	0.01161	0.98171	0.00073	0.00595
V811	0.42942	0.07137	0.22122	0.27799
V812	0.54917	0.26641	0.05111	0.13332
V813	0.59209	0.19348	0.19035	0.02407
V814	0.4137	0.53919	0.04233	0.00478
V815	0.00083	0.92345	0.07042	0.0053
V816	0.91729	0.01819	0.06392	0.00059
V817	0.02677	0.09619	0.86368	0.01335
V818	0.00122	0.07691	0.05999	0.86188
V819	0.83224	0.08218	0.04824	0.03733
V820	0.13315	0.10728	0.03188	0.7277
V821	0.20886	0.31721	0.40729	0.06664
V822	0.06494	0.0509	0.86411	0.02005
V823	0.02204	0.19112	0.70368	0.08316
V824	0.08458	0.38576	0.52878	0.00088
V825	0.21603	0.29442	0.27528	0.21427
V826	0.41864	0.41932	0.15147	0.01058
V827	0.35877	0.60641	0.01097	0.02385
V828	0.22241	0.16998	0.124	0.48361
V829	0.03647	0.26889	0.04794	0.6467
V830	0.22173	0.24127	0.03295	0.50405
V831	0.77915	0.0881	0.03218	0.10057
V832	0.26041	0.41203	0.1766	0.15097
V833	0.13706	0.52582	0.18726	0.14986
V834	0.29914	0.07388	0.09206	0.53492
V835	0.34798	0.46091	0.11824	0.07287
V836	0.00635	0.71145	0.00795	0.27425
V837	0.21355	0.39193	0.20237	0.19215
V838	0.91687	0.05093	0.02685	0.00536
V839	0.28403	0.61604	0.09514	0.00478
V840	0.27349	0.71932	0.00692	0.00027
V841	0.00162	0.06705	0.88142	0.04991
V842	0.35365	0.16423	0.28184	0.20028
V843	0.01594	0.04621	0.87268	0.06517
V844	0.10758	0.08758	0.4254	0.37944
V845	0.06111	0.11246	0.76872	0.05771
V846	0.00125	0.03614	0.77983	0.18278
V847	0.00365	0.01133	0.063	0.92202
V848	0.08143	0.53034	0.17865	0.20958
V849	0.00065	0.9619	0.00659	0.03086
V850	0.9631	0.01259	0.01279	0.01152
V851	0.31829	0.53844	0.1429	0.00037
V852	0.10599	0.05305	0.15681	0.68416
V853	0.23596	0.22274	0.42833	0.11297
V854	0.60122	0.16718	0.10732	0.12428
V855	0.00365	0.01133	0.063	0.92202
V856	0.03995	0.35828	0.38021	0.22155
V857	0.68032	0.17517	0.03278	0.11173
V858	0.54065	0.02636	0.42749	0.0055
V859	0.65761	0.23916	0.0172	0.08603
V860	0.18976	0.12015	0.06576	0.62432
V861	0.08186	0.36084	0.54575	0.01155
V862	0.12425	0.09364	0.74086	0.04125
V863	0.20844	0.06874	0.00717	0.71565
V864	0.06848	0.04435	0.06948	0.81769
V865	0.11199	0.01242	0.30975	0.56584
V866	0.71363	0.02591	0.24954	0.01092
V867	0.71061	0.0355	0.2487	0.00519
V868	0.51193	0.27991	0.13593	0.07224
V869	0.01775	0.96931	0.00737	0.00557
V870	0.09927	0.36724	0.02496	0.50852
V871	0.00065	0.9619	0.00659	0.03086
V872	0.00914	0.02539	0.29669	0.66878
V873	0.88694	0.03498	0.04805	0.03002
V874	0.18267	0.78792	0.02915	0.00026
V875	0.01496	0.20094	0.23129	0.5528
V876	0.14918	0.33125	0.43486	0.0847
V877	0.04019	0.40735	0.32046	0.23199
V878	0.12113	0.8158	0.06278	0.00029
V879	0.1747	0.7122	0.04237	0.07072
V880	0.29282	0.57084	0.00503	0.13131
V881	0.13615	0.0484	0.64192	0.17353
V882	0.80048	0.00746	0.12583	0.06623
V883	0.2702	0.20996	0.51896	0.00089
V884	0.01966	0.31282	0.00666	0.66085
V885	0.69121	0.22297	0.08545	0.00037
V886	0.01297	0.36659	0.49146	0.12898
V887	0.64279	0.06229	0.16415	0.13077
V888	0.09166	0.05772	0.76834	0.08228
V889	0.91041	0.05429	0.01807	0.01723
V890	0.03052	0.144	0.65945	0.16602
V891	0.6206	0.0516	0.28918	0.03862
V892	0.28418	0.19331	0.0162	0.50631
V893	0.5795	0.21182	0.15365	0.05502
V894	0.06059	0.31281	0.59331	0.03329
V895	0.59824	0.06267	0.2073	0.1318
V896	0.03242	0.94411	0.00598	0.01749
V897	0.68204	0.26132	0.00407	0.05258
V898	0.48309	0.0039	0.01073	0.50229
V899	0.02509	0.20254	0.16471	0.60766
V900	0.07183	0.29722	0.39643	0.23452
V901	0.02989	0.85597	0.00567	0.10847
V902	0.04168	0.90887	0.04438	0.00508
V903	0.00618	0.42479	0.52848	0.04056
V904	0.01923	0.97424	0.00066	0.00587
V905	0.15018	0.0056	0.20983	0.63439
V906	0.41095	0.09033	0.11705	0.38166
V907	0.41328	0.52289	0.01767	0.04616
V908	0.01206	0.06158	0.09688	0.82948
V909	0.11764	0.82154	0.00042	0.0604
V910	0.16617	0.00467	0.14594	0.68322
V911	0.5048	0.40041	0.03281	0.06198
V912	0.38496	0.33423	0.13226	0.14855
V913	0.13017	0.00316	0.02338	0.8433
V914	0.16821	0.50368	0.29568	0.03243
V915	0.23805	0.00329	0.01748	0.74118
V916	0.23641	0.0638	0.65926	0.04052
V917	0.71597	0.03109	0.16795	0.08499
V918	0.03881	0.64781	0.23196	0.08143
V919	0.19198	0.23514	0.32544	0.24744
V920	0.61693	0.19843	0.09618	0.08846
V921	0.02937	0.18254	0.04309	0.74501
V922	0.09068	0.47251	0.39623	0.04058
V923	0.08259	0.02528	0.06099	0.83113
V924	0.03041	0.68125	0.26376	0.02458
V925	0.18613	0.03981	0.0244	0.74966
V926	0.20728	0.02802	0.04156	0.72314
V927	0.02555	0.05233	0.07563	0.84649
V928	0.03922	0.90296	0.00552	0.05231
V929	0.0486	0.66607	0.13128	0.15406
V930	0.49985	0.37923	0.0331	0.08782
V931	0.12562	0.27465	0.5328	0.06694
V932	0.03056	0.11235	0.65178	0.20531
V933	0.57411	0.4042	0.01102	0.01067
V934	0.00686	0.15439	0.3136	0.52515
V935	0.56001	0.16055	0.21599	0.06344
V936	0.52584	0.27796	0.01833	0.17787
V937	0.55137	0.12761	0.09076	0.23026
V938	0.37318	0.04685	0.3349	0.24508
V939	0.76116	0.0218	0.07535	0.14169
V940	0.02127	0.80608	0.14139	0.03126
V941	0.00322	0.0533	0.93416	0.00931
V942	0.72525	0.19177	0.06614	0.01685
V943	0.38423	0.12902	0.43822	0.04852
V944	0.01603	0.29092	0.07681	0.61624
V945	0.54901	0.36279	0.01036	0.07783
V946	0.4456	0.26318	0.25926	0.03197
V947	0.07859	0.05236	0.2678	0.60125
V948	0.32521	0.04203	0.61447	0.01829
V949	0.00073	0.11765	0.23726	0.64436
V950	0.04947	0.55128	0.22137	0.17788
V951	0.81541	0.02624	0.15318	0.00517
V952	0.06504	0.12926	0.30211	0.50358
V953	0.01705	0.07523	0.8803	0.02743
V954	0.03479	0.19106	0.16467	0.60948
V955	0.11301	0.62931	0.028	0.22968
V956	0.03232	0.0319	0.56441	0.37136
V957	0.35046	0.02014	0.00584	0.62356
V958	0.05484	0.00452	0.01513	0.9255
V959	0.22073	0.25943	0.45321	0.06663
V960	0.23218	0.28594	0.08909	0.39278
V961	0.12558	0.39285	0.36931	0.11226
V962	0.35334	0.1683	0.41272	0.06564
V963	0.59506	0.16911	0.16439	0.07145
V964	0.83645	0.03434	0.09901	0.0302
V965	0.04964	0.51824	0.20213	0.22999
V966	0.95589	0.02726	0.00532	0.01153
V967	0.05098	0.04615	0.57806	0.32481
V968	0.00107	0.15842	0.78339	0.05712
V969	0.00792	0.31684	0.04796	0.62728
V970	0.03166	0.1185	0.47252	0.37731
V971	0.49676	0.08484	0.34597	0.07243
V972	0.51439	0.20096	0.05294	0.2317
V973	0.26113	0.43743	0.08368	0.21777
V974	0.00568	0.80019	0.12406	0.07007
V975	0.09381	0.29759	0.60295	0.00565
V976	0.44089	0.24925	0.12296	0.18689
V977	0.30437	0.36344	0.32714	0.00504
V978	0.06214	0.09971	0.08426	0.7539
V979	0.78696	0.02637	0.1815	0.00517
V980	0.9763	0.0173	7e-05	0.00632
V981	0.32787	0.03444	0.46482	0.17287
V982	0.43169	0.40909	0.07836	0.08086
V983	0.71097	0.06188	0.00536	0.22179
V984	0.01337	0.85201	0.10362	0.031
V985	0.07296	0.21577	0.01393	0.69734
V986	0.30944	0.5408	0.05144	0.09832
V987	0.22103	0.76172	5e-05	0.0172
V988	0.22172	0.02007	0.02421	0.73399
V989	0.42669	0.47994	0.0764	0.01697
V990	0.00121	0.06357	0.81159	0.12364
V991	0.6172	0.37183	0	0.01097
V992	0.19332	0.01863	0.55868	0.22937
V993	0.05814	0.73913	0.16359	0.03914
V994	0.17008	0.79267	0.02656	0.01069
V995	0.74314	0.10598	0.0326	0.11828
V996	0.27411	0.12977	0.01784	0.57829
V997	0.01577	0.03625	0.8424	0.10558
V998	0.87285	0.01903	0.06417	0.04394
V999	0.1113	0.88287	0.00039	0.00544
V1000	0.32624	0.0291	0.00611	0.63855
