CD19B	CD56NK	CD4MemoryT	CD14
V1	0.38509	0.10027	0.21439	0.30024
V2	0.13333	0.15071	0.1427	0.57325
V3	0.07435	0.48981	0.10552	0.33033
V4	0.60666	0.16709	0.11048	0.11577
V5	0.11725	0.40586	0.25019	0.22671
V6	0.08673	0.67444	0.11223	0.1266
V7	0.13162	0.32067	0.15727	0.39045
V8	0.14879	0.12392	0.59259	0.1347
V9	0.18501	0.24173	0.13338	0.43987
V10	0.07805	0.13011	0.64258	0.14926
V11	0.1851	0.34123	0.364	0.10967
V12	0.06753	0.48967	0.3231	0.1197
V13	0.21062	0.56231	0.10376	0.12331
V14	0.08129	0.70363	0.1022	0.11288
V15	0.11929	0.48144	0.17304	0.22623
V16	0.63168	0.11675	0.12731	0.12426
V17	0.09536	0.6726	0.10577	0.12627
V18	0.40471	0.32751	0.13491	0.13287
V19	0.14185	0.63799	0.10347	0.1167
V20	0.14094	0.3847	0.11769	0.35667
V21	0.1481	0.14825	0.56976	0.13389
V22	0.06348	0.15839	0.22489	0.55324
V23	0.29798	0.13357	0.45787	0.11057
V24	0.66226	0.10531	0.13303	0.0994
V25	0.24924	0.24987	0.1857	0.31518
V26	0.27681	0.34819	0.1177	0.25731
V27	0.10561	0.12773	0.12578	0.64088
V28	0.07008	0.13872	0.6836	0.1076
V29	0.33104	0.12299	0.4154	0.13056
V30	0.11155	0.23764	0.26398	0.38683
V31	0.17196	0.22627	0.27721	0.32456
V32	0.09384	0.11199	0.13326	0.66091
V33	0.07912	0.42452	0.3099	0.18646
V34	0.14787	0.13635	0.58111	0.13467
V35	0.14523	0.57046	0.15213	0.13218
V36	0.06197	0.12926	0.37816	0.43061
V37	0.37526	0.14099	0.16838	0.31536
V38	0.30199	0.09633	0.21595	0.38573
V39	0.14639	0.46149	0.1799	0.21222
V40	0.10391	0.64448	0.14579	0.10582
V41	0.04602	0.5225	0.12929	0.30219
V42	0.18499	0.11676	0.23243	0.46582
V43	0.14002	0.32705	0.3989	0.13403
V44	0.07299	0.15942	0.53318	0.23441
V45	0.10901	0.48244	0.23181	0.17675
V46	0.56429	0.1414	0.19038	0.10393
V47	0.32922	0.22622	0.29927	0.14529
V48	0.56547	0.20461	0.11463	0.11529
V49	0.50856	0.21701	0.10705	0.16738
V50	0.08342	0.65229	0.15101	0.11327
V51	0.24348	0.36737	0.25783	0.13132
V52	0.0829	0.18328	0.59759	0.13623
V53	0.51936	0.17735	0.2048	0.09849
V54	0.31447	0.23085	0.33237	0.12231
V55	0.17631	0.18396	0.24818	0.39155
V56	0.07817	0.10826	0.16098	0.65259
V57	0.1008	0.66727	0.1122	0.11973
V58	0.43809	0.09188	0.1393	0.33073
V59	0.31129	0.37042	0.17418	0.14411
V60	0.13466	0.20165	0.2923	0.37139
V61	0.55496	0.16113	0.11757	0.16633
V62	0.61638	0.11435	0.15878	0.1105
V63	0.05368	0.64705	0.17153	0.12774
V64	0.04316	0.65077	0.09459	0.21147
V65	0.06181	0.10467	0.16681	0.66671
V66	0.17468	0.55039	0.11359	0.16134
V67	0.15354	0.32214	0.40784	0.11648
V68	0.13805	0.18289	0.12817	0.55089
V69	0.07559	0.31068	0.46536	0.14837
V70	0.3833	0.1976	0.21942	0.19968
V71	0.1551	0.15033	0.32357	0.371
V72	0.40039	0.19925	0.1663	0.23406
V73	0.14071	0.49839	0.18502	0.17587
V74	0.09943	0.2541	0.54151	0.10496
V75	0.49842	0.09564	0.23187	0.17408
V76	0.04996	0.207	0.21265	0.5304
V77	0.06904	0.2708	0.11508	0.54508
V78	0.23063	0.17318	0.22097	0.37523
V79	0.06745	0.17447	0.57912	0.17897
V80	0.27751	0.11843	0.4306	0.17347
V81	0.10131	0.21627	0.57179	0.11063
V82	0.06841	0.15504	0.66289	0.11366
V83	0.12668	0.20665	0.15633	0.51034
V84	0.28256	0.125	0.21121	0.38123
V85	0.12168	0.30956	0.33441	0.23435
V86	0.09793	0.14577	0.61376	0.14255
V87	0.06248	0.63965	0.13425	0.16362
V88	0.15247	0.14118	0.26312	0.44322
V89	0.06596	0.11181	0.22472	0.59751
V90	0.05699	0.6868	0.13416	0.12206
V91	0.06772	0.58686	0.20986	0.13555
V92	0.33763	0.11797	0.33762	0.20679
V93	0.61345	0.09644	0.11138	0.17873
V94	0.05402	0.37324	0.1183	0.45444
V95	0.20397	0.37846	0.19912	0.21845
V96	0.09158	0.15575	0.13045	0.62222
V97	0.49026	0.16856	0.2374	0.10377
V98	0.48922	0.29372	0.10897	0.10809
V99	0.56542	0.12342	0.2058	0.10536
V100	0.11589	0.13472	0.62243	0.12696
V101	0.06278	0.11379	0.12203	0.70139
V102	0.6498	0.12145	0.11814	0.11061
V103	0.06021	0.12623	0.1648	0.64876
V104	0.05535	0.72852	0.10105	0.11508
V105	0.07371	0.706	0.10691	0.11338
V106	0.12629	0.43812	0.29432	0.14128
V107	0.17474	0.24016	0.43748	0.14762
V108	0.13931	0.59643	0.15925	0.10501
V109	0.06852	0.21206	0.44364	0.27578
V110	0.07516	0.6749	0.12311	0.12683
V111	0.64451	0.091	0.15922	0.10527
V112	0.13785	0.14722	0.35071	0.36422
V113	0.16053	0.16838	0.2151	0.45599
V114	0.1942	0.12563	0.16214	0.51803
V115	0.05001	0.60239	0.23337	0.11423
V116	0.14102	0.30757	0.31779	0.23362
V117	0.47481	0.26229	0.13028	0.13261
V118	0.14292	0.46687	0.1225	0.26771
V119	0.11615	0.14548	0.14489	0.59348
V120	0.11603	0.15882	0.60594	0.11921
V121	0.41304	0.181	0.16553	0.24043
V122	0.67282	0.09426	0.1221	0.11082
V123	0.04648	0.41726	0.13391	0.40236
V124	0.46251	0.28724	0.10481	0.14545
V125	0.28689	0.37597	0.21553	0.12161
V126	0.07289	0.18539	0.14464	0.59708
V127	0.15196	0.13221	0.25919	0.45664
V128	0.07027	0.10897	0.17717	0.64359
V129	0.41154	0.25145	0.20892	0.12809
V130	0.05304	0.53854	0.29664	0.11178
V131	0.05288	0.67949	0.09475	0.17287
V132	0.65541	0.09515	0.13217	0.11727
V133	0.63881	0.10137	0.14939	0.11042
V134	0.11367	0.34477	0.18377	0.35778
V135	0.10171	0.114	0.21499	0.5693
V136	0.18916	0.34918	0.11424	0.34742
V137	0.46242	0.12277	0.26075	0.15406
V138	0.17496	0.35932	0.21204	0.25368
V139	0.25962	0.23185	0.22734	0.28119
V140	0.0691	0.1525	0.14553	0.63288
V141	0.09882	0.21087	0.41362	0.27669
V142	0.56562	0.09796	0.23668	0.09974
V143	0.30039	0.26904	0.15147	0.2791
V144	0.14897	0.19879	0.20892	0.44332
V145	0.04603	0.60737	0.23261	0.11399
V146	0.08201	0.10832	0.13477	0.6749
V147	0.63851	0.10441	0.12658	0.1305
V148	0.14037	0.1587	0.44029	0.26064
V149	0.21482	0.44199	0.23366	0.10953
V150	0.11426	0.26773	0.44941	0.1686
V151	0.16898	0.50477	0.12132	0.20493
V152	0.19024	0.39084	0.23476	0.18416
V153	0.10733	0.58163	0.11199	0.19905
V154	0.20193	0.40108	0.26647	0.13052
V155	0.34307	0.19721	0.27997	0.17974
V156	0.08484	0.20436	0.50601	0.20479
V157	0.23708	0.20614	0.29023	0.26655
V158	0.06313	0.104	0.13037	0.7025
V159	0.61869	0.13285	0.11115	0.13731
V160	0.47601	0.09507	0.15231	0.27661
V161	0.17365	0.10229	0.1348	0.58926
V162	0.0856	0.2854	0.15895	0.47005
V163	0.10774	0.4121	0.20468	0.27548
V164	0.24832	0.2977	0.17445	0.27953
V165	0.05397	0.25759	0.11039	0.57804
V166	0.05783	0.15867	0.15424	0.62926
V167	0.25071	0.09359	0.11842	0.53728
V168	0.22209	0.47181	0.15472	0.15138
V169	0.1581	0.13285	0.13842	0.57063
V170	0.12518	0.12375	0.40765	0.34343
V171	0.14133	0.26752	0.4494	0.14175
V172	0.51426	0.10023	0.27907	0.10645
V173	0.06802	0.18607	0.14035	0.60556
V174	0.06104	0.20064	0.15759	0.58074
V175	0.10572	0.12179	0.56748	0.20501
V176	0.04877	0.63843	0.19842	0.11439
V177	0.04282	0.7379	0.09703	0.12226
V178	0.0435	0.59004	0.09926	0.2672
V179	0.15616	0.11172	0.32797	0.40415
V180	0.05768	0.68933	0.1456	0.10739
V181	0.15916	0.19592	0.41861	0.22631
V182	0.24279	0.2264	0.37936	0.15145
V183	0.15345	0.63165	0.10388	0.11102
V184	0.69301	0.08857	0.11914	0.09928
V185	0.40907	0.37028	0.11502	0.10563
V186	0.12438	0.41327	0.25607	0.20627
V187	0.66766	0.09491	0.13244	0.10498
V188	0.08327	0.2382	0.11119	0.56733
V189	0.55922	0.10395	0.12174	0.21509
V190	0.47789	0.10857	0.30675	0.10679
V191	0.1744	0.24575	0.43974	0.1401
V192	0.22727	0.40018	0.13435	0.2382
V193	0.4264	0.12271	0.25317	0.19772
V194	0.06025	0.71045	0.10148	0.12782
V195	0.07399	0.139	0.67363	0.11338
V196	0.06108	0.14001	0.12391	0.675
V197	0.28725	0.12736	0.13194	0.45344
V198	0.09476	0.43285	0.31673	0.15566
V199	0.14895	0.11857	0.21578	0.51669
V200	0.12114	0.45597	0.1132	0.30969
V201	0.10826	0.45782	0.21344	0.22048
V202	0.07463	0.12819	0.55669	0.24049
V203	0.15614	0.38774	0.33118	0.12495
V204	0.045	0.43196	0.10856	0.41448
V205	0.07866	0.15424	0.64597	0.12112
V206	0.09718	0.17975	0.61121	0.11186
V207	0.12653	0.21693	0.14586	0.51067
V208	0.22198	0.15672	0.50453	0.11676
V209	0.22736	0.40124	0.14779	0.22361
V210	0.09771	0.59619	0.15742	0.14868
V211	0.29588	0.10364	0.13517	0.4653
V212	0.37898	0.13353	0.3678	0.11969
V213	0.43904	0.11386	0.18083	0.26628
V214	0.24431	0.20362	0.20997	0.3421
V215	0.21629	0.15948	0.12424	0.49999
V216	0.07319	0.10358	0.13029	0.69294
V217	0.07617	0.41681	0.23709	0.26993
V218	0.10743	0.38255	0.20568	0.30434
V219	0.10722	0.50563	0.10635	0.2808
V220	0.04361	0.63088	0.09896	0.22655
V221	0.55653	0.08952	0.11292	0.24103
V222	0.24589	0.19553	0.32002	0.23856
V223	0.06621	0.20891	0.55617	0.16871
V224	0.68374	0.08929	0.12731	0.09966
V225	0.07542	0.67604	0.13535	0.11319
V226	0.25333	0.16653	0.46412	0.11602
V227	0.56025	0.0968	0.23142	0.11152
V228	0.533	0.13916	0.1546	0.17324
V229	0.07915	0.13648	0.65538	0.12899
V230	0.06266	0.11441	0.12964	0.69329
V231	0.05809	0.27363	0.17498	0.4933
V232	0.06729	0.51484	0.0962	0.32168
V233	0.39604	0.16029	0.23145	0.21223
V234	0.06179	0.69883	0.11742	0.12196
V235	0.29046	0.15096	0.42719	0.13138
V236	0.09532	0.16258	0.57325	0.16885
V237	0.1401	0.10375	0.13773	0.61842
V238	0.13291	0.46353	0.25616	0.1474
V239	0.084	0.34784	0.11923	0.44893
V240	0.36382	0.13138	0.36215	0.14265
V241	0.07803	0.12893	0.6309	0.16215
V242	0.12668	0.59674	0.15932	0.11726
V243	0.21073	0.14133	0.48103	0.16691
V244	0.1912	0.11798	0.5155	0.17532
V245	0.41905	0.29306	0.14093	0.14696
V246	0.09966	0.21426	0.55771	0.12837
V247	0.16979	0.13196	0.59411	0.10414
V248	0.06651	0.12014	0.14256	0.67078
V249	0.06561	0.14652	0.62556	0.16231
V250	0.54743	0.09892	0.24719	0.10646
V251	0.66137	0.11562	0.1185	0.1045
V252	0.0485	0.65575	0.18884	0.10691
V253	0.26267	0.14709	0.20948	0.38077
V254	0.04401	0.71215	0.12905	0.11479
V255	0.06657	0.6952	0.09525	0.14298
V256	0.1668	0.24936	0.40674	0.1771
V257	0.30017	0.17002	0.24999	0.27982
V258	0.16363	0.28276	0.34881	0.20479
V259	0.08198	0.30314	0.47194	0.14294
V260	0.06132	0.30025	0.52678	0.11164
V261	0.43005	0.11913	0.23124	0.21958
V262	0.10556	0.13243	0.12571	0.6363
V263	0.04873	0.72614	0.09771	0.12742
V264	0.15701	0.13274	0.35234	0.35791
V265	0.07197	0.10484	0.1908	0.63239
V266	0.46279	0.32818	0.11101	0.09802
V267	0.05076	0.21884	0.26583	0.46457
V268	0.27355	0.11343	0.19986	0.41316
V269	0.05279	0.46935	0.328	0.14987
V270	0.45436	0.11703	0.25984	0.16877
V271	0.55085	0.13572	0.13288	0.18054
V272	0.07223	0.62884	0.10564	0.19329
V273	0.08207	0.11275	0.1396	0.66559
V274	0.49033	0.095	0.22617	0.18851
V275	0.06975	0.13899	0.67793	0.11333
V276	0.35052	0.31653	0.11241	0.22053
V277	0.07079	0.22993	0.20309	0.49618
V278	0.07629	0.14496	0.27286	0.50589
V279	0.47735	0.1333	0.17952	0.20983
V280	0.06313	0.104	0.13037	0.7025
V281	0.37662	0.11485	0.19989	0.30865
V282	0.10142	0.16368	0.58078	0.15412
V283	0.17009	0.46966	0.14202	0.21824
V284	0.05775	0.69404	0.13429	0.11392
V285	0.11136	0.13054	0.65147	0.10663
V286	0.19284	0.45418	0.16957	0.18342
V287	0.1003	0.66709	0.1064	0.12621
V288	0.06301	0.28752	0.34404	0.30543
V289	0.23015	0.25161	0.35138	0.16686
V290	0.58397	0.19831	0.12012	0.09759
V291	0.36482	0.15462	0.36677	0.1138
V292	0.65059	0.09275	0.11283	0.14382
V293	0.24739	0.12398	0.49004	0.13859
V294	0.0952	0.32418	0.10829	0.47232
V295	0.06006	0.21425	0.21801	0.50768
V296	0.1688	0.19233	0.4634	0.17547
V297	0.09527	0.10164	0.15595	0.64714
V298	0.24597	0.17983	0.4579	0.1163
V299	0.08703	0.267	0.1183	0.52767
V300	0.05554	0.12264	0.24049	0.58133
V301	0.13634	0.18748	0.47789	0.19829
V302	0.46257	0.32105	0.10657	0.10981
V303	0.04815	0.49423	0.32119	0.13644
V304	0.09879	0.13373	0.53334	0.23414
V305	0.13074	0.21348	0.36537	0.29041
V306	0.55906	0.15766	0.14534	0.13795
V307	0.04912	0.72181	0.10701	0.12206
V308	0.18575	0.25221	0.2787	0.28334
V309	0.2369	0.29782	0.12453	0.34074
V310	0.09457	0.29793	0.19518	0.41233
V311	0.37206	0.41343	0.1086	0.10592
V312	0.10509	0.58254	0.18496	0.1274
V313	0.05432	0.1622	0.12821	0.65527
V314	0.05359	0.3963	0.17163	0.37848
V315	0.11502	0.49551	0.12182	0.26766
V316	0.23912	0.19664	0.33225	0.232
V317	0.09454	0.54435	0.12734	0.23378
V318	0.06279	0.44272	0.11078	0.3837
V319	0.1026	0.15776	0.60387	0.13577
V320	0.11012	0.20802	0.47709	0.20478
V321	0.45621	0.33491	0.11068	0.0982
V322	0.15685	0.29982	0.15288	0.39046
V323	0.08308	0.11487	0.16549	0.63656
V324	0.46422	0.26561	0.15235	0.11782
V325	0.23309	0.51919	0.13841	0.1093
V326	0.04178	0.44902	0.15918	0.35002
V327	0.06104	0.19022	0.17351	0.57523
V328	0.09303	0.13349	0.53267	0.24081
V329	0.14917	0.17412	0.20821	0.46849
V330	0.28345	0.10884	0.30841	0.2993
V331	0.24311	0.15345	0.14064	0.4628
V332	0.05909	0.13519	0.21415	0.59157
V333	0.30582	0.158	0.34067	0.1955
V334	0.26366	0.1099	0.3185	0.30795
V335	0.07162	0.326	0.39565	0.20673
V336	0.14874	0.54878	0.11169	0.19079
V337	0.22447	0.36733	0.27686	0.13134
V338	0.03763	0.7439	0.10259	0.11589
V339	0.14379	0.12815	0.61557	0.1125
V340	0.0934	0.2553	0.40325	0.24804
V341	0.06627	0.12091	0.15072	0.66209
V342	0.20906	0.11431	0.46694	0.20969
V343	0.6781	0.09872	0.11903	0.10414
V344	0.48238	0.19747	0.22088	0.09927
V345	0.07409	0.13934	0.67888	0.10769
V346	0.18446	0.17841	0.2717	0.36543
V347	0.07677	0.10849	0.18673	0.628
V348	0.07801	0.51928	0.18267	0.22004
V349	0.26024	0.21679	0.33394	0.18902
V350	0.06026	0.63329	0.19905	0.1074
V351	0.06677	0.1287	0.32888	0.47564
V352	0.09731	0.13405	0.59991	0.16872
V353	0.60653	0.1059	0.13614	0.15143
V354	0.07648	0.55337	0.2279	0.14226
V355	0.22233	0.16042	0.37214	0.24511
V356	0.07036	0.11568	0.16988	0.64407
V357	0.11852	0.31435	0.26315	0.30398
V358	0.36433	0.16384	0.14387	0.32796
V359	0.38368	0.12899	0.13412	0.35321
V360	0.38878	0.381	0.11948	0.11075
V361	0.05307	0.40646	0.42803	0.11244
V362	0.03791	0.73909	0.10726	0.11574
V363	0.15873	0.18701	0.37165	0.28261
V364	0.15759	0.15687	0.50164	0.18391
V365	0.19722	0.1115	0.12361	0.56766
V366	0.0887	0.53348	0.1507	0.22712
V367	0.38339	0.18645	0.10976	0.3204
V368	0.0952	0.56853	0.15109	0.18518
V369	0.06704	0.3712	0.44988	0.11188
V370	0.23524	0.28827	0.34445	0.13204
V371	0.15521	0.56597	0.11786	0.16097
V372	0.14147	0.13748	0.1824	0.53865
V373	0.10458	0.20052	0.37075	0.32416
V374	0.55475	0.10317	0.24222	0.09986
V375	0.07577	0.12677	0.19502	0.60244
V376	0.07018	0.12079	0.16972	0.63931
V377	0.5363	0.08482	0.1178	0.26108
V378	0.06175	0.1292	0.33386	0.47519
V379	0.23568	0.21916	0.11909	0.42607
V380	0.13807	0.15164	0.2244	0.48588
V381	0.49777	0.10312	0.16902	0.2301
V382	0.11638	0.14007	0.63084	0.11271
V383	0.56863	0.0921	0.14557	0.1937
V384	0.3759	0.1499	0.19338	0.28081
V385	0.59019	0.10175	0.16331	0.14474
V386	0.22152	0.10859	0.19906	0.47083
V387	0.40537	0.19838	0.22547	0.17078
V388	0.26405	0.31599	0.19573	0.22423
V389	0.29116	0.43806	0.11257	0.15821
V390	0.23731	0.27604	0.38009	0.10656
V391	0.28059	0.16456	0.12402	0.43083
V392	0.29179	0.24229	0.21351	0.2524
V393	0.22007	0.25352	0.3083	0.2181
V394	0.10257	0.24119	0.17478	0.48146
V395	0.17589	0.35304	0.22349	0.24758
V396	0.04306	0.72787	0.10121	0.12786
V397	0.53673	0.15562	0.17609	0.13157
V398	0.30004	0.18807	0.17063	0.34126
V399	0.16148	0.45625	0.19124	0.19103
V400	0.04105	0.46065	0.14194	0.35635
V401	0.08522	0.22027	0.52569	0.16882
V402	0.56043	0.20743	0.13469	0.09745
V403	0.06659	0.11487	0.15515	0.66339
V404	0.11405	0.23977	0.46082	0.18536
V405	0.1743	0.12302	0.21051	0.49217
V406	0.43595	0.2609	0.11998	0.18317
V407	0.03763	0.7439	0.10259	0.11589
V408	0.10979	0.26551	0.32818	0.29652
V409	0.05798	0.10869	0.13032	0.70301
V410	0.09556	0.6617	0.11653	0.12622
V411	0.29895	0.09594	0.11308	0.49203
V412	0.15176	0.16131	0.39156	0.29536
V413	0.07998	0.40553	0.20962	0.30487
V414	0.07188	0.42881	0.2923	0.20701
V415	0.30577	0.1208	0.25252	0.32092
V416	0.07349	0.16823	0.65115	0.10713
V417	0.27721	0.50804	0.10637	0.10838
V418	0.09426	0.16698	0.19283	0.54593
V419	0.06275	0.10428	0.13601	0.69697
V420	0.03826	0.67098	0.10503	0.18573
V421	0.15759	0.14277	0.50168	0.19796
V422	0.07659	0.13411	0.12229	0.66701
V423	0.11589	0.13472	0.62243	0.12696
V424	0.05909	0.14627	0.45854	0.3361
V425	0.09435	0.26641	0.44695	0.19229
V426	0.12192	0.14759	0.56958	0.16091
V427	0.08747	0.35037	0.21614	0.34602
V428	0.09418	0.5918	0.13559	0.17844
V429	0.06277	0.10448	0.13975	0.69299
V430	0.51202	0.20554	0.12357	0.15887
V431	0.16443	0.12555	0.36545	0.34456
V432	0.11042	0.15681	0.14463	0.58814
V433	0.07231	0.56564	0.09517	0.26688
V434	0.23688	0.14918	0.14444	0.4695
V435	0.345	0.10388	0.18933	0.36179
V436	0.26566	0.10589	0.18417	0.44427
V437	0.17728	0.23856	0.11397	0.47019
V438	0.40975	0.20113	0.12983	0.25928
V439	0.0701	0.15556	0.12163	0.65271
V440	0.32434	0.11778	0.13684	0.42104
V441	0.10034	0.19946	0.44542	0.25477
V442	0.23024	0.32129	0.18976	0.25871
V443	0.50457	0.09534	0.17016	0.22994
V444	0.07409	0.13934	0.67888	0.10769
V445	0.43845	0.1164	0.31823	0.12692
V446	0.06217	0.63264	0.13421	0.17098
V447	0.43192	0.16583	0.21747	0.18478
V448	0.06411	0.14677	0.21898	0.57013
V449	0.39296	0.13075	0.29064	0.18565
V450	0.12944	0.65877	0.10641	0.10538
V451	0.64965	0.1212	0.11182	0.11733
V452	0.0714	0.1106	0.15508	0.66292
V453	0.55312	0.14706	0.15514	0.14468
V454	0.03831	0.71108	0.12815	0.12246
V455	0.42327	0.12555	0.29599	0.15519
V456	0.24583	0.19065	0.33186	0.23165
V457	0.05781	0.1137	0.12654	0.70194
V458	0.19575	0.23902	0.11425	0.45098
V459	0.05061	0.60893	0.15415	0.18631
V460	0.6618	0.09506	0.13214	0.11101
V461	0.08214	0.11919	0.12326	0.6754
V462	0.24017	0.25327	0.10844	0.39812
V463	0.19603	0.40776	0.19872	0.19748
V464	0.33861	0.16242	0.11258	0.38638
V465	0.27825	0.37606	0.1232	0.22249
V466	0.39094	0.21885	0.10999	0.28022
V467	0.23466	0.47132	0.15508	0.13894
V468	0.34816	0.36348	0.1393	0.14906
V469	0.06181	0.21904	0.26675	0.45239
V470	0.3735	0.18458	0.22087	0.22106
V471	0.19829	0.16641	0.13497	0.50033
V472	0.22738	0.30618	0.10714	0.3593
V473	0.11272	0.46204	0.29917	0.12607
V474	0.11756	0.10163	0.17484	0.60596
V475	0.15037	0.34964	0.15689	0.3431
V476	0.14015	0.10947	0.15116	0.59921
V477	0.41075	0.12596	0.23713	0.22617
V478	0.12031	0.46767	0.10285	0.30917
V479	0.07546	0.17408	0.57178	0.17867
V480	0.09245	0.28889	0.13768	0.48098
V481	0.15604	0.13186	0.59378	0.11833
V482	0.47929	0.20632	0.18197	0.13241
V483	0.1219	0.1694	0.15706	0.55165
V484	0.06534	0.14051	0.13295	0.66121
V485	0.11425	0.56892	0.10449	0.21233
V486	0.20319	0.26989	0.18427	0.34266
V487	0.0946	0.1305	0.16366	0.61125
V488	0.06491	0.12509	0.61732	0.19268
V489	0.19144	0.18389	0.50728	0.11739
V490	0.23953	0.30171	0.15054	0.30822
V491	0.30969	0.40526	0.12749	0.15756
V492	0.05814	0.64853	0.17871	0.11461
V493	0.06342	0.10314	0.12354	0.7099
V494	0.17295	0.2166	0.40585	0.2046
V495	0.18033	0.5082	0.18694	0.12453
V496	0.21035	0.54664	0.09794	0.14506
V497	0.07431	0.13299	0.67924	0.11347
V498	0.22407	0.16721	0.14454	0.46418
V499	0.43151	0.27623	0.1875	0.10476
V500	0.1252	0.20021	0.5325	0.14209
V501	0.05779	0.10479	0.13966	0.69776
V502	0.38161	0.28715	0.20322	0.12802
V503	0.16163	0.16981	0.2255	0.44306
V504	0.18138	0.54897	0.10863	0.16102
V505	0.16422	0.24394	0.2524	0.33945
V506	0.11034	0.27671	0.35818	0.25476
V507	0.41469	0.16913	0.18322	0.23296
V508	0.51452	0.20744	0.13929	0.13875
V509	0.19163	0.15626	0.39905	0.25307
V510	0.18584	0.44694	0.25669	0.11053
V511	0.07083	0.35567	0.13682	0.43668
V512	0.18698	0.13203	0.1624	0.51858
V513	0.09505	0.51899	0.222	0.16397
V514	0.06178	0.13477	0.1194	0.68405
V515	0.51715	0.13737	0.14417	0.2013
V516	0.63758	0.14823	0.11069	0.10351
V517	0.07735	0.12195	0.25166	0.54904
V518	0.67209	0.10918	0.11457	0.10416
V519	0.05411	0.6532	0.09955	0.19314
V520	0.07717	0.11263	0.45973	0.35047
V521	0.40342	0.13563	0.33226	0.12869
V522	0.06139	0.19804	0.43003	0.31055
V523	0.25514	0.1904	0.26085	0.2936
V524	0.04836	0.60563	0.20997	0.13604
V525	0.19108	0.22987	0.12645	0.45261
V526	0.43086	0.15292	0.15734	0.25888
V527	0.17606	0.12404	0.33546	0.36444
V528	0.09929	0.65698	0.09582	0.14791
V529	0.08986	0.1472	0.23455	0.52839
V530	0.06321	0.24843	0.49552	0.19284
V531	0.0535	0.67392	0.16552	0.10706
V532	0.14323	0.30272	0.12417	0.42988
V533	0.21056	0.32724	0.18864	0.27356
V534	0.06716	0.12515	0.51244	0.29526
V535	0.37202	0.08598	0.11866	0.42334
V536	0.16865	0.10522	0.32208	0.40405
V537	0.41236	0.27263	0.20516	0.10985
V538	0.30807	0.13457	0.16649	0.39086
V539	0.20397	0.37846	0.19912	0.21845
V540	0.16361	0.54731	0.14836	0.14072
V541	0.05296	0.41209	0.14468	0.39027
V542	0.16342	0.19094	0.25285	0.3928
V543	0.60373	0.09036	0.11977	0.18614
V544	0.11269	0.16193	0.2084	0.51698
V545	0.25248	0.19376	0.15303	0.40072
V546	0.06912	0.67729	0.13988	0.11371
V547	0.07171	0.52205	0.28737	0.11887
V548	0.1391	0.59649	0.1529	0.11151
V549	0.26139	0.13602	0.48627	0.11633
V550	0.39209	0.10899	0.10985	0.38907
V551	0.15012	0.57356	0.12249	0.15384
V552	0.04044	0.425	0.10795	0.42661
V553	0.195	0.21513	0.4646	0.12527
V554	0.08131	0.15118	0.13097	0.63654
V555	0.10679	0.25312	0.29387	0.34622
V556	0.06735	0.14207	0.65474	0.13585
V557	0.55261	0.10823	0.11737	0.22178
V558	0.0811	0.59741	0.11543	0.20606
V559	0.04917	0.63431	0.20911	0.10741
V560	0.48197	0.30652	0.10816	0.10335
V561	0.06975	0.13899	0.67793	0.11333
V562	0.53419	0.09676	0.18776	0.1813
V563	0.21498	0.12136	0.55234	0.11132
V564	0.10303	0.17232	0.60518	0.11947
V565	0.12797	0.27798	0.31777	0.27628
V566	0.46563	0.1597	0.11097	0.2637
V567	0.1693	0.38013	0.12027	0.33031
V568	0.18685	0.10347	0.14667	0.56301
V569	0.45619	0.10657	0.10719	0.33005
V570	0.07541	0.30406	0.4581	0.16244
V571	0.55996	0.17895	0.10962	0.15147
V572	0.32176	0.11426	0.37582	0.18815
V573	0.08445	0.20205	0.11861	0.59489
V574	0.06773	0.61245	0.19989	0.11993
V575	0.06225	0.15604	0.18333	0.59838
V576	0.13818	0.62236	0.12249	0.11698
V577	0.07598	0.13439	0.23018	0.55944
V578	0.09579	0.16274	0.49381	0.24765
V579	0.04568	0.67105	0.15532	0.12795
V580	0.13591	0.10705	0.18025	0.57678
V581	0.08573	0.14446	0.11852	0.65128
V582	0.38769	0.19492	0.13022	0.28717
V583	0.06336	0.14609	0.43998	0.35056
V584	0.36612	0.21046	0.2873	0.13612
V585	0.06227	0.11753	0.35897	0.46123
V586	0.20449	0.12138	0.49085	0.18329
V587	0.22906	0.12616	0.51314	0.13164
V588	0.41828	0.12011	0.12989	0.33171
V589	0.07469	0.62189	0.14022	0.1632
V590	0.07503	0.60027	0.21066	0.11404
V591	0.05561	0.12909	0.22338	0.59193
V592	0.16277	0.14336	0.58969	0.10418
V593	0.3996	0.09523	0.22505	0.28011
V594	0.2523	0.30015	0.30114	0.14641
V595	0.06698	0.11445	0.12947	0.6891
V596	0.07016	0.28372	0.23257	0.41355
V597	0.04676	0.48038	0.29489	0.17796
V598	0.07602	0.19996	0.60268	0.12133
V599	0.43314	0.31239	0.1276	0.12687
V600	0.25325	0.4068	0.13743	0.20252
V601	0.13719	0.2739	0.15948	0.42944
V602	0.06704	0.1138	0.12638	0.69278
V603	0.05048	0.32403	0.11646	0.50903
V604	0.36746	0.18836	0.31401	0.13017
V605	0.09504	0.32164	0.3282	0.25512
V606	0.4892	0.19844	0.11773	0.19464
V607	0.43803	0.10371	0.18008	0.27818
V608	0.18221	0.21558	0.32617	0.27604
V609	0.06567	0.25463	0.23973	0.43997
V610	0.51973	0.10806	0.17086	0.20135
V611	0.2111	0.10187	0.14645	0.54058
V612	0.08196	0.1818	0.5743	0.16194
V613	0.08007	0.32988	0.44682	0.14322
V614	0.51049	0.13718	0.14412	0.20821
V615	0.1222	0.13192	0.12148	0.6244
V616	0.08745	0.5442	0.12732	0.24103
V617	0.34813	0.21679	0.33482	0.10025
V618	0.48695	0.09053	0.10761	0.31492
V619	0.2764	0.12527	0.29782	0.30051
V620	0.05304	0.53854	0.29664	0.11178
V621	0.29156	0.20448	0.21697	0.287
V622	0.26878	0.25814	0.34072	0.13236
V623	0.0627	0.15069	0.19382	0.59279
V624	0.55139	0.22361	0.10976	0.11524
V625	0.20266	0.41634	0.16325	0.21776
V626	0.6716	0.10308	0.11472	0.11061
V627	0.05679	0.11513	0.15557	0.67251
V628	0.04901	0.23251	0.12312	0.59535
V629	0.12529	0.29451	0.26297	0.31724
V630	0.08045	0.32968	0.44055	0.14932
V631	0.05989	0.21927	0.17216	0.54867
V632	0.39507	0.09257	0.19902	0.31335
V633	0.06333	0.14198	0.58874	0.20595
V634	0.29362	0.28638	0.31242	0.10758
V635	0.05472	0.5793	0.09838	0.2676
V636	0.1359	0.18712	0.47231	0.20466
V637	0.22082	0.22614	0.1637	0.38934
V638	0.25907	0.26713	0.15282	0.32098
V639	0.21748	0.38811	0.29087	0.10354
V640	0.08589	0.22046	0.54462	0.14903
V641	0.6084	0.11694	0.13024	0.14442
V642	0.52341	0.21021	0.10777	0.15861
V643	0.05873	0.23256	0.35702	0.35169
V644	0.63217	0.14209	0.11557	0.11018
V645	0.21102	0.37482	0.29027	0.12389
V646	0.04333	0.73952	0.10134	0.11581
V647	0.15161	0.17961	0.51531	0.15347
V648	0.29091	0.38717	0.19229	0.12964
V649	0.08356	0.1649	0.59709	0.15445
V650	0.10009	0.1811	0.55734	0.16146
V651	0.2552	0.11904	0.51447	0.1113
V652	0.11104	0.17392	0.35031	0.36473
V653	0.11865	0.52255	0.1605	0.1983
V654	0.47603	0.22903	0.1485	0.14645
V655	0.06293	0.45097	0.11509	0.371
V656	0.16095	0.26876	0.11708	0.45322
V657	0.06619	0.14048	0.12195	0.67138
V658	0.4064	0.23415	0.14753	0.21192
V659	0.24527	0.16971	0.31826	0.26676
V660	0.05414	0.72098	0.09699	0.12789
V661	0.07646	0.35697	0.14268	0.4239
V662	0.30066	0.12241	0.38871	0.18821
V663	0.19956	0.16439	0.43837	0.19768
V664	0.18445	0.16399	0.5044	0.14715
V665	0.46715	0.22043	0.13696	0.17546
V666	0.39353	0.0916	0.17485	0.34002
V667	0.53972	0.1447	0.21686	0.09872
V668	0.11673	0.62565	0.1523	0.10532
V669	0.18413	0.37181	0.253	0.19106
V670	0.08704	0.68898	0.09751	0.12647
V671	0.2624	0.29494	0.26092	0.18174
V672	0.07841	0.14132	0.64436	0.13591
V673	0.18403	0.34239	0.24086	0.23271
V674	0.4829	0.19312	0.12256	0.20142
V675	0.13432	0.31717	0.2874	0.26111
V676	0.06794	0.17259	0.17329	0.58618
V677	0.26789	0.36174	0.16787	0.2025
V678	0.36613	0.4148	0.11277	0.1063
V679	0.09	0.31901	0.47335	0.11764
V680	0.23156	0.45742	0.18918	0.12183
V681	0.62061	0.13387	0.12104	0.12448
V682	0.12668	0.30805	0.42342	0.14186
V683	0.04347	0.74026	0.10778	0.1085
V684	0.47868	0.20619	0.16816	0.14697
V685	0.3431	0.32946	0.18382	0.14362
V686	0.10402	0.21842	0.19583	0.48172
V687	0.06724	0.1082	0.13039	0.69417
V688	0.2616	0.42842	0.10164	0.20834
V689	0.19294	0.09623	0.14286	0.56797
V690	0.34166	0.13867	0.3624	0.15727
V691	0.16305	0.12523	0.59946	0.11226
V692	0.11172	0.21271	0.51442	0.16115
V693	0.18756	0.18242	0.31882	0.31119
V694	0.0605	0.12343	0.27381	0.54226
V695	0.18955	0.10593	0.20337	0.50115
V696	0.09203	0.15047	0.12566	0.63184
V697	0.06193	0.12857	0.12478	0.68472
V698	0.55704	0.08983	0.11803	0.2351
V699	0.38336	0.28856	0.15032	0.17776
V700	0.1785	0.1121	0.12036	0.58904
V701	0.11171	0.42838	0.17056	0.28935
V702	0.35984	0.14827	0.11865	0.37324
V703	0.13826	0.14881	0.38299	0.32995
V704	0.55552	0.12128	0.12914	0.19406
V705	0.66596	0.08862	0.122	0.12342
V706	0.11326	0.15391	0.55456	0.17827
V707	0.07835	0.38831	0.39022	0.14312
V708	0.0607	0.65742	0.11005	0.17183
V709	0.14045	0.28663	0.40544	0.16748
V710	0.40553	0.23342	0.14107	0.21998
V711	0.09728	0.61161	0.15692	0.13418
V712	0.55402	0.12491	0.11357	0.2075
V713	0.29174	0.29459	0.12787	0.2858
V714	0.04447	0.51333	0.1127	0.3295
V715	0.2323	0.32561	0.28356	0.15853
V716	0.07111	0.12523	0.14217	0.66149
V717	0.08686	0.69481	0.09714	0.12119
V718	0.1364	0.45878	0.20567	0.19915
V719	0.0752	0.54177	0.12107	0.26195
V720	0.48843	0.09753	0.25383	0.16021
V721	0.13015	0.22007	0.37369	0.27609
V722	0.09636	0.3068	0.11678	0.48006
V723	0.10986	0.14965	0.12062	0.61988
V724	0.38769	0.11315	0.16533	0.33384
V725	0.0649	0.18702	0.61217	0.13592
V726	0.06637	0.33619	0.17847	0.41897
V727	0.20841	0.52292	0.16003	0.10865
V728	0.05762	0.67205	0.1559	0.11443
V729	0.28152	0.1083	0.21045	0.39973
V730	0.62056	0.11238	0.14298	0.12408
V731	0.06955	0.23692	0.32725	0.36627
V732	0.25817	0.16157	0.31412	0.26615
V733	0.43106	0.22006	0.13028	0.2186
V734	0.19955	0.31328	0.37841	0.10876
V735	0.06823	0.12875	0.37867	0.42434
V736	0.12799	0.10467	0.1231	0.64424
V737	0.24152	0.29378	0.24714	0.21756
V738	0.10392	0.32287	0.35984	0.21337
V739	0.0587	0.12049	0.45084	0.36997
V740	0.57909	0.15282	0.15752	0.11058
V741	0.3261	0.16916	0.18665	0.31809
V742	0.29129	0.49495	0.11221	0.10155
V743	0.1457	0.21207	0.5152	0.12703
V744	0.36663	0.1324	0.30773	0.19325
V745	0.05283	0.53944	0.20617	0.20156
V746	0.69182	0.08803	0.11572	0.10442
V747	0.09772	0.11816	0.51557	0.26856
V748	0.13408	0.18446	0.44124	0.24022
V749	0.20579	0.21026	0.14417	0.43977
V750	0.28312	0.39702	0.11796	0.2019
V751	0.06863	0.65367	0.1217	0.156
V752	0.31346	0.25062	0.19045	0.24547
V753	0.06299	0.1079	0.12291	0.70619
V754	0.04323	0.69801	0.09455	0.1642
V755	0.14059	0.23594	0.29886	0.32461
V756	0.06724	0.10915	0.14285	0.68076
V757	0.2465	0.47903	0.14557	0.1289
V758	0.07158	0.58429	0.17285	0.17129
V759	0.13126	0.15146	0.33259	0.38469
V760	0.22188	0.14502	0.27045	0.36266
V761	0.08972	0.47405	0.25841	0.17782
V762	0.0446	0.33041	0.11598	0.50901
V763	0.26414	0.32751	0.12287	0.28548
V764	0.04378	0.69169	0.10059	0.16395
V765	0.44447	0.15301	0.10547	0.29705
V766	0.06363	0.31664	0.35052	0.26921
V767	0.33417	0.18888	0.25425	0.2227
V768	0.0736	0.68692	0.1123	0.12718
V769	0.13155	0.63415	0.11735	0.11695
V770	0.04333	0.73952	0.10134	0.11581
V771	0.16894	0.13055	0.58245	0.11805
V772	0.14917	0.15037	0.58876	0.11171
V773	0.14185	0.63799	0.10347	0.1167
V774	0.07896	0.13042	0.65484	0.13578
V775	0.12215	0.13477	0.26751	0.47557
V776	0.29419	0.37173	0.1387	0.19538
V777	0.14818	0.1786	0.1919	0.48132
V778	0.36244	0.28167	0.15022	0.20566
V779	0.15878	0.14119	0.39066	0.30937
V780	0.11368	0.60125	0.17951	0.10556
V781	0.07656	0.11909	0.13326	0.67109
V782	0.0668	0.20326	0.56766	0.16228
V783	0.52787	0.10583	0.14416	0.22214
V784	0.10648	0.67464	0.10613	0.11274
V785	0.06063	0.70415	0.10727	0.12796
V786	0.49089	0.20541	0.16393	0.13977
V787	0.04283	0.64946	0.193	0.11471
V788	0.35293	0.30183	0.20275	0.14249
V789	0.0854	0.32158	0.12495	0.46808
V790	0.30805	0.11452	0.16116	0.41627
V791	0.13414	0.34711	0.29228	0.22647
V792	0.12067	0.43248	0.10434	0.3425
V793	0.11516	0.50939	0.12177	0.25368
V794	0.0946	0.17408	0.56264	0.16868
V795	0.11133	0.12906	0.14973	0.60988
V796	0.08328	0.17871	0.60874	0.12926
V797	0.53533	0.09978	0.25288	0.11201
V798	0.42911	0.29634	0.15625	0.1183
V799	0.12204	0.59077	0.11725	0.16994
V800	0.09923	0.13064	0.39935	0.37078
V801	0.1346	0.18856	0.29171	0.38514
V802	0.07565	0.16139	0.26139	0.50157
V803	0.18619	0.44742	0.2632	0.10319
V804	0.37466	0.11905	0.34397	0.16232
V805	0.07433	0.13358	0.6844	0.10769
V806	0.0681	0.68268	0.10675	0.14247
V807	0.19172	0.19548	0.1354	0.47739
V808	0.45318	0.27935	0.13498	0.13248
V809	0.09293	0.14813	0.65189	0.10705
V810	0.04314	0.74411	0.09696	0.11579
V811	0.29041	0.15574	0.23337	0.32048
V812	0.36849	0.27096	0.13985	0.2207
V813	0.4135	0.23216	0.22551	0.12883
V814	0.30965	0.44801	0.13486	0.10748
V815	0.03942	0.70114	0.14461	0.11483
V816	0.65603	0.09079	0.15372	0.09946
V817	0.0841	0.17157	0.62373	0.1206
V818	0.05612	0.12967	0.13899	0.67522
V819	0.56476	0.15233	0.14523	0.13768
V820	0.121	0.16085	0.12943	0.58872
V821	0.18153	0.31686	0.33432	0.1673
V822	0.10975	0.13988	0.62324	0.12713
V823	0.07816	0.24233	0.49395	0.18556
V824	0.1127	0.35776	0.4243	0.10524
V825	0.17713	0.29578	0.25105	0.27604
V826	0.30725	0.37387	0.20547	0.11342
V827	0.27204	0.48819	0.11133	0.12843
V828	0.17239	0.20834	0.17656	0.4427
V829	0.07016	0.24768	0.13545	0.54671
V830	0.16935	0.24217	0.12764	0.46084
V831	0.51695	0.15664	0.13206	0.19435
V832	0.20357	0.35795	0.20672	0.23176
V833	0.13518	0.42128	0.21001	0.23353
V834	0.2126	0.15096	0.15953	0.47691
V835	0.25728	0.39089	0.17725	0.17457
V836	0.04408	0.51847	0.10179	0.33566
V837	0.17559	0.3464	0.21703	0.26099
V838	0.645	0.1172	0.13338	0.10442
V839	0.2286	0.49522	0.167	0.10917
V840	0.22364	0.56943	0.10385	0.10308
V841	0.06527	0.15277	0.62679	0.15517
V842	0.25671	0.21662	0.26007	0.26659
V843	0.07714	0.13981	0.61341	0.16963
V844	0.12193	0.17094	0.32223	0.3849
V845	0.10444	0.19343	0.54037	0.16177
V846	0.06227	0.12754	0.54276	0.26743
V847	0.05906	0.10352	0.12708	0.71034
V848	0.09943	0.42002	0.20451	0.27604
V849	0.03736	0.71989	0.10096	0.1418
V850	0.678	0.089	0.12233	0.11067
V851	0.25143	0.45054	0.19524	0.10279
V852	0.11212	0.13735	0.18911	0.56142
V853	0.19766	0.25699	0.34088	0.20447
V854	0.40156	0.21367	0.17194	0.21283
V855	0.05906	0.10352	0.12708	0.71034
V856	0.07853	0.33271	0.30444	0.28432
V857	0.45258	0.21399	0.13062	0.20282
V858	0.40491	0.11387	0.37361	0.10761
V859	0.44463	0.25019	0.12171	0.18346
V860	0.15104	0.17449	0.14641	0.52806
V861	0.1133	0.34493	0.42499	0.11679
V862	0.1462	0.17994	0.52578	0.14808
V863	0.15935	0.13495	0.11592	0.58978
V864	0.08773	0.12444	0.14598	0.64184
V865	0.12224	0.11119	0.26153	0.50504
V866	0.51084	0.1126	0.26422	0.11234
V867	0.51135	0.11839	0.26446	0.10579
V868	0.35173	0.28765	0.18823	0.17239
V869	0.04904	0.73461	0.10111	0.11524
V870	0.10513	0.30745	0.12053	0.46689
V871	0.03736	0.71989	0.10096	0.1418
V872	0.0611	0.11733	0.25003	0.57154
V873	0.60831	0.11293	0.14873	0.13002
V874	0.1626	0.61533	0.11769	0.10437
V875	0.06025	0.22693	0.22263	0.49018
V876	0.15017	0.323	0.34267	0.18416
V877	0.07742	0.35748	0.27383	0.29128
V878	0.12418	0.62934	0.14134	0.10515
V879	0.15642	0.53891	0.12903	0.17564
V880	0.2234	0.44927	0.10484	0.22249
V881	0.14885	0.14461	0.45284	0.25369
V882	0.54861	0.09218	0.19243	0.16679
V883	0.23241	0.24398	0.4208	0.10281
V884	0.0586	0.26371	0.11016	0.56752
V885	0.49779	0.23941	0.16368	0.09912
V886	0.06323	0.34512	0.37089	0.22076
V887	0.42806	0.14429	0.20896	0.21869
V888	0.12594	0.15111	0.53867	0.18428
V889	0.63384	0.12247	0.12723	0.11646
V890	0.08204	0.21323	0.45739	0.24735
V891	0.43692	0.13778	0.28511	0.14019
V892	0.20297	0.2123	0.12043	0.4643
V893	0.39819	0.2416	0.20526	0.15495
V894	0.1001	0.31703	0.44	0.14288
V895	0.40183	0.14689	0.23066	0.22061
V896	0.06025	0.71045	0.10148	0.12782
V897	0.46952	0.26578	0.11246	0.15223
V898	0.31373	0.09048	0.11586	0.47993
V899	0.06464	0.22262	0.19185	0.5209
V900	0.10074	0.29986	0.30931	0.29009
V901	0.06081	0.62684	0.10009	0.21226
V902	0.06881	0.68726	0.1304	0.11353
V903	0.05679	0.38355	0.40988	0.14979
V904	0.04882	0.73871	0.09745	0.11502
V905	0.13779	0.10244	0.21486	0.54491
V906	0.27264	0.16232	0.17801	0.38703
V907	0.29889	0.43304	0.11858	0.14949
V908	0.0603	0.13195	0.15435	0.65339
V909	0.12003	0.61626	0.09426	0.16945
V910	0.14205	0.10095	0.18528	0.57172
V911	0.35353	0.35549	0.12727	0.16372
V912	0.27051	0.31546	0.18274	0.23129
V913	0.11132	0.10057	0.12343	0.66468
V914	0.1584	0.42458	0.2763	0.14072
V915	0.17276	0.09591	0.12153	0.60979
V916	0.21187	0.15575	0.48584	0.14654
V917	0.48501	0.1191	0.21311	0.18278
V918	0.07553	0.50274	0.23528	0.18644
V919	0.16559	0.26123	0.27667	0.29652
V920	0.41526	0.23187	0.16754	0.18533
V921	0.06711	0.19781	0.13418	0.60089
V922	0.11452	0.40677	0.32943	0.14928
V923	0.09419	0.11271	0.14255	0.65055
V924	0.07029	0.53448	0.26025	0.13497
V925	0.14488	0.12043	0.12565	0.60904
V926	0.16057	0.11467	0.13419	0.59058
V927	0.06627	0.12508	0.14615	0.6625
V928	0.06636	0.66954	0.1004	0.16369
V929	0.07751	0.50165	0.17934	0.2415
V930	0.34591	0.34054	0.12753	0.18602
V931	0.14016	0.29399	0.39849	0.16736
V932	0.08176	0.1915	0.45067	0.27606
V933	0.4161	0.35849	0.11557	0.10984
V934	0.05645	0.20533	0.26108	0.47714
V935	0.38724	0.2136	0.23625	0.1629
V936	0.35149	0.27635	0.11886	0.25329
V937	0.36117	0.18626	0.16395	0.28862
V938	0.26879	0.13911	0.29227	0.29984
V939	0.50478	0.10706	0.15779	0.23037
V940	0.05885	0.60956	0.189	0.1426
V941	0.0701	0.13252	0.68391	0.11347
V942	0.50452	0.22427	0.15472	0.11649
V943	0.28916	0.1991	0.36013	0.15161
V944	0.05788	0.26342	0.15006	0.52864
V945	0.37855	0.33103	0.11335	0.17707
V946	0.31912	0.2802	0.2627	0.13797
V947	0.10213	0.1416	0.23953	0.51674
V948	0.26733	0.13542	0.47546	0.1218
V949	0.05151	0.17697	0.22421	0.54731
V950	0.08098	0.43614	0.22739	0.2555
V951	0.57611	0.10735	0.21053	0.10601
V952	0.0948	0.19164	0.25604	0.45753
V953	0.0771	0.15918	0.62758	0.13614
V954	0.07064	0.2181	0.19107	0.52018
V955	0.11487	0.47128	0.11816	0.29568
V956	0.08008	0.12972	0.39919	0.39101
V957	0.23163	0.10515	0.11512	0.54811
V958	0.06342	0.10314	0.12354	0.7099
V959	0.19233	0.28274	0.35793	0.167
V960	0.17692	0.27342	0.15946	0.39021
V961	0.13346	0.35478	0.30639	0.20537
V962	0.26847	0.2244	0.34045	0.16667
V963	0.40367	0.21624	0.20952	0.17056
V964	0.5751	0.11519	0.17773	0.13197
V965	0.08031	0.414	0.21489	0.29081
V966	0.67198	0.0987	0.11869	0.11063
V967	0.09192	0.14264	0.40694	0.3585
V968	0.06112	0.22072	0.55539	0.16277
V969	0.05219	0.27264	0.13526	0.53991
V970	0.07748	0.19405	0.3429	0.38558
V971	0.3506	0.16855	0.30879	0.17205
V972	0.33947	0.22995	0.14024	0.29033
V973	0.20097	0.36499	0.15397	0.28007
V974	0.04683	0.59696	0.17694	0.17927
V975	0.12286	0.30396	0.46226	0.11092
V976	0.29647	0.26569	0.17909	0.25875
V977	0.24563	0.34346	0.30267	0.10825
V978	0.08669	0.15809	0.15379	0.60143
V979	0.55897	0.11005	0.22486	0.10612
V980	0.69182	0.08803	0.11572	0.10442
V981	0.2544	0.13318	0.36076	0.25167
V982	0.30204	0.36107	0.15653	0.18036
V983	0.46529	0.13329	0.11174	0.28967
V984	0.05178	0.63929	0.16578	0.14314
V985	0.08901	0.21601	0.11615	0.57883
V986	0.23444	0.43528	0.13443	0.19585
V987	0.1881	0.58927	0.0973	0.12533
V988	0.16691	0.10695	0.12494	0.6012
V989	0.31132	0.40958	0.15812	0.12099
V990	0.06157	0.1535	0.5645	0.22043
V991	0.44908	0.33506	0.10575	0.11011
V992	0.17922	0.11489	0.41026	0.29563
V993	0.08617	0.56506	0.19995	0.14882
V994	0.15552	0.60932	0.11805	0.11711
V995	0.49034	0.16877	0.13216	0.20872
V996	0.19698	0.17691	0.11986	0.50624
V997	0.07561	0.13195	0.58708	0.20536
V998	0.59617	0.10134	0.15794	0.14454
V999	0.11242	0.67721	0.09791	0.11246
V1000	0.22072	0.1099	0.11618	0.5532
