CD19B	CD56NK	CD4MemoryT	CD14
V1	0.42321	0.06157	0.21375	0.30148
V2	0.16113	0.13071	0.1322	0.57596
V3	0.09312	0.50105	0.09646	0.30937
V4	0.66079	0.13115	0.08506	0.12301
V5	0.13232	0.40091	0.255	0.21177
V6	0.10582	0.67859	0.10102	0.11458
V7	0.15555	0.32278	0.14709	0.37458
V8	0.15544	0.07205	0.64018	0.13232
V9	0.21267	0.23578	0.11975	0.4318
V10	0.07705	0.07884	0.69747	0.14664
V11	0.19973	0.31754	0.379	0.10372
V12	0.07622	0.47698	0.3372	0.1096
V13	0.23315	0.56339	0.08833	0.11514
V14	0.10061	0.70781	0.09115	0.10042
V15	0.1377	0.48104	0.17168	0.20957
V16	0.69011	0.06868	0.10793	0.13328
V17	0.1137	0.67676	0.09543	0.11411
V18	0.43323	0.31289	0.12143	0.13245
V19	0.16396	0.63932	0.09042	0.1063
V20	0.16689	0.39185	0.10204	0.33922
V21	0.15512	0.10041	0.61341	0.13107
V22	0.07843	0.13876	0.23155	0.55126
V23	0.31774	0.0824	0.48967	0.11019
V24	0.72727	0.05189	0.11573	0.10512
V25	0.27703	0.2373	0.18013	0.30554
V26	0.30826	0.34379	0.10132	0.24663
V27	0.13025	0.10216	0.11414	0.65345
V28	0.06949	0.0871	0.73895	0.10445
V29	0.35404	0.07033	0.44245	0.13318
V30	0.12818	0.22564	0.27415	0.37203
V31	0.19435	0.20867	0.28583	0.31115
V32	0.1168	0.08369	0.12238	0.67713
V33	0.08937	0.41434	0.32447	0.17181
V34	0.15488	0.0859	0.62724	0.13198
V35	0.16537	0.56737	0.14572	0.12153
V36	0.0694	0.09754	0.4119	0.42116
V37	0.41318	0.1099	0.16178	0.31513
V38	0.3403	0.05825	0.21585	0.3856
V39	0.16667	0.4588	0.17763	0.19691
V40	0.12175	0.64277	0.14157	0.09392
V41	0.06078	0.5371	0.12069	0.28143
V42	0.21029	0.08771	0.23759	0.46442
V43	0.14974	0.30349	0.42047	0.1263
V44	0.07568	0.12209	0.57838	0.22385
V45	0.12394	0.47629	0.23595	0.16382
V46	0.60964	0.09856	0.18325	0.10855
V47	0.35073	0.19849	0.30791	0.14287
V48	0.61119	0.17727	0.09054	0.121
V49	0.55119	0.19377	0.08423	0.17081
V50	0.10045	0.65052	0.14773	0.1013
V51	0.26116	0.35043	0.26302	0.12539
V52	0.0842	0.14188	0.64271	0.13121
V53	0.5583	0.14056	0.20027	0.10086
V54	0.33645	0.20035	0.34212	0.12108
V55	0.20292	0.16247	0.25332	0.38128
V56	0.09711	0.08126	0.1552	0.66643
V57	0.12036	0.67152	0.10075	0.10737
V58	0.48529	0.05301	0.12553	0.33616
V59	0.33736	0.35832	0.16506	0.13927
V60	0.15271	0.18056	0.30821	0.35852
V61	0.60435	0.12673	0.09628	0.17264
V62	0.67079	0.0643	0.14708	0.11783
V63	0.06654	0.64646	0.17202	0.11498
V64	0.05938	0.66247	0.085	0.19316
V65	0.07815	0.07534	0.16392	0.68259
V66	0.19831	0.55134	0.10025	0.1501
V67	0.16526	0.2949	0.42873	0.1111
V68	0.16671	0.16964	0.11433	0.54932
V69	0.08106	0.28485	0.49351	0.14058
V70	0.41233	0.17098	0.21962	0.19708
V71	0.17557	0.12175	0.34202	0.36067
V72	0.434	0.17437	0.16069	0.23095
V73	0.16012	0.49269	0.18394	0.16325
V74	0.10395	0.22065	0.57482	0.10058
V75	0.53944	0.04594	0.23342	0.1812
V76	0.06328	0.1975	0.21603	0.5232
V77	0.08699	0.2751	0.09922	0.53868
V78	0.25856	0.15084	0.22187	0.36873
V79	0.06678	0.13585	0.62561	0.17176
V80	0.29634	0.06878	0.4618	0.17308
V81	0.10524	0.17733	0.60968	0.10775
V82	0.06774	0.10702	0.71398	0.11126
V83	0.15216	0.1961	0.14713	0.50461
V84	0.31749	0.09425	0.21012	0.37814
V85	0.1347	0.29262	0.35271	0.21996
V86	0.0998	0.09756	0.66418	0.13846
V87	0.07786	0.64389	0.12847	0.14978
V88	0.17646	0.11315	0.27415	0.43624
V89	0.08131	0.0833	0.2329	0.60249
V90	0.07303	0.68918	0.12918	0.1086
V91	0.08043	0.58154	0.21559	0.12244
V92	0.36389	0.07252	0.35779	0.2058
V93	0.67671	0.04678	0.08829	0.18821
V94	0.07049	0.38705	0.10482	0.43764
V95	0.22453	0.37194	0.19745	0.20608
V96	0.11357	0.13801	0.11897	0.62945
V97	0.52386	0.12907	0.23977	0.1073
V98	0.52735	0.27686	0.08457	0.11122
V99	0.61098	0.0768	0.20204	0.11017
V100	0.12108	0.08304	0.67061	0.12527
V101	0.08001	0.08615	0.10649	0.72736
V102	0.71204	0.07553	0.09379	0.11864
V103	0.077	0.10016	0.16262	0.66022
V104	0.07455	0.73369	0.09135	0.10041
V105	0.09157	0.71023	0.09685	0.10134
V106	0.13985	0.4253	0.30425	0.13059
V107	0.18829	0.20699	0.46282	0.14189
V108	0.15808	0.59403	0.15363	0.09427
V109	0.07456	0.18581	0.47755	0.26208
V110	0.09211	0.67681	0.11607	0.115
V111	0.70708	0.03306	0.14755	0.1123
V112	0.1544	0.11649	0.37593	0.35318
V113	0.18845	0.14635	0.21636	0.44884
V114	0.22459	0.09869	0.15409	0.52263
V115	0.06042	0.59407	0.24315	0.10237
V116	0.15715	0.29109	0.3324	0.21936
V117	0.50846	0.24216	0.11411	0.13528
V118	0.16619	0.47271	0.11167	0.24943
V119	0.14254	0.12433	0.13322	0.59991
V120	0.1196	0.11122	0.65219	0.11699
V121	0.44869	0.15303	0.16014	0.23814
V122	0.74452	0.03529	0.10031	0.11988
V123	0.06249	0.43135	0.12304	0.38313
V124	0.49895	0.27074	0.08285	0.14746
V125	0.31028	0.36136	0.21125	0.11711
V126	0.09135	0.17657	0.13215	0.59993
V127	0.17608	0.10465	0.26899	0.45028
V128	0.08794	0.08094	0.17497	0.65615
V129	0.43797	0.22834	0.20554	0.12814
V130	0.06211	0.5254	0.31011	0.10237
V131	0.06979	0.6892	0.08495	0.15605
V132	0.72056	0.03654	0.11551	0.12739
V133	0.69918	0.04658	0.13526	0.11899
V134	0.13369	0.34561	0.18054	0.34017
V135	0.12152	0.08704	0.21876	0.57267
V136	0.21682	0.35291	0.09654	0.33373
V137	0.49541	0.07836	0.26696	0.15927
V138	0.19779	0.35335	0.2103	0.23856
V139	0.28574	0.21736	0.22555	0.27135
V140	0.08779	0.13485	0.13552	0.64184
V141	0.10726	0.18475	0.44463	0.26336
V142	0.61302	0.04164	0.24213	0.10321
V143	0.33381	0.25445	0.14188	0.26986
V144	0.17429	0.18352	0.20861	0.43358
V145	0.05463	0.60165	0.2425	0.10122
V146	0.10347	0.07861	0.12304	0.69488
V147	0.69839	0.05239	0.10788	0.14135
V148	0.1533	0.12287	0.47339	0.25044
V149	0.23202	0.42921	0.23635	0.10242
V150	0.1228	0.23947	0.47573	0.162
V151	0.19269	0.50682	0.11047	0.19002
V152	0.21142	0.38225	0.23363	0.1727
V153	0.12681	0.58996	0.10017	0.18306
V154	0.2186	0.38828	0.26888	0.12425
V155	0.36795	0.16696	0.28754	0.17754
V156	0.08958	0.1712	0.54369	0.19554
V157	0.25862	0.18332	0.30122	0.25684
V158	0.08005	0.0744	0.11744	0.7281
V159	0.67685	0.08955	0.08665	0.14695
V160	0.5228	0.05264	0.1435	0.28106
V161	0.20381	0.07132	0.12246	0.6024
V162	0.10544	0.286	0.15145	0.45712
V163	0.12436	0.41398	0.20433	0.25734
V164	0.27632	0.28972	0.16547	0.26849
V165	0.07081	0.26146	0.0929	0.57483
V166	0.07497	0.14235	0.14716	0.63552
V167	0.29298	0.05579	0.10179	0.54944
V168	0.24292	0.46837	0.14556	0.14316
V169	0.18898	0.1071	0.12711	0.57681
V170	0.14	0.08499	0.44102	0.33398
V171	0.15119	0.23753	0.47634	0.13494
V172	0.55405	0.0458	0.28937	0.11077
V173	0.08597	0.176	0.1277	0.61032
V174	0.07779	0.19268	0.15015	0.57938
V175	0.11202	0.07484	0.61443	0.19871
V176	0.05929	0.63463	0.20467	0.1014
V177	0.05784	0.74723	0.08697	0.10795
V178	0.05863	0.60414	0.09114	0.24609
V179	0.17708	0.07555	0.3507	0.39667
V180	0.07419	0.68864	0.14227	0.0949
V181	0.17395	0.16424	0.44565	0.21617
V182	0.25823	0.19658	0.39673	0.14847
V183	0.17802	0.63186	0.08986	0.10026
V184	0.7688	0.0292	0.0957	0.1063
V185	0.43856	0.3626	0.09543	0.10341
V186	0.14001	0.4058	0.26237	0.19182
V187	0.73638	0.03596	0.11492	0.11274
V188	0.10359	0.23815	0.09305	0.5652
V189	0.61521	0.06042	0.10263	0.22175
V190	0.51045	0.05632	0.32292	0.11031
V191	0.18785	0.21376	0.46369	0.13469
V192	0.25201	0.40003	0.12288	0.22508
V193	0.46002	0.08024	0.26062	0.19912
V194	0.07957	0.71404	0.09163	0.11477
V195	0.07364	0.08632	0.72857	0.11147
V196	0.07788	0.11969	0.11059	0.69184
V197	0.3295	0.09605	0.11758	0.45687
V198	0.10321	0.42042	0.33104	0.14532
V199	0.17657	0.0899	0.21771	0.51582
V200	0.14328	0.46563	0.10056	0.29053
V201	0.12412	0.45697	0.2144	0.20451
V202	0.07731	0.08437	0.60674	0.23159
V203	0.1709	0.36817	0.34358	0.11736
V204	0.06176	0.44922	0.09401	0.39502
V205	0.07909	0.1057	0.69619	0.11901
V206	0.10011	0.13457	0.65656	0.10876
V207	0.15186	0.20987	0.13429	0.50398
V208	0.23294	0.1106	0.54047	0.11599
V209	0.25129	0.39837	0.13834	0.212
V210	0.11325	0.598	0.15294	0.13581
V211	0.33776	0.06829	0.12258	0.47137
V212	0.40066	0.08542	0.39048	0.12344
V213	0.47966	0.07633	0.17574	0.26827
V214	0.27171	0.18691	0.20729	0.33409
V215	0.25002	0.13922	0.10947	0.5013
V216	0.09248	0.07309	0.11686	0.71757
V217	0.08913	0.41743	0.24192	0.25151
V218	0.12435	0.3845	0.20506	0.28609
V219	0.12834	0.51481	0.09559	0.26127
V220	0.05978	0.64385	0.09005	0.20632
V221	0.61446	0.04379	0.09342	0.24833
V222	0.26639	0.16744	0.33559	0.23058
V223	0.06669	0.17209	0.59701	0.16421
V224	0.75852	0.02896	0.10676	0.10577
V225	0.09278	0.67631	0.13002	0.10089
V226	0.26741	0.12343	0.49371	0.11545
V227	0.60506	0.04264	0.23433	0.11797
V228	0.5781	0.0977	0.14429	0.17991
V229	0.07944	0.08567	0.70899	0.1259
V230	0.07934	0.08683	0.11764	0.71619
V231	0.0751	0.27229	0.17181	0.48079
V232	0.08586	0.52831	0.08395	0.30189
V233	0.42872	0.12661	0.23287	0.2118
V234	0.079	0.70243	0.10977	0.1088
V235	0.30907	0.10427	0.45476	0.1319
V236	0.09732	0.11956	0.61783	0.16529
V237	0.17033	0.0727	0.12529	0.63169
V238	0.14775	0.4545	0.26071	0.13703
V239	0.10431	0.35756	0.10481	0.43331
V240	0.38555	0.08463	0.38473	0.14509
V241	0.07748	0.07875	0.68466	0.15911
V242	0.14457	0.59548	0.15353	0.10642
V243	0.22553	0.0953	0.51416	0.16501
V244	0.20536	0.06821	0.55401	0.17242
V245	0.44948	0.27567	0.12757	0.14728
V246	0.10336	0.17719	0.59686	0.12258
V247	0.17943	0.07856	0.63988	0.10213
V248	0.08414	0.09355	0.13333	0.68899
V249	0.06443	0.09992	0.67661	0.15904
V250	0.59043	0.04373	0.25429	0.11154
V251	0.72769	0.0667	0.09439	0.11122
V252	0.05947	0.65421	0.1921	0.09422
V253	0.29519	0.11952	0.20836	0.37694
V254	0.05791	0.71627	0.12504	0.10077
V255	0.08475	0.70232	0.08433	0.1286
V256	0.1804	0.22176	0.42932	0.16853
V257	0.3318	0.14175	0.25299	0.27347
V258	0.17933	0.26015	0.36669	0.19382
V259	0.08777	0.27649	0.50085	0.13489
V260	0.06329	0.27224	0.55875	0.10573
V261	0.46668	0.07893	0.23399	0.2204
V262	0.13008	0.10883	0.11398	0.64711
V263	0.0663	0.73274	0.08653	0.11443
V264	0.17598	0.09926	0.37718	0.34758
V265	0.08961	0.07508	0.19155	0.64376
V266	0.49758	0.31511	0.0897	0.09761
V267	0.06174	0.20688	0.27967	0.45171
V268	0.31001	0.08016	0.19741	0.41241
V269	0.06004	0.45723	0.3438	0.13893
V270	0.48819	0.07236	0.26654	0.17291
V271	0.60031	0.09566	0.11703	0.187
V272	0.09105	0.63827	0.09484	0.17584
V273	0.10322	0.08522	0.12799	0.68358
V274	0.53303	0.0467	0.22693	0.19335
V275	0.06859	0.08698	0.73305	0.11138
V276	0.38212	0.30917	0.09455	0.21415
V277	0.08697	0.22408	0.20413	0.48482
V278	0.09008	0.11801	0.2903	0.50161
V279	0.51625	0.09592	0.17449	0.21333
V280	0.08005	0.0744	0.11744	0.7281
V281	0.41413	0.07955	0.1969	0.30942
V282	0.10434	0.11964	0.62461	0.15141
V283	0.19354	0.47167	0.13134	0.20345
V284	0.07406	0.69547	0.12929	0.10118
V285	0.11567	0.07671	0.7044	0.10323
V286	0.21532	0.44899	0.16479	0.1709
V287	0.11959	0.67065	0.09566	0.1141
V288	0.07069	0.27422	0.36692	0.28817
V289	0.24347	0.22678	0.36718	0.16257
V290	0.63245	0.16796	0.09807	0.10152
V291	0.38532	0.10898	0.39028	0.11542
V292	0.71935	0.03623	0.0896	0.15482
V293	0.26138	0.07138	0.52881	0.13842
V294	0.11794	0.33189	0.09011	0.46006
V295	0.07531	0.20452	0.22203	0.49815
V296	0.18228	0.15652	0.49148	0.16972
V297	0.11742	0.0728	0.14802	0.66176
V298	0.25987	0.13818	0.48677	0.11518
V299	0.10761	0.26798	0.10406	0.52036
V300	0.06749	0.09679	0.25267	0.58305
V301	0.14664	0.15218	0.51212	0.18906
V302	0.49754	0.30673	0.08502	0.11071
V303	0.05669	0.48352	0.33581	0.12398
V304	0.10454	0.08955	0.58071	0.2252
V305	0.14501	0.18982	0.38854	0.27663
V306	0.60525	0.11934	0.13036	0.14504
V307	0.06636	0.72633	0.09887	0.10844
V308	0.20829	0.23708	0.28557	0.26907
V309	0.26705	0.29434	0.10836	0.33025
V310	0.11129	0.29713	0.19457	0.39701
V311	0.40069	0.40807	0.08803	0.10322
V312	0.12086	0.5789	0.18514	0.1151
V313	0.07137	0.14793	0.11487	0.66583
V314	0.0682	0.40616	0.16673	0.35891
V315	0.13619	0.50325	0.1114	0.24916
V316	0.25881	0.16794	0.34921	0.22404
V317	0.11298	0.5524	0.11863	0.21598
V318	0.08082	0.45834	0.09714	0.3637
V319	0.10513	0.11178	0.65138	0.13171
V320	0.11793	0.17575	0.51112	0.1952
V321	0.49001	0.32272	0.08962	0.09766
V322	0.18419	0.29829	0.14178	0.37574
V323	0.10278	0.0861	0.16191	0.64921
V324	0.49575	0.24455	0.14069	0.11901
V325	0.2568	0.51534	0.12625	0.1016
V326	0.05507	0.46157	0.15388	0.32948
V327	0.07756	0.17687	0.1711	0.57446
V328	0.09752	0.08953	0.58121	0.23174
V329	0.17499	0.15408	0.20915	0.46178
V330	0.31225	0.06784	0.32463	0.29528
V331	0.27867	0.13001	0.1279	0.46343
V332	0.07343	0.11098	0.21987	0.59572
V333	0.3315	0.1189	0.35754	0.19205
V334	0.28964	0.07011	0.33697	0.30329
V335	0.07876	0.30863	0.41973	0.19287
V336	0.17161	0.5522	0.10072	0.17547
V337	0.24037	0.35136	0.28309	0.12519
V338	0.05238	0.75376	0.09338	0.10049
V339	0.1506	0.07371	0.66507	0.11063
V340	0.10042	0.23596	0.42904	0.23458
V341	0.08363	0.0942	0.14399	0.67819
V342	0.22634	0.06655	0.5022	0.20491
V343	0.75093	0.04214	0.09517	0.11176
V344	0.5148	0.16522	0.21967	0.1003
V345	0.07425	0.08581	0.73535	0.10459
V346	0.20984	0.15576	0.27988	0.35452
V347	0.09512	0.0807	0.18605	0.63812
V348	0.09218	0.51987	0.18456	0.20339
V349	0.27934	0.18977	0.34806	0.18282
V350	0.07346	0.62703	0.20404	0.09546
V351	0.07699	0.09767	0.35677	0.46857
V352	0.09844	0.08402	0.65096	0.16658
V353	0.66243	0.05567	0.12025	0.16165
V354	0.08895	0.54583	0.23587	0.12936
V355	0.23899	0.12469	0.39916	0.23716
V356	0.08806	0.08688	0.16842	0.65664
V357	0.13527	0.30722	0.27039	0.28711
V358	0.40292	0.13891	0.13066	0.32751
V359	0.42617	0.09953	0.11884	0.35546
V360	0.41675	0.37165	0.10194	0.10965
V361	0.05851	0.38557	0.45245	0.10347
V362	0.05244	0.74819	0.09891	0.10046
V363	0.17468	0.15784	0.3974	0.27007
V364	0.16908	0.11432	0.53911	0.17749
V365	0.23078	0.08331	0.10789	0.57803
V366	0.10584	0.53762	0.14671	0.20983
V367	0.42436	0.16458	0.09174	0.31932
V368	0.11273	0.57046	0.14726	0.16956
V369	0.07188	0.34872	0.47464	0.10475
V370	0.24923	0.26342	0.35982	0.12754
V371	0.17853	0.56729	0.10533	0.14885
V372	0.16917	0.11127	0.17999	0.53956
V373	0.11604	0.17691	0.396	0.31105
V374	0.59821	0.05036	0.24807	0.10335
V375	0.09416	0.10135	0.19644	0.60804
V376	0.08793	0.09402	0.16815	0.6499
V377	0.59342	0.03821	0.09967	0.2687
V378	0.07117	0.09753	0.36357	0.46773
V379	0.26842	0.21082	0.10031	0.42046
V380	0.16187	0.12773	0.22859	0.48181
V381	0.54444	0.05842	0.16282	0.23432
V382	0.12081	0.08971	0.67918	0.11031
V383	0.62289	0.04354	0.13228	0.2013
V384	0.41298	0.11903	0.18775	0.28025
V385	0.6431	0.05012	0.1535	0.15328
V386	0.25337	0.07686	0.19836	0.47141
V387	0.43397	0.16958	0.22577	0.17068
V388	0.28912	0.30321	0.19344	0.21422
V389	0.31892	0.4352	0.09341	0.15247
V390	0.25163	0.24808	0.39657	0.10372
V391	0.32058	0.14182	0.10815	0.42945
V392	0.32097	0.22861	0.20701	0.24341
V393	0.23613	0.23498	0.31974	0.20915
V394	0.12303	0.23541	0.17052	0.47104
V395	0.19808	0.34743	0.22201	0.23248
V396	0.05887	0.73491	0.09159	0.11463
V397	0.57827	0.11533	0.16797	0.13844
V398	0.33673	0.16589	0.16233	0.33505
V399	0.18104	0.45104	0.19048	0.17743
V400	0.05521	0.47549	0.13298	0.33631
V401	0.08788	0.18536	0.56366	0.1631
V402	0.60445	0.17864	0.11649	0.10042
V403	0.08374	0.08857	0.14892	0.67877
V404	0.12341	0.21046	0.49026	0.17586
V405	0.20323	0.09466	0.21142	0.4907
V406	0.4719	0.24318	0.10252	0.1824
V407	0.05238	0.75376	0.09338	0.10049
V408	0.12179	0.24884	0.34785	0.28152
V409	0.07447	0.08132	0.11766	0.72655
V410	0.11442	0.66424	0.10717	0.11417
V411	0.34328	0.05831	0.09476	0.50365
V412	0.16812	0.12912	0.4187	0.28405
V413	0.09489	0.40899	0.21009	0.28602
V414	0.08238	0.42149	0.30472	0.19141
V415	0.34031	0.08619	0.25623	0.31728
V416	0.07363	0.12235	0.70072	0.10331
V417	0.30389	0.50641	0.08775	0.10195
V418	0.11236	0.14915	0.1939	0.54459
V419	0.08005	0.07394	0.12386	0.72216
V420	0.05225	0.68307	0.09695	0.16772
V421	0.16984	0.099	0.5409	0.19026
V422	0.0963	0.1121	0.10975	0.68185
V423	0.12108	0.08304	0.67061	0.12527
V424	0.06313	0.11261	0.5003	0.32396
V425	0.09967	0.24125	0.47693	0.18215
V426	0.1275	0.10225	0.61193	0.15832
V427	0.10239	0.35172	0.217	0.32889
V428	0.11243	0.59625	0.12837	0.16295
V429	0.07968	0.07463	0.1286	0.71709
V430	0.55244	0.17932	0.10379	0.16444
V431	0.18284	0.08895	0.39369	0.33452
V432	0.13519	0.13842	0.13301	0.59338
V433	0.09185	0.57672	0.08412	0.24731
V434	0.27212	0.12444	0.1333	0.47014
V435	0.38409	0.06843	0.18349	0.364
V436	0.30286	0.07287	0.17868	0.44559
V437	0.20591	0.23418	0.09542	0.46449
V438	0.4476	0.18034	0.11517	0.25688
V439	0.0883	0.13907	0.10939	0.66324
V440	0.36585	0.08783	0.12208	0.42425
V441	0.10839	0.16988	0.47901	0.24272
V442	0.25438	0.31352	0.18521	0.2469
V443	0.5516	0.04941	0.16404	0.23496
V444	0.07425	0.08581	0.73535	0.10459
V445	0.46688	0.06577	0.33605	0.13129
V446	0.07746	0.63759	0.12882	0.15613
V447	0.46447	0.13191	0.21811	0.18552
V448	0.07954	0.12536	0.22442	0.57069
V449	0.42218	0.08725	0.30392	0.18666
V450	0.14981	0.6601	0.0957	0.09439
V451	0.71234	0.0759	0.08543	0.12632
V452	0.08983	0.08257	0.14823	0.67936
V453	0.59955	0.10519	0.14363	0.15163
V454	0.05188	0.71503	0.12508	0.10801
V455	0.45177	0.07978	0.30952	0.15893
V456	0.26624	0.16025	0.34937	0.22414
V457	0.07457	0.08675	0.11227	0.72641
V458	0.22582	0.23399	0.09454	0.44565
V459	0.06546	0.61196	0.15389	0.16869
V460	0.72826	0.03652	0.11511	0.12011
V461	0.10315	0.09126	0.11075	0.69485
V462	0.27411	0.24646	0.08715	0.39228
V463	0.21739	0.40121	0.19678	0.18462
V464	0.37994	0.1387	0.09324	0.38813
V465	0.30747	0.37325	0.10617	0.21311
V466	0.43019	0.20158	0.09082	0.27741
V467	0.25691	0.4674	0.14561	0.13008
V468	0.37305	0.35295	0.12764	0.14635
V469	0.07487	0.20697	0.27958	0.43857
V470	0.40439	0.15754	0.21975	0.21832
V471	0.22847	0.14763	0.12243	0.50148
V472	0.25893	0.30603	0.08536	0.34969
V473	0.12544	0.44638	0.3111	0.11707
V474	0.14292	0.06981	0.17245	0.61482
V475	0.17517	0.35127	0.14589	0.32768
V476	0.16985	0.08215	0.1396	0.6084
V477	0.44502	0.08587	0.24252	0.2266
V478	0.14281	0.4781	0.08907	0.29001
V479	0.07516	0.13553	0.61836	0.17095
V480	0.11302	0.29244	0.1247	0.46983
V481	0.16377	0.0796	0.63923	0.11741
V482	0.51249	0.179	0.17223	0.13628
V483	0.14745	0.15245	0.14911	0.55098
V484	0.08277	0.11987	0.12226	0.6751
V485	0.13503	0.57583	0.09384	0.19529
V486	0.2277	0.26161	0.17941	0.33128
V487	0.11583	0.10509	0.15921	0.61987
V488	0.06303	0.07903	0.67301	0.18493
V489	0.20411	0.14166	0.53923	0.115
V490	0.26769	0.29499	0.14049	0.29683
V491	0.33636	0.39938	0.11138	0.15288
V492	0.07325	0.6452	0.17943	0.10213
V493	0.08049	0.07341	0.10808	0.73801
V494	0.18844	0.18646	0.43031	0.19478
V495	0.20155	0.49836	0.18421	0.11588
V496	0.23333	0.54914	0.08198	0.13555
V497	0.07386	0.07967	0.73508	0.11138
V498	0.25746	0.14663	0.13302	0.46289
V499	0.45928	0.25708	0.17835	0.1053
V500	0.13173	0.16176	0.56954	0.13697
V501	0.07449	0.07473	0.12874	0.72204
V502	0.40745	0.26746	0.19808	0.12701
V503	0.1889	0.14756	0.2277	0.43584
V504	0.20527	0.55063	0.09393	0.15018
V505	0.18703	0.23141	0.2572	0.32436
V506	0.12156	0.25672	0.38105	0.24067
V507	0.44962	0.13937	0.17943	0.23158
V508	0.55357	0.1804	0.12249	0.14354
V509	0.2107	0.11876	0.42657	0.24397
V510	0.20443	0.43127	0.26175	0.10255
V511	0.08935	0.36686	0.12354	0.42025
V512	0.21605	0.10632	0.15461	0.52303
V513	0.1086	0.51221	0.22785	0.15134
V514	0.07876	0.11202	0.10645	0.70277
V515	0.56418	0.09862	0.1313	0.20591
V516	0.69875	0.10677	0.0848	0.10969
V517	0.09184	0.09579	0.26461	0.54776
V518	0.74276	0.05697	0.0887	0.11157
V519	0.07173	0.66324	0.09027	0.17476
V520	0.08405	0.07448	0.50182	0.33966
V521	0.42825	0.0878	0.35143	0.13252
V522	0.06634	0.17273	0.4639	0.29703
V523	0.28089	0.16688	0.26635	0.28589
V524	0.05878	0.6015	0.21732	0.1224
V525	0.21921	0.22177	0.11209	0.44693
V526	0.47074	0.12079	0.14949	0.25897
V527	0.19765	0.08923	0.35735	0.35577
V528	0.11951	0.6617	0.08346	0.13533
V529	0.10623	0.12383	0.24318	0.52675
V530	0.06481	0.22163	0.53155	0.18202
V531	0.0663	0.67369	0.16603	0.09398
V532	0.1698	0.30416	0.11055	0.41549
V533	0.23362	0.32105	0.18509	0.26024
V534	0.06962	0.08431	0.56169	0.28437
V535	0.41824	0.04873	0.10146	0.43157
V536	0.19122	0.06898	0.34256	0.39724
V537	0.43898	0.25066	0.19959	0.11077
V538	0.34628	0.10576	0.1578	0.39017
V539	0.22453	0.37194	0.19745	0.20608
V540	0.18625	0.54549	0.13949	0.12876
V541	0.0687	0.42574	0.1345	0.37106
V542	0.18854	0.17069	0.25975	0.38102
V543	0.66488	0.04036	0.09916	0.1956
V544	0.13401	0.14245	0.20997	0.51356
V545	0.28542	0.17498	0.14422	0.39538
V546	0.08619	0.67688	0.13556	0.10137
V547	0.0827	0.51023	0.29783	0.10923
V548	0.15752	0.59397	0.14773	0.10078
V549	0.27581	0.0853	0.52238	0.11651
V550	0.43918	0.07543	0.08891	0.39648
V551	0.17245	0.57456	0.11052	0.14247
V552	0.05598	0.44205	0.09415	0.40782
V553	0.20935	0.17732	0.49218	0.12115
V554	0.10075	0.13215	0.12073	0.64638
V555	0.12073	0.24143	0.30691	0.33093
V556	0.0658	0.09268	0.70877	0.13275
V557	0.608	0.06702	0.09703	0.22795
V558	0.09829	0.60591	0.10638	0.18942
V559	0.05936	0.62828	0.21734	0.09502
V560	0.5196	0.29094	0.08464	0.10482
V561	0.06859	0.08698	0.73305	0.11138
V562	0.58047	0.04745	0.18401	0.18807
V563	0.22774	0.06823	0.59461	0.10942
V564	0.10546	0.12746	0.64947	0.11761
V565	0.14329	0.26173	0.33374	0.26124
V566	0.51162	0.13092	0.09165	0.26581
V567	0.19537	0.38488	0.10697	0.31278
V568	0.2174	0.07166	0.13777	0.57316
V569	0.50549	0.07074	0.08779	0.33598
V570	0.0797	0.277	0.48826	0.15504
V571	0.61011	0.14679	0.08449	0.15861
V572	0.34759	0.06493	0.40048	0.18699
V573	0.10461	0.19554	0.10234	0.59751
V574	0.08126	0.60736	0.20304	0.10834
V575	0.0791	0.13618	0.18417	0.60055
V576	0.15813	0.62394	0.11164	0.10629
V577	0.09201	0.11014	0.23851	0.55934
V578	0.10265	0.12561	0.53441	0.23732
V579	0.05957	0.67065	0.15463	0.11515
V580	0.16396	0.07589	0.17652	0.58364
V581	0.1076	0.12357	0.10391	0.66491
V582	0.42534	0.1733	0.11613	0.28523
V583	0.0694	0.11278	0.4795	0.33832
V584	0.38868	0.18035	0.29479	0.13618
V585	0.07103	0.08268	0.39162	0.45467
V586	0.21837	0.07361	0.5288	0.17921
V587	0.24043	0.07416	0.5536	0.13182
V588	0.46272	0.08832	0.1134	0.33555
V589	0.09089	0.62285	0.13593	0.15033
V590	0.08822	0.59314	0.21653	0.10211
V591	0.06838	0.10441	0.2322	0.59501
V592	0.17237	0.09286	0.63291	0.10185
V593	0.43896	0.05329	0.22653	0.28122
V594	0.26948	0.27725	0.31156	0.14171
V595	0.08504	0.08646	0.11738	0.71113
V596	0.08513	0.27847	0.2388	0.3976
V597	0.05345	0.47064	0.31146	0.16445
V598	0.07751	0.15727	0.64794	0.11729
V599	0.46362	0.29749	0.11255	0.12635
V600	0.27898	0.40245	0.1267	0.19188
V601	0.16359	0.26954	0.14996	0.4169
V602	0.08533	0.08583	0.11229	0.71655
V603	0.06661	0.33444	0.10206	0.49688
V604	0.38968	0.15251	0.32736	0.13045
V605	0.10589	0.30832	0.34634	0.23945
V606	0.532	0.17245	0.09844	0.19711
V607	0.4805	0.0644	0.17408	0.28102
V608	0.20224	0.19337	0.3411	0.26329
V609	0.08021	0.24885	0.24615	0.42479
V610	0.56584	0.06448	0.16345	0.20622
V611	0.24552	0.06853	0.13678	0.54916
V612	0.08401	0.14185	0.61698	0.15715
V613	0.08673	0.30525	0.47371	0.13432
V614	0.55676	0.09859	0.13128	0.21337
V615	0.14995	0.10726	0.10702	0.63577
V616	0.10594	0.55275	0.11897	0.22235
V617	0.3691	0.18426	0.34831	0.09834
V618	0.54071	0.04945	0.08755	0.32228
V619	0.30358	0.0881	0.31295	0.29537
V620	0.06211	0.5254	0.31011	0.10237
V621	0.32367	0.185	0.21251	0.27882
V622	0.28513	0.23225	0.3539	0.12872
V623	0.07889	0.13068	0.19513	0.5953
V624	0.59528	0.20079	0.0838	0.12013
V625	0.22309	0.41391	0.15796	0.20504
V626	0.7425	0.04883	0.08919	0.11949
V627	0.07294	0.08922	0.1495	0.68834
V628	0.06507	0.23092	0.1104	0.5936
V629	0.1427	0.28402	0.27162	0.30166
V630	0.0869	0.30588	0.46703	0.14019
V631	0.07658	0.21409	0.16794	0.54139
V632	0.43664	0.05208	0.19527	0.31602
V633	0.06204	0.09902	0.64085	0.19809
V634	0.31355	0.2603	0.32078	0.10537
V635	0.07247	0.59073	0.09062	0.24617
V636	0.1462	0.15226	0.50552	0.19602
V637	0.24866	0.21533	0.15624	0.37977
V638	0.28935	0.25573	0.14326	0.31167
V639	0.23306	0.37119	0.29942	0.09632
V640	0.08922	0.18526	0.58185	0.14367
V641	0.66392	0.0708	0.11197	0.1533
V642	0.56619	0.18553	0.08405	0.16422
V643	0.06661	0.21634	0.38077	0.33628
V644	0.69081	0.09853	0.09234	0.11832
V645	0.22647	0.35777	0.29827	0.11748
V646	0.05848	0.74886	0.09236	0.1003
V647	0.16073	0.13767	0.55135	0.15025
V648	0.31551	0.3738	0.18535	0.12534
V649	0.08382	0.12141	0.6436	0.15116
V650	0.10317	0.14107	0.59821	0.15755
V651	0.26959	0.06459	0.55534	0.11047
V652	0.12423	0.14739	0.37575	0.35263
V653	0.13804	0.52239	0.157	0.18256
V654	0.51004	0.20672	0.13443	0.14881
V655	0.08055	0.46649	0.10225	0.35072
V656	0.1911	0.26548	0.09995	0.44346
V657	0.08374	0.12004	0.10972	0.6865
V658	0.43777	0.21823	0.13464	0.20936
V659	0.26727	0.13987	0.33442	0.25844
V660	0.07215	0.72786	0.08522	0.11478
V661	0.09544	0.3676	0.1295	0.40746
V662	0.32485	0.07407	0.41451	0.18656
V663	0.21757	0.12679	0.46576	0.18988
V664	0.19716	0.11971	0.53889	0.14424
V665	0.50242	0.19879	0.12194	0.17686
V666	0.4359	0.05144	0.1694	0.34326
V667	0.58135	0.1013	0.21476	0.10259
V668	0.13526	0.62233	0.1483	0.0941
V669	0.20444	0.35992	0.25654	0.1791
V670	0.10634	0.69428	0.08532	0.11406
V671	0.2832	0.27642	0.26504	0.17535
V672	0.07806	0.09167	0.69752	0.13276
V673	0.20582	0.33223	0.24283	0.21913
V674	0.52549	0.1664	0.10427	0.20383
V675	0.15031	0.30636	0.29762	0.24571
V676	0.08437	0.15663	0.1711	0.58789
V677	0.29475	0.35366	0.15855	0.19304
V678	0.39349	0.4096	0.09337	0.10354
V679	0.09451	0.29172	0.50167	0.1121
V680	0.25167	0.44887	0.18462	0.11484
V681	0.67733	0.09024	0.09926	0.13317
V682	0.13564	0.28187	0.44842	0.13408
V683	0.05868	0.74755	0.09933	0.09443
V684	0.51255	0.17853	0.15929	0.14964
V685	0.36859	0.31305	0.17797	0.14039
V686	0.12427	0.20764	0.19626	0.47184
V687	0.0853	0.08042	0.11706	0.71722
V688	0.29075	0.42811	0.08297	0.19817
V689	0.22543	0.06188	0.13365	0.57904
V690	0.36323	0.09449	0.38441	0.15788
V691	0.17197	0.07159	0.64648	0.10996
V692	0.11737	0.17649	0.54976	0.15639
V693	0.20991	0.15678	0.33371	0.29959
V694	0.07265	0.09651	0.29145	0.53939
V695	0.2175	0.07276	0.20545	0.50428
V696	0.11466	0.13144	0.11231	0.64159
V697	0.07883	0.10531	0.11184	0.70402
V698	0.61524	0.04395	0.09872	0.24209
V699	0.41293	0.27162	0.14008	0.17538
V700	0.21015	0.08398	0.10355	0.60232
V701	0.13082	0.43432	0.16417	0.27069
V702	0.40116	0.12167	0.10184	0.37532
V703	0.1537	0.11571	0.41119	0.31941
V704	0.60684	0.08093	0.11217	0.20006
V705	0.73691	0.02994	0.09964	0.13351
V706	0.1189	0.11042	0.59861	0.17207
V707	0.08593	0.36986	0.41102	0.13319
V708	0.07788	0.66473	0.10156	0.15583
V709	0.15064	0.26042	0.42758	0.16136
V710	0.43734	0.21785	0.12881	0.216
V711	0.11384	0.61039	0.15401	0.12175
V712	0.60699	0.087	0.09173	0.21428
V713	0.32562	0.28547	0.11336	0.27554
V714	0.06011	0.53006	0.10149	0.30834
V715	0.24823	0.30832	0.2901	0.15334
V716	0.08987	0.09894	0.13316	0.67803
V717	0.1065	0.70044	0.08496	0.10809
V718	0.15384	0.45402	0.20834	0.1838
V719	0.0933	0.55249	0.1123	0.2419
V720	0.52555	0.04747	0.26011	0.16687
V721	0.14427	0.19638	0.39674	0.26261
V722	0.11919	0.31182	0.10071	0.46827
V723	0.13534	0.12996	0.1055	0.62919
V724	0.4281	0.078	0.15828	0.33562
V725	0.0642	0.14281	0.66155	0.13144
V726	0.08304	0.33978	0.17601	0.40117
V727	0.22911	0.5169	0.15283	0.10116
V728	0.07389	0.67046	0.15391	0.10174
V729	0.318	0.0729	0.21052	0.39857
V730	0.67603	0.06345	0.12774	0.13278
V731	0.0801	0.22234	0.34759	0.34997
V732	0.28136	0.13118	0.32872	0.25873
V733	0.46748	0.2018	0.11391	0.21681
V734	0.21422	0.28714	0.39471	0.10392
V735	0.07707	0.09722	0.4116	0.4141
V736	0.15755	0.07405	0.10806	0.66034
V737	0.26291	0.27772	0.2508	0.20857
V738	0.11453	0.30684	0.3785	0.20013
V739	0.06375	0.08253	0.4944	0.35932
V740	0.62752	0.11131	0.14408	0.11708
V741	0.36052	0.14407	0.18093	0.31447
V742	0.31829	0.49201	0.0938	0.0959
V743	0.15365	0.17445	0.5497	0.12219
V744	0.39329	0.0897	0.32449	0.19253
V745	0.06535	0.5416	0.20913	0.18392
V746	0.7675	0.02863	0.09079	0.11308
V747	0.10464	0.07492	0.56186	0.25858
V748	0.14603	0.15237	0.47227	0.22933
V749	0.23436	0.19939	0.13188	0.43436
V750	0.31348	0.39364	0.10043	0.19246
V751	0.08394	0.65849	0.11521	0.14236
V752	0.3431	0.23488	0.18551	0.2365
V753	0.08015	0.08002	0.10661	0.73322
V754	0.05936	0.7075	0.0854	0.14774
V755	0.15835	0.21779	0.31305	0.31081
V756	0.08473	0.08162	0.13277	0.70088
V757	0.27042	0.47288	0.13368	0.12302
V758	0.08484	0.58519	0.17283	0.15714
V759	0.14786	0.12343	0.35489	0.37382
V760	0.24584	0.11629	0.28121	0.35665
V761	0.10166	0.46529	0.26841	0.16463
V762	0.06026	0.34179	0.10181	0.49615
V763	0.29498	0.32298	0.10766	0.27438
V764	0.05931	0.70185	0.09091	0.14794
V765	0.49029	0.12452	0.08545	0.29974
V766	0.07133	0.30336	0.37299	0.25232
V767	0.36129	0.16141	0.2589	0.2184
V768	0.09079	0.69136	0.10234	0.11551
V769	0.15071	0.63676	0.1062	0.10633
V770	0.05848	0.74886	0.09236	0.1003
V771	0.17795	0.07856	0.62669	0.11679
V772	0.15662	0.10119	0.63247	0.10972
V773	0.16396	0.63932	0.09042	0.1063
V774	0.07888	0.07906	0.70914	0.13292
V775	0.142	0.10744	0.2813	0.46925
V776	0.32188	0.36408	0.12757	0.18647
V777	0.17449	0.15968	0.19126	0.47457
V778	0.3923	0.26602	0.14032	0.20136
V779	0.17581	0.10593	0.41903	0.29924
V780	0.13039	0.59718	0.17781	0.09462
V781	0.09709	0.09139	0.12317	0.68836
V782	0.06753	0.1648	0.61043	0.15724
V783	0.57912	0.0626	0.13102	0.22726
V784	0.12674	0.67735	0.09531	0.1006
V785	0.07967	0.70839	0.0971	0.11484
V786	0.52612	0.17722	0.15365	0.14301
V787	0.05427	0.64726	0.19737	0.10111
V788	0.37717	0.28367	0.19838	0.14078
V789	0.1056	0.32876	0.11138	0.45426
V790	0.34594	0.08343	0.15278	0.41785
V791	0.14911	0.33544	0.30305	0.21241
V792	0.14367	0.44264	0.08932	0.32437
V793	0.13607	0.51751	0.11121	0.23522
V794	0.09699	0.1341	0.60416	0.16474
V795	0.13671	0.10342	0.13994	0.61993
V796	0.085	0.13479	0.65611	0.1241
V797	0.57659	0.04542	0.25996	0.11804
V798	0.45839	0.27795	0.14615	0.11751
V799	0.14295	0.59485	0.10586	0.15634
V800	0.11008	0.09633	0.43218	0.36142
V801	0.1533	0.1656	0.30801	0.37309
V802	0.0902	0.14072	0.27435	0.49473
V803	0.20416	0.43152	0.26883	0.09549
V804	0.40026	0.0701	0.36384	0.1658
V805	0.07455	0.0802	0.7407	0.10455
V806	0.08499	0.68926	0.09717	0.12858
V807	0.22031	0.18292	0.12218	0.47459
V808	0.48529	0.25825	0.12182	0.13465
V809	0.09419	0.09874	0.70371	0.10335
V810	0.05841	0.75452	0.08692	0.10015
V811	0.32406	0.12651	0.23366	0.31577
V812	0.39919	0.25576	0.12951	0.21554
V813	0.43946	0.20786	0.22376	0.12892
V814	0.33528	0.44122	0.12094	0.10256
V815	0.05259	0.70397	0.14259	0.10085
V816	0.72341	0.03195	0.14	0.10464
V817	0.08566	0.12811	0.66804	0.11819
V818	0.07229	0.10703	0.12794	0.69274
V819	0.61244	0.11163	0.13075	0.14518
V820	0.14817	0.14211	0.11761	0.59211
V821	0.19854	0.29562	0.34514	0.1607
V822	0.11393	0.08974	0.6715	0.12483
V823	0.08231	0.21349	0.52908	0.17512
V824	0.12246	0.33348	0.44723	0.09683
V825	0.20042	0.28212	0.25623	0.26122
V826	0.33124	0.35962	0.19904	0.1101
V827	0.29766	0.48608	0.09301	0.12325
V828	0.20042	0.19616	0.16953	0.4339
V829	0.08762	0.24782	0.1229	0.54166
V830	0.19889	0.23636	0.11309	0.45166
V831	0.56353	0.12148	0.11629	0.1987
V832	0.22554	0.35143	0.20389	0.21915
V833	0.15406	0.42009	0.20876	0.21709
V834	0.24425	0.12704	0.15242	0.47628
V835	0.28031	0.38315	0.17047	0.16607
V836	0.05999	0.53524	0.09052	0.31425
V837	0.19827	0.33983	0.21599	0.24591
V838	0.70553	0.06818	0.11531	0.11099
V839	0.25077	0.48886	0.15899	0.10139
V840	0.24708	0.56947	0.08856	0.09489
V841	0.06396	0.10646	0.6776	0.15198
V842	0.28012	0.19714	0.26562	0.25712
V843	0.07569	0.09065	0.66677	0.16689
V844	0.13846	0.14555	0.34247	0.37352
V845	0.10946	0.1558	0.57747	0.15727
V846	0.06383	0.08596	0.59296	0.25726
V847	0.07519	0.07416	0.11261	0.73804
V848	0.11621	0.42191	0.20437	0.25751
V849	0.05168	0.72821	0.09189	0.12822
V850	0.75051	0.0295	0.10016	0.11983
V851	0.27345	0.44098	0.19069	0.09487
V852	0.13578	0.11274	0.1878	0.56368
V853	0.21522	0.23639	0.35381	0.19457
V854	0.43267	0.19125	0.16569	0.21039
V855	0.07519	0.07416	0.11261	0.73804
V856	0.08987	0.32332	0.32004	0.26678
V857	0.48979	0.19281	0.1139	0.20349
V858	0.42965	0.06009	0.40068	0.10958
V859	0.47924	0.23568	0.10263	0.18245
V860	0.18111	0.15719	0.13542	0.52629
V861	0.12229	0.31938	0.44745	0.11088
V862	0.15386	0.13786	0.56415	0.14413
V863	0.18993	0.11141	0.09865	0.60001
V864	0.10941	0.09851	0.13694	0.65515
V865	0.143	0.07892	0.2757	0.50237
V866	0.54718	0.06274	0.27246	0.11762
V867	0.54784	0.07014	0.27244	0.10958
V868	0.37784	0.26914	0.18388	0.16913
V869	0.06629	0.74184	0.09135	0.10053
V870	0.12796	0.31201	0.10575	0.45429
V871	0.05168	0.72821	0.09189	0.12822
V872	0.0742	0.09086	0.26364	0.5713
V873	0.66258	0.06424	0.13296	0.14023
V874	0.18603	0.61415	0.10578	0.09404
V875	0.07479	0.21934	0.22771	0.47816
V876	0.16443	0.30449	0.35804	0.17305
V877	0.08964	0.35323	0.284	0.27314
V878	0.14366	0.62758	0.13472	0.09404
V879	0.17906	0.54039	0.11774	0.16281
V880	0.24889	0.45208	0.08818	0.21085
V881	0.16212	0.10709	0.48693	0.24386
V882	0.59523	0.0404	0.18992	0.17445
V883	0.24435	0.21079	0.44551	0.09935
V884	0.07595	0.26852	0.09274	0.56279
V885	0.53288	0.21446	0.15289	0.09977
V886	0.06945	0.33006	0.39405	0.20644
V887	0.46502	0.10928	0.20629	0.21941
V888	0.1334	0.10927	0.57912	0.17821
V889	0.69136	0.07672	0.10688	0.12504
V890	0.08862	0.18462	0.49173	0.23502
V891	0.46586	0.09405	0.29568	0.14441
V892	0.23299	0.20422	0.1022	0.46059
V893	0.42461	0.22222	0.19856	0.15461
V894	0.10607	0.29142	0.46797	0.13454
V895	0.43673	0.11127	0.23295	0.21905
V896	0.07957	0.71404	0.09163	0.11477
V897	0.50666	0.24687	0.09141	0.15506
V898	0.35927	0.05188	0.09848	0.49037
V899	0.08089	0.21598	0.19182	0.51131
V900	0.11381	0.28597	0.32659	0.27363
V901	0.07846	0.63725	0.09005	0.19423
V902	0.0858	0.68944	0.12345	0.10131
V903	0.06138	0.36516	0.43368	0.13978
V904	0.06638	0.74675	0.08658	0.10029
V905	0.16418	0.06981	0.21798	0.54803
V906	0.30839	0.13929	0.16895	0.38337
V907	0.32695	0.42817	0.10025	0.14463
V908	0.07759	0.10809	0.14804	0.66628
V909	0.14189	0.62008	0.08235	0.15568
V910	0.1706	0.06844	0.18259	0.57837
V911	0.38075	0.34658	0.1123	0.16038
V912	0.29696	0.30409	0.17819	0.22075
V913	0.13866	0.06878	0.10969	0.68287
V914	0.17652	0.41027	0.28272	0.13049
V915	0.20474	0.06273	0.10497	0.62756
V916	0.22481	0.11102	0.52003	0.14414
V917	0.52349	0.07491	0.21452	0.18708
V918	0.08817	0.49917	0.24225	0.1704
V919	0.18714	0.24543	0.28551	0.28192
V920	0.44563	0.21188	0.1596	0.18289
V921	0.08522	0.18969	0.12145	0.60363
V922	0.12469	0.39138	0.34496	0.13898
V923	0.11683	0.08478	0.13211	0.66628
V924	0.08162	0.5247	0.27048	0.12321
V925	0.17634	0.09308	0.11097	0.61961
V926	0.1905	0.08604	0.12221	0.60126
V927	0.08374	0.09982	0.13809	0.67836
V928	0.08337	0.67806	0.09001	0.14857
V929	0.09331	0.50554	0.17742	0.22372
V930	0.37408	0.33244	0.11285	0.18063
V931	0.15058	0.26767	0.42049	0.16126
V932	0.089	0.16252	0.48553	0.26295
V933	0.4463	0.34823	0.09591	0.10956
V934	0.06859	0.19102	0.27463	0.46576
V935	0.41158	0.18765	0.23721	0.16356
V936	0.38469	0.26557	0.1019	0.24784
V937	0.39675	0.16157	0.15606	0.28562
V938	0.2956	0.10449	0.30523	0.29468
V939	0.55134	0.06452	0.14993	0.23421
V940	0.07296	0.60586	0.19191	0.12927
V941	0.06887	0.08018	0.73948	0.11147
V942	0.54006	0.19833	0.14147	0.12014
V943	0.30857	0.16444	0.37702	0.14997
V944	0.0751	0.26407	0.14054	0.52029
V945	0.41021	0.32184	0.094	0.17395
V946	0.34086	0.25791	0.26583	0.13539
V947	0.12042	0.11631	0.24903	0.51425
V948	0.28247	0.08524	0.50888	0.12341
V949	0.06421	0.16177	0.23078	0.54324
V950	0.09516	0.43902	0.22837	0.23745
V951	0.62435	0.05528	0.20917	0.1112
V952	0.11022	0.17522	0.26701	0.44755
V953	0.07752	0.11449	0.67574	0.13225
V954	0.08722	0.20886	0.19194	0.51198
V955	0.13628	0.48091	0.10685	0.27596
V956	0.08946	0.09624	0.43295	0.38135
V957	0.2717	0.07217	0.09549	0.56064
V958	0.08049	0.07341	0.10808	0.73801
V959	0.20701	0.25767	0.37387	0.16144
V960	0.20468	0.26778	0.15004	0.3775
V961	0.14797	0.34087	0.31847	0.19269
V962	0.28561	0.19622	0.35485	0.16332
V963	0.43242	0.19223	0.20543	0.16992
V964	0.62207	0.06806	0.16987	0.14
V965	0.09513	0.41737	0.21575	0.27175
V966	0.74365	0.04229	0.09427	0.11979
V967	0.10286	0.11099	0.43935	0.34681
V968	0.0611	0.18609	0.59561	0.15721
V969	0.06903	0.27761	0.12176	0.5316
V970	0.08818	0.17133	0.36836	0.37213
V971	0.37566	0.13083	0.3219	0.17162
V972	0.37227	0.21499	0.12878	0.28397
V973	0.22437	0.36434	0.14534	0.26595
V974	0.05899	0.59935	0.17913	0.16252
V975	0.13047	0.27604	0.48826	0.10523
V976	0.32741	0.25031	0.17304	0.24925
V977	0.26267	0.32126	0.31274	0.10333
V978	0.10715	0.14088	0.14567	0.6063
V979	0.60394	0.05887	0.2262	0.11098
V980	0.7675	0.02863	0.09079	0.11308
V981	0.27516	0.09262	0.38616	0.24606
V982	0.32924	0.35015	0.14675	0.17386
V983	0.51324	0.10104	0.09208	0.29364
V984	0.06672	0.6387	0.16551	0.12906
V985	0.11058	0.21033	0.09966	0.57942
V986	0.25791	0.43226	0.12544	0.18439
V987	0.21212	0.59032	0.08298	0.11458
V988	0.19725	0.07837	0.11008	0.6143
V989	0.33731	0.40046	0.1461	0.11613
V990	0.0611	0.11357	0.61373	0.21161
V991	0.48263	0.32283	0.08432	0.11022
V992	0.19762	0.07393	0.44212	0.28633
V993	0.09934	0.56127	0.20321	0.13617
V994	0.17922	0.60801	0.10597	0.10679
V995	0.53361	0.13882	0.11576	0.2118
V996	0.22772	0.16079	0.10401	0.50749
V997	0.07768	0.08495	0.6389	0.19847
V998	0.65039	0.0497	0.14645	0.15347
V999	0.13382	0.68194	0.08382	0.10042
V1000	0.25896	0.07934	0.09546	0.56625
