CD14.pos.CD16.neg.classical.monocyte	mature.neutrophil	memory.B.cell	cytotoxic.CD56.dim.NK.cell	memory.CD4.pos.AB.T.cell	macrophage
V1	0.1187	0.01845	0.68312	0.03969	0.07544	0.06461
V2	0.44156	0.10506	0.07353	0.11804	0.16962	0.09218
V3	0.24821	0.04219	0.23045	0.04186	0.0834	0.35389
V4	0.22339	0.33907	0.06311	0.10687	0.17107	0.09649
V5	0.06854	0.05006	0.01645	0.47934	0.34937	0.03624
V6	0.24419	0.01169	0.18981	0.07088	0.20705	0.27638
V7	0.10179	0.2961	0.04111	0.06112	0.45938	0.0405
V8	0.5259	0.05028	0.08434	0.12749	0.08277	0.12922
V9	0.26902	0.13477	0.05467	0.23352	0.12448	0.18354
V10	0.36209	0.04075	0.09298	0.28712	0.12339	0.09367
V11	0.1415	0.56817	0.07296	0.06348	0.11575	0.03813
V12	0.26581	0.01388	0.12266	0.05166	0.0854	0.46059
V13	0.12547	0.397	0.27309	0.061	0.09858	0.04485
V14	0.10441	0.03311	0.02817	0.64482	0.14196	0.04753
V15	0.38158	0.0695	0.06044	0.13097	0.25057	0.10694
V16	0.10835	0.01585	0.03548	0.33237	0.39511	0.11284
V17	0.24928	0.02325	0.19177	0.04275	0.07708	0.41587
V18	0.53973	0.12476	0.09072	0.06132	0.07311	0.11037
V19	0.44495	0.05315	0.2048	0.04874	0.14755	0.10081
V20	0.46967	0.06144	0.13458	0.12579	0.08386	0.12466
V21	0.27081	0.02329	0.09208	0.05233	0.11734	0.44417
V22	0.18538	0.04944	0.04724	0.09293	0.55294	0.07207
V23	0.09541	0.01527	0.29043	0.04946	0.50391	0.04553
V24	0.16243	0.01797	0.03697	0.12713	0.58168	0.07382
V25	0.36117	0.22561	0.06257	0.14231	0.12415	0.08419
V26	0.24519	0.02365	0.05342	0.04661	0.56897	0.06216
V27	0.23006	0.00557	0.213	0.04898	0.08473	0.41766
V28	0.15208	0.20364	0.16858	0.20957	0.12638	0.13975
V29	0.13613	0.44301	0.12867	0.09923	0.0971	0.09585
V30	0.23061	0.1602	0.13999	0.04489	0.26384	0.16048
V31	0.48975	0.03128	0.21226	0.06283	0.06899	0.13489
V32	0.06675	0.02596	0.29711	0.43062	0.11205	0.06751
V33	0.22931	0.31468	0.22897	0.06111	0.08583	0.08009
V34	0.04986	0.00596	0.42242	0.05567	0.41394	0.05214
V35	0.0696	0.05627	0.16827	0.42424	0.22274	0.05889
V36	0.13803	0.36635	0.13679	0.05547	0.25313	0.05024
V37	0.09483	0.01157	0.64224	0.04503	0.07617	0.13018
V38	0.2473	0	0.18744	0.04274	0.07622	0.4463
V39	0.43942	0.0462	0.06826	0.24492	0.09481	0.10639
V40	0.1291	0.37449	0.05804	0.15499	0.19973	0.08365
V41	0.5221	0.02972	0.10188	0.05129	0.07687	0.21815
V42	0.23298	0.02049	0.46649	0.04112	0.11143	0.12748
V43	0.2076	0.3055	0.05982	0.06876	0.2749	0.08342
V44	0.14715	0.57571	0.06951	0.05897	0.10318	0.04548
V45	0.34238	0.24922	0.10398	0.06369	0.09644	0.14429
V46	0.12918	0.01109	0.05236	0.24199	0.38417	0.18121
V47	0.12448	0.31574	0.0483	0.14922	0.29274	0.06951
V48	0.11181	0.4486	0.19133	0.05077	0.16172	0.03577
V49	0.13913	0.54427	0.06501	0.0571	0.15745	0.03703
V50	0.06722	0.00393	0.24074	0.04894	0.56153	0.07764
V51	0.05512	0.00665	0.0316	0.05364	0.81234	0.04065
V52	0.11339	0.40768	0.23836	0.07366	0.12152	0.04539
V53	0.15352	0.01093	0.10645	0.06522	0.61425	0.04964
V54	0.10812	0.10008	0.47403	0.07573	0.1514	0.09064
V55	0.05679	0.03548	0.11896	0.06463	0.68414	0.03999
V56	0.04896	0.03891	0.62089	0.126	0.1177	0.04755
V57	0.20557	0.26796	0.09458	0.04685	0.19535	0.1897
V58	0.06198	0.015	0.71136	0.05335	0.07889	0.07942
V59	0.09035	0.02584	0.01346	0.66068	0.16756	0.04212
V60	0.38272	0.02835	0.05722	0.34329	0.1041	0.08432
V61	0.29692	0.10445	0.06938	0.16452	0.14064	0.22409
V62	0.39521	0.03844	0.12192	0.1319	0.15757	0.15495
V63	0.1695	0.37133	0.07242	0.10555	0.10813	0.17307
V64	0.06396	0.08467	0.03221	0.04665	0.73522	0.03729
V65	0.41415	0.11264	0.09798	0.06296	0.11308	0.19919
V66	0.36407	0.03761	0.15082	0.06083	0.3005	0.08617
V67	0.12363	0.1221	0.2804	0.21994	0.10121	0.15272
V68	0.59389	0.04128	0.09306	0.0816	0.06995	0.12021
V69	0.45237	0.03646	0.08702	0.04953	0.09512	0.27949
V70	0.081	0.02104	0.19665	0.47503	0.17971	0.04658
V71	0.12079	0.19582	0.06759	0.11846	0.37957	0.11778
V72	0.43148	0.10871	0.12835	0.06316	0.12712	0.14119
V73	0.09513	0.01658	0.0929	0.5883	0.15946	0.04762
V74	0.07402	0.13152	0.02808	0.58463	0.14676	0.03499
V75	0.12867	0.57245	0.05988	0.07431	0.12906	0.03563
V76	0.05788	0.00752	0.58652	0.06231	0.2322	0.05356
V77	0.13807	0.11952	0.11085	0.42947	0.12012	0.08197
V78	0.39139	0.10634	0.1088	0.13814	0.09642	0.15892
V79	0.1878	0.38713	0.0806	0.05014	0.09019	0.20415
V80	0.17998	0.40449	0.07181	0.05669	0.10508	0.18194
V81	0.50278	0.10065	0.13452	0.05874	0.08653	0.11677
V82	0.12471	0.51837	0.06033	0.08331	0.17274	0.04054
V83	0.16485	0.12508	0.05334	0.32874	0.23624	0.09176
V84	0.28405	0.02914	0.11253	0.3539	0.12938	0.091
V85	0.56919	0.03896	0.14686	0.05947	0.06822	0.11729
V86	0.24878	0.0348	0.1522	0.26151	0.10807	0.19464
V87	0.06732	0.03162	0.03178	0.67526	0.14715	0.04687
V88	0.1542	0.03046	0.04298	0.41725	0.16584	0.18927
V89	0.14974	0.12929	0.39252	0.04628	0.0781	0.20408
V90	0.14037	0.45499	0.14531	0.05798	0.14808	0.05326
V91	0.08195	0.01499	0.06367	0.11974	0.66839	0.05126
V92	0.06485	0.05611	0.03834	0.05231	0.74196	0.04642
V93	0.22932	0.05243	0.06428	0.11446	0.30631	0.2332
V94	0.05593	0.02124	0.22926	0.52926	0.12321	0.0411
V95	0.04993	0.01405	0.26796	0.12601	0.50223	0.03982
V96	0.13658	0.27004	0.06041	0.07935	0.33341	0.12021
V97	0.05455	0.01411	0.03594	0.09268	0.76654	0.03618
V98	0.08511	0.07451	0.02258	0.56359	0.21221	0.04199
V99	0.06423	0.03226	0.01731	0.69175	0.15595	0.03849
V100	0.06204	0.01472	0.39476	0.23596	0.22348	0.06903
V101	0.08611	0.27256	0.37432	0.11699	0.09908	0.05093
V102	0.55326	0.04557	0.15902	0.05901	0.06835	0.11479
V103	0.46334	0.04645	0.08126	0.1677	0.12712	0.11413
V104	0.07691	0.014	0.19596	0.52405	0.13775	0.05132
V105	0.26067	0	0.14672	0.04384	0.07663	0.47214
V106	0.12644	0.00153	0.52919	0.03709	0.08222	0.22354
V107	0.14646	0.44594	0.221	0.0513	0.09338	0.04193
V108	0.21065	0.02187	0.0979	0.04948	0.26441	0.35568
V109	0.22367	0.00505	0.08267	0.04292	0.24799	0.39769
V110	0.09383	0.13106	0.57861	0.03998	0.08695	0.06958
V111	0.04733	0.02317	0.72323	0.05462	0.09568	0.05597
V112	0.10409	0.24757	0.0258	0.44476	0.13817	0.03961
V113	0.06927	0.07658	0.52374	0.06879	0.20783	0.05379
V114	0.14556	0.01177	0.54642	0.14981	0.08277	0.06367
V115	0.36239	0.0625	0.08542	0.06779	0.19324	0.22866
V116	0.58391	0.04033	0.09109	0.09487	0.0712	0.11859
V117	0.39114	0.03268	0.05929	0.11757	0.31072	0.08861
V118	0.12236	0.46438	0.13042	0.07558	0.15765	0.04962
V119	0.13428	0.54839	0.07043	0.08407	0.10987	0.05295
V120	0.13273	0.16125	0.11145	0.34043	0.19201	0.06212
V121	0.30958	0.01951	0.06867	0.24764	0.09006	0.26455
V122	0.24934	0.03791	0.0392	0.46008	0.15038	0.06308
V123	0.3284	0.01712	0.07326	0.08116	0.20447	0.29559
V124	0.05598	0.00609	0.25652	0.05005	0.58677	0.04459
V125	0.08429	0.12289	0.53641	0.08847	0.08418	0.08375
V126	0.21779	0.1958	0.11544	0.05217	0.09048	0.32833
V127	0.07662	0.00909	0.65313	0.11235	0.09088	0.05793
V128	0.27576	0.20389	0.13266	0.16176	0.14947	0.07646
V129	0.05059	0.02301	0.67892	0.09763	0.09098	0.05888
V130	0.38086	0.11719	0.06394	0.22723	0.12025	0.09053
V131	0.09819	0.00389	0.05745	0.05735	0.67248	0.11064
V132	0.10199	0.34025	0.33632	0.04639	0.13111	0.04394
V133	0.10121	0.154	0.45939	0.10438	0.13128	0.04974
V134	0.20466	0.43711	0.0663	0.05984	0.16675	0.06533
V135	0.10626	0.01297	0.60196	0.03907	0.12312	0.11662
V136	0.16152	0.4832	0.11091	0.06588	0.12999	0.04849
V137	0.08326	0.12934	0.45061	0.05564	0.23745	0.0437
V138	0.18016	0.00498	0.0592	0.33407	0.18182	0.23977
V139	0.12738	0.0384	0.16208	0.0485	0.43293	0.1907
V140	0.41625	0.18811	0.10309	0.1044	0.08876	0.09939
V141	0.22432	0.20895	0.13915	0.22923	0.1263	0.07204
V142	0.18189	0.48012	0.07184	0.09499	0.09897	0.0722
V143	0.10155	0.05496	0.50909	0.09822	0.16931	0.06687
V144	0.22669	0.13202	0.08259	0.13547	0.09456	0.32867
V145	0.06817	0.01708	0.0249	0.69646	0.14148	0.05191
V146	0.13879	0.01492	0.09418	0.05076	0.61725	0.0841
V147	0.38127	0.07193	0.16029	0.08155	0.07531	0.22965
V148	0.07162	0.1446	0.60811	0.04042	0.08083	0.05443
V149	0.19145	0.35023	0.06834	0.06802	0.09029	0.23166
V150	0.06785	0.01812	0.01123	0.69222	0.17109	0.03948
V151	0.20679	0.29159	0.07128	0.05491	0.10792	0.26749
V152	0.11396	0.18118	0.36024	0.06967	0.19857	0.07638
V153	0.05279	0.0397	0.51224	0.22744	0.11838	0.04945
V154	0.36609	0.17243	0.08684	0.04908	0.07835	0.24721
V155	0.11715	0.26315	0.10742	0.04633	0.40244	0.0635
V156	0.09453	0.34232	0.04842	0.04969	0.43309	0.03195
V157	0.18302	0.08746	0.08946	0.24374	0.11131	0.28502
V158	0.06481	0.05493	0.70211	0.03966	0.07817	0.06032
V159	0.16111	0.18592	0.28706	0.16783	0.12864	0.06944
V160	0.06777	0.00671	0.70944	0.04607	0.07654	0.09347
V161	0.10334	0.359	0.03537	0.27303	0.19622	0.03304
V162	0.11737	0.3816	0.04357	0.13556	0.27372	0.04818
V163	0.05778	0.00932	0.7511	0.0398	0.07831	0.06369
V164	0.0889	0.26452	0.30966	0.12439	0.16683	0.0457
V165	0.09158	0.01886	0.06257	0.05786	0.67664	0.09249
V166	0.13632	0.00915	0.04354	0.14872	0.46359	0.19867
V167	0.05948	0.01175	0.34705	0.40155	0.1323	0.04788
V168	0.47071	0.04093	0.07206	0.22437	0.08442	0.10751
V169	0.06573	0.01582	0.56646	0.19247	0.09774	0.06178
V170	0.33095	0.04601	0.12632	0.25888	0.15296	0.08487
V171	0.21668	0.33198	0.08232	0.04922	0.10146	0.21834
V172	0.11871	0.0623	0.44685	0.17037	0.09508	0.10669
V173	0.08032	0.0197	0.64676	0.03801	0.09223	0.12298
V174	0.43303	0.10363	0.07487	0.05758	0.2399	0.09098
V175	0.14652	0.45862	0.14494	0.06453	0.14213	0.04325
V176	0.04484	0.00866	0.74669	0.0476	0.09483	0.05738
V177	0.17137	0.06685	0.29408	0.06196	0.23044	0.1753
V178	0.07227	0.03531	0.05878	0.04536	0.73964	0.04866
V179	0.09895	0.00967	0.05818	0.49271	0.21351	0.12698
V180	0.23671	0.02274	0.18761	0.32789	0.09599	0.12906
V181	0.38381	0.10569	0.11654	0.09623	0.13953	0.1582
V182	0.06712	0.07761	0.61816	0.08928	0.08289	0.06494
V183	0.07361	0.0188	0.01766	0.70805	0.14163	0.04025
V184	0.30295	0.29801	0.069	0.0708	0.18586	0.07338
V185	0.17399	0.36879	0.07626	0.05569	0.20286	0.12241
V186	0.0478	0.01016	0.50178	0.2867	0.10707	0.04649
V187	0.25321	0.35498	0.0594	0.06485	0.20782	0.05973
V188	0.19517	0.41072	0.07131	0.06956	0.09261	0.16062
V189	0.08888	0.0558	0.17132	0.0628	0.51541	0.10577
V190	0.10771	0.13546	0.04735	0.05798	0.53385	0.11766
V191	0.17721	0.40966	0.06598	0.05694	0.10552	0.18469
V192	0.38077	0.18602	0.13455	0.0701	0.13059	0.09797
V193	0.25138	0.09126	0.09098	0.05213	0.08864	0.42561
V194	0.06666	0.02143	0.04873	0.12625	0.68851	0.04843
V195	0.05315	0.00757	0.58552	0.11203	0.18873	0.05299
V196	0.06346	0.01695	0.03195	0.66771	0.17689	0.04306
V197	0.18605	0.01221	0.06119	0.05252	0.62611	0.06193
V198	0.15203	0.29345	0.07382	0.15029	0.27793	0.05248
V199	0.08646	0.17398	0.11268	0.11781	0.46651	0.04257
V200	0.10578	0.01465	0.47003	0.20852	0.09768	0.10333
V201	0.07621	0.01718	0.01184	0.6976	0.14044	0.05674
V202	0.13621	0.05014	0.36862	0.06826	0.20763	0.16913
V203	0.40719	0.05222	0.06253	0.29282	0.09303	0.09221
V204	0.24184	0.04097	0.10487	0.16651	0.09468	0.35114
V205	0.05297	0.02368	0.73155	0.05421	0.08038	0.05721
V206	0.06831	0.05256	0.10451	0.576	0.16022	0.03839
V207	0.30558	0.15451	0.08776	0.21909	0.11462	0.11843
V208	0.29395	0.08146	0.34455	0.07954	0.12196	0.07855
V209	0.26669	0.3466	0.06726	0.07654	0.0962	0.14671
V210	0.11922	0.02637	0.67493	0.0399	0.07537	0.06421
V211	0.38322	0.04399	0.14674	0.05333	0.20674	0.16598
V212	0.08763	0.20968	0.18493	0.30964	0.16002	0.0481
V213	0.08501	0.05961	0.23654	0.06374	0.50981	0.04529
V214	0.53726	0.05232	0.09947	0.09377	0.10249	0.11469
V215	0.17407	0.43995	0.06358	0.07564	0.09483	0.15192
V216	0.16454	0.36122	0.26571	0.05457	0.10314	0.05081
V217	0.23438	0.00495	0.09311	0.10783	0.31611	0.24362
V218	0.11775	0.24862	0.03366	0.41963	0.14252	0.03782
V219	0.55073	0.0344	0.10192	0.05256	0.07601	0.18439
V220	0.12796	0.0262	0.03114	0.62873	0.13143	0.05454
V221	0.16291	0.49731	0.08026	0.10666	0.10819	0.04467
V222	0.12528	0.21177	0.06895	0.15127	0.38519	0.05754
V223	0.16053	0.22917	0.25405	0.04965	0.10517	0.20142
V224	0.05306	0.00628	0.34494	0.04254	0.51103	0.04215
V225	0.302	0.00909	0.10339	0.05215	0.07764	0.45574
V226	0.22837	0.05461	0.19941	0.24388	0.18691	0.08681
V227	0.44234	0.02799	0.07316	0.21138	0.0913	0.15382
V228	0.1526	0.18493	0.38558	0.08366	0.11387	0.07936
V229	0.16295	0.01973	0.31512	0.22295	0.20293	0.07632
V230	0.09196	0.1311	0.58484	0.04712	0.07978	0.06519
V231	0.09696	0.033	0.0207	0.64916	0.15776	0.04243
V232	0.33525	0.02366	0.06082	0.25451	0.09817	0.22759
V233	0.54357	0.04411	0.10059	0.10043	0.08759	0.12371
V234	0.33766	0.02113	0.05558	0.06098	0.43965	0.085
V235	0.11587	0.01804	0.03669	0.62878	0.14716	0.05347
V236	0.11644	0.00213	0.18668	0.05561	0.49593	0.14321
V237	0.05297	0.00812	0.66331	0.11968	0.1005	0.05542
V238	0.44263	0.02315	0.11078	0.11181	0.10583	0.2058
V239	0.37309	0.04642	0.14392	0.14537	0.18254	0.10865
V240	0.07684	0.18401	0.03189	0.13017	0.54117	0.03593
V241	0.38976	0.14558	0.06796	0.17769	0.1244	0.09461
V242	0.27987	0.04872	0.09613	0.1733	0.15839	0.24358
V243	0.09551	0.29111	0.3734	0.07796	0.11776	0.04426
V244	0.17557	0.01866	0.05637	0.04338	0.52848	0.17754
V245	0.5163	0.02823	0.09489	0.05109	0.08438	0.2251
V246	0.0665	0.04727	0.19923	0.30947	0.33096	0.04659
V247	0.29078	0.07102	0.07322	0.1803	0.10317	0.28151
V248	0.21806	0.03761	0.03974	0.20463	0.41795	0.08201
V249	0.21896	0.13633	0.33299	0.10518	0.08175	0.12479
V250	0.07144	0.03238	0.01808	0.69363	0.14127	0.04321
V251	0.11602	0.40781	0.15011	0.17306	0.10977	0.04323
V252	0.0651	0.02371	0.04719	0.64233	0.17463	0.04704
V253	0.14826	0.0508	0.04695	0.32967	0.2153	0.20902
V254	0.10774	0.19831	0.0939	0.17916	0.3529	0.06799
V255	0.29316	0.23494	0.11496	0.09487	0.13653	0.12554
V256	0.13384	0.57239	0.06182	0.06327	0.12233	0.04635
V257	0.1218	0.3001	0.0693	0.06695	0.37202	0.06983
V258	0.09311	0.18914	0.13264	0.4193	0.11669	0.04912
V259	0.10636	0.40246	0.28573	0.06039	0.09257	0.05249
V260	0.14279	0.03619	0.05465	0.05788	0.60089	0.1076
V261	0.36878	0.03466	0.0937	0.075	0.25659	0.17127
V262	0.09856	0.01752	0.64804	0.04771	0.13224	0.05594
V263	0.07061	0.05533	0.51686	0.19892	0.09926	0.05903
V264	0.42074	0.03839	0.15156	0.07554	0.12792	0.18584
V265	0.0772	0.0074	0.0322	0.06568	0.77458	0.04292
V266	0.29512	0.03296	0.10109	0.05255	0.08526	0.43303
V267	0.20144	0.47664	0.05948	0.10769	0.10679	0.04797
V268	0.59192	0.03966	0.08957	0.06119	0.06875	0.14891
V269	0.08108	0.05259	0.11371	0.55887	0.14969	0.04406
V270	0.25083	0.35565	0.07864	0.06459	0.18694	0.06335
V271	0.18866	0.10211	0.25648	0.05522	0.094	0.30354
V272	0.07886	0.00563	0.03197	0.10568	0.69907	0.07878
V273	0.09477	0.00685	0.07347	0.10614	0.64924	0.06953
V274	0.2213	0.00573	0.2014	0.08557	0.0874	0.39861
V275	0.46542	0.1675	0.08558	0.0661	0.0838	0.1316
V276	0.20591	0.20042	0.1236	0.10642	0.12389	0.23976
V277	0.37726	0.03052	0.08316	0.05349	0.19215	0.26343
V278	0.15095	0.10197	0.10914	0.21698	0.35899	0.06197
V279	0.23789	0.04268	0.22381	0.08544	0.09368	0.31651
V280	0.13507	0.01862	0.02514	0.62373	0.13775	0.05969
V281	0.13388	0.56118	0.08216	0.07942	0.10376	0.0396
V282	0.0714	0.03606	0.03661	0.09301	0.71867	0.04426
V283	0.09489	0.31881	0.04185	0.05547	0.44989	0.03909
V284	0.10552	0.08515	0.27257	0.28681	0.13781	0.11214
V285	0.07143	0.03245	0.01145	0.69266	0.14883	0.04317
V286	0.44773	0.05394	0.12752	0.18857	0.08233	0.09991
V287	0.07344	0.01296	0.05768	0.10617	0.68388	0.06586
V288	0.2073	0.21083	0.08004	0.05215	0.18933	0.26034
V289	0.05798	0.07732	0.58341	0.11849	0.10861	0.0542
V290	0.06174	0.0133	0.19453	0.54423	0.13243	0.05377
V291	0.08542	0.03981	0.01285	0.66798	0.14539	0.04855
V292	0.1573	0.08432	0.03877	0.45264	0.21546	0.05151
V293	0.06079	0.04222	0.05764	0.05225	0.74415	0.04295
V294	0.37137	0.04333	0.06432	0.06153	0.31579	0.14365
V295	0.30742	0.00157	0.10438	0.04546	0.08433	0.45684
V296	0.11874	0.28281	0.10497	0.23806	0.15542	0.09999
V297	0.26238	0.05263	0.08708	0.05256	0.0876	0.45774
V298	0.12425	0.51831	0.16167	0.06026	0.09923	0.03626
V299	0.14879	0.07497	0.58121	0.04792	0.0841	0.06301
V300	0.48663	0.11109	0.10934	0.05824	0.07309	0.16161
V301	0.34908	0.30741	0.10732	0.06592	0.09225	0.07803
V302	0.09238	0.22174	0.07783	0.3989	0.16239	0.04676
V303	0.12108	0.47681	0.0995	0.06431	0.19696	0.04133
V304	0.07113	0.00698	0.05215	0.04613	0.78111	0.0425
V305	0.11632	0.01382	0.17112	0.35547	0.18466	0.15862
V306	0.36859	0.08917	0.08421	0.05472	0.0769	0.32641
V307	0.17022	0.01615	0.04854	0.05831	0.61498	0.0918
V308	0.06379	0.0256	0.01032	0.71068	0.15059	0.03902
V309	0.1073	0.39065	0.04282	0.30328	0.11541	0.04053
V310	0.15857	0.2841	0.24763	0.0511	0.09982	0.15878
V311	0.42145	0.01635	0.09518	0.05517	0.07355	0.3383
V312	0.14362	0.02043	0.0289	0.30167	0.44243	0.06295
V313	0.33407	0.01394	0.0854	0.08209	0.07836	0.40615
V314	0.22048	0.0298	0.0347	0.53004	0.1257	0.05927
V315	0.19243	0.47567	0.06819	0.05541	0.14129	0.06701
V316	0.29727	0.01183	0.09409	0.10283	0.0959	0.39808
V317	0.12355	0.01206	0.03103	0.54225	0.16098	0.13014
V318	0.06796	0.02441	0.03929	0.67765	0.13914	0.05156
V319	0.27908	0.15571	0.23512	0.14932	0.09202	0.08876
V320	0.22056	0.15877	0.29262	0.12703	0.09121	0.10982
V321	0.11589	0.45288	0.04287	0.23641	0.11849	0.03346
V322	0.09736	0.00359	0.1072	0.05657	0.62292	0.11235
V323	0.09888	0.22462	0.02885	0.30821	0.30111	0.03833
V324	0.13646	0.03557	0.07223	0.19818	0.4109	0.14666
V325	0.16407	0.55105	0.08063	0.05798	0.10105	0.04522
V326	0.19907	0.50055	0.07565	0.05674	0.11655	0.05143
V327	0.10547	0.01011	0.7042	0.03973	0.07653	0.06397
V328	0.17511	0.16209	0.1779	0.14723	0.2807	0.05696
V329	0.0574	0.00582	0.46358	0.04099	0.3738	0.0584
V330	0.05272	0.00847	0.7348	0.04735	0.09439	0.06226
V331	0.46092	0.08137	0.11583	0.11182	0.08368	0.14637
V332	0.14631	0.05422	0.16505	0.04856	0.38436	0.20151
V333	0.06794	0.02407	0.37751	0.29453	0.17112	0.06484
V334	0.08798	0.311	0.3341	0.12974	0.09515	0.04203
V335	0.13977	0.02315	0.60408	0.0458	0.07462	0.11258
V336	0.27769	0.41532	0.0864	0.0554	0.09709	0.0681
V337	0.11145	0.14527	0.08217	0.05235	0.56966	0.0391
V338	0.47992	0.03071	0.10802	0.05702	0.20225	0.12208
V339	0.13572	0.07883	0.33115	0.22869	0.11541	0.11021
V340	0.41923	0.21354	0.07299	0.08562	0.10234	0.10627
V341	0.22067	0.05077	0.06547	0.44627	0.14995	0.06688
V342	0.1226	0.01822	0.03947	0.51443	0.16683	0.13845
V343	0.23662	0.12644	0.16437	0.06494	0.09555	0.31208
V344	0.13193	0.43173	0.05354	0.06919	0.22435	0.08927
V345	0.05866	0.00702	0.0379	0.05374	0.80539	0.03728
V346	0.15803	0.02178	0.04227	0.34626	0.36186	0.0698
V347	0.34016	0.11912	0.07704	0.10931	0.27184	0.08255
V348	0.1325	0.11095	0.51526	0.05516	0.1249	0.06124
V349	0.48097	0.08584	0.10597	0.11928	0.10725	0.10068
V350	0.32598	0.04974	0.15737	0.21729	0.08703	0.16259
V351	0.29096	0.059	0.11591	0.06611	0.09375	0.37427
V352	0.15195	0.24247	0.06186	0.04547	0.31721	0.18104
V353	0.06967	0.14464	0.61392	0.04044	0.08101	0.05033
V354	0.17963	0.04226	0.22709	0.04126	0.32603	0.18373
V355	0.05156	0.0319	0.73662	0.04705	0.08016	0.05271
V356	0.36565	0.11515	0.08483	0.21376	0.11198	0.10863
V357	0.24041	0.022	0.35068	0.05695	0.24968	0.08027
V358	0.25225	0	0.13453	0.07228	0.08705	0.4539
V359	0.15891	0.08419	0.03222	0.48133	0.1795	0.06385
V360	0.35254	0.02256	0.06023	0.19458	0.26559	0.1045
V361	0.13256	0.58542	0.06205	0.06938	0.11108	0.03952
V362	0.11323	0.39136	0.06266	0.27842	0.11974	0.0346
V363	0.48542	0.07701	0.11756	0.05112	0.14683	0.12206
V364	0.21227	0.14567	0.08224	0.07251	0.17645	0.31086
V365	0.31037	0.30163	0.06664	0.15319	0.09335	0.0748
V366	0.1286	0.19753	0.37914	0.09075	0.14571	0.05827
V367	0.07926	0.01219	0.03214	0.46627	0.35051	0.05963
V368	0.19138	0.10786	0.12781	0.07086	0.201	0.30109
V369	0.0869	0.02717	0.03317	0.09253	0.68193	0.07831
V370	0.08339	0.06929	0.51603	0.1481	0.10245	0.08074
V371	0.13463	0.20231	0.04025	0.39204	0.11396	0.11681
V372	0.13668	0.4611	0.05397	0.0704	0.21021	0.06763
V373	0.54672	0.04105	0.08974	0.05291	0.06958	0.2
V374	0.17863	0.02471	0.21724	0.39651	0.12732	0.0556
V375	0.30263	0.02585	0.20403	0.08709	0.29015	0.09025
V376	0.21514	0.03851	0.09014	0.13705	0.15017	0.36898
V377	0.08898	0.0142	0.34488	0.04183	0.45153	0.05858
V378	0.22971	0.05638	0.22028	0.04183	0.10731	0.34448
V379	0.38129	0.0225	0.18314	0.04546	0.07156	0.29605
V380	0.05991	0.03493	0.05734	0.05886	0.74572	0.04323
V381	0.26834	0.0434	0.27726	0.24527	0.09603	0.06971
V382	0.06462	0.02994	0.03254	0.19318	0.63978	0.03994
V383	0.18375	0.04604	0.33727	0.25898	0.10778	0.06618
V384	0.07729	0.02425	0.66772	0.05445	0.11852	0.05777
V385	0.2834	0.00708	0.11158	0.04496	0.0777	0.47529
V386	0.41217	0.05059	0.26116	0.05413	0.11677	0.10518
V387	0.20925	0.02869	0.06882	0.51823	0.11696	0.05805
V388	0.50965	0.06563	0.19001	0.05078	0.07634	0.10759
V389	0.3425	0.07037	0.09208	0.04712	0.08382	0.36412
V390	0.10823	0.04323	0.0278	0.56448	0.15586	0.1004
V391	0.08967	0.0197	0.03359	0.46156	0.32693	0.06856
V392	0.1332	0.03351	0.40568	0.12635	0.08294	0.21834
V393	0.12272	0.12033	0.32912	0.09007	0.19359	0.14417
V394	0.06826	0.01668	0.04004	0.6489	0.18248	0.04364
V395	0.04959	0.05449	0.71878	0.04684	0.07999	0.05032
V396	0.35956	0.0723	0.05719	0.29778	0.13363	0.07953
V397	0.23293	0.13778	0.10399	0.05217	0.11893	0.3542
V398	0.13452	0.45488	0.06388	0.07041	0.22984	0.04647
V399	0.05731	0.00785	0.69301	0.07611	0.09604	0.06968
V400	0.18372	0.0266	0.04983	0.34121	0.11081	0.28782
V401	0.1469	0.02435	0.52948	0.04746	0.1633	0.08851
V402	0.10777	0.0256	0.0221	0.65354	0.13488	0.05612
V403	0.17832	0	0.06794	0.07056	0.37955	0.30363
V404	0.04912	0.0168	0.76018	0.04045	0.07931	0.05414
V405	0.2798	0.26782	0.12273	0.08851	0.17405	0.06709
V406	0.18997	0.0508	0.19266	0.11368	0.2277	0.2252
V407	0.11088	0.01925	0.60031	0.03757	0.08343	0.14856
V408	0.10326	0.09565	0.04814	0.53953	0.12421	0.08919
V409	0.58732	0.06282	0.08944	0.05528	0.06935	0.13579
V410	0.59893	0.0485	0.08888	0.05504	0.08328	0.12536
V411	0.21492	0.00757	0.07145	0.2406	0.09348	0.37198
V412	0.39306	0.15925	0.11242	0.08342	0.1683	0.08355
V413	0.07724	0.10386	0.04178	0.58475	0.1523	0.04007
V414	0.12953	0.06781	0.03593	0.46648	0.2481	0.05215
V415	0.09001	0.01548	0.28434	0.3249	0.18987	0.0954
V416	0.10043	0.11794	0.03884	0.22819	0.4212	0.09341
V417	0.26528	0.00172	0.13278	0.13795	0.08273	0.37955
V418	0.06762	0.06722	0.34107	0.14016	0.31875	0.06518
V419	0.27064	0.02068	0.09006	0.04557	0.08676	0.48629
V420	0.27924	0	0.09061	0.05262	0.08595	0.49158
V421	0.08672	0.04396	0.07918	0.09891	0.63669	0.05455
V422	0.198	0.22633	0.04787	0.05471	0.42053	0.05255
V423	0.10392	0.14	0.01866	0.55903	0.13578	0.04261
V424	0.51882	0.1026	0.09243	0.10007	0.07565	0.11042
V425	0.06586	0.08479	0.04509	0.04603	0.71646	0.04177
V426	0.22182	0.03072	0.21732	0.04885	0.08509	0.39619
V427	0.35087	0.11375	0.16551	0.14455	0.105	0.12031
V428	0.23809	0.03056	0.02983	0.52243	0.11707	0.06201
V429	0.0641	0.02679	0.10108	0.4611	0.29693	0.05001
V430	0.0899	0.07018	0.46188	0.19202	0.10557	0.08044
V431	0.04399	0.01623	0.74421	0.06178	0.08113	0.05265
V432	0.09743	0.33061	0.04988	0.35288	0.13216	0.03704
V433	0.06688	0.01806	0.04563	0.6897	0.13976	0.03997
V434	0.08286	0.22965	0.15255	0.38062	0.11558	0.03875
V435	0.1013	0.00214	0.0476	0.04338	0.66519	0.14039
V436	0.5461	0.11111	0.09058	0.06783	0.07323	0.11116
V437	0.20589	0.2129	0.25943	0.0582	0.1717	0.09189
V438	0.11125	0.28635	0.04624	0.0923	0.42173	0.04212
V439	0.05959	0.01337	0.11319	0.04506	0.72718	0.04161
V440	0.15468	0.04597	0.35374	0.08391	0.248	0.11371
V441	0.11987	0.05902	0.3954	0.15635	0.10125	0.16811
V442	0.33169	0.11054	0.19044	0.09485	0.12454	0.14794
V443	0.07363	0.01521	0.06279	0.62716	0.16446	0.05675
V444	0.48459	0.05316	0.10336	0.07118	0.14863	0.13908
V445	0.60272	0.04908	0.10258	0.05516	0.06819	0.12226
V446	0.11528	0.39621	0.24767	0.06679	0.11358	0.06048
V447	0.20616	0.17827	0.05632	0.18937	0.13947	0.23041
V448	0.06224	0.0241	0.68634	0.04111	0.13357	0.05263
V449	0.40631	0.05059	0.07312	0.25937	0.08936	0.12124
V450	0.10779	0.01643	0.55657	0.04071	0.22015	0.05835
V451	0.1251	0.04029	0.15133	0.15453	0.47953	0.04922
V452	0.16276	0.02079	0.06923	0.36993	0.15311	0.22419
V453	0.26492	0.0185	0.42797	0.12932	0.08537	0.07391
V454	0.18717	0.06403	0.11301	0.45411	0.11974	0.06194
V455	0.16365	0.52939	0.08414	0.07356	0.1008	0.04846
V456	0.54321	0.03485	0.11071	0.05914	0.10673	0.14536
V457	0.23179	0.00678	0.0798	0.05026	0.26365	0.36772
V458	0.09789	0.0046	0.35416	0.04762	0.39268	0.10305
V459	0.06259	0.02509	0.48026	0.28642	0.09932	0.04632
V460	0.29604	0.06349	0.23802	0.14432	0.11192	0.14622
V461	0.23992	0.04916	0.04995	0.36236	0.21291	0.08571
V462	0.0529	0.00761	0.72399	0.05374	0.08724	0.07452
V463	0.05616	0.02806	0.04293	0.07876	0.75857	0.03552
V464	0.15116	0.53749	0.06533	0.07361	0.13328	0.03913
V465	0.29098	0.08825	0.36903	0.04369	0.1119	0.09615
V466	0.11469	0.03104	0.03177	0.57409	0.18844	0.05997
V467	0.61	0.04221	0.09682	0.05541	0.06791	0.12765
V468	0.2773	0.09601	0.11395	0.22682	0.21614	0.06979
V469	0.0772	0.10734	0.52915	0.11027	0.09315	0.0829
V470	0.41809	0.03457	0.09782	0.10424	0.24726	0.09802
V471	0.10118	0.16769	0.429	0.08986	0.12252	0.08974
V472	0.1309	0.36147	0.04711	0.07462	0.32421	0.06169
V473	0.1363	0.59321	0.06925	0.05937	0.10432	0.03755
V474	0.09595	0.01302	0.31331	0.41077	0.11554	0.0514
V475	0.10548	0.12229	0.23644	0.17444	0.30336	0.05799
V476	0.3675	0.0346	0.07116	0.19658	0.12473	0.20542
V477	0.15481	0.40851	0.0978	0.1178	0.11795	0.10311
V478	0.06275	0.0137	0.69253	0.05335	0.08594	0.09173
V479	0.09021	0.10854	0.57785	0.04775	0.11842	0.05724
V480	0.08346	0.18886	0.03379	0.27019	0.38687	0.03683
V481	0.30783	0.08718	0.13731	0.10164	0.27411	0.09194
V482	0.43475	0.01755	0.10219	0.05561	0.07262	0.31729
V483	0.12783	0.56516	0.10525	0.06287	0.10257	0.03632
V484	0.54068	0.03633	0.13644	0.05173	0.11429	0.12054
V485	0.22307	0.1082	0.39798	0.09877	0.08699	0.08498
V486	0.1897	0.01057	0.54611	0.06879	0.07451	0.11031
V487	0.09214	0.25661	0.04488	0.05412	0.51248	0.03977
V488	0.24748	0.43871	0.07559	0.08458	0.0947	0.05894
V489	0.51813	0.05043	0.14088	0.05835	0.1157	0.11651
V490	0.27258	0.0324	0.08128	0.08812	0.10444	0.42118
V491	0.12189	0.20773	0.2913	0.04375	0.27279	0.06254
V492	0.19655	0.02431	0.22508	0.10691	0.15423	0.29293
V493	0.52647	0.13067	0.08229	0.0743	0.07474	0.11153
V494	0.18677	0.02316	0.32337	0.06078	0.07719	0.32873
V495	0.22142	0.37415	0.19116	0.06297	0.09679	0.0535
V496	0.20318	0.10073	0.26125	0.04208	0.25066	0.14211
V497	0.0807	0.1525	0.15492	0.07105	0.50144	0.03938
V498	0.11685	0.08828	0.28997	0.28554	0.15289	0.06647
V499	0.12944	0.4463	0.16167	0.09944	0.11104	0.05211
V500	0.34567	0.15558	0.10876	0.08874	0.20147	0.09979
V501	0.15522	0.54701	0.06201	0.07392	0.1086	0.05324
V502	0.06508	0.01623	0.03179	0.2345	0.6076	0.04479
V503	0.15017	0.25163	0.05763	0.37576	0.12202	0.0428
V504	0.14505	0.55004	0.0949	0.05733	0.11393	0.03875
V505	0.06438	0.00872	0.39467	0.32488	0.13287	0.07447
V506	0.31297	0.01814	0.09511	0.16016	0.1394	0.27422
V507	0.2713	0	0.09124	0.04497	0.094	0.49849
V508	0.12491	0.39526	0.08256	0.11123	0.24321	0.04284
V509	0.08368	0.0244	0.02114	0.60562	0.22472	0.04044
V510	0.59988	0.0411	0.08871	0.05505	0.08999	0.12527
V511	0.24137	0.01025	0.06548	0.22609	0.09921	0.35761
V512	0.11418	0.16844	0.46733	0.06178	0.1039	0.08436
V513	0.06507	0.02102	0.2048	0.08436	0.58135	0.04338
V514	0.14541	0.51758	0.10754	0.05443	0.0989	0.07614
V515	0.13495	0.28819	0.04036	0.35965	0.11522	0.06163
V516	0.05297	0.04536	0.62389	0.0473	0.17434	0.05614
V517	0.05046	0.00827	0.32779	0.21185	0.356	0.04563
V518	0.27943	0.28132	0.08468	0.12755	0.12671	0.10031
V519	0.1939	0.37738	0.06643	0.11228	0.10178	0.14822
V520	0.45828	0.09651	0.09304	0.13251	0.07896	0.14068
V521	0.11641	0.00835	0.04187	0.05906	0.71483	0.05948
V522	0.30495	0.15007	0.0759	0.06739	0.24779	0.15389
V523	0.3187	0.14498	0.11033	0.15692	0.09417	0.17489
V524	0.10507	0.00541	0.0894	0.16874	0.51803	0.11336
V525	0.38342	0.01229	0.12139	0.06076	0.07444	0.34769
V526	0.11968	0.4919	0.124	0.05937	0.16992	0.03512
V527	0.27183	0.02604	0.46113	0.04962	0.11116	0.08023
V528	0.54855	0.03759	0.16544	0.05857	0.07575	0.11411
V529	0.1206	0.07654	0.03915	0.56467	0.14801	0.05103
V530	0.13277	0.17441	0.28615	0.13288	0.14912	0.12467
V531	0.60449	0.04907	0.08933	0.06182	0.06898	0.1263
V532	0.13601	0.01632	0.07718	0.49565	0.21905	0.05579
V533	0.15383	0.00117	0.25809	0.06174	0.32318	0.202
V534	0.12018	0.00901	0.03507	0.47999	0.19616	0.1596
V535	0.3785	0.05618	0.21799	0.15242	0.08756	0.10735
V536	0.0607	0.00706	0.58707	0.17798	0.08818	0.07901
V537	0.12172	0.42672	0.04936	0.23272	0.1171	0.05237
V538	0.1874	0.00229	0.0597	0.33585	0.1012	0.31356
V539	0.07669	0.01518	0.0289	0.57402	0.25301	0.05221
V540	0.25798	0.02192	0.30128	0.05705	0.25823	0.10353
V541	0.09567	0.20075	0.02975	0.47375	0.14543	0.05466
V542	0.10674	0.39638	0.0578	0.23413	0.16489	0.04006
V543	0.0493	0.00624	0.51558	0.06234	0.31198	0.05456
V544	0.25753	0.02211	0.09067	0.07352	0.10341	0.45276
V545	0.10855	0.42803	0.10225	0.06901	0.25205	0.04011
V546	0.40866	0.07464	0.06509	0.24346	0.11186	0.0963
V547	0.11052	0.07711	0.02745	0.34215	0.35425	0.08852
V548	0.27243	0.01272	0.09077	0.0455	0.08667	0.49191
V549	0.13993	0.0069	0.51261	0.11287	0.10348	0.12421
V550	0.06248	0.01305	0.30159	0.04264	0.53437	0.04586
V551	0.213	0.04798	0.10706	0.13659	0.16602	0.32935
V552	0.08978	0.03838	0.14744	0.26116	0.39018	0.07306
V553	0.55148	0.03712	0.10869	0.08033	0.10074	0.12164
V554	0.14331	0.54887	0.07962	0.05665	0.10704	0.06451
V555	0.32505	0.0143	0.08239	0.24836	0.08986	0.24005
V556	0.09936	0.01881	0.38007	0.32454	0.11618	0.06103
V557	0.15758	0.49907	0.124	0.06049	0.10369	0.05517
V558	0.33715	0.15882	0.07447	0.14334	0.08565	0.20058
V559	0.05607	0.00788	0.02741	0.1599	0.70826	0.04048
V560	0.49378	0.05342	0.0918	0.06462	0.14818	0.1482
V561	0.04465	0.02404	0.7584	0.04047	0.07948	0.05297
V562	0.37538	0.19238	0.10773	0.10982	0.09003	0.12466
V563	0.26287	0	0.0839	0.10241	0.08213	0.46869
V564	0.20072	0.06068	0.06614	0.0503	0.30177	0.3204
V565	0.27134	0	0.09828	0.04496	0.08638	0.49904
V566	0.24247	0.07819	0.09715	0.08704	0.11321	0.38193
V567	0.28781	0.23078	0.0589	0.22079	0.11786	0.08386
V568	0.09132	0.00817	0.04526	0.07285	0.74134	0.04106
V569	0.51828	0.06184	0.08354	0.0797	0.07967	0.17698
V570	0.47344	0.13515	0.10127	0.09906	0.08501	0.10606
V571	0.0692	0.18004	0.53505	0.05517	0.11354	0.04701
V572	0.05888	0.01486	0.65653	0.05475	0.1596	0.05537
V573	0.19345	0.5094	0.06982	0.05697	0.11715	0.05321
V574	0.16873	0	0.35835	0.07552	0.10887	0.28853
V575	0.13244	0.44053	0.10512	0.14171	0.11493	0.06528
V576	0.2712	0.09859	0.06445	0.04681	0.45132	0.06763
V577	0.28607	0.05448	0.058	0.09466	0.40659	0.1002
V578	0.1013	0.00214	0.0476	0.04338	0.66519	0.14039
V579	0.08499	0.03215	0.16624	0.2389	0.4331	0.04463
V580	0.14638	0.02686	0.09998	0.33551	0.30126	0.09
V581	0.45976	0.06217	0.13129	0.11189	0.13748	0.09741
V582	0.46018	0.03853	0.0806	0.20362	0.09031	0.12676
V583	0.14116	0.03836	0.2913	0.03942	0.26399	0.22578
V584	0.14562	0.02147	0.04333	0.30726	0.31606	0.16625
V585	0.12975	0.32482	0.22778	0.11094	0.10717	0.09953
V586	0.18992	0.49715	0.09724	0.0619	0.10361	0.05018
V587	0.21486	0.02446	0.26287	0.3189	0.10429	0.07462
V588	0.07889	0.0251	0.04704	0.6627	0.14558	0.0407
V589	0.14434	0.20937	0.2646	0.10435	0.09381	0.18353
V590	0.16924	0.0335	0.34523	0.09792	0.08724	0.26687
V591	0.5106	0.0357	0.09973	0.16167	0.08575	0.10655
V592	0.11374	0.25617	0.10243	0.337	0.14915	0.04153
V593	0.06895	0.02561	0.01737	0.70633	0.14238	0.03936
V594	0.14893	0.0108	0.05048	0.505	0.12414	0.16064
V595	0.13387	0.20479	0.08559	0.13916	0.2833	0.15329
V596	0.07897	0.17751	0.04491	0.10423	0.56167	0.03271
V597	0.31553	0.02026	0.07334	0.05367	0.46375	0.07346
V598	0.57728	0.06894	0.08831	0.05489	0.07687	0.13371
V599	0.21689	0.00693	0.0658	0.16645	0.17732	0.3666
V600	0.35301	0.09867	0.07349	0.08881	0.14062	0.2454
V601	0.16523	0.12154	0.08536	0.32008	0.10325	0.20453
V602	0.09811	0.01663	0.12405	0.04902	0.57886	0.13333
V603	0.19142	0.28257	0.09543	0.09298	0.11789	0.2197
V604	0.09992	0.33111	0.0425	0.05583	0.43456	0.03608
V605	0.0961	0.02881	0.05416	0.04515	0.71977	0.05601
V606	0.37425	0.04533	0.25494	0.09485	0.07493	0.1557
V607	0.22253	0.03019	0.07293	0.0579	0.24029	0.37616
V608	0.168	0.43054	0.06393	0.10566	0.11771	0.11415
V609	0.0675	0.01686	0.56375	0.20668	0.09181	0.0534
V610	0.09529	0.10753	0.40053	0.17632	0.12926	0.09106
V611	0.12807	0.56953	0.07052	0.07936	0.11706	0.03546
V612	0.07815	0.1661	0.02316	0.56703	0.13104	0.03451
V613	0.42953	0.13419	0.08926	0.05035	0.07536	0.2213
V614	0.11505	0.09724	0.44762	0.04652	0.14074	0.15284
V615	0.06653	0.04962	0.07847	0.05187	0.70972	0.04378
V616	0.31269	0.29888	0.06802	0.08353	0.10766	0.12922
V617	0.06167	0.01357	0.0319	0.0537	0.79847	0.04069
V618	0.18655	0.02611	0.52974	0.04741	0.09715	0.11303
V619	0.11105	0.43893	0.17285	0.07447	0.15688	0.04582
V620	0.21146	0.00598	0.2836	0.05419	0.07627	0.3685
V621	0.07115	0.01553	0.07676	0.62049	0.1634	0.05267
V622	0.36152	0.14103	0.07598	0.04943	0.28646	0.08557
V623	0.20054	0.47959	0.07108	0.05515	0.10789	0.08575
V624	0.11796	0.4264	0.04166	0.25709	0.11231	0.04459
V625	0.1081	0.1108	0.18851	0.38985	0.132	0.07074
V626	0.10896	0.03369	0.04978	0.19	0.47174	0.14583
V627	0.4201	0.03014	0.05651	0.30141	0.0928	0.09904
V628	0.16249	0.05011	0.29658	0.113	0.17069	0.20712
V629	0.09855	0.336	0.03105	0.37068	0.1267	0.03703
V630	0.43305	0.0284	0.10026	0.0906	0.10513	0.24256
V631	0.22084	0	0.12074	0.15231	0.12565	0.38045
V632	0.08087	0.0318	0.13656	0.28812	0.40682	0.05583
V633	0.06146	0.14479	0.61919	0.04748	0.08174	0.04535
V634	0.49352	0.04275	0.08242	0.19635	0.08173	0.10323
V635	0.06681	0.05123	0.22396	0.49468	0.11899	0.04433
V636	0.12856	0.43107	0.05007	0.10513	0.21462	0.07054
V637	0.2406	0.04396	0.08767	0.04443	0.16599	0.41735
V638	0.09267	0.09503	0.0677	0.44958	0.24835	0.04666
V639	0.24624	0.0587	0.1126	0.07246	0.39357	0.11644
V640	0.10989	0.11264	0.40991	0.05395	0.19027	0.12333
V641	0.05563	0.06703	0.42741	0.06238	0.34193	0.04562
V642	0.23264	0.04205	0.28963	0.17248	0.08417	0.17903
V643	0.54311	0.04428	0.07827	0.12104	0.08972	0.12358
V644	0.51208	0.03929	0.07834	0.12744	0.08283	0.16001
V645	0.47763	0.04229	0.09228	0.11958	0.07548	0.19274
V646	0.06096	0.01339	0.38468	0.04216	0.45086	0.04796
V647	0.22794	0.01382	0.08242	0.28472	0.11981	0.27129
V648	0.19171	0.25056	0.16742	0.09202	0.1091	0.18918
V649	0.15561	0.02653	0.04884	0.57189	0.13905	0.05808
V650	0.21015	0.15545	0.20609	0.05206	0.31699	0.05927
V651	0.18431	0.25465	0.11571	0.07259	0.21377	0.15896
V652	0.09073	0.0157	0.11489	0.57601	0.15115	0.05152
V653	0.16985	0.3196	0.08413	0.07315	0.17665	0.17663
V654	0.53615	0.04332	0.14293	0.05883	0.09915	0.11961
V655	0.25197	0.00598	0.08091	0.09381	0.32195	0.24538
V656	0.12284	0.07143	0.50163	0.07656	0.16705	0.06049
V657	0.32283	0.0238	0.05778	0.13048	0.30239	0.16272
V658	0.06945	0.07432	0.15512	0.53809	0.12455	0.03847
V659	0.13693	0.56943	0.06786	0.06317	0.10924	0.05336
V660	0.54996	0.04182	0.08795	0.06661	0.07015	0.1835
V661	0.18641	0.00045	0.18341	0.1441	0.19923	0.2864
V662	0.50363	0.03993	0.08925	0.14132	0.08383	0.14205
V663	0.10147	0.13102	0.04712	0.07831	0.60103	0.04106
V664	0.14196	0.05784	0.58585	0.04072	0.09825	0.07537
V665	0.0608	0.00677	0.03182	0.05367	0.80581	0.04113
V666	0.31746	0.24935	0.06856	0.135	0.11788	0.11174
V667	0.25105	0	0.11219	0.08028	0.09544	0.46103
V668	0.52863	0.13805	0.08972	0.0613	0.07413	0.10818
V669	0.22794	0.09108	0.05702	0.25042	0.10279	0.27074
V670	0.14407	0.27643	0.0609	0.27847	0.12145	0.11867
V671	0.26653	0.02413	0.03994	0.49021	0.11269	0.06651
V672	0.12758	0.40913	0.04084	0.2703	0.11286	0.03929
V673	0.20282	0.10904	0.23016	0.04841	0.07938	0.3302
V674	0.51078	0.03435	0.08208	0.05155	0.21538	0.10586
V675	0.2558	0.10002	0.09586	0.04562	0.10218	0.40051
V676	0.07626	0.0169	0.09042	0.63395	0.14111	0.04136
V677	0.22114	0.28471	0.1848	0.04653	0.08402	0.1788
V678	0.19267	0.06553	0.09316	0.05013	0.4193	0.17922
V679	0.24189	0.07636	0.1159	0.06566	0.08822	0.41197
V680	0.0699	0.00449	0.32343	0.04187	0.48417	0.07614
V681	0.15861	0.49567	0.0861	0.05945	0.09725	0.10292
V682	0.16065	0.39285	0.06012	0.06212	0.17561	0.14864
V683	0.08424	0.00429	0.04232	0.04431	0.73318	0.09166
V684	0.16973	0.5018	0.05778	0.11239	0.10928	0.04902
V685	0.10314	0.42323	0.2432	0.04917	0.14121	0.04004
V686	0.2524	0.01677	0.38626	0.04774	0.0876	0.20924
V687	0.15259	0.18828	0.25934	0.11797	0.08723	0.1946
V688	0.35017	0.01647	0.07203	0.05344	0.32646	0.18143
V689	0.10768	0.02308	0.54728	0.12743	0.10677	0.08778
V690	0.12353	0.01068	0.06874	0.06376	0.59314	0.14016
V691	0.14333	0.34209	0.19327	0.10495	0.12876	0.0876
V692	0.39152	0.02783	0.05391	0.27966	0.15347	0.0936
V693	0.51572	0.12263	0.09539	0.06682	0.07396	0.12548
V694	0.51156	0.12265	0.08668	0.08676	0.07564	0.11672
V695	0.52988	0.03444	0.08029	0.06583	0.14672	0.14284
V696	0.14245	0.35324	0.08387	0.09346	0.27737	0.04961
V697	0.09487	0.02343	0.61542	0.07614	0.11043	0.0797
V698	0.13348	0.58891	0.06264	0.06425	0.11091	0.03981
V699	0.19454	0.02718	0.46547	0.06946	0.13998	0.10337
V700	0.15459	0.01752	0.03862	0.05276	0.676	0.06051
V701	0.57045	0.03682	0.09628	0.05343	0.06884	0.17418
V702	0.23065	0.01588	0.12037	0.16672	0.0944	0.37198
V703	0.21412	0.35882	0.06822	0.05182	0.24986	0.05717
V704	0.31441	0.22566	0.2137	0.04794	0.09389	0.10441
V705	0.08814	0.09127	0.24213	0.1678	0.35784	0.05282
V706	0.16982	0.07255	0.30303	0.04005	0.17234	0.24221
V707	0.43672	0.03373	0.08868	0.04893	0.08072	0.31122
V708	0.08532	0.29674	0.42138	0.05774	0.09499	0.04383
V709	0.06686	0.01705	0.01256	0.6436	0.22072	0.0392
V710	0.32614	0.06473	0.14971	0.08774	0.25009	0.1216
V711	0.09984	0.1756	0.35117	0.18137	0.10016	0.09186
V712	0.08122	0.21005	0.04872	0.0532	0.5673	0.03951
V713	0.26345	0.37167	0.08892	0.0776	0.11046	0.0879
V714	0.09778	0.35825	0.35426	0.05279	0.09744	0.03948
V715	0.0663	0.02438	0.72836	0.03927	0.07854	0.06315
V716	0.17783	0.02793	0.05245	0.26597	0.25718	0.21864
V717	0.08189	0.01303	0.0538	0.0451	0.74319	0.06298
V718	0.0876	0.29339	0.04561	0.04869	0.49295	0.03175
V719	0.13644	0.54188	0.08244	0.06193	0.12668	0.05063
V720	0.23342	0.01393	0.22692	0.27724	0.12287	0.12563
V721	0.16056	0.20726	0.22566	0.04272	0.15866	0.20513
V722	0.05854	0.00691	0.04485	0.04691	0.80545	0.03735
V723	0.12403	0.46135	0.08811	0.06399	0.20993	0.05258
V724	0.12082	0.23885	0.32134	0.1186	0.15688	0.04351
V725	0.10331	0.05037	0.08912	0.14008	0.51961	0.09751
V726	0.07039	0.02027	0.44694	0.06205	0.32117	0.07918
V727	0.22473	0	0.1516	0.15226	0.09232	0.37909
V728	0.08025	0.02386	0.01329	0.67896	0.13872	0.06493
V729	0.21846	0.35517	0.0744	0.07615	0.21023	0.06558
V730	0.18046	0.00533	0.11776	0.34433	0.1087	0.24342
V731	0.17669	0.04686	0.38255	0.04039	0.22675	0.12677
V732	0.15019	0.30965	0.0683	0.08014	0.28662	0.10509
V733	0.21143	0.00703	0.26014	0.18886	0.13335	0.19919
V734	0.23005	0	0.26342	0.04075	0.0901	0.37568
V735	0.09103	0.08128	0.03121	0.58568	0.13569	0.07511
V736	0.16554	0.37798	0.10495	0.08004	0.10619	0.16531
V737	0.05321	0.00682	0.03762	0.0537	0.81171	0.03694
V738	0.28833	0.05822	0.10916	0.31623	0.112	0.11606
V739	0.18257	0.2384	0.1763	0.07225	0.24991	0.08057
V740	0.09069	0.20007	0.32288	0.07742	0.25388	0.05506
V741	0.32174	0.13424	0.17348	0.10861	0.18826	0.07367
V742	0.25806	0.02671	0.06631	0.35095	0.20371	0.09425
V743	0.07818	0.09293	0.23078	0.28114	0.26567	0.05129
V744	0.33456	0.09106	0.08243	0.15847	0.08487	0.24861
V745	0.12139	0.37753	0.05138	0.08107	0.33011	0.03852
V746	0.55193	0.05148	0.09091	0.07388	0.08581	0.14599
V747	0.19002	0.01937	0.13199	0.07184	0.51935	0.06744
V748	0.19082	0.04026	0.24095	0.06272	0.17462	0.29063
V749	0.36246	0.0256	0.07248	0.16009	0.17002	0.20935
V750	0.07456	0.083	0.01288	0.6474	0.14515	0.03701
V751	0.07292	0.02474	0.04001	0.65471	0.16783	0.03979
V752	0.19599	0.02023	0.06735	0.09999	0.54914	0.0673
V753	0.18956	0.00137	0.08257	0.11422	0.35902	0.25326
V754	0.14941	0.32284	0.14566	0.09871	0.13504	0.14834
V755	0.2854	0.04525	0.06735	0.06651	0.41364	0.12186
V756	0.2573	0.00497	0.09277	0.05209	0.12577	0.46711
V757	0.18694	0.32545	0.07056	0.06718	0.13967	0.2102
V758	0.27121	0.44248	0.06822	0.06222	0.09285	0.06301
V759	0.154	0.02356	0.07856	0.14839	0.49704	0.09845
V760	0.26739	0	0.09581	0.06606	0.0799	0.49085
V761	0.04905	0.013	0.32095	0.05703	0.51905	0.04093
V762	0.10002	0.00708	0.62949	0.06838	0.10042	0.09461
V763	0.08597	0.13131	0.03812	0.53543	0.15668	0.0525
V764	0.20434	0.01494	0.11777	0.19446	0.29036	0.17812
V765	0.27541	0.00542	0.09012	0.05264	0.08647	0.48994
