CD14.pos.CD16.neg.classical.monocyte	mature.neutrophil	memory.B.cell	cytotoxic.CD56.dim.NK.cell	memory.CD4.pos.AB.T.cell	macrophage
V1	0.14811	0.03963	0.60197	0.03159	0.13282	0.0459
V2	0.44599	0.11254	0.06708	0.10412	0.19265	0.07761
V3	0.24595	0.07767	0.19344	0.04085	0.14863	0.29345
V4	0.25323	0.30742	0.0633	0.09508	0.19231	0.08867
V5	0.11179	0.0639	0.0331	0.45356	0.30102	0.03663
V6	0.24872	0.05228	0.16644	0.06606	0.2339	0.23258
V7	0.14495	0.28297	0.05428	0.05506	0.41652	0.04621
V8	0.51257	0.06812	0.0716	0.11195	0.13214	0.10361
V9	0.2813	0.1438	0.04972	0.21377	0.15377	0.15764
V10	0.37011	0.06071	0.08476	0.2607	0.14541	0.0783
V11	0.19179	0.47752	0.07761	0.05509	0.15338	0.04462
V12	0.25375	0.0606	0.09649	0.05405	0.15799	0.37713
V13	0.16907	0.34652	0.25065	0.0503	0.13977	0.04369
V14	0.14415	0.0455	0.03934	0.5935	0.1343	0.0432
V15	0.39133	0.08822	0.05681	0.11802	0.25381	0.09181
V16	0.13945	0.04335	0.04482	0.31886	0.35236	0.10116
V17	0.24274	0.06563	0.15779	0.04402	0.14797	0.34185
V18	0.52683	0.12551	0.07811	0.05084	0.13001	0.0887
V19	0.44494	0.07164	0.18143	0.03855	0.18185	0.08159
V20	0.46414	0.0779	0.1165	0.11055	0.1303	0.1006
V21	0.26062	0.06747	0.07167	0.05417	0.18069	0.36537
V22	0.21536	0.07508	0.05739	0.08688	0.49749	0.0678
V23	0.12906	0.0428	0.28373	0.04398	0.45979	0.04064
V24	0.19234	0.04797	0.04987	0.1219	0.51863	0.06929
V25	0.37603	0.20956	0.0594	0.12576	0.15576	0.07349
V26	0.27259	0.05266	0.06223	0.04103	0.51347	0.05802
V27	0.22441	0.05228	0.17666	0.04976	0.15411	0.34277
V28	0.18013	0.19932	0.15425	0.19054	0.15291	0.12285
V29	0.1773	0.3873	0.12118	0.08671	0.13772	0.08979
V30	0.24931	0.16891	0.12979	0.03891	0.27199	0.1411
V31	0.47818	0.05426	0.18275	0.0525	0.1257	0.10661
V32	0.10528	0.04397	0.27115	0.39478	0.12883	0.05599
V33	0.25706	0.28138	0.20759	0.05075	0.13249	0.07074
V34	0.08711	0.03338	0.39924	0.04943	0.38778	0.04306
V35	0.10981	0.06932	0.16342	0.39585	0.20898	0.05263
V36	0.18012	0.33097	0.13534	0.04717	0.25494	0.05146
V37	0.12096	0.03947	0.56565	0.03743	0.13503	0.10147
V38	0.23957	0.04677	0.15301	0.04542	0.1501	0.36513
V39	0.43971	0.06447	0.06004	0.22	0.12848	0.08731
V40	0.1709	0.33716	0.06232	0.14105	0.20812	0.08045
V41	0.50042	0.05705	0.08305	0.04481	0.13933	0.17534
V42	0.24727	0.04752	0.41306	0.0319	0.15849	0.10175
V43	0.24026	0.28306	0.06354	0.06039	0.27397	0.07878
V44	0.19642	0.482	0.0744	0.05131	0.14558	0.0503
V45	0.35194	0.23195	0.09261	0.0546	0.1451	0.1238
V46	0.15243	0.04619	0.05543	0.23129	0.35329	0.16137
V47	0.16573	0.29314	0.05581	0.13711	0.27914	0.06907
V48	0.15947	0.39087	0.18216	0.0421	0.18626	0.03914
V49	0.18786	0.46364	0.07138	0.04944	0.1838	0.04388
V50	0.09973	0.0357	0.23942	0.0455	0.50995	0.0697
V51	0.09322	0.03801	0.05491	0.05375	0.71757	0.04254
V52	0.15881	0.35813	0.22105	0.06223	0.1549	0.04488
V53	0.18524	0.04176	0.11592	0.06039	0.54934	0.04735
V54	0.13884	0.1114	0.42769	0.0645	0.18261	0.07496
V55	0.09437	0.06192	0.13278	0.06215	0.6083	0.04047
V56	0.08852	0.05501	0.55414	0.1114	0.156	0.03493
V57	0.22593	0.25593	0.08689	0.04179	0.21904	0.17043
V58	0.09794	0.03716	0.62631	0.04518	0.13565	0.05776
V59	0.13284	0.03911	0.02779	0.60891	0.15221	0.03914
V60	0.38873	0.04832	0.05265	0.31287	0.12718	0.07024
V61	0.30262	0.12226	0.0602	0.15107	0.17392	0.18994
V62	0.39695	0.06417	0.1068	0.11809	0.1854	0.12858
V63	0.19808	0.3344	0.06741	0.09433	0.14922	0.15655
V64	0.10319	0.10635	0.05343	0.04429	0.65137	0.04136
V65	0.40971	0.12525	0.08316	0.05518	0.16121	0.16549
V66	0.37575	0.0629	0.14086	0.05152	0.29682	0.07215
V67	0.14993	0.13214	0.25148	0.19962	0.13611	0.13071
V68	0.57059	0.05969	0.07761	0.06936	0.12776	0.09499
V69	0.4352	0.06734	0.0695	0.04541	0.15591	0.22664
V70	0.12116	0.03849	0.18686	0.43874	0.17433	0.04041
V71	0.15457	0.1998	0.07184	0.10975	0.35292	0.11112
V72	0.43031	0.1184	0.1122	0.05381	0.16751	0.11777
V73	0.13525	0.03309	0.09555	0.54339	0.15039	0.04234
V74	0.12004	0.12569	0.03986	0.54033	0.13887	0.03521
V75	0.18059	0.482	0.06698	0.06504	0.16212	0.04327
V76	0.09529	0.032	0.5324	0.0536	0.24658	0.04013
V77	0.17086	0.12244	0.10652	0.39531	0.13223	0.07264
V78	0.39241	0.11769	0.09456	0.12306	0.13956	0.13272
V79	0.21209	0.34565	0.07374	0.04488	0.14294	0.1807
V80	0.20709	0.35926	0.06776	0.05033	0.15192	0.16364
V81	0.49385	0.10847	0.11593	0.04873	0.1389	0.09413
V82	0.17481	0.44434	0.06765	0.07337	0.19249	0.04735
V83	0.19536	0.13202	0.0568	0.30704	0.22499	0.08379
V84	0.30089	0.04933	0.10402	0.32449	0.14522	0.07605
V85	0.54939	0.0582	0.12468	0.04925	0.12665	0.09183
V86	0.25888	0.0635	0.13355	0.2395	0.1412	0.16337
V87	0.11245	0.04362	0.04352	0.62111	0.13619	0.04311
V88	0.17476	0.05803	0.04308	0.38891	0.17267	0.16255
V89	0.16908	0.13964	0.3463	0.04002	0.1355	0.16945
V90	0.18499	0.39581	0.13995	0.04881	0.17657	0.05387
V91	0.11776	0.04456	0.08002	0.11614	0.59106	0.05047
V92	0.1021	0.08129	0.05855	0.05057	0.65889	0.0486
V93	0.24175	0.08429	0.0592	0.10752	0.30466	0.20257
V94	0.10002	0.03683	0.21368	0.48483	0.12959	0.03505
V95	0.0885	0.04038	0.26401	0.119	0.45213	0.03598
V96	0.17104	0.26104	0.06486	0.07215	0.31904	0.11187
V97	0.09352	0.04369	0.05811	0.09194	0.67442	0.03831
V98	0.12846	0.07997	0.03569	0.52531	0.19016	0.04042
V99	0.11033	0.04305	0.03219	0.6362	0.14179	0.03643
V100	0.09839	0.03817	0.36335	0.21745	0.22593	0.05672
V101	0.12893	0.2472	0.33989	0.10209	0.13608	0.0458
V102	0.536	0.06318	0.13605	0.04877	0.12618	0.08982
V103	0.46147	0.06605	0.07091	0.14941	0.1585	0.09366
V104	0.11826	0.03197	0.18437	0.48204	0.13982	0.04354
V105	0.24999	0.0481	0.11626	0.04766	0.15262	0.38538
V106	0.14405	0.03685	0.46341	0.03233	0.14301	0.18035
V107	0.18969	0.38437	0.20477	0.04169	0.13665	0.04282
V108	0.21327	0.06532	0.08342	0.05008	0.28325	0.30466
V109	0.22218	0.0532	0.06767	0.04555	0.27429	0.33711
V110	0.12812	0.13228	0.51525	0.03163	0.1378	0.05492
V111	0.08674	0.04208	0.63833	0.04597	0.14775	0.03914
V112	0.14879	0.22541	0.03535	0.41057	0.1388	0.04108
V113	0.10658	0.08927	0.47784	0.05862	0.22491	0.04279
V114	0.17229	0.03455	0.48465	0.13215	0.12883	0.04753
V115	0.36259	0.08848	0.07365	0.06168	0.22163	0.19196
V116	0.5625	0.05917	0.07629	0.08106	0.12727	0.09372
V117	0.4018	0.05835	0.05761	0.10625	0.30085	0.07513
V118	0.16952	0.40368	0.1277	0.06555	0.18172	0.05184
V119	0.18322	0.46445	0.07472	0.07368	0.14734	0.05659
V120	0.16932	0.15888	0.11002	0.31456	0.18946	0.05776
V121	0.30856	0.05337	0.05716	0.22811	0.13347	0.21932
V122	0.27181	0.054	0.04264	0.42474	0.15217	0.05463
V123	0.3242	0.05658	0.06118	0.07671	0.23359	0.24773
V124	0.09326	0.03531	0.25678	0.04658	0.52718	0.04089
V125	0.11818	0.12705	0.47874	0.07683	0.13143	0.06777
V126	0.22289	0.20131	0.09618	0.04994	0.15136	0.27832
V127	0.11188	0.03129	0.57807	0.09795	0.13928	0.04154
V128	0.29829	0.19389	0.12366	0.14428	0.17201	0.06785
V129	0.08884	0.04227	0.60076	0.08509	0.14073	0.04231
V130	0.39131	0.12139	0.05897	0.20426	0.14706	0.07701
V131	0.12704	0.04018	0.07043	0.05521	0.60418	0.10296
V132	0.14532	0.30238	0.30787	0.0371	0.16562	0.04172
V133	0.13773	0.15162	0.41561	0.09065	0.16282	0.04156
V134	0.24195	0.38176	0.06936	0.05092	0.19155	0.06446
V135	0.13218	0.0404	0.53562	0.03101	0.16959	0.09121
V136	0.20552	0.4146	0.10931	0.05643	0.16274	0.0514
V137	0.12138	0.13396	0.41549	0.04612	0.24586	0.03718
V138	0.19326	0.04143	0.05352	0.31366	0.19413	0.20399
V139	0.14835	0.0735	0.15522	0.0447	0.40831	0.16992
V140	0.42143	0.17896	0.09214	0.08996	0.13406	0.08344
V141	0.25236	0.19702	0.13008	0.20729	0.14839	0.06487
V142	0.22188	0.41254	0.07307	0.08292	0.13932	0.07027
V143	0.13395	0.07207	0.46078	0.08528	0.19453	0.05338
V144	0.22964	0.14999	0.06729	0.12604	0.14802	0.27902
V145	0.11305	0.03182	0.03769	0.63915	0.13162	0.04667
V146	0.16809	0.04778	0.10327	0.04678	0.55584	0.07825
V147	0.37548	0.0939	0.13578	0.07294	0.13339	0.18851
V148	0.10937	0.14228	0.54077	0.03215	0.1332	0.04223
V149	0.21222	0.31832	0.06132	0.06202	0.14345	0.20268
V150	0.11391	0.03173	0.02686	0.63656	0.15383	0.03712
V151	0.22059	0.2755	0.06156	0.05094	0.15982	0.23159
V152	0.14824	0.17898	0.33124	0.05954	0.2153	0.06669
V153	0.09267	0.05561	0.46032	0.2055	0.14792	0.03799
V154	0.3624	0.17338	0.07247	0.04435	0.1393	0.2081
V155	0.15644	0.2547	0.11197	0.03967	0.37382	0.0634
V156	0.14048	0.31939	0.0614	0.04394	0.39554	0.03925
V157	0.19349	0.11183	0.07619	0.22487	0.14847	0.24516
V158	0.10187	0.06813	0.6195	0.03211	0.13491	0.04348
V159	0.19259	0.17941	0.26238	0.1495	0.15542	0.06068
V160	0.10123	0.03138	0.62409	0.03844	0.13577	0.06909
V161	0.15135	0.32059	0.04554	0.25002	0.19383	0.03869
V162	0.1631	0.34471	0.05311	0.12326	0.26392	0.0519
V163	0.09655	0.03071	0.6586	0.03317	0.13703	0.04393
V164	0.1318	0.24347	0.28655	0.1096	0.18539	0.04321
V165	0.12214	0.05209	0.07644	0.05487	0.60694	0.0875
V166	0.15685	0.04779	0.04795	0.14358	0.4257	0.17814
V167	0.10013	0.03068	0.3166	0.36783	0.14592	0.03884
V168	0.46708	0.05974	0.06286	0.20053	0.12261	0.08717
V169	0.10243	0.03692	0.50378	0.17242	0.13788	0.04657
V170	0.34352	0.0652	0.11565	0.23532	0.16958	0.07073
V171	0.23534	0.30369	0.0735	0.04418	0.15214	0.19114
V172	0.14643	0.08005	0.39913	0.15236	0.13563	0.08639
V173	0.10907	0.04502	0.57233	0.0307	0.14739	0.0955
V174	0.44011	0.11326	0.07049	0.04849	0.25036	0.07729
V175	0.1909	0.39743	0.13975	0.0546	0.17146	0.04586
V176	0.08488	0.03013	0.65607	0.04017	0.14936	0.03939
V177	0.18896	0.09266	0.26668	0.05459	0.24684	0.15027
V178	0.10852	0.06351	0.0777	0.04344	0.65707	0.04976
V179	0.13074	0.03519	0.06162	0.46115	0.20086	0.11046
V180	0.25175	0.04767	0.16799	0.29953	0.12541	0.10766
V181	0.38738	0.11813	0.1023	0.08454	0.17469	0.13296
V182	0.10383	0.0875	0.54945	0.07697	0.13245	0.0498
V183	0.11902	0.03175	0.03187	0.64901	0.1308	0.03754
V184	0.32638	0.27176	0.06843	0.06065	0.20537	0.06741
V185	0.20666	0.33482	0.07615	0.04867	0.22126	0.11244
V186	0.08891	0.02983	0.44903	0.25988	0.13757	0.03477
V187	0.28409	0.31656	0.06289	0.05566	0.22206	0.05873
V188	0.224	0.36239	0.06826	0.06194	0.14161	0.1418
V189	0.11929	0.08263	0.17212	0.0576	0.47112	0.09724
V190	0.1393	0.15319	0.05697	0.05352	0.48434	0.11268
V191	0.20468	0.36318	0.06267	0.05078	0.15249	0.16619
V192	0.38988	0.17921	0.12103	0.05913	0.16633	0.08442
V193	0.24415	0.12155	0.07061	0.05353	0.15743	0.35272
V194	0.10332	0.05022	0.06712	0.12355	0.60695	0.04883
V195	0.09077	0.03117	0.52868	0.09991	0.21007	0.0394
V196	0.10905	0.03158	0.04431	0.6156	0.15961	0.03985
V197	0.21594	0.04391	0.07271	0.04778	0.56126	0.05839
V198	0.1912	0.27253	0.07853	0.13681	0.26711	0.05381
V199	0.12768	0.17865	0.11954	0.10975	0.42038	0.044
V200	0.13383	0.0399	0.41957	0.18838	0.13579	0.08253
V201	0.11968	0.03219	0.02604	0.64058	0.13099	0.05053
V202	0.15702	0.07715	0.33348	0.06031	0.22881	0.14324
V203	0.41157	0.06834	0.0563	0.26456	0.12278	0.07645
V204	0.24032	0.07722	0.0842	0.15505	0.14749	0.29573
V205	0.09176	0.04244	0.64429	0.04574	0.13626	0.03951
V206	0.1127	0.06177	0.10669	0.53225	0.15061	0.03597
V207	0.32064	0.15512	0.07988	0.19804	0.14365	0.10266
V208	0.30861	0.09431	0.30764	0.06748	0.15884	0.06312
V209	0.28672	0.30902	0.0629	0.06645	0.14285	0.13207
V210	0.14892	0.04589	0.59524	0.03154	0.13251	0.04591
V211	0.38545	0.07075	0.12976	0.04601	0.22851	0.13953
V212	0.13152	0.19709	0.1762	0.28321	0.1665	0.04548
V213	0.12161	0.08098	0.23527	0.05729	0.46259	0.04226
V214	0.52468	0.06905	0.08553	0.08026	0.14855	0.09194
V215	0.20682	0.38684	0.06214	0.06741	0.14163	0.13515
V216	0.20235	0.3175	0.24311	0.04488	0.14406	0.04809
V217	0.24421	0.04587	0.08501	0.1012	0.31396	0.20975
V218	0.16093	0.22671	0.04214	0.38701	0.14395	0.03926
V219	0.52784	0.05849	0.08374	0.04458	0.13723	0.14812
V220	0.16376	0.04098	0.03998	0.57872	0.1279	0.04866
V221	0.20785	0.42331	0.0826	0.09374	0.14373	0.04878
V222	0.1638	0.20826	0.07618	0.14056	0.35287	0.05833
V223	0.18121	0.22281	0.22461	0.04321	0.15256	0.17559
V224	0.08994	0.03471	0.33381	0.03825	0.46643	0.03685
V225	0.28617	0.05595	0.07929	0.05479	0.15192	0.37189
V226	0.25045	0.07311	0.18406	0.2235	0.19563	0.07326
V227	0.43796	0.05272	0.06235	0.19051	0.13087	0.1256
V228	0.18253	0.17931	0.34787	0.07198	0.15116	0.06714
V229	0.18966	0.04434	0.28902	0.20365	0.2099	0.06344
V230	0.12658	0.13197	0.52028	0.03774	0.13207	0.05135
V231	0.13822	0.04509	0.03384	0.59808	0.14542	0.03934
V232	0.3351	0.05507	0.05113	0.23352	0.13624	0.18894
V233	0.52786	0.06334	0.08535	0.08652	0.13807	0.09886
V234	0.35522	0.05048	0.05898	0.05384	0.40738	0.07411
V235	0.15309	0.03443	0.04552	0.57984	0.1393	0.04782
V236	0.14029	0.03974	0.18262	0.05127	0.45812	0.12797
V237	0.09102	0.03022	0.58779	0.10557	0.14592	0.03947
V238	0.43221	0.05376	0.09261	0.09973	0.15303	0.16866
V239	0.38059	0.06843	0.12954	0.12992	0.20065	0.09087
V240	0.11965	0.18814	0.04826	0.12403	0.47946	0.04046
V241	0.39898	0.1453	0.06258	0.15835	0.15397	0.08082
V242	0.28514	0.07883	0.08268	0.15989	0.18801	0.20545
V243	0.13791	0.2629	0.34017	0.06614	0.15232	0.04055
V244	0.19429	0.05737	0.06031	0.04104	0.48654	0.16044
V245	0.4946	0.05678	0.07685	0.04493	0.14545	0.18138
V246	0.10641	0.06454	0.19506	0.29093	0.30044	0.04262
V247	0.29146	0.09744	0.06068	0.16642	0.14874	0.23526
V248	0.24409	0.06321	0.04697	0.19335	0.37869	0.07369
V249	0.23792	0.14085	0.2954	0.09192	0.12895	0.10495
V250	0.11692	0.0436	0.03179	0.63678	0.13063	0.04028
V251	0.16256	0.35629	0.14383	0.15415	0.13834	0.04483
V252	0.1096	0.03791	0.05661	0.59364	0.15907	0.04317
V253	0.16921	0.07769	0.04649	0.30989	0.2155	0.18123
V254	0.1467	0.19702	0.09823	0.16675	0.32525	0.06605
V255	0.31016	0.22215	0.10484	0.08308	0.16986	0.1099
V256	0.18447	0.48185	0.06813	0.05532	0.15869	0.05154
V257	0.16171	0.28468	0.07626	0.05986	0.3479	0.06959
V258	0.13606	0.17738	0.12812	0.38497	0.12727	0.0462
V259	0.15111	0.35195	0.26124	0.04998	0.13572	0.05
V260	0.1707	0.06745	0.06458	0.05401	0.54263	0.10063
V261	0.37336	0.06445	0.08385	0.06696	0.26529	0.14609
V262	0.13106	0.03897	0.57707	0.03862	0.17375	0.04053
V263	0.10772	0.06905	0.463	0.17816	0.13611	0.04598
V264	0.41549	0.06547	0.13043	0.06595	0.16955	0.15312
V265	0.11385	0.03873	0.05353	0.06506	0.68454	0.04429
V266	0.28211	0.07448	0.07819	0.05374	0.15632	0.35516
V267	0.24158	0.40685	0.0636	0.09442	0.14304	0.05052
V268	0.56691	0.05992	0.07387	0.0515	0.13025	0.11755
V269	0.12347	0.06253	0.11339	0.51629	0.14408	0.04025
V270	0.2811	0.31687	0.07914	0.05529	0.20632	0.06128
V271	0.1954	0.12555	0.22025	0.05118	0.15166	0.25596
V272	0.11174	0.03871	0.04984	0.10419	0.62008	0.07544
V273	0.12757	0.0391	0.08686	0.10233	0.57835	0.06579
V274	0.21781	0.05184	0.16691	0.08203	0.15196	0.32945
V275	0.46049	0.1633	0.07419	0.05596	0.13647	0.10959
V276	0.21982	0.20249	0.10737	0.09644	0.16532	0.20857
V277	0.37157	0.06501	0.06999	0.05002	0.22452	0.21889
V278	0.18397	0.11544	0.11127	0.20309	0.32792	0.05831
V279	0.23838	0.0772	0.18984	0.07868	0.1508	0.2651
V280	0.16959	0.03546	0.03472	0.57428	0.13303	0.05293
V281	0.1843	0.47167	0.08554	0.06933	0.14327	0.0459
V282	0.10874	0.06305	0.05673	0.09022	0.63526	0.046
V283	0.1398	0.3012	0.05513	0.04949	0.409	0.04538
V284	0.13718	0.09883	0.24873	0.26267	0.15655	0.09604
V285	0.11724	0.04363	0.02642	0.63644	0.13587	0.0404
V286	0.4469	0.07062	0.11183	0.16728	0.1226	0.08078
V287	0.10777	0.04447	0.07423	0.10338	0.60658	0.06357
V288	0.2204	0.21395	0.0701	0.04896	0.21854	0.22805
V289	0.0965	0.08724	0.52255	0.1038	0.14848	0.04144
V290	0.10418	0.03133	0.1832	0.50002	0.13559	0.04568
V291	0.12825	0.05059	0.02679	0.6146	0.13515	0.04462
V292	0.19182	0.0921	0.04648	0.42159	0.20005	0.04796
V293	0.09808	0.06904	0.07729	0.05041	0.66036	0.04482
V294	0.37951	0.07091	0.05997	0.05417	0.31084	0.1246
V295	0.29065	0.05008	0.08003	0.04854	0.15866	0.37204
V296	0.15704	0.26199	0.1017	0.21728	0.1704	0.09158
V297	0.251	0.09193	0.06589	0.05483	0.16037	0.37597
V298	0.17434	0.43886	0.15408	0.05081	0.1405	0.04141
V299	0.17702	0.08541	0.51613	0.03761	0.13604	0.04779
V300	0.4749	0.11964	0.09239	0.04955	0.13142	0.13209
V301	0.36521	0.27363	0.09898	0.05498	0.13824	0.06895
V302	0.1365	0.20661	0.08134	0.36831	0.16124	0.04601
V303	0.16943	0.41463	0.10202	0.05549	0.21139	0.04704
V304	0.10766	0.03831	0.07277	0.04518	0.69229	0.04379
V305	0.14155	0.04309	0.15797	0.33093	0.19018	0.13628
V306	0.35585	0.11277	0.06673	0.0519	0.14263	0.27012
V307	0.19852	0.04897	0.05928	0.05453	0.55359	0.08511
V308	0.11066	0.03717	0.02622	0.65213	0.1372	0.03663
V309	0.1558	0.34058	0.05027	0.27574	0.13351	0.0441
V310	0.18527	0.26369	0.22248	0.04404	0.14717	0.13734
V311	0.40141	0.0538	0.0748	0.05231	0.14155	0.27613
V312	0.17569	0.04563	0.04125	0.28853	0.38974	0.05916
V313	0.31876	0.05703	0.065	0.07918	0.14639	0.33364
V314	0.24539	0.04566	0.03947	0.4887	0.12934	0.05145
V315	0.23225	0.40961	0.07107	0.04714	0.17346	0.06646
V316	0.28696	0.0551	0.07378	0.0975	0.15751	0.32915
V317	0.15265	0.03599	0.03688	0.50439	0.15831	0.11177
V318	0.11222	0.03802	0.04915	0.62317	0.13104	0.04641
V319	0.29692	0.15426	0.21075	0.13142	0.13176	0.0749
V320	0.24092	0.15907	0.261	0.11154	0.1336	0.09387
V321	0.16667	0.38927	0.05104	0.21363	0.14013	0.03926
V322	0.12583	0.03946	0.11546	0.05353	0.56191	0.10381
V323	0.14311	0.21383	0.04049	0.28861	0.27278	0.04118
V324	0.16157	0.06622	0.07527	0.18824	0.37619	0.13252
V325	0.2108	0.46304	0.08319	0.05016	0.14344	0.04936
V326	0.24001	0.42611	0.07776	0.04846	0.15434	0.05333
V327	0.13667	0.03287	0.61987	0.03191	0.13392	0.04476
V328	0.20759	0.16397	0.17108	0.13383	0.27105	0.05247
V329	0.09345	0.03344	0.43315	0.03538	0.3573	0.04728
V330	0.09146	0.03055	0.64667	0.03972	0.14825	0.04335
V331	0.45453	0.09554	0.09934	0.09823	0.13296	0.1194
V332	0.16517	0.08745	0.15551	0.04455	0.36928	0.17804
V333	0.10429	0.04416	0.34525	0.27062	0.18238	0.0533
V334	0.13289	0.27697	0.30501	0.11384	0.13176	0.03952
V335	0.16256	0.04757	0.53342	0.03733	0.13235	0.08677
V336	0.30635	0.35712	0.08392	0.04635	0.14222	0.06404
V337	0.1498	0.15685	0.09431	0.04704	0.51031	0.04168
V338	0.47652	0.05576	0.09588	0.04812	0.22399	0.09973
V339	0.1628	0.09393	0.29851	0.20721	0.14485	0.09271
V340	0.42361	0.1995	0.06579	0.07323	0.14652	0.09135
V341	0.24587	0.0647	0.06588	0.41256	0.15272	0.05826
V342	0.15125	0.0424	0.04346	0.47918	0.16458	0.11913
V343	0.23966	0.14489	0.13813	0.0604	0.15254	0.26439
V344	0.1745	0.38504	0.05887	0.06096	0.23351	0.08713
V345	0.09693	0.03809	0.06061	0.0535	0.7113	0.03957
V346	0.18874	0.04511	0.0509	0.3291	0.32243	0.06372
V347	0.35723	0.12816	0.07474	0.09746	0.26926	0.07315
V348	0.16268	0.11707	0.46277	0.04437	0.16433	0.04878
V349	0.47748	0.09578	0.09339	0.10388	0.14766	0.08181
V350	0.33172	0.07221	0.13719	0.19634	0.12668	0.13586
V351	0.28367	0.09233	0.09293	0.06343	0.15638	0.31127
V352	0.17786	0.24079	0.06108	0.04148	0.31104	0.16774
V353	0.10785	0.14192	0.54568	0.03226	0.13341	0.03888
V354	0.1959	0.0748	0.20979	0.03593	0.3235	0.16009
V355	0.09101	0.04862	0.64844	0.03929	0.13655	0.03609
V356	0.37569	0.12166	0.07643	0.19267	0.14198	0.09156
V357	0.25954	0.04883	0.32067	0.04719	0.25842	0.06535
V358	0.24397	0.04728	0.10698	0.07231	0.15661	0.37284
V359	0.1914	0.09186	0.03933	0.44744	0.17148	0.05849
V360	0.36419	0.04949	0.05795	0.1787	0.26058	0.08909
V361	0.18474	0.48974	0.06865	0.06055	0.15004	0.04627
V362	0.16128	0.34188	0.06782	0.25229	0.13769	0.03905
V363	0.48031	0.09143	0.10316	0.04229	0.18372	0.09908
V364	0.22011	0.16314	0.06931	0.06838	0.21093	0.26812
V365	0.33205	0.27006	0.06429	0.13516	0.13108	0.06735
V366	0.16288	0.18905	0.34512	0.0784	0.17393	0.05062
V367	0.11886	0.03399	0.04523	0.44234	0.30456	0.05502
V368	0.20058	0.13282	0.11058	0.06695	0.22897	0.2601
V369	0.11969	0.05782	0.05027	0.08944	0.60697	0.07582
V370	0.11648	0.08349	0.46204	0.13145	0.14197	0.06457
V371	0.16781	0.19331	0.04316	0.36172	0.1291	0.1049
V372	0.18137	0.40466	0.06055	0.06159	0.22258	0.06924
V373	0.52301	0.06425	0.07288	0.04558	0.13387	0.16041
V374	0.20574	0.04388	0.19984	0.36336	0.1406	0.04657
V375	0.318	0.0527	0.18945	0.07682	0.2873	0.07573
V376	0.2164	0.07748	0.07303	0.12961	0.19155	0.31193
V377	0.12242	0.04209	0.33038	0.03581	0.41889	0.0504
V378	0.22982	0.09011	0.18598	0.04045	0.16551	0.28814
V379	0.36915	0.05757	0.15283	0.0424	0.13811	0.23994
V380	0.097	0.0625	0.07706	0.05737	0.66116	0.04491
V381	0.28481	0.06163	0.24797	0.22061	0.12869	0.0563
V382	0.10341	0.05522	0.05141	0.18876	0.55994	0.04126
V383	0.20849	0.06358	0.30346	0.23433	0.13616	0.05398
V384	0.11269	0.04395	0.59286	0.04532	0.16337	0.04182
V385	0.26865	0.05518	0.08616	0.04894	0.15396	0.38711
V386	0.41282	0.06977	0.23036	0.04373	0.15881	0.08451
V387	0.235	0.04493	0.06893	0.477	0.12384	0.05031
V388	0.4991	0.07939	0.16453	0.0409	0.13107	0.08501
V389	0.32945	0.10002	0.07245	0.0459	0.15142	0.30076
V390	0.14245	0.05889	0.0355	0.5248	0.1507	0.08766
V391	0.12748	0.04102	0.04529	0.43621	0.28733	0.06266
V392	0.15096	0.06365	0.35674	0.1142	0.13497	0.17949
V393	0.1496	0.13354	0.29887	0.08004	0.21358	0.12437
V394	0.11301	0.03172	0.05072	0.59953	0.16472	0.04029
V395	0.08884	0.06718	0.63383	0.03884	0.13601	0.0353
V396	0.3714	0.08467	0.05385	0.27066	0.15166	0.06776
V397	0.23415	0.15666	0.08537	0.05071	0.17415	0.29895
V398	0.18113	0.40008	0.07084	0.06144	0.23621	0.05029
V399	0.09412	0.0306	0.61211	0.0658	0.14671	0.05066
V400	0.19392	0.06107	0.04342	0.31724	0.14275	0.2416
V401	0.17169	0.04901	0.4764	0.03794	0.19545	0.06951
V402	0.14632	0.04013	0.03321	0.601	0.12902	0.05032
V403	0.18825	0.04446	0.06218	0.07039	0.37084	0.26387
V404	0.08928	0.03613	0.66657	0.03383	0.13776	0.03643
V405	0.30524	0.24596	0.11599	0.07652	0.19444	0.06185
V406	0.20402	0.08183	0.17368	0.10497	0.24311	0.19239
V407	0.13441	0.04677	0.52966	0.03058	0.14069	0.11787
V408	0.14023	0.10076	0.05207	0.50012	0.1275	0.07931
V409	0.56507	0.07691	0.0745	0.04604	0.13038	0.10711
V410	0.57547	0.06558	0.07429	0.04583	0.13961	0.09923
V411	0.21465	0.05056	0.05653	0.22424	0.14237	0.31165
V412	0.40333	0.15715	0.10302	0.07174	0.19294	0.07182
V413	0.12164	0.10338	0.05081	0.54135	0.14387	0.03895
V414	0.16587	0.07832	0.04565	0.43715	0.22423	0.04878
V415	0.12229	0.04007	0.26231	0.30097	0.19428	0.08008
V416	0.13586	0.13192	0.04847	0.21703	0.37823	0.08849
V417	0.25844	0.04681	0.10696	0.12943	0.14304	0.31532
V418	0.104	0.08484	0.32145	0.1287	0.30445	0.05656
V419	0.25611	0.06767	0.06756	0.05005	0.16251	0.3961
V420	0.26407	0.04976	0.06754	0.05659	0.16242	0.39962
V421	0.12269	0.06964	0.09252	0.09456	0.56683	0.05375
V422	0.23315	0.22034	0.05687	0.04777	0.38795	0.05391
V423	0.14621	0.13305	0.03012	0.517	0.13233	0.04128
V424	0.50864	0.10853	0.07943	0.08622	0.12788	0.0893
V425	0.10417	0.10666	0.0645	0.04344	0.63652	0.04471
V426	0.21985	0.0705	0.18141	0.04873	0.15237	0.32713
V427	0.35995	0.12148	0.14709	0.12812	0.14282	0.10054
V428	0.26088	0.04654	0.03468	0.48119	0.12324	0.05347
V429	0.10563	0.04484	0.10645	0.4341	0.26297	0.04601
V430	0.12333	0.08426	0.41473	0.17177	0.14075	0.06516
V431	0.08432	0.03583	0.65386	0.05285	0.13748	0.03567
V432	0.14484	0.29441	0.05632	0.3229	0.14097	0.04056
V433	0.11287	0.03153	0.05517	0.63261	0.13092	0.0369
V434	0.12834	0.21032	0.14683	0.34792	0.1287	0.0379
V435	0.12769	0.04068	0.05894	0.0424	0.60015	0.13014
V436	0.53223	0.11439	0.07756	0.05697	0.12957	0.08929
V437	0.23152	0.20443	0.23775	0.04886	0.19717	0.08027
V438	0.15346	0.2737	0.05774	0.08426	0.38401	0.04683
V439	0.0966	0.04346	0.1288	0.04331	0.6459	0.04193
V440	0.17796	0.07094	0.32469	0.07413	0.25624	0.09604
V441	0.1428	0.08164	0.35159	0.14068	0.1433	0.13998
V442	0.34011	0.122	0.16861	0.08277	0.1622	0.12431
V443	0.11639	0.03196	0.06958	0.57947	0.1522	0.0504
V444	0.47748	0.07359	0.08988	0.06092	0.18482	0.11332
V445	0.57793	0.06562	0.08603	0.04541	0.12894	0.09606
V446	0.15836	0.34851	0.22881	0.05618	0.1508	0.05733
V447	0.22056	0.18416	0.05034	0.17347	0.16921	0.20226
V448	0.10015	0.04343	0.6104	0.0331	0.17565	0.03727
V449	0.40861	0.06913	0.06408	0.23405	0.12411	0.10001
V450	0.13874	0.04024	0.50537	0.03259	0.23846	0.04459
V451	0.15891	0.06408	0.15449	0.14531	0.43098	0.04622
V452	0.17982	0.05256	0.06314	0.34524	0.16843	0.1908
V453	0.27984	0.04157	0.37873	0.11246	0.13073	0.05666
V454	0.21535	0.07476	0.10792	0.41808	0.12974	0.05416
V455	0.20945	0.44733	0.08568	0.06364	0.14187	0.05203
V456	0.52674	0.0576	0.09378	0.04963	0.15585	0.1164
V457	0.23139	0.05368	0.0663	0.05107	0.2836	0.31395
V458	0.12656	0.03627	0.33414	0.04137	0.37306	0.0886
V459	0.10098	0.043	0.43068	0.25945	0.13029	0.0356
V460	0.30558	0.0836	0.2105	0.12862	0.14944	0.12226
V461	0.2626	0.06735	0.0517	0.33772	0.20615	0.07448
V462	0.09045	0.03048	0.63721	0.04568	0.1424	0.05377
V463	0.09463	0.05613	0.06436	0.07774	0.66917	0.03797
V464	0.19907	0.45536	0.07093	0.06416	0.16514	0.04535
V465	0.30435	0.1007	0.32858	0.03398	0.15509	0.07731
V466	0.15075	0.04666	0.04136	0.53323	0.1738	0.0542
V467	0.58357	0.06061	0.0807	0.04573	0.12906	0.10033
V468	0.29919	0.10758	0.10824	0.20724	0.21663	0.06112
V469	0.11146	0.11466	0.47343	0.09674	0.13705	0.06666
V470	0.42374	0.05938	0.08976	0.09168	0.2531	0.08234
V471	0.13432	0.16608	0.38712	0.07821	0.15835	0.07592
V472	0.17251	0.3323	0.05643	0.06661	0.30899	0.06315
V473	0.18912	0.49376	0.07459	0.05198	0.1461	0.04445
V474	0.13199	0.0323	0.28506	0.37574	0.13296	0.04195
V475	0.14222	0.13128	0.2262	0.16043	0.28708	0.05279
V476	0.36718	0.06291	0.06068	0.17867	0.15928	0.17128
V477	0.19254	0.36098	0.09406	0.10464	0.15188	0.0959
V478	0.0968	0.03733	0.61111	0.04491	0.14148	0.06839
V479	0.12564	0.11407	0.51742	0.03809	0.16027	0.04451
V480	0.1277	0.18659	0.0471	0.2548	0.34391	0.0399
V481	0.32471	0.10432	0.12881	0.08984	0.27215	0.08017
V482	0.41539	0.0541	0.08164	0.05234	0.14111	0.25543
V483	0.17871	0.47462	0.10566	0.05438	0.14371	0.04292
V484	0.52737	0.05742	0.11731	0.04252	0.15961	0.09576
V485	0.24315	0.11586	0.35432	0.08482	0.13263	0.06922
V486	0.20785	0.03767	0.48228	0.0576	0.13003	0.08457
V487	0.13481	0.25196	0.05866	0.04845	0.46052	0.0456
V488	0.281	0.37582	0.0759	0.0728	0.13737	0.05711
V489	0.50832	0.06861	0.12218	0.04836	0.15937	0.09316
V490	0.26362	0.07382	0.06215	0.08544	0.16684	0.34813
V491	0.15838	0.20266	0.27372	0.03551	0.27278	0.05694
V492	0.20344	0.06303	0.19613	0.0992	0.19332	0.24488
V493	0.51539	0.13081	0.07065	0.06306	0.12979	0.09029
V494	0.19089	0.06202	0.27598	0.05731	0.14138	0.27243
V495	0.25444	0.32635	0.17673	0.05213	0.13906	0.05129
V496	0.22242	0.11959	0.23927	0.03493	0.26071	0.12308
V497	0.12098	0.16099	0.16004	0.0647	0.45253	0.04077
V498	0.15106	0.09808	0.26644	0.26096	0.16635	0.05711
V499	0.17429	0.38769	0.15329	0.08632	0.14612	0.05229
V500	0.35972	0.15697	0.10059	0.07739	0.21759	0.08773
V501	0.20193	0.46234	0.06719	0.06441	0.14759	0.05654
V502	0.104	0.0426	0.05006	0.22845	0.53019	0.0447
V503	0.18936	0.22935	0.06114	0.34438	0.1332	0.04258
V504	0.19327	0.46338	0.09686	0.04952	0.15226	0.04471
V505	0.10081	0.0317	0.35702	0.29772	0.15251	0.06024
V506	0.31187	0.05459	0.07941	0.14826	0.17719	0.22868
V507	0.25703	0.04939	0.06798	0.05046	0.16937	0.40577
V508	0.17015	0.35428	0.08736	0.09954	0.24219	0.04647
V509	0.12663	0.03896	0.03556	0.56314	0.19715	0.03856
V510	0.57618	0.06022	0.07413	0.04573	0.14436	0.09938
V511	0.23966	0.05177	0.0512	0.21058	0.14691	0.29987
V512	0.14609	0.16549	0.41945	0.05098	0.14752	0.07048
V513	0.10146	0.04821	0.20923	0.07956	0.52056	0.04097
V514	0.1898	0.44156	0.10517	0.04651	0.14251	0.07446
V515	0.17531	0.25944	0.0459	0.32995	0.1299	0.0595
V516	0.09066	0.06235	0.5621	0.03916	0.20353	0.0422
V517	0.09043	0.0326	0.31084	0.19832	0.32894	0.03886
V518	0.30155	0.25774	0.08014	0.11284	0.15851	0.08922
V519	0.22291	0.3372	0.06353	0.10069	0.1437	0.13197
V520	0.45311	0.10677	0.08011	0.11746	0.12728	0.11526
V521	0.14896	0.04074	0.05908	0.05633	0.6365	0.0584
V522	0.31882	0.15808	0.07064	0.05996	0.25798	0.13453
V523	0.32616	0.15112	0.09681	0.14115	0.13665	0.1481
V524	0.1344	0.03877	0.09584	0.16251	0.46583	0.10264
V525	0.36696	0.05187	0.09719	0.0574	0.14119	0.2854
V526	0.16932	0.42358	0.12331	0.05044	0.19208	0.04127
V527	0.28617	0.04866	0.40912	0.03913	0.15549	0.06143
V528	0.5319	0.05741	0.14176	0.04831	0.13112	0.0895
V529	0.15853	0.08216	0.04698	0.52271	0.14275	0.04686
V530	0.16179	0.175	0.25956	0.11861	0.17607	0.10896
V531	0.57943	0.06573	0.07443	0.05163	0.12919	0.09959
V532	0.16959	0.03589	0.08117	0.46187	0.20189	0.04959
V533	0.16966	0.04084	0.23761	0.05669	0.32115	0.17403
V534	0.14735	0.03721	0.0394	0.4487	0.19019	0.13714
V535	0.38303	0.07366	0.1924	0.1342	0.12957	0.08714
V536	0.0959	0.03082	0.52034	0.15971	0.13317	0.06006
V537	0.16915	0.37112	0.0549	0.21063	0.13982	0.05438
V538	0.19493	0.04223	0.05046	0.31301	0.13863	0.26072
V539	0.11907	0.03308	0.04184	0.53645	0.22165	0.04791
V540	0.27489	0.05018	0.27587	0.04816	0.26547	0.08543
V541	0.13907	0.18703	0.03869	0.43905	0.14359	0.05258
V542	0.15535	0.34953	0.06415	0.21277	0.17438	0.04382
V543	0.08688	0.03212	0.47572	0.05489	0.30775	0.04264
V544	0.24829	0.06676	0.06971	0.07317	0.16969	0.37239
V545	0.15611	0.38047	0.10604	0.06002	0.25263	0.04474
V546	0.41442	0.08651	0.05882	0.21955	0.14033	0.08037
V547	0.14545	0.09299	0.03811	0.32523	0.31688	0.08135
V548	0.25713	0.06142	0.06781	0.05031	0.16303	0.4003
V549	0.16242	0.03574	0.45601	0.09904	0.14847	0.09831
V550	0.09839	0.04129	0.29582	0.03827	0.48528	0.04096
V551	0.21721	0.08371	0.08978	0.12787	0.20056	0.28087
V552	0.12491	0.06118	0.14824	0.24758	0.35174	0.06635
V553	0.53565	0.05806	0.09268	0.06826	0.14851	0.09684
V554	0.19053	0.46488	0.08178	0.04916	0.14798	0.06566
V555	0.32483	0.04811	0.06911	0.22781	0.13148	0.19865
V556	0.13333	0.03896	0.34325	0.29623	0.13942	0.04881
V557	0.2018	0.42588	0.11992	0.05105	0.14461	0.05674
V558	0.34122	0.16299	0.06387	0.1293	0.13364	0.16898
V559	0.0956	0.03723	0.0492	0.15719	0.61905	0.04173
V560	0.48492	0.0742	0.07904	0.05546	0.18549	0.1209
V561	0.08519	0.04195	0.66565	0.03382	0.13761	0.03578
V562	0.38265	0.18498	0.09565	0.09578	0.13487	0.10607
V563	0.25155	0.04822	0.06328	0.10073	0.15248	0.38374
V564	0.20697	0.09672	0.05736	0.04985	0.3098	0.2793
V565	0.25692	0.04942	0.07424	0.05026	0.16351	0.40566
V566	0.24017	0.10969	0.0774	0.08307	0.16922	0.32045
V567	0.31023	0.21452	0.05719	0.19892	0.14493	0.07422
V568	0.12766	0.03912	0.06496	0.0706	0.65555	0.04211
V569	0.50084	0.08078	0.06915	0.06924	0.13671	0.14328
V570	0.47002	0.13564	0.08876	0.08496	0.13324	0.08738
V571	0.1088	0.17184	0.48149	0.04513	0.15406	0.03869
V572	0.09593	0.03726	0.58761	0.04629	0.1928	0.0401
V573	0.23459	0.43327	0.07286	0.04886	0.15506	0.05536
V574	0.17799	0.04073	0.31223	0.06983	0.16269	0.23653
V575	0.17627	0.38454	0.10299	0.12624	0.14582	0.06414
V576	0.29692	0.11586	0.06908	0.04016	0.4155	0.06248
V577	0.30638	0.07976	0.06103	0.0858	0.378	0.08902
V578	0.12769	0.04068	0.05894	0.0424	0.60015	0.13014
V579	0.12285	0.05447	0.168	0.22618	0.38664	0.04187
V580	0.17599	0.05085	0.10089	0.31609	0.27691	0.07925
V581	0.45932	0.07809	0.1162	0.09736	0.1698	0.07923
V582	0.45617	0.0598	0.06942	0.1822	0.12964	0.10276
V583	0.15753	0.0726	0.26448	0.03534	0.27677	0.19329
V584	0.16875	0.05259	0.04652	0.29097	0.29394	0.14722
V585	0.16696	0.29406	0.20863	0.09734	0.14443	0.08859
V586	0.23173	0.42244	0.09642	0.05258	0.14458	0.05224
V587	0.23583	0.04582	0.2372	0.29022	0.13001	0.06092
V588	0.12291	0.03824	0.05594	0.60963	0.13547	0.03782
V589	0.1683	0.20579	0.23539	0.09305	0.14051	0.15695
V590	0.18019	0.06693	0.30071	0.08951	0.14337	0.21928
V591	0.50167	0.05612	0.08596	0.14281	0.12871	0.08472
V592	0.157	0.23469	0.10217	0.30824	0.15556	0.04233
V593	0.11526	0.0374	0.03179	0.64758	0.13098	0.03699
V594	0.17237	0.03762	0.0503	0.46847	0.13528	0.13596
V595	0.16375	0.20717	0.08341	0.12889	0.2775	0.13927
V596	0.12129	0.18305	0.06047	0.09884	0.49852	0.03783
V597	0.33634	0.04919	0.07593	0.04676	0.42656	0.06522
V598	0.55671	0.08241	0.07378	0.04576	0.13545	0.10589
V599	0.21705	0.05164	0.05355	0.15747	0.20981	0.31049
V600	0.35135	0.11838	0.06187	0.08091	0.18171	0.20579
V601	0.18598	0.13345	0.07675	0.29531	0.13265	0.17587
V602	0.12447	0.05233	0.12868	0.04612	0.52634	0.12206
V603	0.21041	0.26753	0.08457	0.08369	0.16035	0.19345
V604	0.14476	0.3104	0.05569	0.04965	0.39672	0.04278
V605	0.13063	0.05839	0.07137	0.04289	0.64102	0.0557
V606	0.37368	0.06828	0.22147	0.08201	0.12748	0.12708
V607	0.22348	0.07251	0.05985	0.05835	0.26549	0.32032
V608	0.2046	0.37838	0.06425	0.09401	0.15353	0.10523
V609	0.10484	0.03678	0.50086	0.18559	0.13196	0.03995
V610	0.12812	0.11708	0.36245	0.15843	0.15746	0.07647
V611	0.18012	0.47899	0.07591	0.06952	0.15262	0.04285
V612	0.12427	0.15449	0.0349	0.52344	0.12771	0.03519
V613	0.42017	0.1418	0.07458	0.04473	0.13744	0.18128
V614	0.14025	0.11364	0.40003	0.03828	0.17999	0.12781
V615	0.10369	0.07503	0.09539	0.04925	0.63155	0.0451
V616	0.32849	0.27168	0.06342	0.07277	0.15024	0.1134
V617	0.09915	0.04446	0.05461	0.05307	0.70584	0.04287
V618	0.20555	0.05084	0.4707	0.0376	0.14748	0.08784
V619	0.15797	0.38446	0.16508	0.06396	0.181	0.04754
V620	0.20898	0.05086	0.2394	0.05261	0.14402	0.30414
V621	0.11457	0.03187	0.08212	0.57254	0.15195	0.04696
V622	0.37625	0.14622	0.0739	0.04164	0.28599	0.076
V623	0.23705	0.41356	0.07171	0.04705	0.14953	0.0811
V624	0.16626	0.36959	0.04898	0.23266	0.13461	0.04789
V625	0.14431	0.11521	0.17653	0.35874	0.14314	0.06207
V626	0.13607	0.06533	0.05664	0.18241	0.42603	0.1335
V627	0.42206	0.05076	0.05054	0.27284	0.12216	0.08164
V628	0.17842	0.07932	0.26517	0.10246	0.19946	0.17517
V629	0.14599	0.29822	0.04047	0.33867	0.13594	0.0407
V630	0.42113	0.05979	0.08228	0.08139	0.15696	0.19843
V631	0.21954	0.04531	0.09842	0.14383	0.17422	0.3187
V632	0.11852	0.05408	0.1403	0.2733	0.36217	0.05164
V633	0.10159	0.14122	0.55063	0.03837	0.13322	0.03498
V634	0.4868	0.06108	0.07164	0.17473	0.1229	0.08284
V635	0.10903	0.06188	0.2087	0.45363	0.12807	0.03869
V636	0.17291	0.38306	0.05638	0.0938	0.2223	0.07154
V637	0.235	0.08543	0.06968	0.04644	0.21427	0.34919
V638	0.13385	0.10117	0.07459	0.42165	0.22451	0.04423
V639	0.26678	0.08452	0.10989	0.06494	0.36924	0.10463
V640	0.13801	0.12555	0.37174	0.04523	0.21377	0.10569
V641	0.09365	0.08338	0.40157	0.05418	0.32864	0.03858
V642	0.24392	0.06799	0.25449	0.15532	0.12973	0.14854
V643	0.52736	0.06358	0.06661	0.10579	0.13785	0.09879
V644	0.4968	0.06243	0.06515	0.11282	0.13378	0.12901
V645	0.464	0.0669	0.07627	0.10625	0.12942	0.15716
V646	0.09725	0.04059	0.36738	0.03636	0.41785	0.04057
V647	0.23498	0.05024	0.07014	0.26405	0.15227	0.22833
V648	0.21166	0.23898	0.14864	0.0819	0.15142	0.16739
V649	0.18758	0.04263	0.05379	0.52809	0.13674	0.05116
V650	0.23924	0.15985	0.1966	0.04312	0.3071	0.05409
V651	0.20913	0.24607	0.1079	0.06503	0.23004	0.14183
V652	0.13104	0.03282	0.11395	0.53213	0.14508	0.04498
V653	0.19676	0.29647	0.07904	0.06574	0.20166	0.16034
V654	0.52232	0.06306	0.12304	0.04865	0.148	0.09493
V655	0.26035	0.04685	0.07403	0.08815	0.31944	0.21118
V656	0.15342	0.0858	0.45413	0.06481	0.19352	0.04831
V657	0.33224	0.05576	0.05443	0.11984	0.29651	0.14122
V658	0.11271	0.07942	0.14973	0.49489	0.12796	0.03529
V659	0.1863	0.47944	0.0728	0.05507	0.14946	0.05693
V660	0.52701	0.06447	0.0717	0.05712	0.13231	0.14739
V661	0.19492	0.04289	0.16142	0.13535	0.22387	0.24155
V662	0.49189	0.06149	0.07547	0.12506	0.1317	0.11438
V663	0.14063	0.14479	0.06208	0.07372	0.53477	0.04401
V664	0.16925	0.07298	0.52097	0.0313	0.14741	0.05809
V665	0.09847	0.03823	0.05475	0.05342	0.71208	0.04306
V666	0.33423	0.23079	0.06419	0.1198	0.15282	0.09817
V667	0.24231	0.04747	0.08791	0.07998	0.16375	0.37857
V668	0.51784	0.1361	0.07764	0.05076	0.13021	0.08745
V669	0.23589	0.11297	0.04885	0.23187	0.14211	0.22831
V670	0.17895	0.25571	0.06061	0.25465	0.14344	0.10664
V671	0.2861	0.04237	0.04216	0.45015	0.12258	0.05663
V672	0.17457	0.3547	0.04827	0.24516	0.13395	0.04336
V673	0.20698	0.13157	0.1951	0.04614	0.14308	0.27712
V674	0.50602	0.05764	0.0734	0.04283	0.2339	0.08621
V675	0.24995	0.12786	0.07586	0.04634	0.16647	0.33353
V676	0.11999	0.03171	0.09351	0.58261	0.13466	0.03751
V677	0.23934	0.26371	0.1632	0.03979	0.13662	0.15734
V678	0.21114	0.09594	0.09078	0.04615	0.39577	0.16023
V679	0.23617	0.10935	0.09274	0.06451	0.15494	0.34229
V680	0.10237	0.03556	0.31203	0.03686	0.44711	0.06607
V681	0.19854	0.42734	0.08462	0.05162	0.14207	0.09581
V682	0.19361	0.3547	0.05976	0.05543	0.20181	0.13468
V683	0.11516	0.03934	0.05902	0.04334	0.65572	0.08742
V684	0.21314	0.42881	0.06255	0.09906	0.14415	0.0523
V685	0.15044	0.36986	0.22695	0.04032	0.17133	0.04111
V686	0.25805	0.0498	0.33696	0.04103	0.14389	0.17027
V687	0.17424	0.18912	0.22985	0.1063	0.13522	0.16528
V688	0.35614	0.05159	0.06621	0.04812	0.32179	0.15615
V689	0.13676	0.04621	0.48842	0.11212	0.14807	0.06841
V690	0.14897	0.04737	0.07641	0.06108	0.53755	0.12862
V691	0.18006	0.308	0.17934	0.09188	0.16098	0.07975
V692	0.39777	0.04996	0.0501	0.25467	0.16928	0.07821
V693	0.50418	0.12559	0.08193	0.05624	0.13048	0.10158
V694	0.50176	0.12512	0.07448	0.07414	0.12962	0.09487
V695	0.5171	0.05842	0.06845	0.05599	0.18456	0.11549
V696	0.18378	0.32167	0.0884	0.08295	0.27117	0.05203
V697	0.12639	0.04518	0.54794	0.06467	0.15511	0.0607
V698	0.18618	0.49155	0.06933	0.0562	0.15043	0.0463
V699	0.21476	0.05177	0.41716	0.05868	0.17628	0.08135
V700	0.18647	0.04856	0.05391	0.04882	0.60362	0.05861
V701	0.5461	0.0594	0.07911	0.04545	0.132	0.13795
V702	0.22871	0.05785	0.09737	0.156	0.14883	0.31123
V703	0.24936	0.32285	0.07243	0.04396	0.25402	0.05739
V704	0.32868	0.21131	0.19062	0.03872	0.14134	0.08933
V705	0.12617	0.10512	0.23438	0.15555	0.33095	0.04784
V706	0.18331	0.10029	0.26921	0.03559	0.20841	0.2032
V707	0.41781	0.06721	0.07002	0.04613	0.14805	0.25077
V708	0.12837	0.2655	0.38122	0.0473	0.13781	0.0398
V709	0.11236	0.03212	0.02867	0.59696	0.19248	0.03742
V710	0.33837	0.0866	0.13765	0.07741	0.25664	0.10333
V711	0.1346	0.17146	0.31779	0.16206	0.13513	0.07895
V712	0.12315	0.21264	0.06375	0.04839	0.50775	0.04432
V713	0.29063	0.32671	0.08533	0.06647	0.15057	0.0803
V714	0.14192	0.31509	0.3225	0.0431	0.13921	0.03817
V715	0.10334	0.04314	0.64065	0.03253	0.13595	0.04439
V716	0.19378	0.0618	0.05026	0.25067	0.25408	0.18941
V717	0.11559	0.04552	0.07184	0.04333	0.66201	0.06171
V718	0.13204	0.28208	0.05962	0.04324	0.44424	0.03879
V719	0.18471	0.46059	0.08544	0.05356	0.16138	0.05432
V720	0.24871	0.04188	0.20383	0.25249	0.14866	0.10443
V721	0.18148	0.20807	0.20242	0.03742	0.1947	0.1759
V722	0.0966	0.03817	0.06712	0.04653	0.71204	0.03954
V723	0.17076	0.40425	0.09159	0.05547	0.22177	0.05616
V724	0.15974	0.22167	0.29557	0.10385	0.17912	0.04004
V725	0.13521	0.07662	0.09622	0.13389	0.46779	0.09026
V726	0.10331	0.04668	0.41552	0.05419	0.31496	0.06535
V727	0.22275	0.04498	0.12387	0.14324	0.14913	0.31602
V728	0.12215	0.03882	0.0263	0.62445	0.13054	0.05774
V729	0.25264	0.31858	0.07647	0.06612	0.22271	0.06347
V730	0.19298	0.04075	0.10341	0.31982	0.1391	0.20394
V731	0.19684	0.07198	0.34774	0.03265	0.24449	0.1063
V732	0.18537	0.29012	0.07179	0.07198	0.28241	0.09834
V733	0.22289	0.04224	0.23027	0.17226	0.16602	0.16632
V734	0.22642	0.04562	0.22151	0.04059	0.15595	0.3099
V735	0.13058	0.08679	0.03978	0.54222	0.13334	0.06729
V736	0.19505	0.33873	0.0965	0.07058	0.14934	0.1498
V737	0.0918	0.03801	0.06089	0.0539	0.71631	0.03909
V738	0.30265	0.07589	0.09934	0.28849	0.13595	0.09768
V739	0.21391	0.22806	0.16782	0.06302	0.25343	0.07375
V740	0.12987	0.19483	0.3026	0.06736	0.25496	0.05038
V741	0.33887	0.13827	0.15967	0.09465	0.20457	0.06397
V742	0.27802	0.04911	0.06501	0.32647	0.20071	0.08068
V743	0.11809	0.10294	0.22075	0.26159	0.25041	0.04621
V744	0.33362	0.11119	0.06866	0.14481	0.13463	0.20708
V745	0.16681	0.34347	0.06173	0.07233	0.31169	0.04397
V746	0.53395	0.07007	0.07615	0.06289	0.14023	0.11671
V747	0.21799	0.04922	0.13524	0.06556	0.47057	0.06142
V748	0.19904	0.07591	0.21129	0.05822	0.21188	0.24367
V749	0.36298	0.05732	0.06198	0.14637	0.19557	0.17578
V750	0.12025	0.08488	0.02709	0.59686	0.13448	0.03644
V751	0.11787	0.03793	0.05043	0.60343	0.15282	0.03752
V752	0.22493	0.04945	0.07592	0.09356	0.49354	0.0626
V753	0.20115	0.04422	0.07729	0.10938	0.34763	0.22032
V754	0.1801	0.29627	0.13311	0.08679	0.1678	0.13593
V755	0.30313	0.07377	0.06804	0.05945	0.38651	0.10909
V756	0.2464	0.05442	0.07164	0.05491	0.18869	0.38393
V757	0.20958	0.30003	0.06463	0.06106	0.17745	0.18726
V758	0.30208	0.3781	0.06866	0.05279	0.13835	0.06002
V759	0.18221	0.0536	0.08458	0.14109	0.44912	0.08941
V760	0.25431	0.04894	0.07255	0.06891	0.15564	0.39965
V761	0.08631	0.0406	0.31353	0.05162	0.47171	0.03623
V762	0.12876	0.03305	0.55846	0.05777	0.14986	0.07211
V763	0.12876	0.12798	0.04691	0.49728	0.14946	0.0496
V764	0.22092	0.04904	0.10998	0.18165	0.28351	0.1549
