CD14.pos.CD16.neg.classical.monocyte	mature.neutrophil	memory.B.cell	cytotoxic.CD56.dim.NK.cell	memory.CD4.pos.AB.T.cell	macrophage
V1	0.14612	0.01704	0.64792	0.00965	0.13129	0.04797
V2	0.46333	0.09307	0.07707	0.08096	0.19938	0.08618
V3	0.27769	0.05516	0.20965	0.01543	0.14712	0.29496
V4	0.24977	0.30453	0.06753	0.07653	0.20855	0.09308
V5	0.08774	0.04664	0.03823	0.43775	0.35367	0.03596
V6	0.27355	0.02853	0.18066	0.04217	0.24181	0.23328
V7	0.12251	0.28165	0.05455	0.04165	0.45209	0.04756
V8	0.54011	0.04509	0.08369	0.08569	0.1322	0.11322
V9	0.29508	0.12717	0.05681	0.19007	0.16997	0.16089
V10	0.38503	0.03805	0.09834	0.23346	0.16099	0.08413
V11	0.16641	0.50027	0.07905	0.03781	0.16746	0.049
V12	0.29723	0.03574	0.10558	0.02566	0.15535	0.38043
V13	0.1508	0.3498	0.26996	0.03271	0.15036	0.04638
V14	0.12748	0.02541	0.04827	0.57771	0.17788	0.04324
V15	0.40685	0.06748	0.06568	0.09523	0.2663	0.09847
V16	0.1309	0.02261	0.05063	0.29828	0.3957	0.10188
V17	0.28007	0.04211	0.17082	0.01704	0.14575	0.34422
V18	0.55231	0.10572	0.08917	0.02699	0.12612	0.09969
V19	0.4643	0.0495	0.19767	0.01682	0.18159	0.09013
V20	0.48772	0.05557	0.1308	0.08491	0.13226	0.10873
V21	0.30196	0.04378	0.07793	0.02654	0.18048	0.36931
V22	0.20988	0.0565	0.06199	0.07042	0.53059	0.07062
V23	0.11682	0.02226	0.30507	0.02762	0.48645	0.04179
V24	0.18562	0.02773	0.0538	0.10479	0.55648	0.0716
V25	0.38468	0.19781	0.06662	0.10424	0.16589	0.08076
V26	0.27169	0.0324	0.06778	0.0255	0.54027	0.06234
V27	0.26126	0.02774	0.19159	0.02262	0.15214	0.34465
V28	0.17863	0.18825	0.1685	0.16918	0.17156	0.12387
V29	0.16167	0.39562	0.12887	0.06906	0.15182	0.09296
V30	0.25768	0.15384	0.1399	0.01987	0.28522	0.14348
V31	0.50504	0.0302	0.20058	0.0278	0.12138	0.11499
V32	0.09155	0.02262	0.30157	0.37236	0.15664	0.05526
V33	0.25464	0.27539	0.22408	0.0313	0.13909	0.0755
V34	0.0729	0.01209	0.43093	0.0314	0.40939	0.0433
V35	0.09191	0.05112	0.18194	0.37625	0.24654	0.05224
V36	0.16192	0.33289	0.1431	0.03129	0.27673	0.05407
V37	0.12329	0.01623	0.60898	0.01509	0.13478	0.10162
V38	0.2806	0.02154	0.16591	0.01744	0.14681	0.3677
V39	0.45987	0.042	0.07157	0.19278	0.13872	0.09508
V40	0.15404	0.3409	0.06482	0.12431	0.23305	0.08288
V41	0.53658	0.033	0.09443	0.01905	0.13334	0.18359
V42	0.25843	0.02467	0.44348	0.01049	0.15864	0.10429
V43	0.23444	0.27864	0.06652	0.04316	0.29434	0.08289
V44	0.17201	0.50541	0.07525	0.03375	0.15844	0.05515
V45	0.3669	0.21999	0.10144	0.03286	0.14868	0.13013
V46	0.15443	0.02425	0.06179	0.20981	0.38822	0.1615
V47	0.14872	0.29197	0.058	0.12092	0.30946	0.07093
V48	0.13572	0.39971	0.19441	0.02589	0.20224	0.04203
V49	0.16216	0.48363	0.07218	0.03273	0.20111	0.0482
V50	0.08756	0.01484	0.25765	0.02914	0.54094	0.06986
V51	0.06944	0.01905	0.05585	0.04027	0.77197	0.04342
V52	0.13795	0.36293	0.23751	0.04522	0.16911	0.04728
V53	0.17563	0.02148	0.12453	0.04508	0.5835	0.04978
V54	0.13566	0.09301	0.46126	0.0439	0.19076	0.07541
V55	0.07252	0.04436	0.14166	0.04778	0.65253	0.04115
V56	0.07707	0.03401	0.60119	0.08896	0.1638	0.03496
V57	0.23257	0.24816	0.09251	0.02222	0.23097	0.17357
V58	0.09201	0.01462	0.67615	0.02261	0.13603	0.05859
V59	0.113	0.01866	0.03509	0.59492	0.19968	0.03864
V60	0.40452	0.02519	0.06482	0.28418	0.14469	0.0766
V61	0.32403	0.10302	0.06824	0.1264	0.18508	0.19323
V62	0.41865	0.04179	0.11909	0.09348	0.19241	0.13458
V63	0.19652	0.3353	0.07098	0.07476	0.16233	0.16011
V64	0.07889	0.09252	0.05391	0.03192	0.70062	0.04214
V65	0.4371	0.10507	0.09312	0.03143	0.16142	0.17186
V66	0.389	0.04068	0.15425	0.03124	0.30615	0.07868
V67	0.15092	0.11518	0.27487	0.17666	0.15187	0.13048
V68	0.60156	0.03579	0.09072	0.04332	0.12222	0.10638
V69	0.47285	0.04419	0.07843	0.01954	0.15171	0.23327
V70	0.10448	0.01735	0.20948	0.41828	0.2105	0.03992
V71	0.14469	0.1901	0.07601	0.09291	0.38438	0.11191
V72	0.45219	0.09835	0.12443	0.03084	0.16906	0.12512
V73	0.11784	0.01177	0.11096	0.52508	0.1921	0.04225
V74	0.09584	0.11477	0.04698	0.52603	0.18193	0.03446
V75	0.15332	0.50575	0.067	0.04824	0.17846	0.04724
V76	0.08481	0.00976	0.57481	0.03309	0.2568	0.04072
V77	0.16195	0.10794	0.12015	0.37379	0.16244	0.07374
V78	0.41411	0.09764	0.10639	0.0983	0.14481	0.13876
V79	0.21527	0.34851	0.07664	0.02428	0.15014	0.18516
V80	0.20658	0.36318	0.0703	0.03043	0.16123	0.16829
V81	0.51781	0.08762	0.12949	0.02502	0.13626	0.10381
V82	0.14926	0.46144	0.0682	0.05717	0.2131	0.05083
V83	0.18915	0.11748	0.06442	0.28609	0.25744	0.08542
V84	0.30894	0.02699	0.1189	0.29781	0.16731	0.08005
V85	0.57815	0.03444	0.1399	0.02411	0.12062	0.10277
V86	0.27536	0.04075	0.14939	0.21325	0.1562	0.16505
V87	0.09	0.02362	0.05302	0.60812	0.18296	0.04228
V88	0.17996	0.03668	0.05123	0.36472	0.20359	0.16381
V89	0.17901	0.1222	0.37343	0.01804	0.13804	0.16929
V90	0.16524	0.40506	0.1484	0.03196	0.1918	0.05753
V91	0.09944	0.0253	0.08524	0.10086	0.63787	0.05129
V92	0.07973	0.06531	0.0598	0.03755	0.70821	0.04941
V93	0.25883	0.06343	0.06577	0.08528	0.32271	0.20397
V94	0.08006	0.01557	0.24054	0.4653	0.16462	0.03391
V95	0.06938	0.02029	0.28615	0.10121	0.48685	0.03613
V96	0.16238	0.25539	0.06725	0.05563	0.34578	0.11357
V97	0.0689	0.02517	0.05983	0.07769	0.72939	0.03901
V98	0.10735	0.064	0.04277	0.5097	0.23619	0.03999
V99	0.0865	0.02318	0.04011	0.62491	0.1901	0.03521
V100	0.08707	0.01615	0.39676	0.19502	0.24866	0.05634
V101	0.11212	0.24136	0.36843	0.08261	0.14873	0.04675
V102	0.56386	0.03956	0.15169	0.02391	0.12047	0.10051
V103	0.48315	0.04373	0.08226	0.12362	0.16524	0.102
V104	0.10124	0.01016	0.20794	0.46155	0.1761	0.04301
V105	0.29446	0.02248	0.12671	0.01901	0.14871	0.38863
V106	0.15644	0.01344	0.49893	0.00929	0.14208	0.17982
V107	0.17098	0.39119	0.21999	0.02421	0.14712	0.0465
V108	0.24149	0.04281	0.08967	0.02626	0.2941	0.30566
V109	0.25586	0.02917	0.07335	0.02045	0.28246	0.33871
V110	0.12207	0.11563	0.5552	0.01136	0.13996	0.05578
V111	0.07682	0.02038	0.6907	0.02371	0.14859	0.03979
V112	0.12659	0.22268	0.03991	0.39428	0.17518	0.04135
V113	0.09576	0.0706	0.5149	0.03884	0.2365	0.04339
V114	0.17162	0.01141	0.52494	0.10764	0.13507	0.04932
V115	0.38905	0.06698	0.08235	0.03826	0.22684	0.19652
V116	0.59272	0.0352	0.08933	0.05492	0.12296	0.10487
V117	0.41687	0.03607	0.06666	0.0837	0.31431	0.08238
V118	0.14709	0.41443	0.13509	0.04909	0.19949	0.05482
V119	0.15895	0.48513	0.07589	0.05657	0.16253	0.06093
V120	0.15626	0.14722	0.12225	0.2947	0.22104	0.05854
V121	0.3359	0.02944	0.06656	0.20024	0.14514	0.22272
V122	0.27357	0.03323	0.05258	0.39991	0.18263	0.05809
V123	0.35659	0.03251	0.06869	0.05178	0.23962	0.25082
V124	0.07532	0.01504	0.27647	0.0306	0.56118	0.04139
V125	0.11245	0.1101	0.51725	0.05498	0.13718	0.06804
V126	0.24737	0.18796	0.10404	0.02599	0.15354	0.28111
V127	0.10523	0.00832	0.62617	0.07459	0.14335	0.04234
V128	0.30052	0.1817	0.13564	0.12307	0.18627	0.0728
V129	0.08007	0.02021	0.65084	0.06204	0.14429	0.04256
V130	0.40417	0.10301	0.06875	0.17964	0.16035	0.08408
V131	0.11793	0.0197	0.0745	0.04011	0.64411	0.10366
V132	0.12772	0.30057	0.33214	0.01972	0.17629	0.04356
V133	0.12808	0.13703	0.44954	0.06971	0.17332	0.04231
V134	0.23	0.38883	0.07146	0.0335	0.2065	0.06972
V135	0.13428	0.01731	0.57615	0.00993	0.17076	0.09157
V136	0.18617	0.42666	0.11499	0.03918	0.17712	0.05588
V137	0.10866	0.11882	0.44678	0.02816	0.25979	0.03779
V138	0.20845	0.01741	0.06285	0.28761	0.2187	0.20498
V139	0.15252	0.05332	0.16655	0.02685	0.43129	0.16947
V140	0.43687	0.16399	0.10275	0.06719	0.13771	0.09149
V141	0.24941	0.18629	0.14296	0.18601	0.16706	0.06826
V142	0.20706	0.42377	0.07557	0.06514	0.15298	0.07549
V143	0.12827	0.05178	0.49736	0.06419	0.20439	0.05401
V144	0.25568	0.13305	0.07474	0.10064	0.15475	0.28114
V145	0.09156	0.01052	0.04658	0.62698	0.17835	0.04602
V146	0.16064	0.02761	0.11029	0.03179	0.58978	0.07989
V147	0.40443	0.07174	0.14994	0.04771	0.13296	0.19322
V148	0.09952	0.12688	0.58348	0.01178	0.13534	0.04301
V149	0.21958	0.31766	0.06385	0.04077	0.1511	0.20705
V150	0.09091	0.01081	0.03392	0.6254	0.20297	0.03599
V151	0.23502	0.26953	0.06517	0.02872	0.16622	0.23534
V152	0.13981	0.16631	0.35638	0.0407	0.22936	0.06743
V153	0.07941	0.03503	0.50255	0.18223	0.16308	0.0377
V154	0.38894	0.15776	0.07999	0.02038	0.13868	0.21425
V155	0.13997	0.24944	0.11796	0.02542	0.40228	0.06493
V156	0.11503	0.32162	0.06177	0.03052	0.43	0.04106
V157	0.21103	0.09259	0.08554	0.20008	0.16439	0.24636
V158	0.09419	0.04775	0.6685	0.01036	0.13485	0.04436
V159	0.1866	0.167	0.28484	0.12885	0.17047	0.06224
V160	0.09784	0.0084	0.67299	0.01582	0.13528	0.06967
V161	0.12548	0.32515	0.04803	0.23499	0.22645	0.03989
V162	0.14047	0.35008	0.05381	0.10796	0.29374	0.05394
V163	0.08867	0.00813	0.71209	0.01048	0.13552	0.04511
V164	0.11364	0.23773	0.31001	0.09114	0.20335	0.04412
V165	0.11002	0.03281	0.08077	0.0404	0.64774	0.08826
V166	0.1618	0.02594	0.05238	0.12357	0.45801	0.17831
V167	0.08477	0.00854	0.35059	0.34553	0.17251	0.03805
V168	0.48916	0.03708	0.07457	0.17289	0.13053	0.09577
V169	0.09401	0.01422	0.54875	0.14808	0.14832	0.04663
V170	0.35495	0.0431	0.13114	0.20943	0.18559	0.07579
V171	0.24451	0.3001	0.0776	0.02323	0.15891	0.19566
V172	0.14621	0.05941	0.4332	0.12876	0.14601	0.08641
V173	0.10914	0.02248	0.61586	0.00907	0.14797	0.09548
V174	0.45611	0.09401	0.07895	0.02751	0.25734	0.08607
V175	0.17071	0.40664	0.14856	0.03802	0.18661	0.04945
V176	0.07528	0.00758	0.71085	0.01757	0.14857	0.04015
V177	0.19836	0.07209	0.28745	0.03397	0.25788	0.15025
V178	0.08837	0.04593	0.0809	0.0301	0.704	0.05069
V179	0.12263	0.01341	0.07153	0.44067	0.24044	0.11132
V180	0.26221	0.02431	0.18778	0.27247	0.14355	0.10968
V181	0.40782	0.09845	0.11375	0.06119	0.17987	0.13893
V182	0.09594	0.06824	0.59388	0.05471	0.13713	0.05009
V183	0.09691	0.01067	0.04008	0.63807	0.17777	0.0365
V184	0.32802	0.26508	0.07353	0.04177	0.21752	0.07407
V185	0.19987	0.33601	0.07916	0.03096	0.23779	0.1162
V186	0.07524	0.00742	0.49296	0.23591	0.15414	0.03433
V187	0.27864	0.31489	0.066	0.03795	0.23781	0.06471
V188	0.22249	0.36691	0.07107	0.04218	0.15074	0.14661
V189	0.10979	0.06462	0.18435	0.04174	0.50237	0.09714
V190	0.12938	0.14029	0.05876	0.03879	0.51969	0.11309
V191	0.20387	0.36748	0.06464	0.03093	0.16205	0.17104
V192	0.40273	0.16424	0.13282	0.03771	0.17066	0.09184
V193	0.28211	0.10174	0.07706	0.02641	0.15653	0.35616
V194	0.08246	0.03163	0.07101	0.1084	0.65709	0.0494
V195	0.07998	0.00872	0.57267	0.07797	0.221	0.03966
V196	0.08616	0.01053	0.05373	0.60286	0.20795	0.03877
V197	0.21014	0.02359	0.0781	0.0328	0.5939	0.06147
V198	0.17599	0.2693	0.08374	0.11998	0.29489	0.0561
V199	0.10711	0.16878	0.12787	0.09438	0.45715	0.04472
V200	0.13354	0.01657	0.45667	0.16327	0.14758	0.08237
V201	0.09962	0.01095	0.03339	0.62842	0.17749	0.05013
V202	0.16361	0.05606	0.3592	0.03908	0.23932	0.14273
V203	0.42903	0.04621	0.06823	0.2365	0.13644	0.0836
V204	0.27184	0.05399	0.09452	0.12781	0.15457	0.29727
V205	0.08276	0.02063	0.69681	0.02315	0.13627	0.04039
V206	0.0904	0.04356	0.12278	0.51514	0.19318	0.03495
V207	0.3307	0.13923	0.09017	0.17438	0.15817	0.10735
V208	0.3175	0.07379	0.33242	0.04505	0.16323	0.06801
V209	0.29191	0.30601	0.06698	0.04623	0.15088	0.13798
V210	0.14666	0.02385	0.64052	0.00975	0.13125	0.04797
V211	0.40703	0.04865	0.14214	0.02404	0.23296	0.14517
V212	0.11144	0.18924	0.19313	0.2647	0.1958	0.0457
V213	0.10563	0.0637	0.25249	0.04154	0.49344	0.04321
V214	0.55126	0.04619	0.09764	0.0553	0.14724	0.10237
V215	0.20121	0.39405	0.06404	0.04815	0.15254	0.14001
V216	0.18992	0.31617	0.26228	0.02661	0.15358	0.05145
V217	0.26387	0.02247	0.09341	0.07848	0.33092	0.21084
V218	0.14049	0.22359	0.04736	0.36994	0.17871	0.03991
V219	0.56206	0.03444	0.09549	0.01944	0.13101	0.15756
V220	0.15144	0.02012	0.04946	0.56089	0.16888	0.04921
V221	0.18763	0.43719	0.08599	0.07657	0.15941	0.0532
V222	0.14811	0.20008	0.08163	0.12411	0.38657	0.05949
V223	0.18857	0.2113	0.2425	0.02245	0.15857	0.17661
V224	0.0738	0.01385	0.36001	0.0215	0.49353	0.03733
V225	0.33167	0.03078	0.08723	0.02592	0.14851	0.3759
V226	0.25389	0.05248	0.20268	0.19958	0.21541	0.07596
V227	0.46334	0.02892	0.07361	0.16299	0.13846	0.13268
V228	0.17851	0.16576	0.3757	0.05141	0.15977	0.06886
V229	0.18802	0.02215	0.31523	0.18027	0.22955	0.06478
V230	0.12016	0.11541	0.56075	0.0173	0.13423	0.05216
V231	0.11952	0.02525	0.04188	0.58334	0.19091	0.03911
V232	0.36087	0.03136	0.06068	0.20573	0.14855	0.19281
V233	0.55663	0.03968	0.09822	0.06072	0.13578	0.10897
V234	0.36494	0.02864	0.0661	0.03514	0.42479	0.08038
V235	0.13912	0.01294	0.05567	0.56246	0.1817	0.04812
V236	0.14004	0.01767	0.19632	0.03409	0.48416	0.12772
V237	0.08179	0.00739	0.63773	0.08214	0.15123	0.03973
V238	0.46313	0.02928	0.10494	0.07353	0.15447	0.17465
V239	0.39694	0.04618	0.1438	0.10591	0.21015	0.09702
V240	0.09544	0.18019	0.04947	0.10985	0.52413	0.04093
V241	0.41245	0.12828	0.07192	0.13464	0.16458	0.08813
V242	0.30828	0.05651	0.09306	0.13449	0.19988	0.20778
V243	0.12141	0.25808	0.36777	0.04741	0.16357	0.04175
V244	0.20103	0.03619	0.06477	0.02399	0.51266	0.16136
V245	0.53109	0.03274	0.08791	0.0192	0.1398	0.18926
V246	0.08737	0.04613	0.21468	0.27134	0.33818	0.0423
V247	0.3192	0.07608	0.06911	0.14007	0.15744	0.2381
V248	0.24325	0.04331	0.05318	0.17295	0.41047	0.07684
V249	0.24492	0.12348	0.32033	0.06908	0.13496	0.10722
V250	0.09444	0.02366	0.03993	0.62497	0.17767	0.03933
V251	0.14052	0.36248	0.15467	0.1371	0.15823	0.04699
V252	0.08725	0.01734	0.06757	0.57904	0.20649	0.04232
V253	0.17527	0.0577	0.05343	0.28661	0.24501	0.18198
V254	0.13061	0.18799	0.10589	0.14965	0.35913	0.06672
V255	0.31835	0.21097	0.11435	0.06201	0.17925	0.11507
V256	0.15898	0.50542	0.06814	0.03814	0.17333	0.05599
V257	0.14503	0.282	0.07929	0.0448	0.37752	0.07135
V258	0.11616	0.16887	0.14302	0.36688	0.15867	0.0464
V259	0.13178	0.35598	0.2817	0.03241	0.14618	0.05194
V260	0.16517	0.04837	0.06861	0.03876	0.57705	0.10204
V261	0.39451	0.04224	0.09307	0.04462	0.27437	0.15118
V262	0.12605	0.01665	0.62188	0.01769	0.1758	0.04192
V263	0.09795	0.04895	0.50391	0.1546	0.14853	0.04606
V264	0.44197	0.04237	0.14401	0.04159	0.1709	0.15914
V265	0.09331	0.01949	0.05504	0.05086	0.73578	0.04551
V266	0.32451	0.05103	0.08576	0.02594	0.15386	0.35889
V267	0.22587	0.41845	0.06547	0.07674	0.15739	0.05607
V268	0.60027	0.03591	0.08594	0.02587	0.12335	0.12868
V269	0.10397	0.04417	0.13012	0.49766	0.18451	0.03957
V270	0.27642	0.31458	0.08413	0.03725	0.22063	0.067
V271	0.21823	0.10608	0.23864	0.02711	0.15381	0.25613
V272	0.09581	0.01889	0.05212	0.08859	0.66825	0.07634
V273	0.1137	0.01903	0.09292	0.08667	0.62081	0.06687
V274	0.25262	0.02714	0.18196	0.05467	0.15282	0.3308
V275	0.48285	0.14627	0.084	0.03286	0.13574	0.11827
V276	0.2334	0.18965	0.11676	0.07419	0.17524	0.21076
V277	0.4034	0.0417	0.07851	0.02567	0.22753	0.22319
V278	0.1739	0.09983	0.12191	0.18373	0.36089	0.05973
V279	0.26651	0.0545	0.20682	0.05317	0.15285	0.26615
V280	0.15867	0.01399	0.04363	0.55613	0.17383	0.05375
V281	0.1586	0.49346	0.08807	0.0521	0.15779	0.04998
V282	0.08745	0.04557	0.05879	0.07624	0.68525	0.0467
V283	0.1156	0.30197	0.05499	0.03612	0.44451	0.04681
V284	0.13187	0.0807	0.27282	0.23984	0.17895	0.09582
V285	0.09459	0.02378	0.03364	0.62481	0.18374	0.03944
V286	0.46692	0.04828	0.12623	0.14077	0.1289	0.0889
V287	0.09023	0.02516	0.07857	0.08815	0.65361	0.06429
V288	0.23593	0.20197	0.07511	0.02763	0.22873	0.23063
V289	0.08562	0.06832	0.56604	0.08183	0.1567	0.04149
V290	0.08576	0.00956	0.20681	0.48061	0.17234	0.04492
V291	0.10834	0.0314	0.03372	0.60128	0.18099	0.04427
V292	0.18104	0.07583	0.05455	0.40133	0.23782	0.04944
V293	0.07564	0.05211	0.08024	0.03709	0.70941	0.04551
V294	0.39763	0.04935	0.06762	0.03313	0.32195	0.13032
V295	0.33702	0.02459	0.08812	0.01972	0.15432	0.37623
V296	0.14389	0.25818	0.11049	0.19905	0.19564	0.09275
V297	0.29373	0.06938	0.07215	0.02657	0.15828	0.37989
V298	0.14967	0.45421	0.1638	0.03361	0.15349	0.04522
V299	0.17596	0.06555	0.55529	0.01663	0.13653	0.05006
V300	0.50301	0.09914	0.10392	0.02528	0.12816	0.14049
V301	0.37194	0.26572	0.10768	0.03456	0.14333	0.07676
V302	0.11466	0.20112	0.0904	0.35097	0.19662	0.04622
V303	0.14533	0.42657	0.10646	0.03963	0.23196	0.05006
V304	0.08693	0.01913	0.07571	0.03146	0.74184	0.04492
V305	0.14244	0.02034	0.1759	0.30665	0.21849	0.13617
V306	0.39204	0.09255	0.07392	0.02593	0.14037	0.2752
V307	0.19437	0.02862	0.06332	0.03897	0.58737	0.08734
V308	0.08645	0.01678	0.03329	0.64233	0.18571	0.03544
V309	0.13073	0.34776	0.05355	0.26015	0.16199	0.04581
V310	0.18639	0.25593	0.23989	0.02407	0.15425	0.13947
V311	0.44224	0.02975	0.08323	0.0253	0.13749	0.282
V312	0.1652	0.02557	0.04684	0.26887	0.43291	0.06061
V313	0.36075	0.03259	0.07182	0.05126	0.14531	0.33827
V314	0.24469	0.02446	0.04949	0.46479	0.16246	0.05411
V315	0.21832	0.41987	0.073	0.02957	0.18728	0.07197
V316	0.32636	0.03055	0.08176	0.06988	0.15873	0.33272
V317	0.14766	0.01413	0.04472	0.48367	0.19648	0.11335
V318	0.09097	0.01724	0.05944	0.60965	0.17691	0.04579
V319	0.30324	0.1379	0.22995	0.10889	0.14057	0.07945
V320	0.24592	0.14307	0.28351	0.0892	0.14191	0.09639
V321	0.1404	0.40171	0.05261	0.19802	0.16548	0.04178
V322	0.11785	0.01867	0.12317	0.03809	0.59795	0.10427
V323	0.12083	0.20859	0.04394	0.27229	0.31287	0.04149
V324	0.16017	0.04621	0.0825	0.16819	0.40996	0.13296
V325	0.18934	0.48293	0.08564	0.03221	0.15537	0.05451
V326	0.22425	0.43924	0.0804	0.03052	0.16632	0.05927
V327	0.13336	0.00996	0.6681	0.00972	0.13219	0.04668
V328	0.19986	0.151	0.1853	0.11481	0.29441	0.05462
V329	0.08122	0.01182	0.46678	0.01721	0.37528	0.04769
V330	0.08293	0.00789	0.69972	0.01726	0.14803	0.04417
V331	0.47985	0.07384	0.11202	0.07299	0.13416	0.12715
V332	0.17257	0.06747	0.16732	0.02586	0.38927	0.1775
V333	0.09299	0.02256	0.37882	0.24763	0.2052	0.0528
V334	0.11341	0.27483	0.3306	0.0951	0.14552	0.04055
V335	0.16706	0.02478	0.57331	0.01525	0.13172	0.08788
V336	0.30314	0.35971	0.08928	0.0272	0.14975	0.07092
V337	0.1316	0.14519	0.09913	0.03337	0.54736	0.04335
V338	0.49978	0.03288	0.10742	0.02557	0.22586	0.10849
V339	0.16216	0.07454	0.32582	0.18353	0.161	0.09295
V340	0.44036	0.18512	0.0743	0.05102	0.14961	0.09959
V341	0.24495	0.04486	0.07775	0.38799	0.18356	0.06089
V342	0.14709	0.0209	0.05181	0.45772	0.20202	0.12046
V343	0.26607	0.12681	0.15073	0.0359	0.15459	0.26589
V344	0.15748	0.39316	0.05912	0.04465	0.25541	0.0902
V345	0.07304	0.01912	0.0622	0.04005	0.76504	0.04056
V346	0.18103	0.02471	0.05846	0.30747	0.36296	0.06536
V347	0.36639	0.11027	0.08342	0.07644	0.28417	0.07931
V348	0.15881	0.09926	0.49821	0.02458	0.16879	0.05035
V349	0.49869	0.0748	0.10531	0.07945	0.15055	0.0912
V350	0.35011	0.05004	0.15295	0.16988	0.13713	0.13989
V351	0.31975	0.07046	0.10194	0.03704	0.15631	0.3145
V352	0.17855	0.23251	0.0635	0.02385	0.33231	0.16927
V353	0.09756	0.12667	0.58908	0.01188	0.13528	0.03953
V354	0.20623	0.05346	0.22595	0.01707	0.33732	0.15997
V355	0.08159	0.02729	0.70113	0.01694	0.13608	0.03697
V356	0.38963	0.10308	0.08736	0.16783	0.15424	0.09786
V357	0.26545	0.0263	0.34499	0.0272	0.26734	0.06872
V358	0.28613	0.02186	0.11667	0.04392	0.15555	0.37587
V359	0.1825	0.07545	0.04709	0.4267	0.20852	0.05975
V360	0.37799	0.02669	0.06791	0.15449	0.27819	0.09474
V361	0.15769	0.51567	0.06846	0.04333	0.16432	0.05054
V362	0.13658	0.34855	0.07266	0.23655	0.16495	0.0407
V363	0.50339	0.07028	0.11489	0.01972	0.18331	0.10841
V364	0.24205	0.14778	0.07491	0.04526	0.2198	0.27021
V365	0.33453	0.26371	0.07077	0.11419	0.14285	0.07394
V366	0.15416	0.17715	0.37295	0.05863	0.18519	0.05192
V367	0.09992	0.01335	0.05236	0.42437	0.35509	0.05491
V368	0.22096	0.11461	0.12006	0.04396	0.23948	0.26094
V369	0.10473	0.03934	0.05247	0.07458	0.65228	0.0766
V370	0.1114	0.06355	0.5009	0.10841	0.1514	0.06432
V371	0.15923	0.18499	0.04892	0.34206	0.15865	0.10615
V372	0.16142	0.41574	0.06061	0.04542	0.24389	0.07291
V373	0.55894	0.04048	0.08382	0.01997	0.12694	0.16984
V374	0.20293	0.02177	0.22296	0.33842	0.16569	0.04824
V375	0.32846	0.0299	0.20631	0.05561	0.2993	0.08043
V376	0.2466	0.05496	0.08111	0.10339	0.20051	0.31342
V377	0.1116	0.02132	0.35527	0.01916	0.44149	0.05116
V378	0.25941	0.06824	0.20154	0.01577	0.16594	0.2891
V379	0.40514	0.03329	0.16724	0.01648	0.13369	0.24417
V380	0.07475	0.04513	0.08015	0.04392	0.71047	0.04559
V381	0.29197	0.03941	0.27257	0.19447	0.14156	0.06003
V382	0.08031	0.03732	0.05498	0.17308	0.6127	0.04161
V383	0.2086	0.04234	0.33222	0.20928	0.15189	0.05567
V384	0.10585	0.02203	0.64023	0.02384	0.16519	0.04285
V385	0.31419	0.03006	0.09433	0.01997	0.1502	0.39125
V386	0.43141	0.04745	0.24949	0.02128	0.1584	0.09197
V387	0.23333	0.02359	0.08216	0.45258	0.1558	0.05254
V388	0.52323	0.05683	0.18104	0.01729	0.12675	0.09486
V389	0.36795	0.07861	0.07987	0.01963	0.14864	0.30529
V390	0.13222	0.03943	0.04314	0.50562	0.19115	0.08844
V391	0.11099	0.02078	0.05269	0.41751	0.33524	0.06279
V392	0.16236	0.04141	0.38647	0.08943	0.1414	0.17892
V393	0.15004	0.11637	0.32275	0.05955	0.22709	0.1242
V394	0.09087	0.01067	0.06087	0.5855	0.21272	0.03938
V395	0.07896	0.04693	0.68528	0.01689	0.13604	0.03589
V396	0.38329	0.06438	0.0646	0.24421	0.16961	0.07391
V397	0.26259	0.13999	0.09224	0.02602	0.17749	0.30167
V398	0.15859	0.41075	0.07218	0.04559	0.25922	0.05367
V399	0.08709	0.0078	0.66211	0.04266	0.14906	0.05128
V400	0.213	0.03846	0.05107	0.29064	0.16342	0.24341
V401	0.17308	0.02668	0.51135	0.01795	0.19977	0.07117
V402	0.13097	0.01941	0.04175	0.58502	0.17231	0.05055
V403	0.2097	0.02093	0.06743	0.04795	0.39016	0.26383
V404	0.0798	0.01394	0.72144	0.0112	0.1362	0.03744
V405	0.30541	0.23751	0.1256	0.05724	0.2067	0.06753
V406	0.21829	0.06061	0.18874	0.08231	0.25768	0.19237
V407	0.13938	0.02396	0.56969	0.00867	0.14036	0.11794
V408	0.12772	0.08549	0.06124	0.48076	0.16496	0.07982
V409	0.59603	0.05441	0.08606	0.02098	0.12382	0.11869
V410	0.60648	0.04218	0.08663	0.02068	0.13316	0.11086
V411	0.24567	0.02563	0.06469	0.19605	0.15413	0.31383
V412	0.41608	0.14079	0.11393	0.05024	0.19944	0.07953
V413	0.09964	0.08951	0.0599	0.52601	0.18678	0.03815
V414	0.15214	0.06124	0.0535	0.41749	0.2659	0.04972
V415	0.1155	0.01783	0.28881	0.27738	0.2207	0.07978
V416	0.12201	0.11833	0.05231	0.19944	0.419	0.08891
V417	0.29439	0.02146	0.11844	0.1015	0.1465	0.31771
V418	0.09086	0.06678	0.34787	0.10936	0.32872	0.0564
V419	0.30225	0.0429	0.07398	0.02083	0.15894	0.4011
V420	0.31152	0.02404	0.07417	0.02682	0.15876	0.40468
V421	0.10544	0.05207	0.09869	0.07947	0.6098	0.05453
V422	0.22336	0.21217	0.05926	0.03244	0.41526	0.05752
V423	0.12659	0.12229	0.03599	0.50132	0.17242	0.0414
V424	0.53365	0.0875	0.09134	0.06127	0.12683	0.09942
V425	0.08115	0.09255	0.0662	0.03073	0.68393	0.04545
V426	0.25325	0.04764	0.19648	0.02249	0.1513	0.32883
V427	0.37479	0.10242	0.16212	0.10423	0.15021	0.10623
V428	0.26209	0.02519	0.04437	0.4566	0.15509	0.05666
V429	0.08521	0.02507	0.11994	0.41523	0.30907	0.04548
V430	0.11713	0.0648	0.45078	0.14883	0.15358	0.06487
V431	0.07426	0.01356	0.70863	0.02972	0.13741	0.03641
V432	0.11954	0.29736	0.0617	0.30731	0.17275	0.04134
V433	0.09053	0.0103	0.06647	0.62008	0.17687	0.03575
V434	0.10614	0.20521	0.16223	0.33041	0.1584	0.03761
V435	0.12175	0.01998	0.06189	0.02739	0.6383	0.13069
V436	0.55846	0.09394	0.08883	0.03268	0.12574	0.10034
V437	0.23139	0.19244	0.25603	0.02985	0.20703	0.08325
V438	0.13251	0.27147	0.05907	0.06988	0.41876	0.04831
V439	0.07561	0.02434	0.13685	0.02941	0.69114	0.04265
V440	0.18071	0.04986	0.35	0.05348	0.26922	0.09673
V441	0.14834	0.06059	0.38161	0.11671	0.15347	0.13928
V442	0.35614	0.10286	0.18378	0.0599	0.16802	0.1293
V443	0.09663	0.01049	0.082	0.56362	0.19729	0.04998
V444	0.50308	0.05121	0.10134	0.0374	0.18495	0.12201
V445	0.60914	0.0421	0.09897	0.02028	0.12169	0.10782
V446	0.14044	0.35197	0.24591	0.03868	0.16344	0.05957
V447	0.23251	0.17093	0.05568	0.15081	0.18567	0.2044
V448	0.09147	0.02172	0.65889	0.01213	0.17757	0.03822
V449	0.42823	0.04686	0.07587	0.20675	0.13563	0.10667
V450	0.13359	0.01813	0.54295	0.01306	0.24609	0.04618
V451	0.14677	0.04516	0.16754	0.12756	0.46527	0.0477
V452	0.19048	0.0299	0.07318	0.31982	0.19488	0.19175
V453	0.28812	0.0183	0.4099	0.08801	0.1349	0.06077
V454	0.21103	0.05587	0.1235	0.39418	0.15939	0.05602
V455	0.1885	0.46484	0.08873	0.04607	0.15473	0.05711
V456	0.55709	0.03369	0.10649	0.02494	0.15175	0.12604
V457	0.26277	0.03005	0.07194	0.02667	0.29332	0.31524
V458	0.12243	0.01434	0.35889	0.0235	0.39211	0.08872
V459	0.08874	0.02127	0.47248	0.2356	0.14679	0.03513
V460	0.32089	0.06191	0.23006	0.10425	0.15712	0.12577
V461	0.2651	0.04723	0.06165	0.31326	0.23505	0.07771
V462	0.083	0.00789	0.68879	0.02298	0.14283	0.0545
V463	0.07027	0.03862	0.06646	0.06384	0.72208	0.03873
V464	0.17547	0.47438	0.07216	0.04718	0.1809	0.0499
V465	0.3141	0.08073	0.35339	0.0131	0.15654	0.08213
V466	0.13727	0.02648	0.05013	0.51496	0.21669	0.05447
V467	0.6156	0.03683	0.09332	0.02044	0.1216	0.11222
V468	0.3026	0.08941	0.12095	0.18453	0.23716	0.06535
V469	0.10528	0.09681	0.51233	0.07438	0.14459	0.06662
V470	0.44123	0.03682	0.10103	0.06886	0.26216	0.0899
V471	0.12823	0.15198	0.41826	0.05755	0.16791	0.07608
V472	0.15368	0.33498	0.05687	0.05131	0.33748	0.06568
V473	0.16242	0.52053	0.07501	0.03415	0.15906	0.04884
V474	0.12125	0.00977	0.31651	0.35223	0.15834	0.04191
V475	0.12885	0.11665	0.24508	0.14175	0.31434	0.05333
V476	0.39239	0.03985	0.0704	0.15213	0.16931	0.17593
V477	0.18064	0.36582	0.0995	0.08675	0.16816	0.09913
V478	0.09233	0.01469	0.6592	0.02258	0.14239	0.06881
V479	0.1181	0.09668	0.55773	0.0182	0.16368	0.04561
V480	0.10385	0.17908	0.05046	0.2391	0.38762	0.03989
V481	0.33339	0.08476	0.14124	0.0689	0.28673	0.08498
V482	0.45572	0.02995	0.091	0.0253	0.13651	0.26152
V483	0.15219	0.49659	0.10984	0.03701	0.15743	0.04694
V484	0.55408	0.03402	0.13125	0.01862	0.15601	0.10601
V485	0.24798	0.09702	0.38315	0.06239	0.13717	0.07229
V486	0.21539	0.01425	0.51889	0.0347	0.1301	0.08668
V487	0.11172	0.24834	0.05948	0.03532	0.49851	0.04664
V488	0.27242	0.3826	0.07967	0.05418	0.14771	0.06342
V489	0.53323	0.04586	0.13617	0.02452	0.15715	0.10307
V490	0.30306	0.05066	0.06824	0.05794	0.16827	0.35183
V491	0.14686	0.192	0.29378	0.01919	0.28996	0.05821
V492	0.22615	0.04004	0.21319	0.07432	0.20152	0.24479
V493	0.54018	0.1115	0.08139	0.03889	0.12726	0.10078
V494	0.2172	0.03854	0.29914	0.03147	0.14147	0.27218
V495	0.24621	0.32617	0.18988	0.03369	0.1478	0.05625
V496	0.22914	0.10088	0.25743	0.01599	0.27196	0.12459
V497	0.10052	0.14987	0.1707	0.05003	0.48746	0.04142
V498	0.14237	0.08035	0.29209	0.23847	0.18936	0.05736
V499	0.15414	0.39594	0.16384	0.06931	0.1617	0.05507
V500	0.37082	0.14058	0.11083	0.05637	0.2275	0.0939
V501	0.17972	0.48252	0.06765	0.04699	0.16152	0.0616
V502	0.08183	0.02349	0.05405	0.21217	0.58347	0.04499
V503	0.17344	0.22491	0.06868	0.32597	0.16267	0.04433
V504	0.16929	0.48304	0.1004	0.03225	0.16596	0.04906
V505	0.09055	0.00897	0.39303	0.27356	0.17427	0.05962
V506	0.3404	0.03059	0.08966	0.12172	0.1861	0.23153
V507	0.30505	0.02343	0.07466	0.02063	0.16561	0.41062
V508	0.14812	0.35985	0.09153	0.0837	0.26788	0.04892
V509	0.1057	0.01862	0.04334	0.54805	0.24643	0.03785
V510	0.60746	0.03641	0.08665	0.02066	0.13799	0.11083
V511	0.27152	0.02694	0.0591	0.18251	0.15769	0.30225
V512	0.14166	0.15085	0.45216	0.03102	0.15328	0.07103
V513	0.08318	0.02901	0.22525	0.06344	0.55758	0.04155
V514	0.17134	0.45686	0.10964	0.02864	0.15449	0.07903
V515	0.15872	0.25797	0.05079	0.31249	0.15896	0.06107
V516	0.08061	0.04191	0.60597	0.01902	0.20994	0.04255
V517	0.0732	0.0114	0.33911	0.178	0.35964	0.03865
V518	0.30443	0.25005	0.08713	0.09267	0.17111	0.09461
V519	0.22108	0.33872	0.06699	0.08108	0.15624	0.13589
V520	0.4775	0.08584	0.09197	0.09193	0.12972	0.12305
V521	0.13529	0.02106	0.06209	0.04207	0.67932	0.06018
V522	0.33262	0.14181	0.07748	0.03924	0.2698	0.13905
V523	0.34386	0.13398	0.10763	0.11736	0.14485	0.15232
V524	0.12718	0.01764	0.10426	0.14391	0.50412	0.10289
V525	0.40714	0.0275	0.10691	0.03031	0.13801	0.29013
V526	0.14413	0.43711	0.1297	0.03434	0.21009	0.04462
V527	0.29551	0.02599	0.43975	0.01741	0.15556	0.06578
V528	0.55956	0.03344	0.15778	0.0235	0.12582	0.0999
V529	0.14408	0.06547	0.05605	0.50465	0.18237	0.04738
V530	0.15972	0.16139	0.28132	0.09782	0.19054	0.10921
V531	0.61093	0.04226	0.08679	0.02616	0.12251	0.11136
V532	0.15898	0.01469	0.09362	0.44098	0.24114	0.05059
V533	0.18054	0.01759	0.25619	0.03598	0.33624	0.17347
V534	0.1453	0.01501	0.04679	0.42721	0.22725	0.13843
V535	0.40002	0.05159	0.21096	0.10908	0.1349	0.09345
V536	0.08936	0.00756	0.56633	0.13504	0.14177	0.05993
V537	0.14625	0.38055	0.05746	0.19436	0.16468	0.05671
V538	0.21749	0.01771	0.05912	0.2855	0.15754	0.26264
V539	0.0983	0.01215	0.05019	0.52041	0.27121	0.04773
V540	0.28368	0.02766	0.29705	0.02807	0.2748	0.08875
V541	0.11843	0.18035	0.04422	0.42282	0.18135	0.05282
V542	0.12987	0.35665	0.06787	0.19738	0.20242	0.04581
V543	0.07418	0.01042	0.51355	0.03528	0.3235	0.04308
V544	0.28915	0.04298	0.07612	0.04529	0.17004	0.37643
V545	0.13183	0.38845	0.11088	0.04468	0.27706	0.04711
V546	0.43099	0.06563	0.06982	0.19323	0.1526	0.08773
V547	0.13317	0.07674	0.04282	0.30555	0.35982	0.08189
V548	0.30431	0.03617	0.07442	0.02078	0.1591	0.40523
V549	0.16717	0.01217	0.49258	0.07539	0.15381	0.09889
V550	0.0825	0.02102	0.31849	0.02212	0.5143	0.04157
V551	0.24254	0.0622	0.09868	0.10298	0.21122	0.28238
V552	0.11141	0.04199	0.16231	0.22789	0.38998	0.06643
V553	0.56411	0.03423	0.10556	0.04319	0.14564	0.10726
V554	0.16878	0.48476	0.08362	0.03141	0.16101	0.07042
V555	0.35125	0.02391	0.08003	0.19975	0.14308	0.20198
V556	0.12504	0.01659	0.37767	0.27165	0.15984	0.0492
V557	0.18277	0.43898	0.12622	0.03365	0.15705	0.06132
V558	0.3624	0.14669	0.07206	0.10507	0.14007	0.17371
V559	0.07192	0.01794	0.05121	0.14219	0.67454	0.04219
V560	0.51216	0.05168	0.09001	0.03156	0.18496	0.12962
V561	0.07479	0.02035	0.72053	0.01132	0.13638	0.03663
V562	0.39769	0.17052	0.10577	0.07311	0.14008	0.11282
V563	0.29573	0.02263	0.06965	0.0712	0.15289	0.38791
V564	0.23071	0.07611	0.06213	0.02754	0.32332	0.28019
V565	0.30481	0.02355	0.08146	0.02045	0.15927	0.41046
V566	0.27293	0.08909	0.08511	0.05689	0.17308	0.32291
V567	0.31299	0.20423	0.06443	0.17709	0.16161	0.07965
V568	0.10855	0.01974	0.06799	0.0563	0.7038	0.04361
V569	0.53259	0.05812	0.0799	0.04375	0.13345	0.15219
V570	0.49117	0.11667	0.10011	0.0612	0.13431	0.09654
V571	0.0965	0.1589	0.51989	0.02573	0.15997	0.03901
V572	0.08706	0.01493	0.63439	0.02513	0.19774	0.04074
V573	0.21855	0.44718	0.07491	0.03104	0.16722	0.0611
V574	0.19919	0.01654	0.33784	0.04476	0.16567	0.23599
V575	0.15698	0.39322	0.10935	0.10883	0.16453	0.06709
V576	0.29835	0.09859	0.07522	0.02365	0.43673	0.06745
V577	0.31305	0.05994	0.06744	0.06648	0.39942	0.09368
V578	0.12175	0.01998	0.06189	0.02739	0.6383	0.13069
V579	0.10588	0.0353	0.1837	0.20728	0.42573	0.0421
V580	0.17008	0.03026	0.11297	0.29408	0.31221	0.0804
V581	0.47897	0.05638	0.12977	0.07317	0.17359	0.08812
V582	0.47952	0.03678	0.08126	0.15514	0.13664	0.11065
V583	0.16952	0.05101	0.28427	0.01493	0.28841	0.19186
V584	0.17069	0.03117	0.05324	0.26854	0.32836	0.14799
V585	0.15639	0.29122	0.22527	0.07879	0.15781	0.09052
V586	0.21543	0.43502	0.10086	0.03472	0.15623	0.05775
V587	0.23959	0.02303	0.26236	0.26391	0.14813	0.06297
V588	0.10202	0.01756	0.06729	0.59529	0.181	0.03684
V589	0.17291	0.19371	0.25496	0.07155	0.14957	0.15731
V590	0.19898	0.04447	0.32598	0.06446	0.14731	0.2188
V591	0.52598	0.03276	0.09902	0.11606	0.13179	0.09439
V592	0.13707	0.2307	0.1126	0.29053	0.18596	0.04315
V593	0.09217	0.01692	0.03983	0.63685	0.17833	0.03589
V594	0.17442	0.01488	0.06014	0.44519	0.16767	0.1377
V595	0.16046	0.1967	0.08953	0.11021	0.30335	0.13975
V596	0.09732	0.17454	0.06272	0.08478	0.54226	0.03837
V597	0.34328	0.02756	0.08416	0.02901	0.44498	0.07101
V598	0.58711	0.06006	0.08528	0.02091	0.1295	0.11714
V599	0.24764	0.02717	0.06014	0.13125	0.22155	0.31226
V600	0.37956	0.09804	0.07005	0.05666	0.18559	0.21009
V601	0.19311	0.11725	0.08684	0.27156	0.15437	0.17687
V602	0.1189	0.03206	0.13737	0.03045	0.55913	0.12209
V603	0.21843	0.2609	0.09066	0.06267	0.1709	0.19644
V604	0.12072	0.31171	0.05561	0.03607	0.43134	0.04456
V605	0.11398	0.04019	0.07466	0.02922	0.68487	0.05708
V606	0.39543	0.04539	0.24131	0.05751	0.12797	0.13239
V607	0.2543	0.05033	0.06457	0.03363	0.27512	0.32205
V608	0.19458	0.38533	0.0664	0.07579	0.16859	0.10931
V609	0.09534	0.01433	0.54648	0.16117	0.14271	0.03996
V610	0.12156	0.09979	0.39338	0.13649	0.17241	0.07638
V611	0.15274	0.50236	0.07716	0.05257	0.16838	0.04679
V612	0.0997	0.14633	0.04092	0.50965	0.16876	0.03464
V613	0.44964	0.12328	0.08358	0.02025	0.1347	0.18855
V614	0.14354	0.09487	0.43086	0.01787	0.1854	0.12746
V615	0.08239	0.0584	0.1004	0.03573	0.67723	0.04584
V616	0.33709	0.26449	0.0688	0.05197	0.15777	0.11988
V617	0.07607	0.02586	0.0555	0.03988	0.75886	0.04382
V618	0.21294	0.02807	0.50535	0.01629	0.14756	0.08979
V619	0.13525	0.39256	0.17611	0.04769	0.19842	0.04998
V620	0.24198	0.02594	0.25974	0.02598	0.14242	0.30394
V621	0.09426	0.0104	0.09581	0.55673	0.19641	0.04639
V622	0.38713	0.12877	0.0819	0.02242	0.29676	0.08301
V623	0.22583	0.42388	0.0739	0.02882	0.16058	0.08697
V624	0.14212	0.3797	0.05097	0.21685	0.16017	0.05019
V625	0.13229	0.10006	0.19587	0.33778	0.17185	0.06216
V626	0.13127	0.04578	0.06133	0.1635	0.46435	0.13377
V627	0.44122	0.02763	0.06214	0.24417	0.1359	0.08894
V628	0.19051	0.05779	0.28741	0.07944	0.21025	0.1746
V629	0.12042	0.30205	0.04384	0.32371	0.16843	0.04155
V630	0.45475	0.03573	0.09321	0.05544	0.15666	0.20421
V631	0.25256	0.02005	0.10896	0.11657	0.18177	0.3201
V632	0.10122	0.03502	0.15414	0.25442	0.40346	0.05175
V633	0.08974	0.12627	0.59473	0.01801	0.13575	0.0355
V634	0.50999	0.03809	0.08421	0.14734	0.12824	0.09213
V635	0.09042	0.04304	0.23417	0.43309	0.1615	0.03777
V636	0.15345	0.39133	0.05701	0.0778	0.24606	0.07435
V637	0.27158	0.06323	0.07542	0.02057	0.21727	0.35191
V638	0.11459	0.08627	0.08455	0.40324	0.26698	0.04437
V639	0.27241	0.06482	0.11939	0.04622	0.3893	0.10786
V640	0.13721	0.10781	0.40007	0.02573	0.22381	0.10538
V641	0.079	0.0653	0.43229	0.03636	0.34826	0.0388
V642	0.25877	0.04574	0.27758	0.12981	0.13812	0.14997
V643	0.55595	0.04002	0.07872	0.07951	0.13696	0.10885
V644	0.52738	0.03863	0.07686	0.08598	0.13357	0.13759
V645	0.49523	0.04333	0.08804	0.07963	0.12934	0.16444
V646	0.08289	0.01987	0.3959	0.01953	0.44063	0.04118
V647	0.25674	0.02653	0.08053	0.23713	0.16899	0.23007
V648	0.21853	0.22914	0.1611	0.061	0.16074	0.16948
V649	0.17927	0.02156	0.06492	0.50728	0.17461	0.05235
V650	0.23538	0.14567	0.21125	0.02613	0.32428	0.05729
V651	0.21131	0.23734	0.11589	0.04586	0.24557	0.14404
V652	0.11394	0.01134	0.13158	0.51266	0.18566	0.04481
V653	0.19663	0.29335	0.08322	0.04669	0.21647	0.16364
V654	0.54923	0.03964	0.13757	0.02425	0.14429	0.10501
V655	0.28167	0.02328	0.08144	0.06567	0.33521	0.21273
V656	0.1492	0.06592	0.48935	0.0443	0.20155	0.04968
V657	0.34994	0.03296	0.06242	0.09724	0.31225	0.1452
V658	0.09199	0.06258	0.16947	0.47663	0.16502	0.03432
V659	0.16201	0.50221	0.07337	0.03774	0.16328	0.06139
V660	0.56139	0.04059	0.08302	0.03145	0.12661	0.15695
V661	0.21566	0.01882	0.17646	0.11047	0.23734	0.24126
V662	0.51962	0.03796	0.08782	0.09831	0.13314	0.12315
V663	0.12094	0.13266	0.06477	0.05955	0.57673	0.04534
V664	0.1693	0.05227	0.56003	0.01058	0.14802	0.05979
V665	0.07534	0.01925	0.05578	0.04006	0.76551	0.04405
V666	0.34208	0.22078	0.07097	0.0985	0.16347	0.10419
V667	0.28472	0.02203	0.09634	0.05129	0.1636	0.38202
V668	0.54218	0.11706	0.08852	0.02714	0.12686	0.09825
V669	0.25653	0.09378	0.05601	0.2061	0.15729	0.23029
V670	0.17037	0.25125	0.06646	0.23565	0.16775	0.10852
V671	0.29049	0.02021	0.05291	0.42436	0.15153	0.0605
V672	0.15155	0.36301	0.05073	0.22897	0.15997	0.04577
V673	0.23278	0.11259	0.21161	0.02167	0.14348	0.27788
V674	0.52932	0.03486	0.08366	0.02044	0.23543	0.09629
V675	0.28548	0.1085	0.08272	0.02025	0.16636	0.33669
V676	0.09957	0.01032	0.10927	0.5668	0.17743	0.03661
V677	0.24721	0.2554	0.17611	0.01925	0.14122	0.16081
V678	0.21941	0.07659	0.09788	0.02792	0.41693	0.16126
V679	0.27294	0.08826	0.10141	0.03754	0.15493	0.34493
V680	0.09175	0.01432	0.33574	0.01997	0.47192	0.0663
V681	0.18438	0.43997	0.08775	0.03346	0.15369	0.10075
V682	0.18779	0.35832	0.06129	0.03699	0.21722	0.13838
V683	0.10164	0.01944	0.0613	0.02914	0.70014	0.08835
V684	0.1943	0.44298	0.0639	0.08184	0.15998	0.05699
V685	0.12799	0.37612	0.24337	0.02371	0.1852	0.04361
V686	0.27824	0.0261	0.36313	0.01765	0.14299	0.17189
V687	0.18115	0.17554	0.24947	0.08384	0.1443	0.16569
V688	0.37711	0.02863	0.07392	0.02702	0.33267	0.16065
V689	0.13507	0.02366	0.52813	0.08879	0.15542	0.06893
V690	0.146	0.02652	0.0815	0.04489	0.57182	0.12927
V691	0.16901	0.30601	0.19318	0.07362	0.17591	0.08227
V692	0.41466	0.02688	0.06106	0.2276	0.18493	0.08487
V693	0.53023	0.10567	0.09306	0.0323	0.12734	0.1114
V694	0.52666	0.10517	0.08576	0.0498	0.12788	0.10474
V695	0.54592	0.03492	0.07935	0.03183	0.18288	0.1251
V696	0.16647	0.32261	0.09299	0.06694	0.29658	0.05441
V697	0.12303	0.02296	0.59098	0.04263	0.15901	0.06139
V698	0.15885	0.51801	0.06908	0.03881	0.16445	0.0508
V699	0.22087	0.02934	0.44901	0.03687	0.18035	0.08357
V700	0.17683	0.02901	0.05722	0.03445	0.6413	0.0612
V701	0.58068	0.03542	0.09089	0.01984	0.12497	0.14821
V702	0.2617	0.03311	0.10866	0.12835	0.15561	0.31257
V703	0.23903	0.32287	0.07551	0.02711	0.27315	0.06233
V704	0.33761	0.19859	0.20602	0.01815	0.14419	0.09545
V705	0.11076	0.08894	0.25361	0.13705	0.36124	0.04839
V706	0.19832	0.08007	0.29012	0.01398	0.21476	0.20275
V707	0.45784	0.04386	0.07848	0.01949	0.14317	0.25716
V708	0.11206	0.26041	0.41224	0.02852	0.14601	0.04076
V709	0.0892	0.01136	0.03532	0.58436	0.24342	0.03633
V710	0.35204	0.06553	0.15065	0.056	0.26757	0.10821
V711	0.12631	0.15864	0.3455	0.14074	0.14982	0.07898
V712	0.09993	0.2062	0.06511	0.0355	0.54826	0.045
V713	0.28919	0.32548	0.09115	0.0475	0.16055	0.08612
V714	0.12374	0.31416	0.34855	0.02511	0.14865	0.03979
V715	0.09625	0.02129	0.69176	0.01028	0.1349	0.04553
V716	0.20568	0.0398	0.05761	0.22682	0.28027	0.18981
V717	0.09858	0.02632	0.0749	0.02957	0.70783	0.0628
V718	0.10693	0.28105	0.0602	0.03032	0.48157	0.03994
V719	0.1609	0.47988	0.08791	0.0365	0.17606	0.05875
V720	0.25866	0.0181	0.22529	0.22651	0.16505	0.10639
V721	0.18919	0.19584	0.21796	0.01717	0.2031	0.17674
V722	0.073	0.01915	0.06934	0.03324	0.76478	0.0405
V723	0.1483	0.41488	0.09505	0.03948	0.24289	0.05941
V724	0.14617	0.21328	0.31988	0.08466	0.19449	0.04151
V725	0.12513	0.05819	0.10378	0.1168	0.50549	0.09061
V726	0.09461	0.02554	0.44709	0.03544	0.33175	0.06557
V727	0.25608	0.01969	0.13697	0.11538	0.15474	0.31713
V728	0.10372	0.01811	0.03349	0.611	0.17639	0.05729
V729	0.24433	0.31736	0.0806	0.04875	0.24035	0.06861
V730	0.20851	0.01683	0.1171	0.29258	0.16012	0.20486
V731	0.20292	0.05077	0.37333	0.01307	0.25273	0.10718
V732	0.17588	0.28696	0.07474	0.05527	0.30633	0.10082
V733	0.23845	0.01816	0.25164	0.14667	0.17824	0.16684
V734	0.26103	0.02047	0.24018	0.01452	0.15357	0.31023
V735	0.11463	0.07076	0.0475	0.52551	0.17399	0.06761
V736	0.19267	0.3396	0.10235	0.05123	0.16079	0.15335
V737	0.06737	0.01907	0.06238	0.04035	0.77089	0.03993
V738	0.31346	0.05492	0.11303	0.2623	0.15486	0.10144
V739	0.20828	0.21876	0.18007	0.04528	0.27115	0.07647
V740	0.11491	0.18468	0.32541	0.04991	0.27415	0.05093
V741	0.34622	0.12097	0.17421	0.0734	0.21546	0.06974
V742	0.28393	0.02709	0.07663	0.30113	0.22712	0.0841
V743	0.10112	0.08693	0.24153	0.24151	0.28272	0.04619
V744	0.36101	0.09041	0.07838	0.1186	0.14076	0.21085
V745	0.14403	0.34776	0.06256	0.05744	0.3418	0.04641
V746	0.56429	0.04683	0.08782	0.03784	0.13633	0.12689
V747	0.21452	0.0286	0.14589	0.04876	0.49792	0.0643
V748	0.22031	0.05398	0.22834	0.03482	0.21904	0.24352
V749	0.38876	0.03372	0.07145	0.12097	0.20492	0.18019
V750	0.09687	0.0698	0.03334	0.5844	0.18014	0.03545
V751	0.09594	0.01744	0.06081	0.58934	0.19992	0.03655
V752	0.22086	0.02902	0.08265	0.07656	0.52529	0.06561
V753	0.21831	0.02081	0.08479	0.08678	0.36905	0.22026
V754	0.17564	0.29289	0.14291	0.06799	0.18222	0.13834
V755	0.31179	0.05354	0.07491	0.04075	0.40578	0.11324
V756	0.28934	0.02964	0.07802	0.02685	0.18838	0.38777
V757	0.2145	0.29716	0.06788	0.0409	0.18858	0.19098
V758	0.29614	0.38438	0.07179	0.03379	0.14659	0.06732
V759	0.17801	0.03315	0.09257	0.12279	0.48271	0.09078
V760	0.30069	0.02317	0.07961	0.03899	0.15319	0.40435
V761	0.06868	0.0204	0.338	0.03495	0.50137	0.03659
V762	0.12814	0.00981	0.60167	0.03536	0.1523	0.07272
V763	0.10852	0.11639	0.0545	0.48062	0.19048	0.04948
