CD19B	CD56NK	CD4MemoryT	CD14
V1	0.44233	0.07763	0.18074	0.2993
V2	0.17556	0.15884	0.09007	0.57553
V3	0.09321	0.55504	0.04773	0.30402
V4	0.6873	0.14976	0.04329	0.11965
V5	0.13008	0.44573	0.21887	0.20532
V6	0.09832	0.74394	0.05135	0.10639
V7	0.16158	0.3629	0.10413	0.37139
V8	0.15032	0.09283	0.6331	0.12375
V9	0.2252	0.27059	0.07488	0.42933
V10	0.06741	0.10122	0.69327	0.1381
V11	0.19662	0.3552	0.35243	0.09574
V12	0.06665	0.52852	0.30457	0.10025
V13	0.2341	0.61814	0.04061	0.10715
V14	0.09254	0.77507	0.0409	0.09148
V15	0.13601	0.53219	0.1285	0.20331
V16	0.7201	0.08331	0.06708	0.12951
V17	0.10608	0.74208	0.04574	0.1061
V18	0.44769	0.34858	0.0773	0.12642
V19	0.15867	0.702	0.04122	0.09812
V20	0.17247	0.43654	0.0556	0.33539
V21	0.14987	0.1237	0.60388	0.12255
V22	0.08687	0.1681	0.19517	0.54985
V23	0.32301	0.10135	0.47207	0.10357
V24	0.75822	0.06523	0.07513	0.10142
V25	0.28741	0.27001	0.14069	0.30189
V26	0.31874	0.3828	0.05612	0.24234
V27	0.14677	0.12971	0.07011	0.65341
V28	0.05713	0.11005	0.73792	0.09489
V29	0.36349	0.08821	0.42187	0.12643
V30	0.13238	0.2591	0.23981	0.36872
V31	0.19939	0.23956	0.25371	0.30734
V32	0.13366	0.11097	0.07849	0.67688
V33	0.08249	0.46159	0.29157	0.16435
V34	0.14969	0.10795	0.61892	0.12344
V35	0.16168	0.62529	0.10017	0.11287
V36	0.07145	0.12331	0.38644	0.41881
V37	0.43214	0.13214	0.12334	0.31238
V38	0.35789	0.07637	0.18215	0.38359
V39	0.1659	0.50865	0.13519	0.19027
V40	0.11386	0.70624	0.09449	0.08542
V41	0.05744	0.59423	0.07272	0.27561
V42	0.22323	0.11141	0.20246	0.4629
V43	0.14466	0.34202	0.39616	0.11715
V44	0.06885	0.14779	0.56531	0.21805
V45	0.11893	0.52706	0.19771	0.1563
V46	0.63217	0.11534	0.14784	0.10464
V47	0.36013	0.22564	0.27816	0.13607
V48	0.63421	0.20032	0.04816	0.1173
V49	0.57398	0.21929	0.04111	0.16562
V50	0.09161	0.71543	0.10084	0.09212
V51	0.26367	0.38887	0.22981	0.11764
V52	0.07471	0.16896	0.63426	0.12207
V53	0.57756	0.1603	0.16598	0.09616
V54	0.34306	0.22693	0.31541	0.1146
V55	0.2111	0.19054	0.21956	0.3788
V56	0.11229	0.10694	0.11435	0.66642
V57	0.11343	0.73635	0.05151	0.09871
V58	0.51037	0.07094	0.08496	0.33373
V59	0.34515	0.39815	0.12408	0.13261
V60	0.15694	0.21096	0.27632	0.35577
V61	0.6303	0.14694	0.05437	0.16839
V62	0.69925	0.07708	0.11022	0.11345
V63	0.0563	0.71151	0.12593	0.10625
V64	0.05191	0.72858	0.03413	0.18538
V65	0.09245	0.10177	0.12258	0.68321
V66	0.19844	0.60722	0.05261	0.14173
V67	0.16011	0.33264	0.40501	0.10223
V68	0.18096	0.20141	0.06938	0.54825
V69	0.07162	0.32374	0.4729	0.13173
V70	0.42668	0.19566	0.18572	0.19195
V71	0.18134	0.14656	0.31423	0.35787
V72	0.45106	0.20025	0.12119	0.2275
V73	0.15726	0.54491	0.14173	0.15609
V74	0.09505	0.25329	0.56061	0.09106
V75	0.56149	0.05821	0.20312	0.17718
V76	0.06968	0.23032	0.17841	0.52159
V77	0.09671	0.314	0.05263	0.53667
V78	0.26977	0.17732	0.18645	0.36645
V79	0.05759	0.16284	0.61523	0.16434
V80	0.30341	0.08732	0.44243	0.16684
V81	0.09628	0.20679	0.59801	0.09892
V82	0.0555	0.13141	0.71126	0.10183
V83	0.16352	0.22871	0.10454	0.50323
V84	0.3327	0.11636	0.17462	0.37632
V85	0.13253	0.3305	0.32315	0.21381
V86	0.09105	0.12147	0.65724	0.13024
V87	0.07003	0.70855	0.08009	0.14133
V88	0.18538	0.13841	0.24228	0.43393
V89	0.09224	0.10822	0.19685	0.60269
V90	0.06305	0.75655	0.08031	0.10009
V91	0.07065	0.64144	0.17348	0.11444
V92	0.37614	0.09047	0.33315	0.20024
V93	0.70686	0.06127	0.04746	0.1844
V94	0.07393	0.4337	0.05787	0.4345
V95	0.22725	0.4148	0.15767	0.20028
V96	0.1288	0.16799	0.07426	0.62895
V97	0.54124	0.14817	0.20811	0.10248
V98	0.54621	0.30684	0.04001	0.10694
V99	0.6338	0.09157	0.1687	0.10593
V100	0.11328	0.10498	0.66501	0.11673
V101	0.0971	0.11464	0.06179	0.72647
V102	0.74217	0.08946	0.05348	0.11489
V103	0.09027	0.12818	0.12092	0.66064
V104	0.06435	0.80316	0.04041	0.09208
V105	0.08286	0.77839	0.04649	0.09225
V106	0.13391	0.47303	0.2711	0.12196
V107	0.18581	0.23792	0.4423	0.13397
V108	0.15213	0.65365	0.10844	0.08578
V109	0.06955	0.2174	0.45563	0.25742
V110	0.0842	0.74337	0.06597	0.10646
V111	0.7367	0.04359	0.11145	0.10826
V112	0.15845	0.14114	0.34961	0.3508
V113	0.19873	0.17449	0.18002	0.44676
V114	0.24051	0.12333	0.11365	0.52251
V115	0.04932	0.65473	0.20286	0.09309
V116	0.15615	0.32832	0.3016	0.21394
V117	0.52783	0.27157	0.07044	0.13015
V118	0.16809	0.52316	0.06489	0.24387
V119	0.1569	0.15213	0.09105	0.59993
V120	0.11107	0.13539	0.64521	0.10833
V121	0.46701	0.17686	0.12136	0.23477
V122	0.77591	0.0475	0.06058	0.11602
V123	0.06317	0.4813	0.07591	0.37962
V124	0.51785	0.30166	0.03848	0.14201
V125	0.31507	0.40019	0.17448	0.11026
V126	0.10306	0.20926	0.08925	0.59843
V127	0.18561	0.1296	0.23644	0.44834
V128	0.10216	0.10635	0.13558	0.65591
V129	0.45132	0.25598	0.17038	0.12231
V130	0.05028	0.58131	0.27513	0.09327
V131	0.06242	0.75608	0.0339	0.14759
V132	0.75238	0.04887	0.07545	0.12329
V133	0.72874	0.05869	0.09785	0.11472
V134	0.13686	0.38811	0.13839	0.33664
V135	0.13341	0.11139	0.1831	0.5721
V136	0.22493	0.39445	0.05032	0.3303
V137	0.51356	0.09471	0.23754	0.15418
V138	0.19989	0.39492	0.17133	0.23386
V139	0.29459	0.24723	0.19068	0.2675
V140	0.10131	0.16521	0.09238	0.6411
V141	0.10544	0.21537	0.42079	0.25839
V142	0.63567	0.05263	0.21262	0.09908
V143	0.34593	0.28765	0.09978	0.26663
V144	0.18337	0.21445	0.17125	0.43094
V145	0.04278	0.66245	0.202	0.09277
V146	0.12035	0.10544	0.08045	0.69376
V147	0.72843	0.06711	0.06748	0.13699
V148	0.15335	0.14789	0.4529	0.24586
V149	0.23193	0.47436	0.19928	0.09443
V150	0.11651	0.27453	0.45488	0.15408
V151	0.19381	0.55984	0.06332	0.18303
V152	0.21152	0.42479	0.1975	0.1662
V153	0.12344	0.64965	0.05139	0.17552
V154	0.21784	0.43023	0.23567	0.11626
V155	0.3788	0.19163	0.25768	0.17189
V156	0.08247	0.20082	0.52745	0.18926
V157	0.26567	0.21121	0.2703	0.25282
V158	0.0972	0.10177	0.07337	0.72766
V159	0.70573	0.10626	0.04529	0.14272
V160	0.54749	0.06898	0.10492	0.2786
V161	0.22204	0.09633	0.07955	0.60208
V162	0.11256	0.32567	0.10784	0.45394
V163	0.12382	0.46067	0.16383	0.25168
V164	0.28513	0.32548	0.12498	0.2644
V165	0.08037	0.29979	0.04659	0.57324
V166	0.08736	0.17369	0.10464	0.63431
V167	0.31372	0.07936	0.05898	0.54794
V168	0.24568	0.51797	0.10141	0.13495
V169	0.20451	0.13334	0.08516	0.57699
V170	0.14292	0.10887	0.41765	0.33056
V171	0.14631	0.27189	0.45608	0.12572
V172	0.57345	0.05783	0.2623	0.10643
V173	0.09777	0.2089	0.08445	0.60888
V174	0.08784	0.22663	0.10699	0.57855
V175	0.10718	0.09672	0.60397	0.19213
V176	0.04829	0.69804	0.16047	0.0932
V177	0.04798	0.81712	0.03541	0.09949
V178	0.05375	0.66517	0.04116	0.23993
V179	0.18432	0.09818	0.32313	0.39437
V180	0.06385	0.75634	0.09407	0.08573
V181	0.17389	0.19221	0.42329	0.21061
V182	0.26161	0.22494	0.37233	0.14112
V183	0.17408	0.69303	0.04076	0.09212
V184	0.8011	0.0398	0.05611	0.10299
V185	0.45148	0.40009	0.05049	0.09793
V186	0.13721	0.45142	0.2265	0.18486
V187	0.76805	0.04776	0.07511	0.10908
V188	0.11526	0.27452	0.04724	0.56298
V189	0.64301	0.07613	0.06266	0.2182
V190	0.52748	0.07001	0.29708	0.10542
V191	0.18523	0.24518	0.44268	0.12691
V192	0.25829	0.444	0.07823	0.21947
V193	0.47754	0.09759	0.23024	0.19462
V194	0.07045	0.78267	0.04062	0.10626
V195	0.06212	0.10885	0.72691	0.10211
V196	0.09327	0.14987	0.06555	0.69132
V197	0.35046	0.11984	0.07475	0.45494
V198	0.09629	0.46813	0.29881	0.13676
V199	0.18878	0.11375	0.18234	0.51513
V200	0.14586	0.51572	0.05345	0.28498
V201	0.12129	0.50648	0.17434	0.19789
V202	0.07126	0.10787	0.595	0.22588
V203	0.16637	0.4105	0.31398	0.10915
V204	0.06305	0.49985	0.04586	0.39123
V205	0.06886	0.13006	0.69151	0.10957
V206	0.09054	0.16045	0.64922	0.09979
V207	0.16272	0.24359	0.09115	0.50253
V208	0.23263	0.13265	0.52622	0.1085
V209	0.25729	0.44155	0.0951	0.20606
V210	0.10614	0.65912	0.10751	0.12723
V211	0.35887	0.09088	0.08062	0.46962
V212	0.41207	0.10293	0.36793	0.11707
V213	0.50151	0.09337	0.1401	0.26503
V214	0.2827	0.21563	0.17101	0.33065
V215	0.26689	0.16696	0.06593	0.50022
V216	0.10994	0.10028	0.07287	0.71691
V217	0.08513	0.46465	0.20413	0.24608
V218	0.12513	0.42949	0.16443	0.28095
V219	0.12795	0.56914	0.04699	0.25592
V220	0.05251	0.70877	0.03973	0.19899
V221	0.64336	0.05936	0.05264	0.24464
V222	0.27297	0.19358	0.30741	0.22604
V223	0.05745	0.20221	0.58393	0.1564
V224	0.79073	0.03987	0.06708	0.10232
V225	0.08416	0.74247	0.08169	0.09168
V226	0.27006	0.14569	0.47618	0.10807
V227	0.62825	0.05346	0.20392	0.11438
V228	0.6024	0.11666	0.10515	0.17578
V229	0.06938	0.10829	0.70563	0.1167
V230	0.09607	0.11509	0.07332	0.71552
V231	0.08053	0.31152	0.12965	0.47831
V232	0.08507	0.58337	0.03499	0.29657
V233	0.44486	0.14785	0.2002	0.20709
V234	0.06981	0.77043	0.05945	0.10031
V235	0.31509	0.12534	0.43456	0.12501
V236	0.0903	0.1447	0.60743	0.15757
V237	0.18725	0.09831	0.08336	0.63109
V238	0.14289	0.5036	0.22499	0.12852
V239	0.11082	0.40135	0.05806	0.42977
V240	0.39658	0.10281	0.36195	0.13867
V241	0.06817	0.10125	0.67937	0.15121
V242	0.13767	0.65619	0.10829	0.09784
V243	0.22677	0.11704	0.49837	0.15782
V244	0.20586	0.08766	0.54103	0.16545
V245	0.46542	0.30845	0.08517	0.14096
V246	0.0949	0.20678	0.58451	0.11381
V247	0.17388	0.09879	0.63319	0.09414
V248	0.09972	0.12095	0.09051	0.68881
V249	0.0539	0.12453	0.67028	0.15129
V250	0.61221	0.05492	0.22536	0.10751
V251	0.7578	0.08048	0.05405	0.10767
V252	0.04848	0.71955	0.14687	0.0851
V253	0.30885	0.14298	0.17268	0.37549
V254	0.04773	0.78461	0.07542	0.09224
V255	0.07706	0.7695	0.03368	0.11977
V256	0.17858	0.25338	0.40599	0.16205
V257	0.34349	0.16488	0.22167	0.26996
V258	0.17872	0.29464	0.33871	0.18793
V259	0.07841	0.31473	0.48078	0.12607
V260	0.05152	0.30971	0.54251	0.09626
V261	0.48568	0.09585	0.20217	0.2163
V262	0.14625	0.13689	0.06986	0.647
V263	0.05678	0.80241	0.03509	0.10572
V264	0.18115	0.12271	0.35115	0.34499
V265	0.10327	0.09968	0.15399	0.64306
V266	0.51364	0.3484	0.04528	0.09267
V267	0.06504	0.2404	0.24602	0.44854
V268	0.32632	0.10128	0.16197	0.41042
V269	0.05073	0.5078	0.31149	0.12998
V270	0.50657	0.08813	0.23738	0.16792
V271	0.62695	0.11451	0.07549	0.18305
V272	0.08561	0.70139	0.04488	0.16812
V273	0.11977	0.11204	0.08553	0.68266
V274	0.55475	0.05925	0.19624	0.18975
V275	0.05641	0.10977	0.7319	0.10192
V276	0.39663	0.34482	0.04968	0.20887
V277	0.09366	0.25983	0.1639	0.4826
V278	0.09746	0.1449	0.25786	0.49978
V279	0.5374	0.1147	0.13874	0.20916
V280	0.0972	0.10177	0.07337	0.72766
V281	0.43283	0.09858	0.16187	0.30672
V282	0.09712	0.14471	0.6149	0.14328
V283	0.19471	0.52153	0.08657	0.19719
V284	0.06371	0.76318	0.08043	0.09268
V285	0.10656	0.09764	0.70144	0.09435
V286	0.21618	0.49721	0.12208	0.16453
V287	0.11289	0.73573	0.04607	0.10531
V288	0.06752	0.31162	0.33742	0.28344
V289	0.24609	0.25749	0.34081	0.15561
V290	0.65624	0.18999	0.05599	0.09778
V291	0.39489	0.12848	0.36735	0.10928
V292	0.75082	0.04928	0.04939	0.15051
V293	0.26472	0.09008	0.5141	0.1311
V294	0.12654	0.37405	0.04235	0.45706
V295	0.08152	0.23775	0.18487	0.49586
V296	0.18033	0.1834	0.47277	0.16349
V297	0.13296	0.09822	0.10757	0.66125
V298	0.262	0.16173	0.46855	0.10772
V299	0.11774	0.30601	0.05781	0.51843
V300	0.07634	0.12273	0.21779	0.58313
V301	0.14347	0.17935	0.49415	0.18302
V302	0.51426	0.33947	0.04051	0.10576
V303	0.04479	0.53648	0.30301	0.11572
V304	0.10043	0.1131	0.56702	0.21945
V305	0.14595	0.21991	0.36197	0.27217
V306	0.62995	0.13936	0.09034	0.14035
V307	0.05657	0.79598	0.04769	0.09976
V308	0.21254	0.26929	0.25348	0.26469
V309	0.27833	0.33078	0.06329	0.3276
V310	0.11585	0.33707	0.15329	0.39379
V311	0.41086	0.44897	0.04268	0.09749
V312	0.1135	0.63938	0.14078	0.10634
V313	0.08488	0.17991	0.06954	0.66567
V314	0.0678	0.45395	0.12295	0.3553
V315	0.13549	0.55673	0.06398	0.2438
V316	0.26493	0.19406	0.32191	0.21909
V317	0.1101	0.60974	0.07066	0.2095
V318	0.08215	0.5092	0.04904	0.35961
V319	0.09674	0.13633	0.64415	0.12279
V320	0.11298	0.20544	0.49259	0.18899
V321	0.50576	0.35669	0.04492	0.09263
V322	0.19141	0.33695	0.09844	0.3732
V323	0.11757	0.11252	0.12074	0.64917
V324	0.51276	0.27373	0.09945	0.11406
V325	0.25782	0.56666	0.08147	0.09404
V326	0.05292	0.51359	0.10888	0.32461
V327	0.08733	0.21002	0.1289	0.57375
V328	0.09317	0.11326	0.56736	0.22621
V329	0.18511	0.18278	0.17182	0.46029
V330	0.324	0.08669	0.29709	0.29222
V331	0.29524	0.15622	0.08643	0.46211
V332	0.08372	0.13803	0.18321	0.59504
V333	0.34081	0.14023	0.33236	0.1866
V334	0.30061	0.08914	0.31049	0.29976
V335	0.07137	0.34889	0.39401	0.18573
V336	0.17073	0.60848	0.05253	0.16825
V337	0.24158	0.3906	0.25069	0.11713
V338	0.04178	0.82434	0.04194	0.09194
V339	0.14421	0.09434	0.65956	0.10189
V340	0.09654	0.26995	0.40429	0.22922
V341	0.09837	0.1217	0.10193	0.678
V342	0.22937	0.08595	0.48505	0.19963
V343	0.78214	0.05448	0.05497	0.10841
V344	0.53157	0.1874	0.18584	0.09519
V345	0.06223	0.10867	0.73407	0.09503
V346	0.21716	0.18283	0.24829	0.35172
V347	0.10924	0.10546	0.14806	0.63724
V348	0.08715	0.5748	0.14127	0.19678
V349	0.28528	0.21686	0.32117	0.17669
V350	0.06326	0.69057	0.1601	0.08608
V351	0.08193	0.12366	0.32819	0.46622
V352	0.09121	0.10661	0.64325	0.15893
V353	0.69214	0.07101	0.0794	0.15745
V354	0.08022	0.60228	0.19645	0.12105
V355	0.24439	0.14813	0.37478	0.2327
V356	0.1026	0.11363	0.12698	0.6568
V357	0.13591	0.34585	0.23544	0.2828
V358	0.42164	0.16309	0.09037	0.3249
V359	0.4484	0.12118	0.07688	0.35353
V360	0.42871	0.41043	0.05691	0.10394
V361	0.04678	0.43167	0.42745	0.0941
V362	0.0419	0.81873	0.0475	0.09187
V363	0.1769	0.18512	0.37214	0.26584
V364	0.16679	0.13828	0.52392	0.17101
V365	0.24948	0.10844	0.06489	0.57719
V366	0.10197	0.59414	0.10074	0.20316
V367	0.44417	0.19067	0.0485	0.31666
V368	0.10753	0.62893	0.1011	0.16245
V369	0.06166	0.39223	0.45094	0.09516
V370	0.2506	0.29649	0.33254	0.12037
V371	0.1769	0.62451	0.05728	0.14131
V372	0.18227	0.13808	0.14032	0.53934
V373	0.11638	0.20677	0.36973	0.30712
V374	0.61974	0.06267	0.21845	0.09914
V375	0.10646	0.12746	0.15896	0.60712
V376	0.10182	0.12079	0.12678	0.65061
V377	0.62143	0.05374	0.05939	0.26544
V378	0.07503	0.12375	0.33532	0.4659
V379	0.28334	0.2427	0.05619	0.41777
V380	0.17178	0.154	0.19318	0.48104
V381	0.56879	0.07307	0.12752	0.23062
V382	0.11203	0.11209	0.67426	0.10163
V383	0.65056	0.05778	0.09372	0.19795
V384	0.43069	0.14041	0.15183	0.27708
V385	0.67122	0.06295	0.11694	0.14889
V386	0.26867	0.09863	0.16242	0.47028
V387	0.44873	0.19342	0.19247	0.16538
V388	0.29657	0.3401	0.15366	0.20967
V389	0.32691	0.48043	0.04757	0.1451
V390	0.25195	0.27991	0.37126	0.09688
V391	0.33865	0.16883	0.06495	0.42757
V392	0.33096	0.25831	0.17118	0.23955
V393	0.24011	0.26654	0.2896	0.20375
V394	0.13082	0.27119	0.12867	0.46932
V395	0.19988	0.38742	0.18537	0.22732
V396	0.04908	0.80463	0.04043	0.10586
V397	0.60104	0.13423	0.13138	0.13335
V398	0.35101	0.19265	0.12301	0.33333
V399	0.18003	0.50011	0.14909	0.17078
V400	0.0534	0.52798	0.08746	0.33116
V401	0.08025	0.21599	0.54825	0.15551
V402	0.62713	0.20197	0.07427	0.09663
V403	0.09835	0.1151	0.10782	0.67873
V404	0.11817	0.24262	0.47014	0.16907
V405	0.21601	0.11882	0.17536	0.48982
V406	0.49091	0.27358	0.05835	0.17715
V407	0.04178	0.82434	0.04194	0.09194
V408	0.1211	0.28369	0.31795	0.27726
V409	0.09084	0.10931	0.07348	0.72636
V410	0.10669	0.72909	0.0581	0.10612
V411	0.36565	0.08064	0.05214	0.50157
V412	0.17053	0.15433	0.39477	0.28037
V413	0.09302	0.45644	0.16962	0.28093
V414	0.07588	0.46931	0.27066	0.18415
V415	0.35437	0.10647	0.22481	0.31435
V416	0.06194	0.14743	0.69648	0.09415
V417	0.30843	0.55575	0.04089	0.09493
V418	0.12337	0.17834	0.15539	0.5429
V419	0.09665	0.10072	0.0808	0.72184
V420	0.04377	0.7504	0.04599	0.15985
V421	0.16818	0.12214	0.52543	0.18425
V422	0.11269	0.14078	0.06473	0.6818
V423	0.11328	0.10498	0.66501	0.11673
V424	0.06024	0.13922	0.48002	0.32052
V425	0.09311	0.27687	0.45528	0.17474
V426	0.1207	0.12623	0.60205	0.15102
V427	0.10372	0.39486	0.17695	0.32447
V428	0.1071	0.65675	0.08103	0.15512
V429	0.09601	0.10139	0.08597	0.71663
V430	0.57512	0.20432	0.06104	0.15952
V431	0.18807	0.11224	0.36828	0.33142
V432	0.1487	0.16788	0.09046	0.59296
V433	0.08962	0.63456	0.03481	0.24102
V434	0.28864	0.15008	0.09233	0.46895
V435	0.40344	0.08648	0.14795	0.36214
V436	0.32061	0.09326	0.14231	0.44382
V437	0.21913	0.26877	0.05003	0.46207
V438	0.46721	0.2072	0.07253	0.25307
V439	0.10344	0.17002	0.06381	0.66274
V440	0.38756	0.11041	0.07973	0.4223
V441	0.10533	0.19963	0.45728	0.23776
V442	0.26125	0.35129	0.14479	0.24267
V443	0.57659	0.06351	0.12849	0.23141
V444	0.06223	0.10867	0.73407	0.09503
V445	0.48209	0.08116	0.31089	0.12586
V446	0.06998	0.70177	0.08044	0.14781
V447	0.48179	0.15255	0.18526	0.1804
V448	0.08895	0.15327	0.18774	0.57005
V449	0.43681	0.10641	0.27569	0.18108
V450	0.14294	0.72441	0.04657	0.08608
V451	0.74232	0.09011	0.04524	0.12233
V452	0.10498	0.1085	0.10723	0.67929
V453	0.62437	0.12455	0.10433	0.14674
V454	0.04134	0.78368	0.07547	0.09952
V455	0.46735	0.09728	0.28199	0.15338
V456	0.27268	0.18567	0.32218	0.21947
V457	0.09081	0.1154	0.06764	0.72614
V458	0.23972	0.26833	0.04928	0.44267
V459	0.05704	0.67374	0.10775	0.16147
V460	0.75997	0.04854	0.07529	0.11619
V461	0.12044	0.11924	0.06621	0.69411
V462	0.288	0.28029	0.04201	0.3897
V463	0.21853	0.44565	0.15697	0.17885
V464	0.40032	0.16361	0.05035	0.38572
V465	0.31686	0.41487	0.06053	0.20774
V466	0.44942	0.23005	0.04717	0.27336
V467	0.25979	0.51627	0.10191	0.12203
V468	0.38471	0.39266	0.08319	0.13944
V469	0.07853	0.23984	0.24622	0.43541
V470	0.41946	0.18127	0.18601	0.21326
V471	0.2444	0.17666	0.07865	0.50028
V472	0.2705	0.34384	0.039	0.34665
V473	0.11805	0.49578	0.27782	0.10834
V474	0.15753	0.09495	0.13191	0.61561
V475	0.18036	0.39307	0.10284	0.32373
V476	0.18581	0.10684	0.09854	0.60881
V477	0.46283	0.10433	0.21079	0.22206
V478	0.14435	0.52935	0.04136	0.28494
V479	0.06702	0.16229	0.60705	0.16364
V480	0.12134	0.3325	0.07921	0.46695
V481	0.15837	0.10037	0.63235	0.10892
V482	0.53145	0.2027	0.13541	0.13043
V483	0.16016	0.18292	0.10723	0.54968
V484	0.09798	0.14988	0.07723	0.67491
V485	0.13259	0.6343	0.04489	0.18822
V486	0.23625	0.29714	0.13895	0.32766
V487	0.12961	0.13229	0.11819	0.6199
V488	0.05384	0.10202	0.66615	0.17798
V489	0.20152	0.16636	0.52495	0.10717
V490	0.2776	0.33171	0.09811	0.29258
V491	0.34587	0.44249	0.06644	0.14521
V492	0.06305	0.71054	0.13374	0.09268
V493	0.09801	0.1013	0.06338	0.73732
V494	0.1882	0.21547	0.4073	0.18902
V495	0.19987	0.55069	0.14188	0.10755
V496	0.2351	0.60335	0.03421	0.12734
V497	0.06224	0.10182	0.73392	0.10202
V498	0.27295	0.17498	0.09153	0.46055
V499	0.47329	0.28633	0.14092	0.09946
V500	0.12524	0.18974	0.55664	0.12838
V501	0.09029	0.10163	0.08614	0.72194
V502	0.41887	0.29822	0.16189	0.12102
V503	0.19862	0.17525	0.1925	0.43363
V504	0.20551	0.60633	0.04613	0.14203
V505	0.19206	0.26394	0.22332	0.32068
V506	0.11902	0.29208	0.35325	0.23565
V507	0.46822	0.16108	0.14344	0.22726
V508	0.57637	0.20545	0.08006	0.13813
V509	0.21389	0.14251	0.40358	0.24002
V510	0.20159	0.47736	0.22654	0.09451
V511	0.09463	0.41197	0.07682	0.41658
V512	0.23156	0.13216	0.11378	0.5225
V513	0.10105	0.566	0.18926	0.14368
V514	0.09478	0.14109	0.06135	0.70278
V515	0.58877	0.11776	0.09117	0.2023
V516	0.7263	0.12341	0.04406	0.10623
V517	0.10159	0.12123	0.23109	0.54609
V518	0.77363	0.07026	0.04812	0.10799
V519	0.06471	0.72863	0.03975	0.16692
V520	0.08362	0.09817	0.4819	0.33631
V521	0.44178	0.10575	0.32618	0.12629
V522	0.06284	0.20335	0.44116	0.29265
V523	0.29023	0.1932	0.23457	0.282
V524	0.04791	0.66325	0.1745	0.11434
V525	0.2328	0.25529	0.06758	0.44433
V526	0.49149	0.143	0.10987	0.25564
V527	0.20429	0.11232	0.3304	0.35299
V528	0.11323	0.72645	0.0335	0.12682
V529	0.11553	0.15137	0.208	0.52511
V530	0.05627	0.25581	0.51281	0.17511
V531	0.05581	0.74	0.11922	0.08497
V532	0.17872	0.34385	0.06525	0.41218
V533	0.23981	0.35995	0.14445	0.25578
V534	0.06546	0.10807	0.54617	0.2803
V535	0.44248	0.06884	0.05994	0.42875
V536	0.19924	0.09045	0.31532	0.39499
V537	0.45187	0.28048	0.16292	0.10474
V538	0.3645	0.12931	0.11814	0.38805
V539	0.22725	0.4148	0.15767	0.20028
V540	0.18403	0.60116	0.09443	0.12038
V541	0.06898	0.47425	0.08932	0.36745
V542	0.19576	0.1996	0.22615	0.3785
V543	0.69485	0.05472	0.05869	0.19174
V544	0.14408	0.17071	0.1729	0.51231
V545	0.29981	0.20435	0.10233	0.39351
V546	0.07681	0.74337	0.08754	0.09228
V547	0.07248	0.56492	0.26249	0.10011
V548	0.15215	0.65385	0.10181	0.0922
V549	0.27884	0.10486	0.50719	0.10912
V550	0.46342	0.09605	0.04678	0.39375
V551	0.16992	0.63247	0.06285	0.13476
V552	0.0576	0.49248	0.04591	0.40401
V553	0.20758	0.2052	0.47348	0.11374
V554	0.1161	0.16235	0.07564	0.64591
V555	0.12267	0.27598	0.27451	0.32685
V556	0.05482	0.11624	0.70474	0.12419
V557	0.63574	0.08337	0.05663	0.22426
V558	0.09388	0.66739	0.05708	0.18165
V559	0.04788	0.69165	0.17409	0.08637
V560	0.5371	0.32204	0.04064	0.10023
V561	0.05641	0.10977	0.7319	0.10192
V562	0.60541	0.06038	0.15019	0.18402
V563	0.22668	0.08685	0.58464	0.10183
V564	0.0968	0.15259	0.64209	0.10852
V565	0.14318	0.29751	0.3027	0.25661
V566	0.53531	0.15261	0.04939	0.2627
V567	0.2014	0.42879	0.06109	0.30871
V568	0.23477	0.09583	0.09658	0.57282
V569	0.53068	0.09003	0.04615	0.33313
V570	0.07137	0.31537	0.46666	0.1466
V571	0.63544	0.16802	0.04219	0.15434
V572	0.35774	0.08258	0.37821	0.18147
V573	0.11743	0.22946	0.05688	0.59623
V574	0.07142	0.66904	0.16	0.09954
V575	0.09043	0.16665	0.14319	0.59973
V576	0.15308	0.68548	0.06386	0.09757
V577	0.10206	0.1368	0.20257	0.55856
V578	0.09923	0.15153	0.51729	0.23196
V579	0.04942	0.7373	0.10718	0.1061
V580	0.17818	0.09943	0.13826	0.58413
V581	0.12388	0.15368	0.05846	0.66398
V582	0.44412	0.20013	0.07352	0.28223
V583	0.06728	0.13918	0.45842	0.33512
V584	0.39935	0.20544	0.26509	0.13012
V585	0.07456	0.10797	0.36481	0.45266
V586	0.21952	0.09381	0.51352	0.17314
V587	0.24224	0.09328	0.54054	0.12394
V588	0.48649	0.10862	0.07164	0.33325
V589	0.08379	0.68642	0.08782	0.14197
V590	0.07851	0.65424	0.17422	0.09303
V591	0.07795	0.13138	0.19582	0.59486
V592	0.16643	0.11476	0.6251	0.0937
V593	0.45836	0.0683	0.19456	0.27878
V594	0.27295	0.31129	0.28117	0.13459
V595	0.10186	0.11476	0.07289	0.71049
V596	0.08804	0.31632	0.20176	0.39388
V597	0.04302	0.52344	0.27666	0.15688
V598	0.06738	0.18547	0.6392	0.10795
V599	0.47924	0.33124	0.06907	0.12046
V600	0.2865	0.44736	0.081	0.18513
V601	0.17188	0.30681	0.10716	0.41416
V602	0.10234	0.11407	0.06776	0.71583
V603	0.07301	0.37726	0.05538	0.49436
V604	0.40017	0.17467	0.30068	0.12449
V605	0.10302	0.34788	0.31558	0.23353
V606	0.55459	0.19731	0.05547	0.19263
V607	0.50298	0.07997	0.13892	0.27813
V608	0.20578	0.22286	0.31239	0.25897
V609	0.08385	0.28539	0.20964	0.42111
V610	0.59077	0.07881	0.12796	0.20247
V611	0.2638	0.09212	0.0961	0.54798
V612	0.0756	0.16907	0.60599	0.14934
V613	0.0774	0.34568	0.45133	0.12559
V614	0.58133	0.11798	0.09111	0.20958
V615	0.16653	0.1346	0.06289	0.63597
V616	0.10305	0.60996	0.07103	0.21596
V617	0.37649	0.20891	0.32183	0.09276
V618	0.56744	0.06638	0.0465	0.31968
V619	0.31522	0.1097	0.28348	0.2916
V620	0.05028	0.58131	0.27513	0.09327
V621	0.33469	0.21233	0.17776	0.27523
V622	0.28912	0.26231	0.32675	0.12182
V623	0.08995	0.15952	0.15663	0.5939
V624	0.61777	0.2251	0.04101	0.11612
V625	0.22663	0.4592	0.11534	0.19883
V626	0.77354	0.06232	0.04858	0.11556
V627	0.08684	0.11606	0.10851	0.68859
V628	0.07531	0.26808	0.06416	0.59244
V629	0.14454	0.32116	0.23685	0.29744
V630	0.07777	0.34632	0.44436	0.13155
V631	0.08466	0.24931	0.12542	0.54061
V632	0.45747	0.06764	0.16132	0.31357
V633	0.05355	0.12386	0.63097	0.19162
V634	0.3182	0.29168	0.29117	0.09894
V635	0.06861	0.65037	0.04096	0.24006
V636	0.14358	0.17939	0.48712	0.18991
V637	0.26041	0.24724	0.11452	0.37782
V638	0.30102	0.29001	0.10078	0.30819
V639	0.23253	0.4124	0.26649	0.08858
V640	0.08046	0.21593	0.5683	0.13531
V641	0.69344	0.08608	0.07139	0.14909
V642	0.58915	0.21028	0.04122	0.15934
V643	0.06445	0.24995	0.35285	0.33275
V644	0.7189	0.11534	0.0516	0.11417
V645	0.22584	0.39835	0.26602	0.10979
V646	0.04837	0.81883	0.04097	0.09183
V647	0.15733	0.16299	0.53767	0.14201
V648	0.32178	0.41532	0.14497	0.11794
V649	0.07489	0.14671	0.63553	0.14287
V650	0.09614	0.16787	0.58615	0.14985
V651	0.27187	0.08252	0.54242	0.10319
V652	0.12628	0.17498	0.34887	0.34987
V653	0.13383	0.57688	0.11321	0.17608
V654	0.53007	0.23376	0.09276	0.14342
V655	0.08121	0.51797	0.05442	0.34639
V656	0.20175	0.30226	0.05457	0.44142
V657	0.09959	0.14993	0.06466	0.68582
V658	0.4553	0.2469	0.09283	0.20497
V659	0.27488	0.16357	0.30701	0.25454
V660	0.0627	0.79684	0.03426	0.1062
V661	0.10039	0.41161	0.08434	0.40366
V662	0.33377	0.09248	0.39281	0.18094
V663	0.21898	0.1502	0.44605	0.18477
V664	0.19573	0.14351	0.52456	0.1362
V665	0.52359	0.2262	0.07851	0.1717
V666	0.45751	0.06801	0.13336	0.34112
V667	0.60187	0.11864	0.18194	0.09756
V668	0.12793	0.68497	0.10144	0.08567
V669	0.20464	0.40138	0.22143	0.17256
V670	0.09858	0.76055	0.03488	0.106
V671	0.28897	0.30977	0.23215	0.16911
V672	0.06814	0.11512	0.69266	0.12408
V673	0.20764	0.37127	0.20751	0.21358
V674	0.54799	0.19126	0.0615	0.19925
V675	0.14982	0.34441	0.26475	0.24102
V676	0.09506	0.18842	0.12916	0.58735
V677	0.30161	0.39335	0.11723	0.18782
V678	0.40335	0.45094	0.04795	0.09776
V679	0.0853	0.33063	0.48132	0.10274
V680	0.25365	0.49641	0.14295	0.107
V681	0.70614	0.10679	0.05804	0.12904
V682	0.13009	0.3194	0.42562	0.1249
V683	0.0483	0.81797	0.04785	0.08588
V684	0.53226	0.20359	0.12044	0.14372
V685	0.37925	0.34978	0.13767	0.1333
V686	0.13206	0.24139	0.15643	0.47013
V687	0.10232	0.10835	0.0726	0.71673
V688	0.2989	0.47319	0.03629	0.19162
V689	0.24349	0.08578	0.09246	0.57827
V690	0.37338	0.11387	0.36094	0.15181
V691	0.16664	0.09164	0.64019	0.10154
V692	0.11056	0.20591	0.53467	0.14886
V693	0.21524	0.18343	0.30535	0.29599
V694	0.08022	0.12284	0.2588	0.53815
V695	0.2327	0.09429	0.16951	0.5035
V696	0.1303	0.16103	0.06781	0.64087
V697	0.09486	0.13421	0.06693	0.70401
V698	0.64377	0.0594	0.05858	0.23826
V699	0.42767	0.30497	0.09806	0.16931
V700	0.22864	0.10954	0.06013	0.60169
V701	0.1313	0.48193	0.12136	0.26541
V702	0.42289	0.14462	0.05899	0.37349
V703	0.15667	0.14036	0.38699	0.31598
V704	0.63476	0.09804	0.07071	0.19649
V705	0.76833	0.04188	0.06025	0.12954
V706	0.11252	0.1349	0.58768	0.1649
V707	0.07655	0.41438	0.38456	0.12451
V708	0.0705	0.73065	0.05137	0.14747
V709	0.14721	0.29578	0.40372	0.15329
V710	0.45585	0.24721	0.08537	0.21158
V711	0.10621	0.67231	0.108	0.11348
V712	0.63472	0.10505	0.04993	0.21031
V713	0.33765	0.3204	0.06978	0.27217
V714	0.05777	0.586	0.05341	0.30282
V715	0.2508	0.34434	0.25835	0.14652
V716	0.10528	0.1269	0.09037	0.67745
V717	0.09846	0.76682	0.03453	0.10019
V718	0.15139	0.50337	0.16788	0.17736
V719	0.09052	0.60954	0.06426	0.23567
V720	0.54598	0.06005	0.2314	0.16256
V721	0.14463	0.22716	0.37032	0.25789
V722	0.12766	0.35255	0.05388	0.46591
V723	0.15098	0.15917	0.06124	0.62861
V724	0.4496	0.09718	0.11907	0.33416
V725	0.05321	0.1704	0.65339	0.123
V726	0.08661	0.38273	0.13313	0.39753
V727	0.22876	0.56893	0.10896	0.09335
V728	0.06342	0.7367	0.10677	0.0931
V729	0.33419	0.09259	0.17602	0.39721
V730	0.7057	0.07723	0.088	0.12907
V731	0.07983	0.25622	0.31726	0.34669
V732	0.28988	0.15411	0.30119	0.25482
V733	0.48722	0.22945	0.07115	0.21218
V734	0.21204	0.32248	0.3694	0.09608
V735	0.07909	0.12281	0.38623	0.41187
V736	0.17554	0.10021	0.06433	0.65992
V737	0.26839	0.31207	0.21633	0.20321
V738	0.11014	0.34593	0.35058	0.19335
V739	0.06222	0.10748	0.47373	0.35657
V740	0.6516	0.12922	0.10646	0.11272
V741	0.37659	0.16872	0.14261	0.31207
V742	0.32318	0.54005	0.04756	0.08921
V743	0.14774	0.20278	0.53544	0.11404
V744	0.40666	0.10907	0.2973	0.18698
V745	0.05726	0.59893	0.16698	0.17683
V746	0.80057	0.03941	0.05066	0.10935
V747	0.10206	0.09711	0.54693	0.25389
V748	0.14489	0.17962	0.45113	0.22436
V749	0.24789	0.23102	0.08924	0.43185
V750	0.32261	0.43659	0.05458	0.18622
V751	0.07686	0.72401	0.06523	0.1339
V752	0.35416	0.26584	0.14726	0.23274
V753	0.0975	0.10816	0.06197	0.73237
V754	0.05063	0.77557	0.03408	0.13973
V755	0.16129	0.25014	0.28161	0.30696
V756	0.10069	0.10859	0.09035	0.70036
V757	0.27419	0.52149	0.08903	0.11528
V758	0.0774	0.6458	0.12749	0.14931
V759	0.15254	0.14893	0.32727	0.37126
V760	0.25599	0.14005	0.25014	0.35381
V761	0.09539	0.51537	0.23228	0.15695
V762	0.06642	0.38494	0.05512	0.49352
V763	0.30548	0.36097	0.06307	0.27047
V764	0.05057	0.76984	0.03967	0.13992
V765	0.51414	0.14572	0.04313	0.29701
V766	0.06675	0.34263	0.34427	0.24635
V767	0.37306	0.18546	0.22767	0.21381
V768	0.08291	0.75791	0.05219	0.10698
V769	0.14433	0.70014	0.05766	0.09788
V770	0.04837	0.81883	0.04097	0.09183
V771	0.17314	0.09909	0.61917	0.10859
V772	0.15048	0.12395	0.62431	0.10126
V773	0.15867	0.702	0.04122	0.09812
V774	0.06889	0.10119	0.70565	0.12426
V775	0.15034	0.13325	0.24946	0.46694
V776	0.33131	0.40599	0.08241	0.18029
V777	0.1851	0.18988	0.1513	0.47372
V778	0.40669	0.29873	0.09851	0.19607
V779	0.17918	0.12993	0.39519	0.29569
V780	0.1225	0.65818	0.13328	0.08604
V781	0.11353	0.11961	0.07853	0.68834
V782	0.05794	0.1943	0.59828	0.14948
V783	0.60576	0.07845	0.09191	0.22387
V784	0.11985	0.74248	0.04584	0.09183
V785	0.07056	0.77661	0.04654	0.10629
V786	0.54674	0.2014	0.1142	0.13766
V787	0.04274	0.71257	0.15232	0.09237
V788	0.38765	0.31637	0.16192	0.13406
V789	0.11318	0.37091	0.06508	0.45083
V790	0.36586	0.10476	0.11287	0.41651
V791	0.14757	0.37561	0.27051	0.20632
V792	0.14749	0.49037	0.04213	0.32001
V793	0.13477	0.57175	0.06383	0.22965
V794	0.08961	0.16051	0.59274	0.15715
V795	0.15116	0.13059	0.09853	0.61972
V796	0.07504	0.16105	0.64874	0.11516
V797	0.59717	0.05741	0.23164	0.11378
V798	0.47299	0.30984	0.10498	0.11218
V799	0.13903	0.65515	0.05729	0.14852
V800	0.1126	0.12088	0.40831	0.35821
V801	0.15856	0.19494	0.27646	0.37004
V802	0.09676	0.16924	0.24107	0.49293
V803	0.2011	0.47683	0.23452	0.08755
V804	0.41337	0.08677	0.34006	0.15979
V805	0.06253	0.10234	0.74014	0.09499
V806	0.07722	0.7564	0.04666	0.11973
V807	0.23491	0.21438	0.0781	0.47261
V808	0.50351	0.28939	0.078	0.1291
V809	0.0839	0.12215	0.69967	0.09427
V810	0.04835	0.82453	0.03539	0.09172
V811	0.33719	0.14944	0.20064	0.31273
V812	0.41501	0.28875	0.08583	0.21041
V813	0.45299	0.23409	0.19006	0.12286
V814	0.34247	0.48682	0.07524	0.09547
V815	0.04173	0.77201	0.09404	0.09222
V816	0.75278	0.0419	0.10402	0.1013
V817	0.07545	0.15395	0.66177	0.10883
V818	0.08674	0.13562	0.08482	0.69282
V819	0.63755	0.13124	0.09077	0.14044
V820	0.16279	0.1724	0.07306	0.59175
V821	0.19853	0.33186	0.31684	0.15276
V822	0.10536	0.11251	0.666	0.11614
V823	0.07383	0.24682	0.51095	0.1684
V824	0.11381	0.3747	0.42341	0.08808
V825	0.2038	0.31762	0.22174	0.25684
V826	0.33756	0.39861	0.16115	0.10268
V827	0.30297	0.53455	0.0466	0.11589
V828	0.21112	0.22793	0.12852	0.43243
V829	0.09751	0.28531	0.07739	0.53979
V830	0.21085	0.27146	0.06822	0.44946
V831	0.58816	0.14295	0.0746	0.1943
V832	0.22885	0.39278	0.16442	0.21396
V833	0.15289	0.46685	0.16886	0.21141
V834	0.25933	0.15357	0.112	0.4751
V835	0.28594	0.42548	0.12944	0.15914
V836	0.05804	0.59155	0.04178	0.30863
V837	0.20049	0.38006	0.17744	0.24201
V838	0.736	0.08194	0.07461	0.10745
V839	0.25154	0.53885	0.11587	0.09374
V840	0.2477	0.62417	0.04087	0.08727
V841	0.05344	0.13162	0.67132	0.14362
V842	0.28809	0.22518	0.23365	0.25308
V843	0.06672	0.11465	0.6595	0.15913
V844	0.14299	0.173	0.31338	0.37063
V845	0.10273	0.18361	0.56398	0.14967
V846	0.05779	0.10986	0.57987	0.25247
V847	0.09194	0.10195	0.06832	0.7378
V848	0.11538	0.4693	0.16362	0.25171
V849	0.04177	0.79821	0.04062	0.11939
V850	0.7824	0.04092	0.06073	0.11595
V851	0.27529	0.48726	0.14998	0.08747
V852	0.14796	0.13898	0.15021	0.56285
V853	0.21674	0.26829	0.32606	0.18892
V854	0.4493	0.21827	0.12679	0.20564
V855	0.09194	0.10195	0.06832	0.7378
V856	0.08778	0.36395	0.28725	0.26102
V857	0.51088	0.21979	0.07087	0.19846
V858	0.44231	0.07562	0.37832	0.10376
V859	0.49878	0.26533	0.05869	0.1772
V860	0.19431	0.18731	0.09335	0.52504
V861	0.11462	0.35982	0.42358	0.10198
V862	0.1488	0.16372	0.5518	0.13568
V863	0.20706	0.13891	0.05456	0.59948
V864	0.1248	0.12568	0.09495	0.65457
V865	0.15264	0.10263	0.24337	0.50136
V866	0.56603	0.07619	0.24475	0.11303
V867	0.56606	0.08403	0.24456	0.10534
V868	0.38945	0.3019	0.14539	0.16327
V869	0.0563	0.81144	0.04024	0.09201
V870	0.13595	0.35294	0.05916	0.45195
V871	0.04177	0.79821	0.04062	0.11939
V872	0.08305	0.11635	0.23009	0.57052
V873	0.69144	0.07746	0.09511	0.13599
V874	0.18222	0.67374	0.05799	0.08605
V875	0.08007	0.25344	0.19066	0.47583
V876	0.16195	0.34222	0.32975	0.16608
V877	0.08747	0.39623	0.24877	0.26754
V878	0.13645	0.69033	0.08749	0.08573
V879	0.17807	0.59608	0.07053	0.15532
V880	0.25486	0.49959	0.04113	0.20441
V881	0.16221	0.13105	0.46738	0.23936
V882	0.62048	0.05237	0.15675	0.1704
V883	0.24431	0.24046	0.42286	0.09236
V884	0.08549	0.30717	0.04618	0.56116
V885	0.55057	0.2405	0.11361	0.09532
V886	0.06223	0.37228	0.36607	0.19942
V887	0.48378	0.12872	0.17212	0.21538
V888	0.12837	0.13339	0.56681	0.17143
V889	0.72129	0.09108	0.06637	0.12126
V890	0.08369	0.21574	0.47069	0.22988
V891	0.48203	0.11222	0.26747	0.13829
V892	0.24809	0.23683	0.05741	0.45767
V893	0.43812	0.25009	0.16274	0.14904
V894	0.09889	0.33014	0.44579	0.12518
V895	0.45337	0.13168	0.20055	0.21439
V896	0.07045	0.78267	0.04062	0.10626
V897	0.52646	0.27663	0.04713	0.14978
V898	0.38152	0.07328	0.05657	0.48864
V899	0.08834	0.25106	0.15127	0.50933
V900	0.11234	0.32374	0.29457	0.26935
V901	0.07274	0.70111	0.03962	0.18652
V902	0.07657	0.75657	0.0747	0.09216
V903	0.05157	0.40947	0.4081	0.13086
V904	0.05638	0.8167	0.03504	0.09188
V905	0.17705	0.09191	0.18288	0.54816
V906	0.32327	0.16514	0.12972	0.38186
V907	0.33497	0.47308	0.05483	0.13712
V908	0.09104	0.13637	0.10642	0.66617
V909	0.13795	0.68103	0.03299	0.14802
V910	0.18493	0.09164	0.14489	0.57854
V911	0.3932	0.38491	0.06779	0.1541
V912	0.30473	0.34039	0.13844	0.21644
V913	0.15636	0.09509	0.06605	0.6825
V914	0.17331	0.45542	0.24916	0.12211
V915	0.22389	0.08796	0.0618	0.62634
V916	0.22547	0.13354	0.50456	0.13643
V917	0.54427	0.09099	0.1817	0.18303
V918	0.08059	0.55305	0.20347	0.1629
V919	0.19052	0.27878	0.25305	0.27765
V920	0.46224	0.23984	0.12006	0.17786
V921	0.09712	0.22403	0.07636	0.6025
V922	0.11844	0.43685	0.31473	0.12998
V923	0.13296	0.11119	0.08988	0.66596
V924	0.07164	0.58037	0.23303	0.11496
V925	0.19321	0.11932	0.0677	0.61977
V926	0.2082	0.1115	0.07905	0.60126
V927	0.09848	0.12766	0.09592	0.67794
V928	0.07644	0.74392	0.03943	0.14021
V929	0.08906	0.55971	0.13379	0.21744
V930	0.38667	0.37041	0.06832	0.1746
V931	0.14717	0.30375	0.39589	0.15319
V932	0.08517	0.19216	0.46434	0.25833
V933	0.46008	0.38467	0.05108	0.10417
V934	0.07296	0.22349	0.24059	0.46295
V935	0.42451	0.2128	0.20506	0.15763
V936	0.40029	0.29822	0.0574	0.24409
V937	0.41408	0.18755	0.11583	0.28255
V938	0.3067	0.12693	0.27534	0.29103
V939	0.57687	0.08039	0.11149	0.23125
V940	0.06322	0.66817	0.14772	0.12089
V941	0.05667	0.10225	0.73901	0.10207
V942	0.56004	0.22345	0.10067	0.11584
V943	0.3153	0.18923	0.35246	0.14301
V944	0.08196	0.3023	0.09619	0.51954
V945	0.42463	0.3579	0.04941	0.16806
V946	0.34917	0.28893	0.23336	0.12854
V947	0.13002	0.14301	0.2144	0.51256
V948	0.28631	0.10479	0.49263	0.11627
V949	0.07168	0.19251	0.19423	0.54158
V950	0.09098	0.48718	0.19003	0.23181
V951	0.64851	0.06646	0.17778	0.10725
V952	0.11622	0.20562	0.23341	0.44476
V953	0.06738	0.13931	0.66953	0.12378
V954	0.09527	0.24329	0.15131	0.51013
V955	0.13663	0.53269	0.05957	0.27111
V956	0.09113	0.12164	0.40889	0.37834
V957	0.29203	0.09597	0.05258	0.55942
V958	0.09801	0.1013	0.06338	0.73732
V959	0.20715	0.29149	0.34716	0.1542
V960	0.21318	0.30415	0.10748	0.37519
V961	0.1458	0.38197	0.28626	0.18597
V962	0.29118	0.22387	0.32825	0.1567
V963	0.44732	0.21794	0.17036	0.16438
V964	0.64788	0.08296	0.13413	0.13504
V965	0.0926	0.46516	0.17545	0.26678
V966	0.77495	0.05491	0.0542	0.11594
V967	0.10401	0.13642	0.4158	0.34377
V968	0.05027	0.2176	0.58258	0.14954
V969	0.0764	0.31731	0.07563	0.53065
V970	0.08981	0.20115	0.3402	0.36884
V971	0.38702	0.15229	0.29479	0.1659
V972	0.38841	0.24538	0.08538	0.28084
V973	0.23024	0.40606	0.10224	0.26146
V974	0.05001	0.66126	0.13393	0.1548
V975	0.12331	0.31269	0.46774	0.09626
V976	0.33819	0.28281	0.13355	0.24545
V977	0.26423	0.35829	0.28165	0.09582
V978	0.12026	0.17128	0.1035	0.60497
V979	0.62644	0.07124	0.19504	0.10729
V980	0.80057	0.03941	0.05066	0.10935
V981	0.28314	0.11345	0.36175	0.24166
V982	0.33815	0.38999	0.10428	0.16758
V983	0.53771	0.12126	0.05031	0.29072
V984	0.05676	0.70373	0.11924	0.12027
V985	0.12298	0.24498	0.05453	0.57751
V986	0.26382	0.4791	0.07958	0.1775
V987	0.21153	0.64759	0.03424	0.10664
V988	0.21552	0.10413	0.06669	0.61366
V989	0.34473	0.44292	0.10318	0.10918
V990	0.05319	0.13931	0.60224	0.20526
V991	0.49843	0.35688	0.03961	0.10508
V992	0.20172	0.0953	0.42019	0.28279
V993	0.09185	0.61966	0.16056	0.12793
V994	0.17568	0.66782	0.05808	0.09841
V995	0.55678	0.16115	0.07442	0.20764
V996	0.24395	0.19058	0.05979	0.50568
V997	0.06966	0.1084	0.62981	0.19213
V998	0.67895	0.06275	0.10939	0.14892
V999	0.12715	0.74711	0.03389	0.09186
V1000	0.27839	0.10426	0.05239	0.56497
