CD14.pos.CD16.neg.classical.monocyte	mature.neutrophil	memory.B.cell	cytotoxic.CD56.dim.NK.cell	memory.CD4.pos.AB.T.cell	macrophage
V1	0.14048	0.02069	0.65366	0	0.13925	0.04592
V2	0.44089	0.09078	0.09166	0.08449	0.20855	0.08363
V3	0.25755	0.05756	0.22456	0.01328	0.15843	0.28863
V4	0.25248	0.28656	0.08393	0.07647	0.21176	0.08879
V5	0.09513	0.03529	0.04392	0.44644	0.34566	0.03356
V6	0.25143	0.02924	0.19331	0.04268	0.25813	0.22521
V7	0.13353	0.25604	0.07185	0.03612	0.45786	0.0446
V8	0.51357	0.0463	0.09769	0.09207	0.13984	0.11052
V9	0.28211	0.11994	0.06822	0.20303	0.17188	0.15482
V10	0.36355	0.03591	0.1064	0.24905	0.16327	0.08183
V11	0.18964	0.47049	0.0975	0.03025	0.16568	0.04644
V12	0.27101	0.03922	0.11919	0.02822	0.16927	0.37309
V13	0.16639	0.33221	0.2816	0.02329	0.15157	0.04493
V14	0.13192	0.01682	0.04879	0.59561	0.16593	0.04093
V15	0.38309	0.0641	0.07972	0.09999	0.27789	0.0952
V16	0.1258	0.01582	0.05823	0.30804	0.3972	0.09492
V17	0.25761	0.045	0.18624	0.01648	0.15796	0.33672
V18	0.53031	0.10648	0.10548	0.02646	0.13433	0.09694
V19	0.44204	0.05015	0.21249	0.0128	0.1946	0.08791
V20	0.46419	0.05609	0.14425	0.08963	0.13949	0.10634
V21	0.27694	0.04604	0.09194	0.02939	0.19535	0.36034
V22	0.19769	0.0486	0.07621	0.06876	0.54279	0.06595
V23	0.11185	0.01923	0.30799	0.01763	0.50455	0.03874
V24	0.17387	0.02127	0.06694	0.10428	0.56703	0.06661
V25	0.37386	0.18846	0.08158	0.10849	0.16959	0.07802
V26	0.25261	0.0274	0.08292	0.02173	0.55714	0.05819
V27	0.23814	0.03106	0.20629	0.02241	0.165	0.3371
V28	0.17814	0.17686	0.17734	0.17586	0.17201	0.11979
V29	0.17666	0.37405	0.14371	0.06578	0.15063	0.08916
V30	0.24626	0.14708	0.15403	0.01634	0.29811	0.13818
V31	0.48098	0.03321	0.21544	0.02613	0.13144	0.11281
V32	0.09475	0.0185	0.29541	0.38612	0.15223	0.05298
V33	0.25763	0.26433	0.23804	0.02469	0.14198	0.07334
V34	0.07153	0.01061	0.4302	0.01912	0.4282	0.04034
V35	0.09684	0.04339	0.18027	0.38692	0.24312	0.04946
V36	0.17437	0.31023	0.15792	0.02416	0.2815	0.05183
V37	0.11634	0.02034	0.61857	0.00029	0.14536	0.0991
V38	0.25535	0.02543	0.18083	0.01754	0.16011	0.36074
V39	0.43576	0.04035	0.08259	0.20704	0.14182	0.09245
V40	0.16691	0.31636	0.08007	0.12523	0.23256	0.07885
V41	0.51035	0.03617	0.11051	0.01954	0.14424	0.17919
V42	0.24464	0.02749	0.45463	0.00034	0.17069	0.10221
V43	0.23585	0.26043	0.08366	0.04019	0.3011	0.07877
V44	0.19503	0.47635	0.0941	0.02603	0.15647	0.05202
V45	0.35647	0.21384	0.11752	0.03126	0.15468	0.12623
V46	0.14264	0.01912	0.0706	0.21882	0.39641	0.15241
V47	0.15869	0.26846	0.07312	0.12098	0.31123	0.06752
V48	0.15535	0.37587	0.20803	0.01646	0.20409	0.04021
V49	0.18446	0.45274	0.09119	0.02523	0.20053	0.04584
V50	0.08239	0.01176	0.26165	0.02032	0.55881	0.06507
V51	0.06944	0.01122	0.07036	0.03343	0.77746	0.03809
V52	0.15551	0.34201	0.24958	0.03731	0.16984	0.04575
V53	0.16498	0.01572	0.13525	0.03998	0.59811	0.04596
V54	0.13249	0.09175	0.46647	0.03439	0.20099	0.0739
V55	0.07371	0.03583	0.15041	0.04045	0.66237	0.03724
V56	0.07818	0.03539	0.60168	0.07886	0.17254	0.03334
V57	0.22794	0.2372	0.10816	0.01924	0.23932	0.16814
V58	0.08938	0.01828	0.68396	0.00552	0.14639	0.05649
V59	0.11922	0.01013	0.03616	0.6115	0.18657	0.03641
V60	0.38177	0.02308	0.07276	0.30352	0.14446	0.07441
V61	0.30566	0.09955	0.08039	0.13596	0.1921	0.18634
V62	0.39534	0.04059	0.1325	0.09879	0.2026	0.13017
V63	0.20146	0.3188	0.08643	0.07545	0.16292	0.15494
V64	0.0821	0.07907	0.06937	0.02515	0.70636	0.03795
V65	0.41548	0.10511	0.10817	0.03207	0.17211	0.16706
V66	0.36537	0.03968	0.16696	0.02876	0.32342	0.07581
V67	0.14704	0.10959	0.27973	0.18321	0.15342	0.12701
V68	0.57428	0.03858	0.10624	0.04577	0.13125	0.10388
V69	0.44777	0.04634	0.09398	0.02068	0.1641	0.22713
V70	0.1082	0.01172	0.20502	0.43196	0.20505	0.03805
V71	0.14555	0.17415	0.08988	0.09279	0.3915	0.10614
V72	0.43114	0.09809	0.13957	0.02978	0.17949	0.12193
V73	0.12168	0.00524	0.10846	0.54227	0.18231	0.04005
V74	0.10819	0.0987	0.04997	0.54059	0.16938	0.03317
V75	0.17782	0.47423	0.08578	0.04136	0.17607	0.04474
V76	0.08264	0.01133	0.57607	0.01849	0.2729	0.03856
V77	0.16321	0.09631	0.12353	0.38957	0.15613	0.07124
V78	0.39375	0.0963	0.11923	0.10473	0.15105	0.13494
V79	0.21915	0.33428	0.09352	0.02103	0.15286	0.17916
V80	0.2119	0.34741	0.08708	0.02741	0.16357	0.16263
V81	0.4954	0.0889	0.14512	0.02372	0.14547	0.10138
V82	0.17099	0.43117	0.08606	0.05155	0.21177	0.04845
V83	0.18614	0.10485	0.07312	0.29767	0.25662	0.0816
V84	0.29267	0.0244	0.124	0.31491	0.16676	0.07726
V85	0.5527	0.03749	0.1557	0.02339	0.13009	0.10062
V86	0.25844	0.03851	0.15664	0.22778	0.15915	0.15948
V87	0.09918	0.0148	0.05203	0.62499	0.16925	0.03975
V88	0.16985	0.03112	0.05594	0.38609	0.20138	0.15562
V89	0.17161	0.12158	0.38528	0.01031	0.14572	0.16549
V90	0.18178	0.38241	0.16366	0.02426	0.19291	0.05498
V91	0.09731	0.01735	0.09607	0.09699	0.64549	0.04679
V92	0.08085	0.05453	0.07463	0.03123	0.71441	0.04436
V93	0.23888	0.05992	0.07881	0.09034	0.33758	0.19447
V94	0.08753	0.01005	0.23303	0.48046	0.15664	0.03229
V95	0.07057	0.01558	0.28633	0.09489	0.49962	0.03301
V96	0.16519	0.2381	0.08286	0.05347	0.35301	0.10737
V97	0.07026	0.01659	0.07317	0.07228	0.73337	0.03433
V98	0.11488	0.05262	0.04558	0.52348	0.2255	0.03794
V99	0.0965	0.01388	0.03965	0.64092	0.1759	0.03315
V100	0.08616	0.01475	0.39298	0.19634	0.25602	0.05375
V101	0.12392	0.22982	0.37418	0.07631	0.15016	0.04561
V102	0.53879	0.04269	0.16725	0.02285	0.12994	0.09848
V103	0.45813	0.04266	0.0955	0.13212	0.17245	0.09913
V104	0.10564	0.00509	0.20224	0.47757	0.1684	0.04106
V105	0.26761	0.02645	0.14122	0.0205	0.16256	0.38166
V106	0.1439	0.01694	0.51073	0	0.15279	0.17564
V107	0.18764	0.37175	0.23349	0.01469	0.14776	0.04467
V108	0.21829	0.0426	0.10373	0.02721	0.31333	0.29482
V109	0.22977	0.03067	0.08728	0.02187	0.30285	0.32755
V110	0.12233	0.11511	0.56069	0	0.14749	0.05438
V111	0.0765	0.0237	0.69642	0.0057	0.15986	0.03781
V112	0.14037	0.1986	0.04851	0.40759	0.16494	0.03999
V113	0.096	0.06948	0.51671	0.02626	0.2497	0.04185
V114	0.16506	0.01375	0.52817	0.10305	0.14197	0.048
V115	0.36505	0.06659	0.09721	0.04007	0.24137	0.18972
V116	0.56525	0.03781	0.10418	0.05855	0.13162	0.10259
V117	0.39013	0.03383	0.08079	0.08732	0.32893	0.079
V118	0.16578	0.3896	0.14987	0.04257	0.19971	0.05248
V119	0.18136	0.45635	0.09384	0.05084	0.15981	0.0578
V120	0.15996	0.1328	0.12795	0.30494	0.21807	0.05629
V121	0.31341	0.02893	0.07601	0.21813	0.14877	0.21475
V122	0.2618	0.02698	0.05821	0.4196	0.17767	0.05574
V123	0.32998	0.03332	0.08248	0.05636	0.25599	0.24187
V124	0.07398	0.01091	0.27892	0.02039	0.57806	0.03773
V125	0.11285	0.10889	0.52219	0.04521	0.14378	0.06708
V126	0.23447	0.1849	0.11881	0.0258	0.1623	0.27372
V127	0.10231	0.01132	0.62945	0.06391	0.1524	0.04061
V128	0.29325	0.17206	0.14748	0.12652	0.18995	0.07073
V129	0.07911	0.02308	0.65411	0.04916	0.15368	0.04086
V130	0.38596	0.09794	0.08069	0.1909	0.16286	0.08165
V131	0.10942	0.01361	0.08764	0.03586	0.65826	0.0952
V132	0.14173	0.28588	0.3419	0.00805	0.18005	0.04239
V133	0.13089	0.13254	0.45359	0.06178	0.1798	0.0414
V134	0.23963	0.36771	0.08951	0.02831	0.20872	0.06611
V135	0.12617	0.02053	0.58237	0	0.18232	0.08861
V136	0.20257	0.403	0.13133	0.03242	0.17708	0.0536
V137	0.11142	0.11412	0.45024	0.0159	0.27199	0.03633
V138	0.19154	0.0147	0.06867	0.30786	0.22208	0.19516
V139	0.13987	0.04905	0.17718	0.02295	0.45011	0.16083
V140	0.42198	0.15915	0.11775	0.06922	0.1427	0.08919
V141	0.24711	0.17434	0.1527	0.19277	0.1667	0.06638
V142	0.22158	0.40035	0.09302	0.06207	0.15101	0.07196
V143	0.12526	0.05163	0.50012	0.05527	0.21548	0.05223
V144	0.23904	0.13023	0.08638	0.10954	0.16146	0.27335
V145	0.09987	0.00264	0.04526	0.64502	0.1643	0.04291
V146	0.14967	0.02202	0.12199	0.02679	0.60518	0.07434
V147	0.38268	0.07316	0.16407	0.0498	0.14194	0.18836
V148	0.10269	0.12566	0.5881	0	0.14176	0.04179
V149	0.22028	0.30524	0.08009	0.0401	0.15417	0.20012
V150	0.0996	0.00255	0.03413	0.64114	0.1888	0.03378
V151	0.22979	0.26106	0.08084	0.02804	0.17229	0.22798
V152	0.14179	0.15864	0.36289	0.03194	0.23883	0.06591
V153	0.08194	0.03395	0.49865	0.18155	0.16762	0.03629
V154	0.37196	0.15691	0.09563	0.01979	0.14635	0.20936
V155	0.14626	0.2308	0.13176	0.01877	0.41076	0.06166
V156	0.13032	0.29207	0.07959	0.02374	0.4356	0.03869
V157	0.19672	0.08856	0.09411	0.21543	0.16716	0.23803
V158	0.09333	0.05015	0.67215	0	0.14197	0.04241
V159	0.18712	0.1584	0.29119	0.12903	0.17354	0.06073
V160	0.09349	0.01232	0.68115	0	0.14566	0.06739
V161	0.14376	0.29456	0.06109	0.24025	0.22156	0.03878
V162	0.15582	0.32122	0.07016	0.10666	0.29452	0.05162
V163	0.08614	0.01156	0.71634	0	0.14343	0.04252
V164	0.125	0.22408	0.31594	0.08575	0.20621	0.04301
V165	0.10373	0.0258	0.09357	0.03552	0.66028	0.0811
V166	0.14703	0.02133	0.0637	0.12799	0.47212	0.16783
V167	0.08834	0.00599	0.34283	0.356	0.17046	0.03637
V168	0.46428	0.0361	0.08635	0.18603	0.13412	0.09311
V169	0.09261	0.01561	0.54732	0.14537	0.15412	0.04498
V170	0.3352	0.04086	0.13863	0.22171	0.18978	0.07382
V171	0.24278	0.28975	0.09405	0.02074	0.16306	0.18962
V172	0.14136	0.05854	0.43608	0.12828	0.15123	0.0845
V173	0.10301	0.02587	0.62206	0	0.15705	0.09201
V174	0.43326	0.09137	0.09511	0.02612	0.271	0.08314
V175	0.18764	0.38338	0.1637	0.03057	0.18735	0.04736
V176	0.0739	0.01145	0.71677	0	0.15995	0.03792
V177	0.18541	0.07077	0.29682	0.02903	0.2723	0.14566
V178	0.0871	0.03683	0.09399	0.02326	0.71304	0.04578
V179	0.12037	0.00735	0.07388	0.458	0.2358	0.1046
V180	0.24736	0.0227	0.19131	0.28891	0.14332	0.1064
V181	0.38735	0.09691	0.12763	0.0637	0.18949	0.13491
V182	0.09625	0.06936	0.59809	0.04288	0.1448	0.04861
V183	0.10535	0.00257	0.03919	0.65538	0.16317	0.03435
V184	0.32374	0.25112	0.09089	0.03943	0.22373	0.07109
V185	0.2056	0.31772	0.09607	0.02695	0.24273	0.11092
V186	0.07754	0.00714	0.48655	0.23967	0.15643	0.03266
V187	0.28132	0.29516	0.08423	0.03426	0.24319	0.06184
V188	0.22861	0.35064	0.08796	0.03999	0.15243	0.14037
V189	0.10514	0.05809	0.19265	0.03595	0.51718	0.09099
V190	0.12677	0.12644	0.07426	0.03545	0.53085	0.10622
V191	0.20995	0.35065	0.08181	0.02798	0.16442	0.1652
V192	0.38867	0.15913	0.14795	0.03584	0.1787	0.08971
V193	0.26035	0.10326	0.09054	0.02888	0.16873	0.34824
V194	0.08252	0.02287	0.08268	0.10468	0.66259	0.04467
V195	0.07887	0.01012	0.57215	0.06742	0.23382	0.03762
V196	0.09477	0.00264	0.05287	0.61839	0.19494	0.03639
V197	0.19559	0.0178	0.09185	0.02842	0.60933	0.05702
V198	0.18323	0.24826	0.09753	0.11997	0.29713	0.05387
V199	0.11326	0.15242	0.13816	0.09078	0.46329	0.04209
V200	0.12717	0.01754	0.45676	0.16529	0.15289	0.08034
V201	0.10667	0.00295	0.03337	0.64666	0.16341	0.04694
V202	0.15253	0.05584	0.3666	0.03269	0.25379	0.13854
V203	0.40599	0.04383	0.07765	0.25339	0.13765	0.08148
V204	0.24957	0.05461	0.10489	0.13989	0.16198	0.28906
V205	0.0822	0.02409	0.70347	0.0051	0.14666	0.03848
V206	0.09916	0.0345	0.12004	0.53011	0.1828	0.03339
V207	0.31807	0.13194	0.10165	0.18438	0.15971	0.10425
V208	0.30413	0.07381	0.34297	0.03995	0.17235	0.0668
V209	0.2909	0.29314	0.08377	0.04515	0.15313	0.13391
V210	0.14154	0.02703	0.64643	0	0.13904	0.04597
V211	0.38356	0.04808	0.15712	0.02251	0.24789	0.14084
V212	0.12215	0.17327	0.19717	0.27171	0.19154	0.04416
V213	0.10492	0.05665	0.25744	0.03322	0.50756	0.04021
V214	0.52462	0.04756	0.11287	0.05809	0.15729	0.09957
V215	0.21034	0.37622	0.08112	0.04586	0.15292	0.13354
V216	0.20073	0.30076	0.27482	0.01752	0.15613	0.05005
V217	0.24153	0.02072	0.10519	0.08289	0.34825	0.20143
V218	0.15277	0.20003	0.05614	0.38228	0.17004	0.03873
V219	0.53533	0.03753	0.11171	0.01964	0.14187	0.15392
V220	0.15246	0.01245	0.05036	0.58062	0.15732	0.04679
V221	0.20523	0.41174	0.10249	0.07259	0.15664	0.05131
V222	0.15212	0.1825	0.09425	0.12372	0.39093	0.05649
V223	0.18447	0.20566	0.25538	0.01685	0.16473	0.17291
V224	0.07218	0.01105	0.36029	0.0094	0.51292	0.03416
V225	0.30492	0.03436	0.1007	0.02916	0.16193	0.36893
V226	0.24182	0.049	0.2079	0.20733	0.22045	0.07349
V227	0.43801	0.02867	0.08514	0.17609	0.14347	0.12862
V228	0.17866	0.16004	0.38342	0.0442	0.16598	0.06771
V229	0.1794	0.02018	0.31669	0.18399	0.23706	0.06269
V230	0.12117	0.11533	0.56768	0.00247	0.14242	0.05093
V231	0.12497	0.01636	0.0427	0.60013	0.17892	0.03693
V232	0.33802	0.02998	0.0705	0.22349	0.15214	0.18587
V233	0.52942	0.04167	0.1129	0.06467	0.14508	0.10625
V234	0.33925	0.02567	0.08125	0.0339	0.44359	0.07633
V235	0.14104	0.00574	0.05601	0.58103	0.17065	0.04553
V236	0.12762	0.01494	0.20434	0.0291	0.50364	0.12037
V237	0.08066	0.0102	0.63962	0.07119	0.16038	0.03795
V238	0.43657	0.03093	0.11838	0.07957	0.16444	0.17011
V239	0.37427	0.04513	0.15518	0.11078	0.2203	0.09434
V240	0.10393	0.15991	0.06396	0.10718	0.52691	0.03812
V241	0.39547	0.12271	0.08523	0.14238	0.16877	0.08544
V242	0.28781	0.05465	0.10429	0.14466	0.20874	0.19984
V243	0.1333	0.24611	0.3749	0.03773	0.16685	0.04112
V244	0.183	0.03155	0.07915	0.02179	0.53244	0.15206
V245	0.50466	0.03591	0.10373	0.01989	0.15116	0.18466
V246	0.09121	0.03895	0.21393	0.27594	0.33994	0.04002
V247	0.29897	0.0745	0.0802	0.15276	0.16393	0.22963
V248	0.2294	0.03609	0.0649	0.17803	0.41896	0.07262
V249	0.2372	0.12071	0.33011	0.06654	0.14015	0.10528
V250	0.10363	0.01424	0.0395	0.64245	0.16304	0.03715
V251	0.15822	0.33887	0.16595	0.13663	0.1548	0.04553
V252	0.09577	0.00911	0.06623	0.59517	0.19402	0.03969
V253	0.16469	0.05125	0.06045	0.3035	0.24728	0.17282
V254	0.13542	0.17143	0.11643	0.15046	0.36263	0.06362
V255	0.31015	0.20198	0.12905	0.06229	0.18507	0.11145
V256	0.18256	0.47528	0.08719	0.0307	0.17146	0.05281
V257	0.15324	0.25988	0.09505	0.04015	0.384	0.06768
V258	0.12675	0.15227	0.14595	0.37961	0.1505	0.04492
V259	0.14907	0.33741	0.29337	0.02274	0.14695	0.05046
V260	0.15398	0.04151	0.08274	0.03534	0.59144	0.09499
V261	0.36928	0.04093	0.10775	0.04603	0.29006	0.14596
V262	0.12203	0.02001	0.62808	0.0012	0.1885	0.04018
V263	0.09876	0.04817	0.50259	0.15292	0.15284	0.04472
V264	0.41787	0.04318	0.15836	0.04269	0.18277	0.15513
V265	0.09072	0.01175	0.06951	0.04511	0.74251	0.04039
V266	0.29988	0.05364	0.09971	0.02856	0.16689	0.35132
V267	0.23972	0.39399	0.08313	0.07388	0.15539	0.05389
V268	0.57309	0.03923	0.10198	0.02687	0.13354	0.12529
V269	0.11075	0.03534	0.12762	0.51358	0.17478	0.03792
V270	0.27897	0.2963	0.10129	0.03334	0.22581	0.06429
V271	0.20314	0.1063	0.25189	0.02474	0.16354	0.2504
V272	0.09197	0.01155	0.0654	0.08538	0.67611	0.06959
V273	0.10841	0.0123	0.10368	0.0833	0.63071	0.0616
V274	0.22965	0.02971	0.19502	0.05841	0.16408	0.32313
V275	0.46443	0.14445	0.09984	0.03267	0.14327	0.11534
V276	0.22464	0.18213	0.13023	0.0773	0.18083	0.20487
V277	0.37719	0.04237	0.09341	0.027	0.24422	0.21582
V278	0.1708	0.08871	0.13017	0.18718	0.36627	0.05687
V279	0.24655	0.05594	0.21954	0.05506	0.16263	0.26027
V280	0.15838	0.00676	0.04498	0.57598	0.16299	0.05091
V281	0.18215	0.46435	0.10557	0.04552	0.15491	0.0475
V282	0.0874	0.03579	0.07247	0.07158	0.69064	0.04211
V283	0.12894	0.27397	0.07283	0.03006	0.45019	0.04401
V284	0.1303	0.07458	0.27405	0.24868	0.17964	0.09275
V285	0.10371	0.01428	0.03387	0.64181	0.16911	0.03722
V286	0.44398	0.04762	0.13796	0.15012	0.13336	0.08696
V287	0.08791	0.01725	0.09024	0.08425	0.66149	0.05887
V288	0.22563	0.19472	0.09029	0.02689	0.2393	0.22317
V289	0.08746	0.06811	0.56736	0.07252	0.16417	0.04038
V290	0.0918	0.0041	0.20048	0.49694	0.1642	0.04249
V291	0.11559	0.02179	0.03509	0.61807	0.16782	0.04164
V292	0.17967	0.06503	0.06031	0.41528	0.23246	0.04725
V293	0.07657	0.04202	0.09325	0.03028	0.71703	0.04084
V294	0.37173	0.04705	0.08344	0.03324	0.33936	0.12519
V295	0.30996	0.02848	0.10179	0.02223	0.16832	0.36922
V296	0.15244	0.23932	0.12093	0.20518	0.19313	0.089
V297	0.26909	0.07209	0.08588	0.0298	0.17168	0.37147
V298	0.17148	0.43	0.17834	0.02483	0.15181	0.04353
V299	0.17171	0.06756	0.56337	0.00239	0.14604	0.04892
V300	0.48123	0.10005	0.11985	0.02505	0.13679	0.13702
V301	0.36751	0.2548	0.12458	0.0316	0.14734	0.07418
V302	0.12703	0.18058	0.0966	0.36243	0.1889	0.04447
V303	0.16458	0.39987	0.12247	0.03253	0.23252	0.04804
V304	0.08463	0.0118	0.0889	0.02433	0.75054	0.0398
V305	0.13494	0.01676	0.17698	0.32183	0.21925	0.13023
V306	0.37039	0.09346	0.08888	0.02773	0.15041	0.26913
V307	0.18017	0.02312	0.07795	0.03563	0.60205	0.08107
V308	0.09659	0.00773	0.03319	0.65845	0.17072	0.03332
V309	0.15011	0.31852	0.06579	0.26742	0.15384	0.04432
V310	0.1879	0.24705	0.25333	0.01767	0.15891	0.13515
V311	0.4168	0.03279	0.09865	0.02741	0.14852	0.27583
V312	0.15886	0.01763	0.05594	0.27606	0.43485	0.05666
V313	0.33509	0.03482	0.08579	0.05717	0.15641	0.33073
V314	0.23583	0.0182	0.05335	0.48599	0.15469	0.05193
V315	0.23112	0.39769	0.09131	0.02344	0.18816	0.06829
V316	0.30083	0.03278	0.09443	0.07743	0.16991	0.32463
V317	0.14397	0.00769	0.04761	0.50489	0.18907	0.10678
V318	0.0994	0.00904	0.05812	0.62735	0.16337	0.04273
V319	0.29385	0.13311	0.23996	0.11103	0.14414	0.07792
V320	0.23942	0.13851	0.29271	0.0887	0.14598	0.09467
V321	0.16139	0.37195	0.06687	0.20105	0.15857	0.04017
V322	0.10927	0.01361	0.13357	0.03326	0.61363	0.09667
V323	0.13145	0.18626	0.05521	0.27836	0.30915	0.03956
V324	0.15026	0.03964	0.09202	0.1733	0.41905	0.12574
V325	0.20918	0.45721	0.10368	0.0247	0.15362	0.05162
V326	0.23852	0.41601	0.09862	0.02403	0.16635	0.05647
V327	0.12822	0.01353	0.67373	0	0.14008	0.04444
V328	0.19737	0.14004	0.19416	0.11448	0.30131	0.05264
V329	0.07863	0.0113	0.46704	0.00335	0.39498	0.0447
V330	0.08118	0.01168	0.70595	0	0.15922	0.04197
V331	0.45714	0.07414	0.12601	0.07744	0.14143	0.12383
V332	0.1585	0.06338	0.17832	0.02246	0.408	0.16935
V333	0.09319	0.0205	0.37431	0.25355	0.20793	0.05053
V334	0.12833	0.25958	0.33727	0.08968	0.14513	0.04001
V335	0.15895	0.02886	0.58306	0.00132	0.14197	0.08583
V336	0.30688	0.34439	0.10681	0.02226	0.15176	0.0679
V337	0.13288	0.13009	0.11242	0.02724	0.55717	0.0402
V338	0.47282	0.03312	0.12303	0.02479	0.24105	0.10519
V339	0.15719	0.071	0.32841	0.18869	0.16406	0.09064
V340	0.42539	0.18003	0.08993	0.05181	0.15572	0.09712
V341	0.23605	0.03834	0.08204	0.4063	0.17858	0.05868
V342	0.14291	0.01442	0.05512	0.47837	0.19558	0.1136
V343	0.24917	0.1266	0.16432	0.03637	0.16391	0.25963
V344	0.17067	0.36936	0.07685	0.04027	0.2574	0.08544
V345	0.07305	0.01135	0.07636	0.0331	0.77069	0.03545
V346	0.17368	0.01782	0.06596	0.31758	0.36339	0.06156
V347	0.34807	0.10457	0.0972	0.07822	0.29538	0.07654
V348	0.15675	0.0986	0.50474	0.01199	0.17867	0.04926
V349	0.47572	0.07421	0.11956	0.08334	0.15815	0.08903
V350	0.33104	0.04869	0.16253	0.1813	0.14022	0.13622
V351	0.29714	0.072	0.11607	0.03998	0.16751	0.3073
V352	0.17521	0.21874	0.07978	0.02097	0.34283	0.16247
V353	0.10102	0.12545	0.59349	0	0.14167	0.03837
V354	0.18995	0.05186	0.23605	0.01244	0.35578	0.15391
V355	0.08147	0.03051	0.70731	0	0.14581	0.03491
V356	0.37205	0.09837	0.09922	0.17828	0.15706	0.09502
V357	0.2496	0.02708	0.35288	0.01964	0.28395	0.06685
V358	0.26	0.02511	0.13018	0.04845	0.16837	0.36789
V359	0.18106	0.06472	0.05248	0.44308	0.20146	0.0572
V360	0.35322	0.02409	0.0794	0.16346	0.28853	0.09131
V361	0.18263	0.4844	0.08741	0.03603	0.1618	0.04773
V362	0.15569	0.31989	0.08457	0.2423	0.15802	0.03953
V363	0.47973	0.07016	0.13127	0.01786	0.19574	0.10523
V364	0.22721	0.14278	0.08931	0.0475	0.23169	0.26151
V365	0.33151	0.24979	0.08607	0.11794	0.1433	0.0714
V366	0.15746	0.16951	0.37958	0.05128	0.19159	0.05058
V367	0.10265	0.00589	0.05651	0.43482	0.34919	0.05094
V368	0.20498	0.11144	0.13345	0.0451	0.25269	0.25234
V369	0.10071	0.03101	0.06621	0.07127	0.66064	0.07016
V370	0.10957	0.06296	0.50272	0.10374	0.15786	0.06315
V371	0.16361	0.16804	0.05721	0.35795	0.15157	0.10163
V372	0.17741	0.38928	0.07881	0.04037	0.24493	0.0692
V373	0.53268	0.04334	0.09999	0.02071	0.13758	0.16571
V374	0.19588	0.01792	0.22205	0.35348	0.16392	0.04676
V375	0.30729	0.02968	0.21624	0.05409	0.31514	0.07757
V376	0.22445	0.05454	0.09226	0.11292	0.21205	0.30378
V377	0.10697	0.01911	0.35757	0.00795	0.46037	0.04803
V378	0.23973	0.06991	0.21584	0.01366	0.17818	0.28269
V379	0.38148	0.03633	0.18284	0.01565	0.14522	0.23849
V380	0.07538	0.0358	0.09287	0.03734	0.71778	0.04083
V381	0.2782	0.03823	0.2772	0.20319	0.14441	0.05878
V382	0.0828	0.02765	0.06609	0.17176	0.61406	0.03764
V383	0.20099	0.04014	0.33361	0.21637	0.15435	0.05454
V384	0.10354	0.02515	0.6456	0.00735	0.17728	0.04107
V385	0.28764	0.03391	0.10804	0.02228	0.16414	0.384
V386	0.41143	0.0487	0.26364	0.01674	0.16953	0.08996
V387	0.22555	0.0177	0.08435	0.47323	0.14861	0.05056
V388	0.50056	0.05914	0.19644	0.0143	0.13639	0.09317
V389	0.34515	0.0807	0.09459	0.02113	0.15976	0.29867
V390	0.13303	0.03086	0.04573	0.52524	0.18181	0.08334
V391	0.11226	0.01276	0.05701	0.42942	0.32972	0.05883
V392	0.15146	0.04221	0.39469	0.08917	0.14819	0.17428
V393	0.14479	0.11215	0.33004	0.05493	0.23751	0.12058
V394	0.09878	0.00297	0.05995	0.60131	0.20004	0.03695
V395	0.07965	0.04968	0.69107	0	0.14553	0.03407
V396	0.36409	0.05977	0.07433	0.2595	0.17047	0.07184
V397	0.24557	0.13875	0.10668	0.02676	0.18875	0.2935
V398	0.17515	0.38384	0.08968	0.03995	0.26045	0.05092
V399	0.08462	0.01135	0.66763	0.0278	0.15972	0.04887
V400	0.19688	0.03495	0.05712	0.31418	0.16432	0.23254
V401	0.16476	0.02899	0.51812	0.00494	0.21393	0.06925
V402	0.13448	0.01126	0.04243	0.60409	0.16007	0.04767
V403	0.18657	0.01935	0.08061	0.05035	0.4123	0.25083
V404	0.0787	0.01715	0.72506	0	0.14417	0.03493
V405	0.30129	0.22568	0.1404	0.05512	0.21245	0.06506
V406	0.20248	0.05843	0.19878	0.08459	0.27061	0.18511
V407	0.13055	0.02761	0.57771	0	0.14947	0.11466
V408	0.13162	0.07412	0.06419	0.49939	0.15464	0.07604
V409	0.57024	0.05705	0.10286	0.02079	0.13352	0.11555
V410	0.57922	0.04512	0.10287	0.02071	0.14413	0.10796
V411	0.22297	0.02611	0.07309	0.21506	0.15914	0.30362
V412	0.39938	0.13622	0.12877	0.04978	0.20866	0.07719
V413	0.10962	0.07605	0.06183	0.54117	0.17475	0.03659
V414	0.1523	0.05122	0.05856	0.43071	0.25986	0.04736
V415	0.1123	0.01489	0.28623	0.28698	0.22316	0.07644
V416	0.12279	0.10393	0.06368	0.20362	0.42217	0.0838
V417	0.26965	0.0233	0.13022	0.1114	0.15536	0.31008
V418	0.09168	0.06165	0.34862	0.10483	0.33938	0.05385
V419	0.27559	0.04637	0.08769	0.0238	0.17336	0.39318
V420	0.28384	0.02761	0.08771	0.03068	0.17311	0.39706
V421	0.10346	0.0431	0.10942	0.0754	0.61865	0.04998
V422	0.22065	0.19598	0.0763	0.02809	0.42466	0.05432
V423	0.13513	0.10637	0.04107	0.51695	0.1607	0.03978
V424	0.50988	0.0887	0.10609	0.06457	0.13397	0.09679
V425	0.0838	0.0794	0.08088	0.024	0.6908	0.04112
V426	0.23225	0.05032	0.2114	0.02166	0.16313	0.32124
V427	0.35794	0.10022	0.174	0.10868	0.15577	0.10339
V428	0.25193	0.01909	0.04853	0.47841	0.14758	0.05446
V429	0.09062	0.01746	0.11978	0.42572	0.30389	0.04253
V430	0.11626	0.06249	0.45135	0.14829	0.15809	0.06351
V431	0.07399	0.01712	0.71479	0.01191	0.14796	0.03424
V432	0.13766	0.26919	0.07186	0.31647	0.16469	0.04014
V433	0.09934	0.00265	0.06422	0.6372	0.16302	0.03356
V434	0.11978	0.18663	0.16577	0.34037	0.15071	0.03675
V435	0.11122	0.01436	0.07617	0.02343	0.6541	0.12072
V436	0.53561	0.09503	0.1049	0.03283	0.13398	0.09765
V437	0.22785	0.18498	0.26735	0.02317	0.21565	0.081
V438	0.14252	0.24676	0.07538	0.06623	0.42361	0.04551
V439	0.0749	0.01759	0.1462	0.02111	0.70208	0.03813
V440	0.17017	0.04891	0.35569	0.04773	0.28391	0.09359
V441	0.14035	0.0601	0.38677	0.11741	0.15947	0.1359
V442	0.33976	0.10075	0.1969	0.06055	0.17595	0.12608
V443	0.10295	0.00344	0.07998	0.58088	0.18592	0.04684
V444	0.47726	0.05158	0.11678	0.03835	0.19753	0.11849
V445	0.5827	0.04522	0.11536	0.01987	0.13167	0.10517
V446	0.15583	0.33337	0.25791	0.03041	0.16477	0.05771
V447	0.22341	0.16156	0.06778	0.16087	0.18862	0.19776
V448	0.08948	0.02419	0.66208	0	0.18828	0.03597
V449	0.40547	0.04478	0.08614	0.22231	0.13777	0.10353
V450	0.12756	0.02025	0.54611	0	0.26207	0.04401
V451	0.14186	0.03836	0.17393	0.12604	0.47516	0.04466
V452	0.17712	0.02601	0.07823	0.34107	0.19495	0.18262
V453	0.27481	0.02026	0.41734	0.08556	0.14248	0.05956
V454	0.20597	0.04881	0.1254	0.41209	0.15341	0.05431
V455	0.20781	0.43849	0.10637	0.03981	0.15293	0.0546
V456	0.52925	0.03667	0.12189	0.02513	0.16414	0.12292
V457	0.23727	0.0306	0.08599	0.02842	0.31328	0.30444
V458	0.11422	0.0136	0.3623	0.0138	0.41147	0.08461
V459	0.09064	0.02027	0.46688	0.24003	0.14847	0.03371
V460	0.30393	0.06127	0.23996	0.1079	0.16407	0.12287
V461	0.25201	0.04082	0.06893	0.32863	0.23527	0.07434
V462	0.08084	0.01169	0.69606	0.0054	0.1539	0.05211
V463	0.07214	0.02906	0.0796	0.05788	0.72701	0.0343
V464	0.19603	0.4457	0.09043	0.04071	0.17957	0.04755
V465	0.30161	0.0809	0.36574	0.00459	0.16661	0.08056
V466	0.13869	0.01836	0.05207	0.5323	0.2071	0.05148
V467	0.58879	0.03995	0.10975	0.02025	0.13182	0.10944
V468	0.28967	0.0821	0.13013	0.19237	0.24257	0.06316
V469	0.10547	0.09562	0.51593	0.0666	0.15097	0.06542
V470	0.41541	0.03551	0.11457	0.07155	0.27593	0.08703
V471	0.12989	0.1469	0.42414	0.04976	0.17486	0.07446
V472	0.16557	0.30775	0.07451	0.0474	0.3424	0.06238
V473	0.18762	0.48951	0.09395	0.02602	0.15672	0.04618
V474	0.121	0.0074	0.31026	0.36528	0.15572	0.04034
V475	0.13107	0.10615	0.24974	0.14106	0.32098	0.05099
V476	0.36873	0.03875	0.08195	0.16492	0.17572	0.16992
V477	0.19217	0.34528	0.11479	0.08567	0.1672	0.0949
V478	0.08886	0.01837	0.66684	0.00613	0.15321	0.06659
V479	0.11849	0.09646	0.5634	0.00313	0.17412	0.0444
V480	0.11379	0.15835	0.06161	0.24286	0.38561	0.03777
V481	0.31579	0.08002	0.15321	0.0695	0.29916	0.08232
V482	0.43054	0.03285	0.1067	0.02731	0.14802	0.25458
V483	0.177	0.46673	0.12732	0.02899	0.15514	0.04482
V484	0.52762	0.03635	0.14714	0.0171	0.16864	0.10314
V485	0.2398	0.09614	0.39165	0.05739	0.14386	0.07116
V486	0.20456	0.01776	0.52844	0.02456	0.13968	0.08499
V487	0.12156	0.22421	0.07629	0.02941	0.50505	0.04348
V488	0.28017	0.36416	0.09702	0.05074	0.14724	0.06066
V489	0.50788	0.04758	0.15175	0.02333	0.16914	0.10032
V490	0.27874	0.05174	0.08191	0.06454	0.18023	0.34284
V491	0.15014	0.18156	0.30245	0.00947	0.30033	0.05604
V492	0.20764	0.04001	0.22455	0.07757	0.21382	0.23641
V493	0.51862	0.11147	0.09747	0.0396	0.13478	0.09807
V494	0.1981	0.04125	0.31262	0.0292	0.15188	0.26695
V495	0.25298	0.31167	0.20428	0.02699	0.14983	0.05426
V496	0.21743	0.09739	0.26821	0.00992	0.28631	0.12074
V497	0.1056	0.13553	0.17987	0.04335	0.49671	0.03893
V498	0.14205	0.07425	0.29232	0.24567	0.19012	0.0556
V499	0.17167	0.37331	0.17734	0.06423	0.16039	0.05307
V500	0.35462	0.13527	0.12495	0.05648	0.23727	0.0914
V501	0.20006	0.45484	0.0863	0.04088	0.15957	0.05835
V502	0.0839	0.01453	0.06403	0.21264	0.5841	0.04079
V503	0.18241	0.20363	0.07763	0.33804	0.15527	0.04301
V504	0.1912	0.45516	0.11807	0.02409	0.16473	0.04675
V505	0.09014	0.00767	0.38728	0.28178	0.17576	0.05737
V506	0.31664	0.03083	0.10134	0.13202	0.19574	0.22342
V507	0.27677	0.02731	0.08809	0.02393	0.18092	0.40298
V508	0.16363	0.33296	0.10668	0.08061	0.2693	0.04682
V509	0.11179	0.01035	0.04456	0.56213	0.23557	0.03559
V510	0.57955	0.03947	0.10272	0.0207	0.14958	0.10797
V511	0.24836	0.02736	0.06838	0.20004	0.16333	0.29252
V512	0.14235	0.14715	0.45967	0.02023	0.1608	0.0698
V513	0.08253	0.02327	0.22928	0.05602	0.57089	0.03801
V514	0.19009	0.43352	0.12665	0.02138	0.15325	0.0751
V515	0.16983	0.2349	0.061	0.32413	0.15106	0.05907
V516	0.08001	0.04361	0.60895	0.00243	0.22418	0.04082
V517	0.07454	0.00838	0.33576	0.17658	0.36861	0.03612
V518	0.30089	0.23715	0.10228	0.09483	0.17387	0.09097
V519	0.22595	0.32229	0.08269	0.08206	0.15679	0.13022
V520	0.45499	0.08586	0.10538	0.09803	0.13601	0.11973
V521	0.12731	0.01404	0.07653	0.03708	0.69028	0.05476
V522	0.31592	0.13615	0.0929	0.03917	0.28214	0.13372
V523	0.32892	0.12966	0.12035	0.12461	0.14895	0.14752
V524	0.1194	0.01211	0.1127	0.14516	0.51494	0.09568
V525	0.38166	0.03071	0.12211	0.03259	0.14904	0.28388
V526	0.16489	0.41046	0.14526	0.02624	0.21031	0.04283
V527	0.28189	0.0288	0.45053	0.00709	0.16722	0.06446
V528	0.53399	0.0367	0.17307	0.02237	0.13584	0.09803
V529	0.14717	0.05488	0.05866	0.52195	0.17208	0.04525
V530	0.15834	0.15389	0.28899	0.09683	0.19549	0.10646
V531	0.58418	0.0452	0.10296	0.02683	0.13235	0.10848
V532	0.15645	0.00838	0.09487	0.45618	0.23608	0.04803
V533	0.16365	0.01753	0.26474	0.03211	0.35539	0.16659
V534	0.13972	0.00885	0.05081	0.44748	0.22303	0.13011
V535	0.38089	0.0514	0.2219	0.11366	0.14073	0.09143
V536	0.08633	0.00958	0.56631	0.13146	0.14836	0.05796
V537	0.16478	0.35225	0.07173	0.19811	0.1586	0.05454
V538	0.19899	0.0159	0.06496	0.31009	0.15902	0.25104
V539	0.1038	0.00469	0.05158	0.53429	0.2612	0.04443
V540	0.26598	0.0281	0.30647	0.02198	0.29144	0.08602
V541	0.12963	0.16024	0.051	0.43695	0.17138	0.05079
V542	0.14884	0.32767	0.08103	0.20072	0.19765	0.04409
V543	0.07262	0.01071	0.51313	0.02185	0.34125	0.04045
V544	0.26427	0.04503	0.08952	0.05047	0.18309	0.36761
V545	0.14985	0.36136	0.12629	0.03837	0.27924	0.04489
V546	0.40889	0.063	0.08089	0.2066	0.15536	0.08526
V547	0.13249	0.06514	0.05162	0.31504	0.35883	0.07688
V548	0.27681	0.04011	0.08798	0.02384	0.17375	0.39751
V549	0.15759	0.01471	0.49842	0.06969	0.16336	0.09624
V550	0.08035	0.01754	0.32013	0.01105	0.5327	0.03822
V551	0.22263	0.06062	0.11037	0.11093	0.22214	0.2733
V552	0.1103	0.03498	0.16571	0.23184	0.39427	0.0629
V553	0.53676	0.03638	0.12069	0.04509	0.15657	0.10452
V554	0.18943	0.45865	0.10172	0.02415	0.15956	0.06649
V555	0.32867	0.02312	0.08943	0.21726	0.14675	0.19476
V556	0.12304	0.01508	0.37322	0.28057	0.16051	0.04758
V557	0.2003	0.41615	0.14241	0.02634	0.15602	0.05878
V558	0.34673	0.14223	0.08524	0.11266	0.14477	0.16836
V559	0.07355	0.00941	0.06322	0.13937	0.67689	0.03757
V560	0.48567	0.05243	0.10575	0.03237	0.19814	0.12565
V561	0.07423	0.02339	0.724	0	0.14427	0.03411
V562	0.38423	0.16484	0.12053	0.07568	0.14474	0.10997
V563	0.26871	0.02553	0.08191	0.0801	0.16469	0.37907
V564	0.20909	0.0741	0.07625	0.02842	0.34235	0.26979
V565	0.27697	0.02747	0.0947	0.02347	0.17422	0.40317
V566	0.2518	0.08909	0.09801	0.06238	0.18406	0.31466
V567	0.30646	0.19217	0.07735	0.18561	0.1613	0.0771
V568	0.10467	0.01229	0.08129	0.05083	0.71199	0.03892
V569	0.50724	0.05991	0.09515	0.04662	0.14288	0.1482
V570	0.47118	0.11546	0.1151	0.06352	0.14058	0.09417
V571	0.10247	0.15493	0.52466	0.01168	0.16803	0.03823
V572	0.08506	0.01782	0.63802	0.00857	0.21174	0.03879
V573	0.23402	0.42262	0.09346	0.02447	0.16732	0.0581
V574	0.18153	0.01888	0.35022	0.04217	0.17765	0.22954
V575	0.17382	0.36879	0.1236	0.10764	0.16188	0.06426
V576	0.28183	0.09079	0.09057	0.0201	0.45275	0.06396
V577	0.29308	0.05422	0.08188	0.06727	0.41428	0.08926
V578	0.11122	0.01436	0.07617	0.02343	0.6541	0.12072
V579	0.10629	0.02822	0.18634	0.20875	0.431	0.03939
V580	0.1636	0.02409	0.11748	0.30484	0.31383	0.07615
V581	0.45563	0.05563	0.14366	0.07596	0.18338	0.08573
V582	0.45458	0.03601	0.0934	0.16697	0.14139	0.10765
V583	0.15442	0.05065	0.29424	0.00941	0.30619	0.18509
V584	0.15985	0.02531	0.06126	0.28139	0.33208	0.1401
V585	0.16585	0.27609	0.23639	0.07569	0.15857	0.08741
V586	0.23043	0.41259	0.11806	0.02813	0.1555	0.05528
V587	0.22847	0.02112	0.26341	0.27679	0.14851	0.0617
V588	0.10965	0.00935	0.06564	0.61251	0.168	0.03486
V589	0.17024	0.18733	0.26574	0.07052	0.15347	0.15271
V590	0.18401	0.04536	0.33757	0.06416	0.15608	0.21281
V591	0.49985	0.03305	0.11223	0.12463	0.13809	0.09216
V592	0.14896	0.20959	0.12005	0.29952	0.17983	0.04205
V593	0.10147	0.00801	0.03911	0.65395	0.16365	0.03382
V594	0.16674	0.00967	0.06322	0.46859	0.16158	0.1302
V595	0.15924	0.18298	0.10202	0.11262	0.30984	0.1333
V596	0.10475	0.15546	0.0769	0.08093	0.54631	0.03564
V597	0.31923	0.02451	0.09848	0.02646	0.46408	0.06725
V598	0.56153	0.06217	0.10189	0.02075	0.1396	0.11406
V599	0.22395	0.02759	0.07044	0.14331	0.23363	0.30107
V600	0.35756	0.09697	0.08367	0.06103	0.19712	0.20364
V601	0.18547	0.10905	0.09424	0.28918	0.15237	0.1697
V602	0.10992	0.02691	0.1477	0.02539	0.57617	0.11391
V603	0.21539	0.2497	0.10544	0.06416	0.17472	0.19059
V604	0.1345	0.28326	0.07352	0.03003	0.43686	0.04183
V605	0.10927	0.03203	0.08839	0.02313	0.69534	0.05184
V606	0.37543	0.04681	0.2541	0.05785	0.1359	0.1299
V607	0.2307	0.04984	0.07895	0.03615	0.29354	0.31081
V608	0.20509	0.36516	0.08302	0.07474	0.16789	0.10409
V609	0.09494	0.01542	0.54436	0.15924	0.14745	0.03859
V610	0.12154	0.09543	0.39543	0.13576	0.17718	0.07466
V611	0.17739	0.47122	0.09526	0.04591	0.16578	0.04444
V612	0.11306	0.12757	0.04549	0.52429	0.15611	0.03348
V613	0.43024	0.1231	0.09957	0.02009	0.14356	0.18345
V614	0.13708	0.09468	0.43937	0.00807	0.19625	0.12456
V615	0.0828	0.04873	0.11217	0.02867	0.68617	0.04146
V616	0.33165	0.25346	0.08556	0.05189	0.16179	0.11566
V617	0.07572	0.01755	0.07028	0.03322	0.7646	0.03862
V618	0.2023	0.03129	0.51527	0.00437	0.15901	0.08776
V619	0.15408	0.36834	0.18957	0.04052	0.19939	0.0481
V620	0.21962	0.02943	0.27361	0.02459	0.1543	0.29846
V621	0.10095	0.00337	0.09312	0.57374	0.18536	0.04346
V622	0.36805	0.12354	0.0974	0.01975	0.31148	0.07977
V623	0.23777	0.40329	0.0922	0.02328	0.16085	0.08261
V624	0.16137	0.35056	0.06469	0.22175	0.15316	0.04847
V625	0.13557	0.0901	0.1966	0.35039	0.16726	0.06008
V626	0.12376	0.03806	0.07227	0.16753	0.47282	0.12556
V627	0.41664	0.02593	0.07157	0.26226	0.13705	0.08654
V628	0.17692	0.05696	0.29586	0.07952	0.22144	0.16931
V629	0.13915	0.27241	0.05464	0.33392	0.15951	0.04037
V630	0.4287	0.03765	0.10737	0.06005	0.16763	0.1986
V631	0.22842	0.0214	0.11955	0.12754	0.19246	0.31064
V632	0.10216	0.02753	0.15702	0.25868	0.40632	0.0483
V633	0.09453	0.12548	0.60036	0.00167	0.14353	0.03444
V634	0.4844	0.03758	0.09656	0.15845	0.13316	0.08986
V635	0.0974	0.03599	0.22858	0.44771	0.15402	0.03631
V636	0.16844	0.36551	0.07397	0.07512	0.24629	0.07067
V637	0.24801	0.0641	0.08956	0.02223	0.23414	0.34195
V638	0.12012	0.07439	0.08778	0.41456	0.26096	0.04219
V639	0.25528	0.05964	0.13183	0.0447	0.40513	0.10343
V640	0.13228	0.10558	0.40654	0.0163	0.23649	0.10282
V641	0.08049	0.06202	0.43249	0.02446	0.36379	0.03675
V642	0.24417	0.04554	0.28572	0.13532	0.14298	0.14627
V643	0.5285	0.04139	0.09265	0.08553	0.14581	0.10613
V644	0.50047	0.03999	0.09035	0.09336	0.14201	0.13382
V645	0.46934	0.04491	0.10163	0.08639	0.13748	0.16025
V646	0.08088	0.01764	0.3962	0.00686	0.46016	0.03826
V647	0.23766	0.02461	0.08805	0.25621	0.17239	0.22107
V648	0.2147	0.22047	0.17388	0.06054	0.1649	0.1655
V649	0.17674	0.01439	0.06637	0.52722	0.16525	0.05002
V650	0.22927	0.13683	0.22244	0.01957	0.33663	0.05527
V651	0.20882	0.22532	0.13046	0.04401	0.25335	0.13804
V652	0.11787	0.00515	0.12817	0.53008	0.17613	0.04262
V653	0.19831	0.27775	0.09905	0.04521	0.22162	0.15805
V654	0.52352	0.04207	0.153	0.02337	0.1556	0.10244
V655	0.2578	0.02179	0.09423	0.06938	0.35362	0.20319
V656	0.1453	0.06585	0.49358	0.0338	0.21313	0.04833
V657	0.32483	0.03095	0.07554	0.10259	0.32668	0.13942
V658	0.10098	0.05308	0.16596	0.4919	0.15502	0.03306
V659	0.18515	0.47294	0.09214	0.03051	0.16142	0.05784
V660	0.53504	0.04311	0.09867	0.03331	0.1366	0.15327
V661	0.19643	0.01838	0.18589	0.1169	0.25085	0.23156
V662	0.49309	0.0392	0.1012	0.10606	0.14054	0.11991
V663	0.12256	0.11734	0.07939	0.05501	0.5838	0.04191
V664	0.16317	0.05442	0.56656	0	0.15757	0.05828
V665	0.07472	0.0114	0.07039	0.03331	0.77143	0.03874
V666	0.33389	0.21077	0.08592	0.10217	0.16658	0.10068
V667	0.25814	0.02525	0.10909	0.05712	0.17679	0.37361
V668	0.52115	0.11714	0.10494	0.02651	0.13474	0.09552
V669	0.24098	0.08964	0.06552	0.22315	0.15984	0.22087
V670	0.17668	0.23267	0.07762	0.24585	0.16347	0.1037
V671	0.27703	0.01489	0.05763	0.44653	0.14572	0.0582
V672	0.16962	0.33454	0.06413	0.23468	0.15286	0.04417
V673	0.21694	0.11306	0.22577	0.01944	0.15284	0.27195
V674	0.50097	0.03488	0.09989	0.01967	0.25137	0.09321
V675	0.26497	0.1091	0.09665	0.02167	0.17868	0.32893
V676	0.10647	0.00328	0.1054	0.58463	0.1655	0.03472
V677	0.24455	0.24701	0.19078	0.01437	0.14573	0.15756
V678	0.20319	0.07118	0.11099	0.02581	0.43534	0.15349
V679	0.25081	0.08995	0.11471	0.04083	0.16664	0.33706
V680	0.0866	0.01208	0.338	0.00928	0.49177	0.06227
V681	0.19993	0.41768	0.10532	0.02801	0.15318	0.09588
V682	0.19458	0.34008	0.07866	0.03402	0.22096	0.1317
V683	0.09531	0.01289	0.0757	0.02376	0.71186	0.08048
V684	0.21186	0.41588	0.08156	0.07885	0.15724	0.05461
V685	0.14697	0.35492	0.25558	0.01338	0.18718	0.04197
V686	0.26085	0.02902	0.37658	0.01126	0.15391	0.16839
V687	0.17673	0.16979	0.25991	0.08466	0.14806	0.16084
V688	0.34999	0.02725	0.08908	0.02691	0.35222	0.15454
V689	0.12976	0.02566	0.53109	0.08224	0.16392	0.06733
V690	0.13385	0.02154	0.0941	0.04214	0.58804	0.12034
V691	0.17885	0.28873	0.20538	0.07055	0.1771	0.07939
V692	0.38994	0.02474	0.07088	0.2432	0.18895	0.08228
V693	0.50861	0.10602	0.10919	0.03243	0.13522	0.10853
V694	0.50442	0.1056	0.10097	0.05182	0.13499	0.10219
V695	0.51773	0.03608	0.09508	0.03321	0.19639	0.12152
V696	0.17774	0.29798	0.10838	0.06337	0.30039	0.05213
V697	0.11896	0.02575	0.59619	0.02985	0.16971	0.05954
V698	0.18394	0.4868	0.0881	0.03109	0.16216	0.04791
V699	0.20998	0.03127	0.45689	0.02813	0.192	0.08172
V700	0.16537	0.02229	0.07227	0.02979	0.65405	0.05623
V701	0.55435	0.03844	0.10743	0.0201	0.13555	0.14412
V702	0.23795	0.03474	0.11873	0.14068	0.16386	0.30405
V703	0.24465	0.30124	0.09357	0.0219	0.27924	0.05941
V704	0.32948	0.19301	0.22108	0.01263	0.15035	0.09345
V705	0.11247	0.0806	0.2567	0.1351	0.3691	0.04602
V706	0.18447	0.0793	0.30242	0.00836	0.22917	0.19628
V707	0.43343	0.04592	0.09425	0.02107	0.15492	0.25041
V708	0.12441	0.25024	0.41944	0.01635	0.14939	0.04018
V709	0.09732	0.00299	0.03668	0.59795	0.2311	0.03396
V710	0.33166	0.06326	0.1631	0.0562	0.2811	0.10469
V711	0.12986	0.15072	0.3495	0.14117	0.15142	0.07732
V712	0.10803	0.18545	0.08077	0.02941	0.55487	0.04146
V713	0.29153	0.31046	0.1079	0.04482	0.16278	0.08252
V714	0.13962	0.29823	0.35843	0.01345	0.15118	0.03909
V715	0.09403	0.02435	0.69599	0	0.14248	0.04315
V716	0.1901	0.03505	0.06594	0.24114	0.28735	0.18042
V717	0.0945	0.01881	0.08827	0.0234	0.7179	0.05712
V718	0.11966	0.25451	0.07734	0.02363	0.48733	0.03752
V719	0.18285	0.4513	0.1058	0.02912	0.17519	0.05572
V720	0.24369	0.01683	0.22917	0.23879	0.16801	0.1035
V721	0.18375	0.18981	0.23123	0.01203	0.21256	0.17061
V722	0.07286	0.01145	0.08287	0.02583	0.77155	0.03544
V723	0.16583	0.38884	0.11148	0.03302	0.24392	0.0569
V724	0.15364	0.20215	0.3263	0.07932	0.19821	0.04038
V725	0.12014	0.05024	0.11342	0.11614	0.51544	0.08461
V726	0.09106	0.02473	0.44865	0.02398	0.34892	0.06266
V727	0.23227	0.02152	0.14753	0.12605	0.1638	0.30883
V728	0.10994	0.00947	0.0341	0.62951	0.16292	0.05407
V729	0.24946	0.29676	0.09774	0.04551	0.24477	0.06576
V730	0.19306	0.0147	0.12155	0.31387	0.16064	0.19618
V731	0.19085	0.05096	0.38154	0.00409	0.2686	0.10397
V732	0.18133	0.26723	0.09079	0.05269	0.31236	0.09559
V733	0.22172	0.01811	0.25867	0.15417	0.18543	0.1619
V734	0.23771	0.02407	0.25456	0.01217	0.16703	0.30446
V735	0.12012	0.05957	0.04991	0.54362	0.16261	0.06417
V736	0.19794	0.32424	0.11766	0.04931	0.16226	0.14859
V737	0.06792	0.01118	0.07636	0.0333	0.77642	0.03482
V738	0.29776	0.05061	0.1201	0.27839	0.15491	0.09823
V739	0.20812	0.20651	0.19233	0.04054	0.27873	0.07376
V740	0.12117	0.17387	0.33151	0.04158	0.28294	0.04892
V741	0.33205	0.11592	0.18607	0.07334	0.22455	0.06806
V742	0.26782	0.02312	0.08298	0.31684	0.22867	0.08058
V743	0.10564	0.07776	0.24204	0.2458	0.28452	0.04424
V744	0.3405	0.08907	0.09019	0.12897	0.1467	0.20457
V745	0.1587	0.31918	0.07995	0.05295	0.34533	0.04389
V746	0.5378	0.04897	0.1033	0.03973	0.14659	0.12361
V747	0.20063	0.02373	0.15602	0.04483	0.51418	0.06062
V748	0.2029	0.05389	0.24123	0.03303	0.23382	0.23513
V749	0.36384	0.03281	0.08379	0.13045	0.2154	0.17372
V750	0.10762	0.05722	0.0356	0.59931	0.16636	0.03389
V751	0.10399	0.00911	0.05986	0.60531	0.18725	0.03448
V752	0.20643	0.0235	0.09495	0.07496	0.53871	0.06145
V753	0.19724	0.01863	0.09595	0.09145	0.38733	0.20939
V754	0.18081	0.27701	0.15656	0.06667	0.1842	0.13475
V755	0.29076	0.0488	0.08957	0.03987	0.42279	0.10821
V756	0.26253	0.03256	0.09153	0.03006	0.20457	0.37876
V757	0.21434	0.28387	0.08396	0.03979	0.19346	0.18459
V758	0.30246	0.36649	0.09031	0.02915	0.14732	0.06427
V759	0.16686	0.02765	0.10267	0.12355	0.49423	0.08504
V760	0.27331	0.02678	0.09239	0.04435	0.16691	0.39626
V761	0.06855	0.01669	0.3383	0.024	0.51905	0.03341
V762	0.1219	0.01321	0.60844	0.02216	0.16344	0.07084
V763	0.11776	0.10108	0.05839	0.49549	0.18007	0.0472
V764	0.21371	0.02383	0.13006	0.16649	0.31668	0.14923
V765	0.27928	0.03365	0.08737	0.03067	0.1732	0.39582
V766	0.30421	0.22743	0.09465	0.03265	0.24549	0.09556
