CD14.pos.CD16.neg.classical.monocyte	mature.neutrophil	memory.B.cell	cytotoxic.CD56.dim.NK.cell	memory.CD4.pos.AB.T.cell	macrophage
V1	0.1202	0.01774	0.65998	0.04769	0.07966	0.07473
V2	0.45434	0.09882	0.07331	0.1178	0.16009	0.09564
V3	0.25361	0.02427	0.22062	0.04824	0.08261	0.37063
V4	0.22913	0.3328	0.06656	0.10632	0.16422	0.10097
V5	0.07314	0.04732	0.0254	0.45942	0.34927	0.04545
V6	0.24896	0	0.18396	0.0758	0.20106	0.29022
V7	0.10722	0.28964	0.05094	0.06599	0.44195	0.04426
V8	0.53921	0.044	0.08057	0.12649	0.07615	0.13357
V9	0.27758	0.12573	0.05539	0.22622	0.12217	0.19291
V10	0.37447	0.03652	0.09144	0.27691	0.12054	0.10011
V11	0.14515	0.55685	0.07903	0.0652	0.11257	0.0412
V12	0.26561	0	0.11555	0.05703	0.08439	0.47742
V13	0.1281	0.39292	0.26794	0.06418	0.09734	0.04953
V14	0.10876	0.03212	0.03307	0.61684	0.15069	0.05851
V15	0.39435	0.06212	0.06193	0.13072	0.23913	0.11175
V16	0.1143	0.0079	0.04229	0.32149	0.39101	0.12301
V17	0.25374	0.00266	0.18265	0.04912	0.07683	0.43501
V18	0.55124	0.11836	0.08708	0.06504	0.06507	0.1132
V19	0.45773	0.04683	0.19727	0.05472	0.13819	0.10525
V20	0.48248	0.05506	0.12934	0.12512	0.07848	0.12952
V21	0.27632	0.00093	0.08725	0.05842	0.11467	0.46242
V22	0.19528	0.04104	0.0555	0.09733	0.5335	0.07735
V23	0.10114	0.01034	0.28877	0.05787	0.48915	0.05274
V24	0.17196	0.00963	0.04623	0.12966	0.56256	0.07996
V25	0.3713	0.22029	0.06381	0.13939	0.11763	0.08759
V26	0.25675	0.01598	0.0608	0.05457	0.5456	0.06629
V27	0.22547	0	0.20201	0.05398	0.08394	0.43461
V28	0.1556	0.19737	0.16715	0.20429	0.12666	0.14893
V29	0.13947	0.43473	0.12981	0.09875	0.09612	0.10112
V30	0.23775	0.14969	0.13943	0.05112	0.25421	0.16779
V31	0.50205	0.02478	0.20232	0.06743	0.06332	0.1401
V32	0.06776	0.02412	0.2938	0.41447	0.12055	0.07929
V33	0.23472	0.30965	0.22356	0.06423	0.0833	0.08454
V34	0.05274	0.00241	0.41513	0.06375	0.40474	0.06123
V35	0.07246	0.05339	0.17023	0.4079	0.22714	0.06889
V36	0.14216	0.36116	0.13943	0.05968	0.24364	0.05393
V37	0.09468	0.0073	0.6221	0.05251	0.08092	0.1425
V38	0.2393	0	0.1765	0.0479	0.07532	0.46099
V39	0.4538	0.04088	0.06667	0.23621	0.09068	0.11177
V40	0.13252	0.36868	0.06359	0.15143	0.19469	0.08909
V41	0.53403	0.0191	0.09607	0.05652	0.06985	0.22443
V42	0.2391	0.01428	0.45088	0.04851	0.11058	0.13665
V43	0.21388	0.29872	0.06494	0.07198	0.26324	0.08725
V44	0.15004	0.56431	0.07555	0.06094	0.10028	0.04888
V45	0.35072	0.24084	0.10205	0.06665	0.09097	0.14877
V46	0.13445	0	0.05716	0.23715	0.37828	0.19296
V47	0.12887	0.31063	0.05525	0.14687	0.28404	0.07434
V48	0.11456	0.44286	0.19117	0.05453	0.15706	0.03981
V49	0.14285	0.53403	0.07184	0.05962	0.15192	0.03974
V50	0.07073	0	0.24159	0.05745	0.54443	0.08579
V51	0.06329	0	0.04596	0.06276	0.78088	0.04711
V52	0.11623	0.40325	0.23537	0.07583	0.11932	0.04999
V53	0.16281	0.00383	0.11334	0.07253	0.59237	0.05512
V54	0.10955	0.09566	0.46189	0.08082	0.15197	0.10011
V55	0.06387	0.02871	0.1276	0.07231	0.66118	0.04634
V56	0.04843	0.03888	0.604	0.12829	0.12228	0.05813
V57	0.21043	0.25721	0.0956	0.05183	0.18825	0.19668
V58	0.06115	0.01401	0.6882	0.06069	0.08486	0.09109
V59	0.09449	0.02504	0.01943	0.63178	0.17599	0.05326
V60	0.39608	0.02507	0.05695	0.32909	0.10219	0.09062
V61	0.30548	0.09279	0.06866	0.16191	0.13663	0.23453
V62	0.40819	0.02978	0.11838	0.13159	0.15004	0.16202
V63	0.1731	0.36116	0.07475	0.10508	0.10641	0.1795
V64	0.07188	0.07675	0.04538	0.05513	0.70834	0.04253
V65	0.42475	0.10169	0.0944	0.06698	0.10591	0.20627
V66	0.37595	0.03133	0.14871	0.06679	0.28644	0.09079
V67	0.12547	0.11537	0.2751	0.21531	0.10468	0.16407
V68	0.60616	0.03589	0.08804	0.08416	0.06224	0.1235
V69	0.46372	0.02222	0.08203	0.05505	0.08825	0.28874
V70	0.08393	0.01962	0.19727	0.45604	0.18599	0.05715
V71	0.1259	0.18726	0.07363	0.11972	0.36881	0.12468
V72	0.44298	0.10056	0.12425	0.06732	0.11895	0.14594
V73	0.09908	0.01544	0.09619	0.56346	0.1672	0.05863
V74	0.07653	0.13141	0.03417	0.55863	0.15455	0.0447
V75	0.13229	0.56122	0.067	0.07523	0.12558	0.03869
V76	0.05869	0.00625	0.57043	0.06959	0.23123	0.0638
V77	0.1429	0.11598	0.1124	0.41243	0.12505	0.09125
V78	0.40246	0.09804	0.10536	0.13663	0.09189	0.16562
V79	0.19059	0.37492	0.08195	0.05371	0.08807	0.21077
V80	0.18251	0.39312	0.07412	0.05974	0.10238	0.18813
V81	0.51499	0.09382	0.12886	0.06295	0.07897	0.1204
V82	0.12781	0.50986	0.06745	0.08374	0.16723	0.0439
V83	0.17126	0.11981	0.05773	0.31674	0.23472	0.09974
V84	0.29516	0.02445	0.11155	0.34027	0.12957	0.099
V85	0.58143	0.03342	0.13936	0.06397	0.06084	0.12097
V86	0.25666	0.02494	0.14841	0.25417	0.1087	0.20712
V87	0.06996	0.03086	0.03703	0.64616	0.15731	0.05868
V88	0.15911	0.02092	0.04506	0.40221	0.16896	0.20374
V89	0.1516	0.11943	0.38091	0.05236	0.08	0.2157
V90	0.14448	0.44765	0.14664	0.06102	0.14345	0.05675
V91	0.08973	0.00785	0.074	0.12337	0.64708	0.05798
V92	0.0729	0.0479	0.0512	0.06079	0.71494	0.05227
V93	0.23704	0.03823	0.06618	0.11649	0.29705	0.24501
V94	0.05724	0.02104	0.22886	0.50793	0.13228	0.05265
V95	0.05434	0.00965	0.2685	0.12915	0.49024	0.04811
V96	0.14125	0.26174	0.06621	0.08259	0.32196	0.12625
V97	0.0626	0.00736	0.04941	0.0987	0.7392	0.04272
V98	0.08897	0.07329	0.02919	0.53917	0.21754	0.05183
V99	0.06711	0.03206	0.02341	0.66105	0.16627	0.05011
V100	0.06296	0.01186	0.38795	0.23148	0.22581	0.07994
V101	0.08712	0.27056	0.36654	0.11712	0.10072	0.05795
V102	0.56539	0.04012	0.15122	0.06356	0.06127	0.11844
V103	0.47722	0.04033	0.07926	0.16437	0.11995	0.11888
V104	0.07924	0.01291	0.19623	0.50308	0.14575	0.06279
V105	0.25222	0	0.13751	0.04882	0.07545	0.486
V106	0.12357	0	0.51012	0.04433	0.08505	0.23693
V107	0.14981	0.44015	0.21798	0.05475	0.09148	0.04584
V108	0.21621	0.00233	0.09631	0.05633	0.25685	0.37198
V109	0.22014	0	0.08036	0.04904	0.23849	0.41197
V110	0.09396	0.1287	0.56142	0.04713	0.09011	0.07868
V111	0.0465	0.0234	0.70022	0.06202	0.10074	0.06712
V112	0.10717	0.24787	0.0319	0.42457	0.14144	0.04704
V113	0.07033	0.07402	0.5107	0.07479	0.20735	0.06281
V114	0.14817	0.01052	0.53022	0.14992	0.08771	0.07346
V115	0.37278	0.04961	0.08367	0.07214	0.18431	0.2375
V116	0.59624	0.03503	0.08636	0.09638	0.06385	0.12214
V117	0.40383	0.02637	0.0615	0.11892	0.29616	0.09321
V118	0.12584	0.45761	0.13303	0.07711	0.15321	0.05321
V119	0.13744	0.53796	0.07627	0.08426	0.10747	0.0566
V120	0.13761	0.15823	0.11422	0.32764	0.1926	0.06969
V121	0.31879	0.00654	0.06633	0.24044	0.08978	0.27812
V122	0.25983	0.03499	0.04225	0.44016	0.15183	0.07094
V123	0.33697	0.00134	0.07148	0.08508	0.1968	0.30833
V124	0.06139	0.00077	0.25788	0.05877	0.5689	0.05229
V125	0.08418	0.11988	0.52208	0.09208	0.08831	0.09347
V126	0.2198	0.17987	0.11196	0.05675	0.08914	0.34248
V127	0.07637	0.00923	0.63338	0.11548	0.09655	0.069
V128	0.28498	0.19916	0.13186	0.15848	0.14446	0.08105
V129	0.0495	0.02288	0.65848	0.10192	0.09703	0.0702
V130	0.39364	0.11211	0.06415	0.21932	0.11541	0.09537
V131	0.10261	0	0.06674	0.06498	0.64748	0.11818
V132	0.1035	0.33776	0.32896	0.05151	0.12887	0.04939
V133	0.10251	0.15225	0.44823	0.10694	0.13231	0.05776
V134	0.21104	0.42714	0.07114	0.06259	0.1597	0.06838
V135	0.10709	0.00872	0.58361	0.04735	0.12518	0.12806
V136	0.16559	0.47526	0.11385	0.06786	0.12575	0.05169
V137	0.08546	0.12613	0.44078	0.06231	0.234	0.05131
V138	0.18141	0	0.05956	0.32164	0.18248	0.25492
V139	0.13287	0.0253	0.1629	0.05634	0.42131	0.20128
V140	0.42685	0.18224	0.10081	0.10444	0.08275	0.10291
V141	0.23162	0.20563	0.13875	0.22175	0.12466	0.07759
V142	0.18651	0.47067	0.07613	0.0944	0.09647	0.07582
V143	0.10342	0.05198	0.49585	0.10211	0.17035	0.07629
V144	0.2305	0.11609	0.08012	0.13448	0.09444	0.34438
V145	0.07066	0.01635	0.03018	0.6662	0.1522	0.0644
V146	0.14751	0.00571	0.10112	0.05903	0.59606	0.09056
V147	0.39107	0.06024	0.15307	0.08431	0.07207	0.23925
V148	0.07083	0.1435	0.58992	0.04758	0.08473	0.06344
V149	0.19416	0.33752	0.06966	0.07044	0.08851	0.2397
V150	0.0709	0.01786	0.01764	0.66137	0.18101	0.05121
V151	0.20944	0.27773	0.07149	0.05892	0.10495	0.27747
V152	0.11656	0.17641	0.35294	0.07447	0.19572	0.08391
V153	0.05243	0.03924	0.50068	0.22298	0.12447	0.0602
V154	0.37499	0.15926	0.08391	0.05366	0.0737	0.25447
V155	0.1225	0.25601	0.11282	0.05253	0.3879	0.06823
V156	0.09907	0.33706	0.05797	0.05505	0.41549	0.03535
V157	0.18688	0.07369	0.08799	0.23753	0.11293	0.30098
V158	0.0641	0.0545	0.67929	0.04767	0.08362	0.07082
V159	0.16536	0.18247	0.28183	0.16524	0.12858	0.07652
V160	0.06699	0.00495	0.68584	0.05385	0.08284	0.10553
V161	0.10665	0.3573	0.04275	0.26192	0.19346	0.03792
V162	0.12164	0.37642	0.05134	0.13355	0.26488	0.05216
V163	0.05711	0.00972	0.72564	0.04826	0.08411	0.07517
V164	0.09092	0.26186	0.30514	0.12434	0.16553	0.05221
V165	0.09939	0.00891	0.07218	0.06594	0.65398	0.0996
V166	0.14053	0	0.04926	0.14918	0.45147	0.20956
V167	0.06024	0.01135	0.34232	0.3866	0.14014	0.05935
V168	0.48523	0.03565	0.07005	0.21688	0.07973	0.11246
V169	0.06502	0.01515	0.55158	0.19034	0.10469	0.07323
V170	0.3424	0.04158	0.1244	0.25065	0.14968	0.09129
V171	0.22095	0.31969	0.08284	0.05322	0.09835	0.22495
V172	0.11987	0.05804	0.43583	0.16905	0.09947	0.11774
V173	0.08003	0.01558	0.62663	0.04615	0.09636	0.13524
V174	0.44587	0.09621	0.07552	0.06259	0.22577	0.09405
V175	0.1503	0.45206	0.14632	0.06694	0.13763	0.04675
V176	0.04394	0.00916	0.72198	0.05566	0.1003	0.06896
V177	0.17561	0.05685	0.28768	0.06812	0.22601	0.18572
V178	0.08036	0.0273	0.07048	0.05466	0.71259	0.05461
V179	0.10282	0.00321	0.0619	0.47353	0.2186	0.13994
V180	0.24475	0.01671	0.18364	0.31668	0.09875	0.13948
V181	0.39506	0.09649	0.11342	0.09802	0.13254	0.16447
V182	0.06637	0.0764	0.60048	0.09319	0.08838	0.07519
V183	0.07653	0.01896	0.02342	0.67633	0.15264	0.05212
V184	0.31145	0.29166	0.07174	0.07325	0.17599	0.07591
V185	0.17852	0.35959	0.07995	0.0594	0.19525	0.1273
V186	0.04733	0.01045	0.49095	0.27839	0.11476	0.05813
V187	0.25997	0.349	0.06397	0.06756	0.19727	0.06223
V188	0.19801	0.40025	0.07364	0.07132	0.09022	0.16656
V189	0.09454	0.04623	0.17443	0.0699	0.50112	0.11377
V190	0.11387	0.12489	0.05597	0.06449	0.51681	0.12397
V191	0.17982	0.39809	0.06864	0.0599	0.1027	0.19085
V192	0.39109	0.17965	0.13163	0.07326	0.12276	0.1016
V193	0.25438	0.07037	0.08621	0.05735	0.08752	0.44417
V194	0.07425	0.01419	0.06023	0.12932	0.66681	0.05519
V195	0.05335	0.00685	0.56994	0.11561	0.19051	0.06374
V196	0.06624	0.01636	0.0377	0.63846	0.18637	0.05488
V197	0.19648	0.00428	0.06943	0.06064	0.60211	0.06707
V198	0.1577	0.28902	0.07916	0.14799	0.26934	0.05678
V199	0.09154	0.16805	0.11898	0.1198	0.45341	0.04822
V200	0.10644	0.01127	0.45866	0.20541	0.10321	0.11502
V201	0.07912	0.01597	0.01751	0.66673	0.15136	0.06931
V202	0.13924	0.04066	0.35991	0.07421	0.20549	0.18049
V203	0.42114	0.04808	0.06146	0.28131	0.09001	0.09801
V204	0.24693	0.02379	0.10032	0.16427	0.09501	0.36968
V205	0.05232	0.02393	0.70783	0.06148	0.08598	0.06846
V206	0.07099	0.05202	0.10802	0.55196	0.16804	0.04897
V207	0.31588	0.14846	0.08735	0.21207	0.1116	0.12464
V208	0.30239	0.07733	0.33362	0.08364	0.11845	0.08456
V209	0.27315	0.33722	0.069	0.07806	0.09213	0.15044
V210	0.12094	0.02534	0.65221	0.0477	0.07965	0.07416
V211	0.39578	0.03369	0.14256	0.05915	0.19623	0.17258
V212	0.09012	0.20786	0.18552	0.29861	0.16195	0.05594
V213	0.0909	0.05364	0.23773	0.07074	0.49508	0.05191
V214	0.55046	0.04629	0.09531	0.09556	0.09411	0.11827
V215	0.17723	0.4285	0.06691	0.07684	0.09277	0.15776
V216	0.16755	0.3581	0.26004	0.05827	0.10085	0.05519
V217	0.23687	0	0.09298	0.10984	0.30529	0.25501
V218	0.12142	0.24865	0.03937	0.40072	0.14498	0.04486
V219	0.5632	0.02527	0.09612	0.05765	0.06835	0.18941
V220	0.13327	0.02489	0.03531	0.6016	0.13951	0.06541
V221	0.1669	0.48973	0.08498	0.1051	0.10556	0.04772
V222	0.13096	0.20598	0.07564	0.15016	0.37425	0.06301
V223	0.1627	0.21988	0.24775	0.05484	0.10393	0.2109
V224	0.05715	0.00229	0.34149	0.05176	0.49691	0.0504
V225	0.30006	0	0.09656	0.05685	0.07625	0.47027
V226	0.23676	0.04949	0.19662	0.23767	0.18494	0.09452
V227	0.45582	0.02058	0.07077	0.20517	0.08681	0.16085
V228	0.15555	0.18121	0.37578	0.08693	0.11374	0.08679
V229	0.16818	0.01568	0.30938	0.21884	0.20284	0.0851
V230	0.0919	0.1292	0.56735	0.05373	0.08352	0.07429
V231	0.10125	0.03215	0.02632	0.6208	0.16614	0.05335
V232	0.34621	0.01243	0.05902	0.24665	0.09618	0.23952
V233	0.55624	0.03809	0.09586	0.10164	0.08031	0.12785
V234	0.35019	0.0134	0.06017	0.0672	0.41988	0.08915
V235	0.12069	0.01658	0.041	0.60176	0.1554	0.06458
V236	0.11777	0	0.18704	0.06275	0.48023	0.15221
V237	0.05211	0.0085	0.64379	0.12256	0.10619	0.06686
V238	0.45437	0.01292	0.1057	0.11279	0.10028	0.21394
V239	0.38551	0.04003	0.14057	0.14441	0.17492	0.11457
V240	0.08257	0.17768	0.04293	0.13118	0.52451	0.04113
V241	0.40153	0.14016	0.06811	0.17303	0.11824	0.09894
V242	0.2881	0.03564	0.09397	0.17083	0.1548	0.25666
V243	0.09687	0.28914	0.36526	0.08096	0.11729	0.05049
V244	0.18337	0.00541	0.0624	0.05158	0.51123	0.18602
V245	0.5279	0.01737	0.08951	0.05642	0.07706	0.23174
V246	0.07023	0.04377	0.20093	0.30009	0.32947	0.05551
V247	0.29836	0.05695	0.07065	0.17684	0.10113	0.29608
V248	0.22811	0.03034	0.04607	0.20115	0.40615	0.08818
V249	0.22442	0.13016	0.32353	0.10667	0.08232	0.1329
V250	0.0742	0.03214	0.02375	0.66327	0.15176	0.05488
V251	0.11898	0.40434	0.15123	0.16786	0.10951	0.04809
V252	0.0679	0.02278	0.0524	0.61485	0.18342	0.05864
V253	0.15283	0.03969	0.04966	0.31918	0.21572	0.22292
V254	0.11257	0.19237	0.09926	0.17662	0.34485	0.07433
V255	0.30122	0.22779	0.11396	0.0958	0.13056	0.13067
V256	0.13734	0.56063	0.06847	0.06496	0.11886	0.04974
V257	0.12656	0.29365	0.07599	0.07116	0.35831	0.07433
V258	0.09569	0.18835	0.13461	0.40166	0.12202	0.05766
V259	0.10794	0.3986	0.28009	0.06351	0.0921	0.05775
V260	0.15121	0.02578	0.06293	0.06531	0.58046	0.11431
V261	0.38133	0.02396	0.09263	0.07935	0.24467	0.17806
V262	0.09989	0.01682	0.62768	0.05576	0.13407	0.06578
V263	0.07059	0.05417	0.50438	0.19595	0.1054	0.06952
V264	0.43293	0.02833	0.14559	0.07939	0.12077	0.19299
V265	0.08599	0.00022	0.04567	0.07368	0.74543	0.04902
V266	0.30042	0.01179	0.09529	0.0581	0.08386	0.45054
V267	0.20651	0.46897	0.06466	0.10595	0.10336	0.05055
V268	0.60414	0.03272	0.08442	0.06539	0.06049	0.15284
V269	0.08419	0.0517	0.11663	0.53544	0.15756	0.05448
V270	0.25727	0.34993	0.08183	0.06735	0.17764	0.06599
V271	0.19117	0.08696	0.24758	0.06065	0.09403	0.31961
V272	0.08501	0	0.04396	0.11011	0.67498	0.08594
V273	0.10205	0	0.08256	0.11059	0.62834	0.07645
V274	0.21727	0	0.19152	0.08792	0.08726	0.41602
V275	0.47623	0.15949	0.0831	0.06935	0.07657	0.13527
V276	0.21033	0.18842	0.1219	0.10722	0.12176	0.25037
V277	0.38734	0.01619	0.08082	0.05918	0.18293	0.27354
V278	0.15823	0.09626	0.11301	0.21292	0.35122	0.06837
V279	0.24299	0.02688	0.21547	0.08897	0.09345	0.33224
V280	0.14085	0.01672	0.0296	0.5965	0.14573	0.0706
V281	0.13701	0.55101	0.08759	0.07987	0.10157	0.04295
V282	0.0794	0.02852	0.04925	0.09852	0.69392	0.05039
V283	0.09975	0.3128	0.05172	0.06057	0.43233	0.04283
V284	0.10778	0.07988	0.26884	0.27878	0.14159	0.12312
V285	0.07428	0.03212	0.01745	0.66242	0.15892	0.05481
V286	0.46137	0.04899	0.12315	0.18375	0.07779	0.10496
V287	0.08104	0.00476	0.06827	0.11079	0.66226	0.07288
V288	0.21135	0.19703	0.0806	0.05698	0.18325	0.27079
V289	0.05753	0.07634	0.56784	0.12065	0.11333	0.06431
V290	0.06321	0.01213	0.19511	0.52232	0.14138	0.06584
V291	0.08881	0.039	0.01854	0.63913	0.15454	0.05998
V292	0.16422	0.08154	0.04391	0.43386	0.21675	0.05972
V293	0.0688	0.03437	0.06966	0.06086	0.71735	0.04896
V294	0.38383	0.03321	0.06601	0.06701	0.30067	0.14926
V295	0.30098	0	0.09712	0.05041	0.08169	0.4698
V296	0.12155	0.27874	0.10742	0.23042	0.15465	0.10723
V297	0.26552	0.03049	0.08175	0.05819	0.08654	0.47752
V298	0.12686	0.51059	0.16261	0.06254	0.09749	0.03991
V299	0.15157	0.07292	0.56257	0.05466	0.08675	0.07153
V300	0.49776	0.10233	0.10441	0.06245	0.06652	0.16653
V301	0.35715	0.30108	0.10645	0.06821	0.08634	0.08077
V302	0.09521	0.22084	0.08218	0.38247	0.16479	0.05451
V303	0.12474	0.46918	0.10437	0.06683	0.1901	0.04478
V304	0.07962	0	0.06472	0.0557	0.75132	0.04865
V305	0.11958	0.00589	0.17009	0.34455	0.18806	0.17183
V306	0.37668	0.07258	0.0801	0.05935	0.07327	0.33802
V307	0.17988	0.0065	0.05716	0.06581	0.5928	0.09786
V308	0.06652	0.02569	0.01651	0.67911	0.16122	0.05096
V309	0.10989	0.38946	0.04886	0.2894	0.11659	0.0458
V310	0.16058	0.27706	0.24176	0.05555	0.09838	0.16668
V311	0.43134	0	0.08941	0.06037	0.06914	0.34974
V312	0.15178	0.01448	0.03711	0.29202	0.43425	0.07036
V313	0.33836	0	0.08002	0.08484	0.07628	0.42049
V314	0.22975	0.02769	0.03789	0.50638	0.13011	0.06818
V315	0.19712	0.46636	0.07307	0.05819	0.13542	0.06983
V316	0.29973	0	0.08881	0.10427	0.09363	0.41356
V317	0.12826	0.0061	0.03481	0.51999	0.16752	0.14332
V318	0.07048	0.02354	0.04424	0.64815	0.14982	0.06378
V319	0.28761	0.151	0.2288	0.14717	0.09072	0.0947
V320	0.22647	0.15336	0.285	0.12682	0.09121	0.11714
V321	0.11974	0.44842	0.04955	0.22617	0.11836	0.03777
V322	0.10125	0	0.11358	0.06416	0.60105	0.11996
V323	0.10317	0.22196	0.03695	0.29668	0.29655	0.04469
V324	0.14293	0.02511	0.077	0.19582	0.40293	0.15621
V325	0.16786	0.53965	0.08564	0.06027	0.09805	0.04854
V326	0.2044	0.4903	0.08018	0.05924	0.11191	0.05398
V327	0.10657	0.00986	0.68025	0.04789	0.08096	0.07448
V328	0.18145	0.15729	0.17824	0.14646	0.27385	0.06272
V329	0.05976	0.0024	0.45346	0.04991	0.36662	0.06785
V330	0.05201	0.00872	0.71054	0.05536	0.09958	0.07379
V331	0.47275	0.07385	0.11108	0.11201	0.07821	0.1521
V332	0.15102	0.0414	0.16501	0.05608	0.37385	0.21264
V333	0.06895	0.0219	0.37131	0.28616	0.17593	0.07575
V334	0.08916	0.30979	0.32782	0.12845	0.0966	0.04817
V335	0.14141	0.01914	0.58472	0.05291	0.07827	0.12354
V336	0.28403	0.40665	0.08838	0.05817	0.09205	0.07071
V337	0.11856	0.13809	0.09056	0.05967	0.54922	0.0439
V338	0.4934	0.02334	0.105	0.06254	0.18961	0.12611
V339	0.13853	0.07384	0.32447	0.22398	0.11884	0.12034
V340	0.42947	0.20658	0.07233	0.08694	0.09518	0.1095
V341	0.22983	0.04745	0.06772	0.42761	0.15234	0.07506
V342	0.12712	0.01155	0.04284	0.49427	0.17261	0.1516
V343	0.24083	0.11072	0.15838	0.06914	0.09396	0.32697
V344	0.13657	0.4216	0.05982	0.07164	0.21665	0.09371
V345	0.06719	9e-05	0.05176	0.06288	0.77446	0.04361
V346	0.16616	0.01619	0.04856	0.3338	0.35748	0.0778
V347	0.35176	0.11253	0.07882	0.11053	0.25963	0.08674
V348	0.13488	0.10824	0.50057	0.0615	0.12544	0.06937
V349	0.49422	0.08002	0.10263	0.11891	0.09994	0.10427
V350	0.33726	0.04146	0.15246	0.21147	0.08574	0.1716
V351	0.2978	0.03996	0.11047	0.07051	0.0915	0.38976
V352	0.1562	0.2316	0.06642	0.05144	0.30604	0.1883
V353	0.06891	0.14362	0.59554	0.04762	0.08501	0.0593
V354	0.18516	0.03062	0.22363	0.04932	0.31748	0.19379
V355	0.0509	0.03238	0.71259	0.05476	0.08563	0.06374
V356	0.37768	0.10945	0.0838	0.207	0.10768	0.11438
V357	0.24804	0.01702	0.34127	0.06372	0.24277	0.0872
V358	0.24503	0	0.12634	0.07481	0.08563	0.4682
V359	0.1657	0.08126	0.03696	0.46097	0.18253	0.07258
V360	0.36493	0.01586	0.06209	0.19057	0.25626	0.11029
V361	0.13574	0.57357	0.06892	0.07049	0.10837	0.04291
V362	0.11619	0.38982	0.06801	0.26618	0.1202	0.0396
V363	0.49806	0.06936	0.11387	0.05642	0.13648	0.12582
V364	0.21673	0.12919	0.0814	0.07631	0.17144	0.32492
V365	0.31929	0.29628	0.06835	0.14896	0.08932	0.0778
V366	0.13099	0.19463	0.37044	0.09358	0.14479	0.06557
V367	0.08411	0.00819	0.03976	0.4473	0.35081	0.06983
V368	0.19521	0.09175	0.12563	0.0754	0.19616	0.31585
V369	0.0948	0.01783	0.04478	0.09792	0.65958	0.0851
V370	0.0833	0.06666	0.50324	0.14839	0.10712	0.09128
V371	0.13855	0.19817	0.04393	0.37612	0.11709	0.12613
V372	0.14106	0.45191	0.06066	0.07246	0.20265	0.07126
V373	0.55963	0.03097	0.08433	0.05788	0.062	0.20519
V374	0.18486	0.02261	0.21458	0.38139	0.13178	0.06478
V375	0.31292	0.01945	0.2003	0.09138	0.27984	0.0961
V376	0.21984	0.01955	0.08712	0.13713	0.14855	0.38783
V377	0.09397	0.00898	0.34038	0.05083	0.43941	0.06644
V378	0.23421	0.0387	0.21171	0.0484	0.10577	0.36122
V379	0.39052	0.00772	0.17383	0.05137	0.0685	0.30806
V380	0.06786	0.02726	0.06938	0.06724	0.7189	0.04936
V381	0.27681	0.04035	0.27008	0.23845	0.09725	0.07706
V382	0.07188	0.02369	0.04438	0.19153	0.62155	0.04697
V383	0.18919	0.04331	0.32961	0.25187	0.11122	0.07479
V384	0.07764	0.02361	0.64705	0.0619	0.12173	0.06806
V385	0.2789	0	0.10424	0.05024	0.07644	0.49019
V386	0.42399	0.04465	0.25112	0.05986	0.10998	0.11041
V387	0.21795	0.02668	0.07073	0.49593	0.12174	0.06698
V388	0.52166	0.05998	0.18148	0.05598	0.06951	0.11138
V389	0.34954	0.0522	0.08746	0.05258	0.08073	0.3775
V390	0.11249	0.03896	0.03228	0.54091	0.16298	0.11238
V391	0.09475	0.01522	0.04051	0.4432	0.32764	0.07868
V392	0.13487	0.02307	0.39436	0.12769	0.08697	0.23304
V393	0.12513	0.11248	0.32253	0.09397	0.19164	0.15425
V394	0.07136	0.01584	0.04567	0.62052	0.19144	0.05517
V395	0.04853	0.05483	0.69544	0.05445	0.08576	0.06099
V396	0.3722	0.06841	0.0579	0.28624	0.12994	0.08531
V397	0.23666	0.11958	0.1006	0.05729	0.11621	0.36966
V398	0.13925	0.44645	0.07063	0.07263	0.22129	0.04976
V399	0.05636	0.00755	0.67123	0.08198	0.10158	0.0813
V400	0.18799	0.01269	0.04911	0.32963	0.11398	0.3066
V401	0.15021	0.02033	0.51386	0.055	0.16281	0.09778
V402	0.1123	0.02411	0.02702	0.62504	0.14404	0.0675
V403	0.17446	0	0.06943	0.07495	0.36511	0.31604
V404	0.04846	0.01754	0.73457	0.04886	0.08511	0.06547
V405	0.28822	0.26303	0.12284	0.0899	0.16575	0.07027
V406	0.19543	0.03775	0.18903	0.11607	0.22374	0.23797
V407	0.11136	0.01357	0.58167	0.04542	0.087	0.16099
V408	0.10683	0.09251	0.0519	0.51677	0.13171	0.10028
V409	0.59994	0.05591	0.0846	0.05988	0.06066	0.13901
V410	0.61102	0.04259	0.08421	0.05977	0.07403	0.12838
V411	0.21335	0	0.0681	0.23289	0.09499	0.39066
V412	0.40424	0.15323	0.11107	0.08578	0.1587	0.08698
V413	0.08008	0.10359	0.04721	0.55894	0.16023	0.04995
V414	0.13576	0.06469	0.04181	0.44711	0.24975	0.06087
V415	0.09208	0.01104	0.28106	0.31509	0.1937	0.10702
V416	0.10579	0.11042	0.04659	0.22344	0.41263	0.10113
V417	0.26151	0	0.12558	0.13562	0.08226	0.39503
V418	0.07027	0.06253	0.33697	0.14141	0.3149	0.07391
V419	0.27279	0	0.084	0.05183	0.08573	0.50564
V420	0.27	0	0.08371	0.05686	0.0838	0.50562
V421	0.09416	0.03633	0.08833	0.10368	0.61656	0.06094
V422	0.20622	0.21939	0.05543	0.06023	0.40265	0.05609
V423	0.10756	0.13953	0.02464	0.53369	0.14273	0.05185
V424	0.53157	0.0964	0.08862	0.10077	0.06871	0.11394
V425	0.07365	0.07666	0.05725	0.05447	0.69069	0.04729
V426	0.22573	0.01089	0.20807	0.0548	0.08508	0.41543
V427	0.36172	0.10723	0.16081	0.14273	0.10087	0.12664
V428	0.24809	0.02838	0.03284	0.49919	0.12088	0.07062
V429	0.06759	0.02375	0.10613	0.44275	0.29953	0.06025
V430	0.09068	0.06726	0.45122	0.18957	0.11048	0.09079
V431	0.04312	0.01692	0.71988	0.06868	0.08727	0.06413
V432	0.1	0.33063	0.05545	0.33726	0.13365	0.04301
V433	0.06947	0.01801	0.05075	0.6592	0.15068	0.05189
V434	0.0848	0.22961	0.15395	0.36504	0.11995	0.04665
V435	0.10386	0	0.05693	0.05163	0.63957	0.14801
V436	0.55783	0.10473	0.08673	0.07112	0.06525	0.11433
V437	0.21106	0.20737	0.25403	0.06306	0.16675	0.09774
V438	0.11684	0.28035	0.05515	0.0948	0.40668	0.04618
V439	0.06724	0.00651	0.12257	0.05449	0.70104	0.04814
V440	0.15892	0.03901	0.34596	0.08897	0.24411	0.12303
V441	0.12117	0.05119	0.38568	0.15599	0.10513	0.18083
V442	0.34199	0.10217	0.18474	0.09687	0.11946	0.15477
V443	0.07652	0.01364	0.06719	0.60067	0.17315	0.06882
V444	0.49755	0.04523	0.09977	0.075	0.1389	0.14354
V445	0.61453	0.04357	0.09696	0.05985	0.05979	0.12531
V446	0.1174	0.3921	0.2438	0.06948	0.11183	0.06538
V447	0.21124	0.1674	0.05753	0.1853	0.13736	0.24117
V448	0.06227	0.024	0.66509	0.04975	0.13582	0.06306
V449	0.42011	0.0446	0.07129	0.25007	0.08602	0.12791
V450	0.11037	0.01406	0.54051	0.04921	0.21832	0.06753
V451	0.13228	0.03448	0.15533	0.15502	0.46706	0.05584
V452	0.16745	0.00967	0.06955	0.3574	0.15618	0.23975
V453	0.27235	0.01585	0.41389	0.13022	0.08636	0.08133
V454	0.19462	0.06146	0.11376	0.43553	0.12404	0.07058
V455	0.16749	0.51968	0.08875	0.07452	0.09809	0.05146
V456	0.55527	0.02759	0.10545	0.06394	0.09802	0.14973
V457	0.23046	0	0.07821	0.05606	0.25362	0.38165
V458	0.10081	0	0.34789	0.05578	0.38347	0.11205
V459	0.06262	0.02517	0.47012	0.27822	0.10648	0.0574
V460	0.30544	0.05577	0.23079	0.14369	0.10953	0.15478
V461	0.24965	0.04408	0.05307	0.34821	0.21137	0.09363
V462	0.05201	0.00712	0.7003	0.06111	0.0932	0.08625
V463	0.06428	0.02109	0.05587	0.08566	0.73143	0.04167
V464	0.15521	0.52735	0.07166	0.07465	0.12907	0.04206
V465	0.29906	0.08301	0.35656	0.05031	0.10841	0.10265
V466	0.1199	0.02854	0.03686	0.5495	0.19462	0.07058
V467	0.62197	0.03637	0.09137	0.06014	0.05935	0.13081
V468	0.28766	0.09129	0.11439	0.22067	0.21042	0.07557
V469	0.07676	0.10448	0.51559	0.1127	0.09743	0.09304
V470	0.43124	0.02817	0.09677	0.10629	0.23494	0.1026
V471	0.10208	0.16367	0.41859	0.09311	0.12372	0.09883
V472	0.13556	0.35509	0.05498	0.07738	0.31162	0.06537
V473	0.13908	0.58108	0.07586	0.06131	0.1017	0.04097
V474	0.09824	0.01217	0.30904	0.39486	0.12338	0.06231
V475	0.10998	0.11754	0.23576	0.17291	0.29865	0.06516
V476	0.3796	0.02381	0.06923	0.192	0.12021	0.21515
V477	0.1587	0.40064	0.10029	0.11617	0.11562	0.10859
V478	0.06192	0.01165	0.67035	0.06056	0.09185	0.10367
V479	0.09079	0.10661	0.56141	0.05474	0.12023	0.06622
V480	0.08798	0.18479	0.04281	0.2615	0.3797	0.04322
V481	0.3182	0.0805	0.13643	0.1042	0.26339	0.09728
V482	0.44452	0.00209	0.09586	0.06067	0.06779	0.32907
V483	0.13059	0.55518	0.10969	0.06466	0.10034	0.03954
V484	0.55326	0.02999	0.13056	0.05722	0.10473	0.12425
V485	0.22856	0.10439	0.3858	0.10127	0.0875	0.09249
V486	0.19354	0.00655	0.52816	0.07425	0.07723	0.12028
V487	0.09755	0.24983	0.05502	0.05994	0.49358	0.04407
V488	0.25403	0.42954	0.07887	0.08487	0.09088	0.06181
V489	0.531	0.04404	0.13496	0.06328	0.10645	0.12027
V490	0.27828	0.01142	0.07695	0.09136	0.10276	0.43924
V491	0.1256	0.2025	0.28736	0.0506	0.2651	0.06883
V492	0.2009	0.00883	0.21818	0.10953	0.15264	0.30993
V493	0.53816	0.12402	0.07928	0.07697	0.06703	0.11455
V494	0.18964	0.00674	0.31156	0.06641	0.07899	0.34666
V495	0.22687	0.36931	0.18811	0.06556	0.09313	0.05701
V496	0.20926	0.09184	0.25605	0.0494	0.24338	0.15008
V497	0.08611	0.14615	0.15985	0.07702	0.48598	0.04489
V498	0.12011	0.08516	0.28612	0.27723	0.15574	0.07564
V499	0.13275	0.44061	0.16207	0.09909	0.10931	0.05618
V500	0.35664	0.14856	0.10819	0.09095	0.19163	0.10403
V501	0.15914	0.53596	0.068	0.07481	0.10557	0.05651
V502	0.07197	0.01012	0.0431	0.23006	0.59225	0.05249
V503	0.1549	0.25122	0.06172	0.35935	0.12367	0.04915
V504	0.14803	0.54045	0.09952	0.05959	0.11064	0.04176
V505	0.06446	0.00674	0.38756	0.31499	0.1398	0.08646
V506	0.32208	0.004	0.09209	0.15841	0.13601	0.28741
V507	0.26141	0	0.0843	0.0499	0.09152	0.51288
V508	0.12908	0.39	0.08818	0.11078	0.23525	0.04671
V509	0.08792	0.02324	0.02768	0.57965	0.23051	0.051
V510	0.61188	0.03523	0.08408	0.05994	0.0805	0.12836
V511	0.24293	0	0.06244	0.21958	0.09961	0.37544
V512	0.11513	0.16488	0.45472	0.06701	0.10526	0.093
V513	0.07115	0.01528	0.20842	0.09064	0.56398	0.05052
V514	0.14775	0.50786	0.11051	0.05699	0.09664	0.08025
V515	0.13867	0.28754	0.04523	0.34366	0.11698	0.06792
V516	0.05311	0.04382	0.60611	0.05536	0.17541	0.06619
V517	0.05288	0.00536	0.32481	0.2089	0.35274	0.0553
V518	0.28722	0.27517	0.08573	0.12556	0.12152	0.10481
V519	0.19792	0.36832	0.06902	0.11095	0.0997	0.15408
V520	0.47015	0.08951	0.08954	0.13106	0.07366	0.14608
V521	0.12566	9e-05	0.05342	0.06727	0.68825	0.06531
V522	0.31501	0.13973	0.07701	0.07148	0.23665	0.16012
V523	0.32789	0.13622	0.1077	0.15399	0.09117	0.18304
V524	0.10957	0	0.09524	0.16845	0.5046	0.12214
V525	0.38971	0	0.11422	0.06513	0.07052	0.36041
V526	0.123	0.48458	0.12747	0.06215	0.16438	0.03842
V527	0.27908	0.02262	0.44528	0.05641	0.10929	0.08732
V528	0.56085	0.03213	0.15746	0.06334	0.06825	0.11797
V529	0.12547	0.07533	0.04371	0.53994	0.1547	0.06084
V530	0.13529	0.16825	0.28093	0.13297	0.14897	0.13359
V531	0.61664	0.04325	0.08443	0.06583	0.06043	0.12943
V532	0.14232	0.01341	0.0811	0.4748	0.22285	0.06553
V533	0.15291	0	0.25218	0.06781	0.31433	0.21276
V534	0.12436	0.00108	0.03872	0.46174	0.20055	0.17356
V535	0.39041	0.05068	0.21049	0.15059	0.08424	0.11359
V536	0.05931	0.00584	0.57112	0.17688	0.09567	0.09119
V537	0.12538	0.42254	0.05511	0.22321	0.11685	0.05691
V538	0.18443	0	0.05808	0.32214	0.1039	0.33145
V539	0.08075	0.01279	0.03539	0.5499	0.25792	0.06325
V540	0.26631	0.0152	0.29369	0.06369	0.25029	0.11082
V541	0.09851	0.20018	0.03556	0.45246	0.15011	0.06318
V542	0.1097	0.39357	0.06393	0.22485	0.16298	0.04497
V543	0.0509	0.00363	0.50331	0.06959	0.30812	0.06446
V544	0.2625	0	0.08584	0.07793	0.10235	0.47138
V545	0.11189	0.4215	0.10754	0.07171	0.24332	0.04403
V546	0.42257	0.06954	0.0645	0.23462	0.10735	0.10142
V547	0.11619	0.0705	0.03491	0.33005	0.35095	0.0974
V548	0.26988	0	0.08426	0.05126	0.08519	0.50941
V549	0.14207	0.002	0.4978	0.11569	0.1067	0.13574
V550	0.06747	0.00801	0.30026	0.05179	0.51889	0.05358
V551	0.21834	0.03076	0.10447	0.13674	0.16386	0.34584
V552	0.09477	0.03242	0.15084	0.25504	0.38522	0.08171
V553	0.56419	0.03105	0.10369	0.08346	0.09206	0.12555
V554	0.14673	0.53719	0.08458	0.05904	0.10418	0.06828
V555	0.33531	0.00236	0.07932	0.24096	0.08871	0.25334
V556	0.10127	0.01731	0.37279	0.31397	0.12281	0.07185
V557	0.16119	0.49044	0.12613	0.06279	0.10096	0.0585
V558	0.34622	0.14865	0.07275	0.1412	0.08218	0.20901
V559	0.0635	0.00163	0.04045	0.16077	0.68605	0.0476
V560	0.50647	0.04509	0.08856	0.06887	0.13808	0.15292
V561	0.04394	0.02468	0.73307	0.04885	0.08523	0.06424
V562	0.38545	0.18542	0.10548	0.10958	0.08485	0.12922
V563	0.25483	0	0.07803	0.10261	0.08117	0.48335
V564	0.20581	0.04256	0.06715	0.05697	0.29285	0.33466
V565	0.26145	0	0.09087	0.04985	0.08442	0.5134
V566	0.24736	0.05893	0.09316	0.09005	0.11142	0.39908
V567	0.29695	0.22626	0.06084	0.21312	0.11432	0.08852
V568	0.10028	0.00113	0.05745	0.08022	0.71387	0.04705
V569	0.53088	0.05254	0.07928	0.08249	0.07248	0.18233
V570	0.48535	0.12894	0.09801	0.09977	0.07831	0.10962
V571	0.06893	0.17848	0.52081	0.06113	0.11536	0.05529
V572	0.05888	0.01426	0.63694	0.06248	0.1614	0.06604
V573	0.19818	0.49886	0.07481	0.05944	0.11267	0.05604
V574	0.16385	0	0.34414	0.07931	0.10931	0.30339
V575	0.13613	0.43418	0.10811	0.13824	0.11347	0.06988
V576	0.2823	0.09116	0.06972	0.05385	0.43164	0.07134
V577	0.29752	0.0459	0.06255	0.09822	0.39046	0.10534
V578	0.10386	0	0.05693	0.05163	0.63957	0.14801
V579	0.09051	0.02755	0.16983	0.23402	0.42569	0.05238
V580	0.1533	0.02048	0.10318	0.32445	0.29924	0.09936
V581	0.47316	0.0563	0.12729	0.11256	0.12913	0.10155
V582	0.47427	0.03218	0.07801	0.19776	0.08542	0.13236
V583	0.14432	0.02559	0.28491	0.04749	0.25877	0.23892
V584	0.15183	0.01121	0.04794	0.29813	0.31327	0.17762
V585	0.13218	0.32017	0.22448	0.11066	0.10642	0.10609
V586	0.19462	0.48795	0.10051	0.06398	0.09996	0.05298
V587	0.22166	0.02152	0.2575	0.30811	0.10781	0.0834
V588	0.0821	0.02474	0.05189	0.63398	0.15521	0.05208
V589	0.14599	0.20115	0.25824	0.10562	0.09467	0.19433
V590	0.17201	0.02001	0.3342	0.10098	0.08975	0.28304
V591	0.52464	0.03081	0.09568	0.15854	0.07954	0.11079
V592	0.11701	0.2555	0.10575	0.32331	0.15025	0.04818
V593	0.07175	0.0257	0.02317	0.67498	0.15326	0.05113
V594	0.15398	0.0033	0.05241	0.48512	0.13061	0.17458
V595	0.13783	0.19578	0.08901	0.13866	0.2768	0.16193
V596	0.08507	0.17084	0.05548	0.10729	0.54366	0.03767
V597	0.328	0.01301	0.07747	0.06084	0.4432	0.07748
V598	0.58959	0.06211	0.08376	0.05949	0.06803	0.13702
V599	0.21527	0	0.06375	0.16351	0.17404	0.38343
V600	0.3625	0.08548	0.07147	0.09112	0.13423	0.25521
V601	0.16917	0.11232	0.08527	0.30924	0.10609	0.2179
V602	0.10448	0.0055	0.12913	0.05741	0.56151	0.14197
V603	0.19506	0.27111	0.09543	0.09407	0.11548	0.22885
V604	0.10467	0.32551	0.05224	0.06078	0.41709	0.03971
V605	0.10483	0.02042	0.0653	0.05431	0.69333	0.06181
V606	0.38555	0.03724	0.24483	0.09719	0.0719	0.16329
V607	0.22816	0.00974	0.07164	0.06384	0.23322	0.39341
V608	0.17229	0.42075	0.06785	0.10455	0.11505	0.11951
V609	0.06723	0.0167	0.54925	0.20353	0.09889	0.0644
V610	0.09659	0.10359	0.3922	0.1747	0.13201	0.1009
V611	0.13139	0.55884	0.07694	0.0798	0.11436	0.03867
V612	0.08043	0.16661	0.02936	0.54119	0.13868	0.04374
V613	0.43941	0.12249	0.08557	0.05491	0.06955	0.22806
V614	0.11619	0.08959	0.43589	0.05356	0.14093	0.16384
V615	0.07421	0.04189	0.08904	0.06043	0.68461	0.04983
V616	0.32071	0.29068	0.06907	0.08467	0.10183	0.13304
V617	0.07029	0.00618	0.04589	0.0626	0.76815	0.04688
V618	0.1904	0.02152	0.51286	0.05449	0.09796	0.12278
V619	0.11382	0.43321	0.17345	0.07639	0.15307	0.05006
V620	0.2077	0	0.27057	0.05927	0.07702	0.38543
V621	0.07385	0.01428	0.08086	0.59432	0.17213	0.06457
V622	0.37273	0.13359	0.07781	0.05501	0.2718	0.08905
V623	0.20611	0.46786	0.07509	0.0579	0.1038	0.08925
V624	0.12174	0.42262	0.0478	0.24573	0.11278	0.04933
V625	0.11159	0.10781	0.18808	0.3754	0.13682	0.0803
V626	0.1149	0.02293	0.05664	0.18835	0.46181	0.15536
V627	0.43456	0.02587	0.05549	0.28933	0.08968	0.10508
V628	0.16575	0.03913	0.28951	0.11553	0.16978	0.22031
V629	0.10137	0.33587	0.03744	0.3537	0.12864	0.04298
V630	0.44432	0.01629	0.09535	0.09308	0.09921	0.25174
V631	0.21435	0	0.11497	0.14935	0.12418	0.39716
V632	0.08594	0.02687	0.14098	0.27997	0.40189	0.06435
V633	0.06054	0.14394	0.60094	0.0542	0.08601	0.05437
V634	0.50793	0.03801	0.07961	0.19069	0.07625	0.10751
V635	0.0686	0.05048	0.22345	0.47485	0.12751	0.05511
V636	0.13319	0.42262	0.05668	0.10476	0.20796	0.07479
V637	0.2447	0.02268	0.08432	0.05102	0.16154	0.43574
V638	0.0972	0.0923	0.07297	0.43143	0.25052	0.05557
V639	0.2564	0.04935	0.11468	0.07783	0.37934	0.1224
V640	0.11149	0.10599	0.40026	0.06044	0.18881	0.133
V641	0.05799	0.06334	0.41955	0.06935	0.3358	0.05396
V642	0.23926	0.03317	0.28117	0.17037	0.08565	0.19039
V643	0.55596	0.03852	0.07487	0.12065	0.08245	0.12755
V644	0.52499	0.03166	0.07448	0.12669	0.07654	0.16564
V645	0.49012	0.03293	0.08754	0.11944	0.07039	0.19958
V646	0.06487	0.0092	0.37913	0.05121	0.43928	0.05632
V647	0.23481	0.00033	0.08044	0.27621	0.12069	0.28752
V648	0.19557	0.24189	0.16449	0.09337	0.10746	0.19722
V649	0.16225	0.02454	0.0523	0.54688	0.14577	0.06826
V650	0.21787	0.14966	0.20467	0.05846	0.30526	0.06409
V651	0.18879	0.24587	0.11659	0.07584	0.2066	0.16632
V652	0.09425	0.01433	0.11741	0.55192	0.1593	0.0628
V653	0.17344	0.30991	0.08637	0.0758	0.17132	0.18318
V654	0.54862	0.03728	0.13651	0.06374	0.09042	0.12343
V655	0.25547	0	0.0812	0.09691	0.31003	0.25639
V656	0.12531	0.0687	0.48826	0.08172	0.1669	0.0691
V657	0.33437	0.01354	0.05973	0.13102	0.29118	0.17016
V658	0.07167	0.07408	0.15688	0.51548	0.13301	0.04889
V659	0.14008	0.55787	0.07391	0.06484	0.10635	0.05695
V660	0.56287	0.03268	0.08274	0.07047	0.06272	0.18852
V661	0.18298	0	0.17758	0.14284	0.19522	0.30138
V662	0.51682	0.03315	0.08524	0.13956	0.07783	0.14741
V663	0.10874	0.12359	0.05756	0.08377	0.58029	0.04605
V664	0.14474	0.05502	0.56728	0.04819	0.10039	0.08438
V665	0.0692	0	0.04595	0.06273	0.77464	0.04747
V666	0.32633	0.24267	0.06962	0.13261	0.11249	0.11628
V667	0.24339	0	0.10528	0.08244	0.09345	0.47544
V668	0.54004	0.13154	0.08635	0.06497	0.06612	0.11097
V669	0.23333	0.078	0.05619	0.24313	0.10315	0.2862
V670	0.14737	0.27209	0.06407	0.26808	0.1217	0.12669
V671	0.27745	0.02158	0.04213	0.46866	0.11549	0.07469
V672	0.13145	0.40625	0.04692	0.25813	0.11323	0.04402
V673	0.2055	0.09279	0.22149	0.05391	0.07951	0.3468
V674	0.52398	0.0277	0.08072	0.05734	0.20105	0.1092
V675	0.25956	0.07998	0.09158	0.05147	0.09999	0.41741
V676	0.0792	0.01668	0.09409	0.60667	0.15061	0.05275
V677	0.22548	0.27592	0.18026	0.05099	0.08181	0.18555
V678	0.20003	0.05318	0.09606	0.05729	0.40553	0.1879
V679	0.24507	0.05618	0.11027	0.07009	0.08759	0.43079
V680	0.07332	0	0.31998	0.05091	0.47108	0.08471
V681	0.16144	0.48493	0.08955	0.06164	0.09493	0.10751
V682	0.16434	0.38196	0.06435	0.06502	0.16977	0.15456
V683	0.08956	0	0.0539	0.05345	0.70453	0.09855
V684	0.17416	0.49328	0.06354	0.11039	0.10659	0.05204
V685	0.10568	0.41814	0.24031	0.05332	0.13797	0.04457
V686	0.25881	0.00645	0.37247	0.05439	0.08724	0.22065
V687	0.15454	0.1793	0.25296	0.11831	0.08865	0.20624
V688	0.36223	0.00488	0.07305	0.05984	0.31177	0.18823
V689	0.10891	0.0201	0.53237	0.12929	0.11076	0.09856
V690	0.13052	0	0.07573	0.07087	0.5744	0.14848
V691	0.14603	0.33787	0.19136	0.10489	0.12649	0.09337
V692	0.40469	0.0235	0.05426	0.26936	0.14856	0.09963
V693	0.52759	0.11536	0.09149	0.07013	0.06656	0.12888
V694	0.5236	0.11605	0.08333	0.08841	0.06845	0.12016
V695	0.54275	0.02679	0.07744	0.07002	0.13621	0.14679
V696	0.14722	0.34813	0.08934	0.09471	0.26731	0.05329
V697	0.09601	0.02099	0.59722	0.08166	0.11387	0.09025
V698	0.13631	0.57713	0.06952	0.06575	0.10808	0.04321
V699	0.19961	0.02216	0.45186	0.07512	0.13893	0.11233
V700	0.16457	0.00912	0.04934	0.06105	0.65014	0.06578
V701	0.58262	0.02829	0.0906	0.05833	0.06101	0.17914
V702	0.23395	0	0.1149	0.16461	0.09543	0.39111
V703	0.22021	0.3531	0.07325	0.05583	0.23787	0.05975
V704	0.32302	0.21943	0.20729	0.05262	0.08898	0.10866
V705	0.0925	0.0865	0.24199	0.16709	0.35157	0.06035
V706	0.17314	0.05922	0.29461	0.04748	0.16952	0.25603
V707	0.44698	0.0181	0.08333	0.05442	0.0751	0.32207
V708	0.08572	0.29521	0.41076	0.06221	0.09579	0.0503
V709	0.0704	0.01614	0.01964	0.61521	0.22823	0.05038
V710	0.33723	0.05646	0.14748	0.09128	0.23987	0.12768
V711	0.10108	0.17199	0.34425	0.17832	0.1034	0.10095
V712	0.0869	0.20256	0.05924	0.05973	0.54726	0.04432
V713	0.26988	0.36418	0.09047	0.07893	0.10539	0.09115
V714	0.09862	0.35673	0.34591	0.05706	0.09692	0.04476
V715	0.066	0.02426	0.70406	0.04758	0.08396	0.07414
V716	0.18332	0.0155	0.05481	0.25903	0.25479	0.23255
V717	0.09036	0.00449	0.06532	0.05444	0.71607	0.06931
V718	0.09285	0.2872	0.05573	0.0547	0.47398	0.03554
V719	0.13969	0.53191	0.08775	0.06392	0.123	0.05373
V720	0.24094	0.00784	0.22182	0.26942	0.12438	0.1356
V721	0.16324	0.19657	0.22076	0.04867	0.15495	0.2158
V722	0.06704	6e-05	0.05822	0.05663	0.77443	0.04362
V723	0.12817	0.45332	0.09343	0.06662	0.20258	0.05587
V724	0.12377	0.2364	0.3156	0.11901	0.15533	0.04989
V725	0.10977	0.04132	0.09544	0.1418	0.50631	0.10535
V726	0.07282	0.0154	0.43758	0.06927	0.31623	0.0887
V727	0.21846	0	0.14404	0.14912	0.09266	0.39572
V728	0.08349	0.02199	0.01865	0.64977	0.14886	0.07723
V729	0.22447	0.34959	0.07847	0.0781	0.20074	0.06863
V730	0.18164	0	0.11502	0.33142	0.11243	0.25949
V731	0.18143	0.03938	0.37261	0.04826	0.22246	0.13586
V732	0.15437	0.30281	0.07347	0.0827	0.27627	0.11038
V733	0.21539	0	0.25293	0.18621	0.13372	0.21175
V734	0.2236	0	0.25012	0.04646	0.08904	0.39078
V735	0.0941	0.07916	0.03595	0.56038	0.14402	0.08639
V736	0.16882	0.36821	0.10593	0.08151	0.10431	0.17122
V737	0.06149	0	0.05162	0.06294	0.78049	0.04345
V738	0.29885	0.0524	0.1078	0.30483	0.11179	0.12433
V739	0.18844	0.23221	0.17608	0.07612	0.24143	0.08572
V740	0.0931	0.19583	0.31835	0.08191	0.24875	0.06206
V741	0.33212	0.12911	0.17042	0.10981	0.18047	0.07807
V742	0.26851	0.02137	0.0681	0.33767	0.20193	0.10242
V743	0.08132	0.08972	0.23063	0.27325	0.26524	0.05983
V744	0.34353	0.07872	0.07938	0.15579	0.08236	0.26023
V745	0.12596	0.37203	0.05956	0.0833	0.31718	0.04197
V746	0.56434	0.04427	0.08646	0.07718	0.07765	0.15009
V747	0.19965	0.01191	0.13586	0.0783	0.50129	0.073
V748	0.19522	0.02416	0.23363	0.06845	0.17168	0.30687
V749	0.3746	0.01422	0.07099	0.15802	0.16326	0.21891
V750	0.07749	0.08304	0.0191	0.61913	0.15384	0.0474
V751	0.07609	0.0243	0.04539	0.6265	0.17674	0.05097
V752	0.20632	0.01253	0.07422	0.10423	0.52996	0.07273
V753	0.18828	0	0.08366	0.11564	0.34728	0.26513
V754	0.15251	0.31547	0.14531	0.09948	0.13245	0.15477
V755	0.29668	0.03554	0.07121	0.07224	0.39697	0.12736
V756	0.25186	0	0.08722	0.05706	0.12193	0.48194
V757	0.19055	0.31428	0.07262	0.06992	0.13559	0.21704
V758	0.27801	0.43204	0.07163	0.06431	0.0884	0.06562
V759	0.16209	0.01476	0.08439	0.14941	0.48326	0.10609
V760	0.25806	0	0.08865	0.06912	0.07858	0.5056
V761	0.05351	0.00846	0.31892	0.0652	0.50483	0.04908
V762	0.10086	0.00436	0.60969	0.07457	0.10473	0.10579
V763	0.08893	0.13012	0.04347	0.51212	0.16316	0.06221
V764	0.21172	0.00392	0.1181	0.19198	0.28537	0.18891
V765	0.26912	0	0.08351	0.05728	0.08465	0.50545
V766	0.2926	0.25743	0.07666	0.06634	0.19779	0.10917
V767	0.22161	0	0.27609	0.12316	0.1041	0.27503
V768	0.13293	0.46497	0.17557	0.06571	0.10122	0.0596
V769	0.0431	0.00927	0.6772	0.10912	0.0985	0.06281
V770	0.13175	0.3069	0.04525	0.33425	0.13062	0.05122
V771	0.15563	0.05743	0.4001	0.08614	0.08224	0.21846
