Neutrophils	T_cells_.gamma.delta.	Monocytes_CD14.CD16.	Macrophage	T_cells_.CD4..	Fibroblasts	Endothelial_cells	Keratinocytes	CD34.	Platelets
V1	0.01133	0.01427	0.04192	0.0051	0.11725	0.00016	0.02768	0	0.00991	0.77237
V2	0.63414	0.00647	0.04676	0.00475	0.04446	0.21625	0.04611	0	0.00104	0
V3	0.11805	0.0853	0.10295	0.02126	0.38507	0.01035	0.10894	0.10742	0.0203	0.04038
V4	0.00693	0.07841	0.0489	0.01042	0.06182	0.0676	0.02401	0.01064	0.44926	0.24201
V5	0.0018	0.09778	0.04029	0.0643	0.00504	0.05148	0.02274	0	0.00945	0.70711
V6	0.00711	0.1183	0.1962	0.03164	0.52532	0.02543	0.02491	0.04293	0.00788	0.02027
V7	0	0.55161	0.01281	0.01704	0.2505	0.01248	0.07074	0.04976	0.01677	0.01829
V8	0.00259	0.58157	0.04599	0.01437	0.03687	0.02554	0.02552	0.20833	0.03624	0.02298
V9	0.01415	0	0.09583	0.13661	0.07085	0.01965	0.22826	0.37803	0.04525	0.01137
V10	0	0.13364	0.0162	0.0075	0.61025	0.06361	0.0371	0.10708	0.00691	0.01771
V11	0.01148	0.572	0.00903	0.01038	0.0372	0.04713	0.02474	0.19048	0.06252	0.03505
V12	0.01275	0.02498	0.19008	0.42656	0.0521	0	0.09286	0.0067	0.01479	0.17917
V13	0.09891	0.00827	0.13143	0.02173	0.09977	0.10464	0.40243	0.00179	0.11043	0.0206
V14	0.07284	0.44986	0.13665	0.06846	0.06562	0.04364	0.12218	0.00572	0.02176	0.01328
V15	0.23299	0.01069	0.1651	0.47438	0.04056	0.01302	0.03899	0.0083	0.01596	0
V16	0.01532	0.05747	0.23015	0.4889	0.05283	0.03605	0.01562	0.0019	0.08779	0.01397
V17	0.01757	0.10835	0.01252	0.00743	0.01659	0.0587	0.04315	0.00267	0.017	0.71602
V18	0.06092	0.06406	0.08068	0.24165	0	0.00567	0.01681	0.00104	0.01074	0.51843
V19	0.00096	0	0.02761	0.05156	0	0.05841	0.02058	0.0038	0.00798	0.82909
V20	0.00224	0.22151	0.02838	0.02075	0.07097	0.00437	0.48108	0.02702	0.02057	0.12311
V21	0.10119	0.44527	0.02355	0.0098	0.03801	0.29184	0.02743	0.02012	0.02332	0.01948
V22	0.00387	0	0.0099	0.00149	0	0.01135	0.02978	0.1818	0.04542	0.71639
V23	0.25751	0.0264	0.46006	0.04622	0.02604	0.00465	0.01886	0.00077	0.01353	0.14596
V24	0.0224	0.61887	0.04823	0.01444	0.05348	0.00553	0.0809	0.05173	0.08935	0.01506
V25	0.02205	0.10224	0.03336	0.02404	0.0629	0.09752	0.03628	0	0.12112	0.5005
V26	0.01919	0	0.06663	0.01879	0.05111	0.02889	0.07353	0.69472	0.04123	0.00591
V27	0	0.06348	0.01611	0.00364	0.28849	0.00032	0.03904	0	0.00781	0.58112
V28	0.23626	0	0.02748	0.00016	0	0.01375	0.03731	0.01591	0.0034	0.66574
V29	0.00578	0.67147	0.00903	0.01569	0.03546	0.08747	0.01934	0.01084	0.01825	0.12668
V30	0.00791	0.00565	0.11901	0.02954	0.07778	0.25386	0.27395	0	0.21217	0.02013
V31	0.01151	0.36942	0.191	0.02676	0.08229	0.00989	0.02753	0.22966	0.02844	0.02349
V32	0.48233	0.04444	0.05396	0.00581	0.23267	0.03262	0.05007	0	0.06894	0.02916
V33	0.03794	0.0185	0.24168	0.44247	0.05687	0	0.18198	0.00074	0.01722	0.00261
V34	0.00111	0.0451	0.01714	0.00286	0.15579	0.00077	0.02793	0.00616	0.03734	0.7058
V35	0.00619	0.82905	0.01339	0.01299	0.0422	0.01387	0.02662	0.01051	0.02719	0.01798
V36	0.05587	0.01475	0.04442	0.01854	0.11407	0.00206	0.7056	0.01505	0.02221	0.00743
V37	0	0.54902	0.01808	0.01355	0.0729	0.00187	0.27128	0.01788	0.02789	0.02754
V38	0.12826	0	0.08939	0.16474	0.08671	0	0.504	0	0.023	0.00389
V39	0.08077	0.00402	0.0934	0.16128	0.11366	0	0.49653	0.00894	0.02292	0.01848
V40	0.11571	0.03731	0.60348	0.06336	0.11513	0	0.01926	0	0.01737	0.02838
V41	0.5933	0.05434	0.07623	0.00758	0.03532	0.00149	0.02772	0.00335	0.17701	0.02367
V42	0	0.6271	0.01217	0.01044	0.23963	0.00528	0.01683	0	0.01843	0.0701
V43	0.13799	0.0421	0.13039	0.08643	0.21337	0.02971	0.21932	0.01408	0.11747	0.00913
V44	0.03193	0.00559	0.51972	0.05666	0.04184	0.00824	0.03319	0.26266	0.03197	0.0082
V45	0.00901	0	0.06419	0.02378	0.08277	0	0.27267	0	0.47585	0.07172
V46	0.15171	0.07906	0.07824	0.1891	0.02073	0.00058	0.01742	0.00968	0.0094	0.44408
V47	0.00601	0	0.0492	0.02176	0.10475	0.00239	0.76697	0	0.02645	0.02247
V48	0.01117	0	0.02199	0.00245	0	1e-05	0.02791	0	0.06829	0.86818
V49	0.21956	0	0.02043	0.01647	0.03886	0.02205	0.05389	0.60035	0.02838	0
V50	0.31742	0.17633	0.03643	0.00798	0.04732	0.38585	0.01715	0	0.01126	0.00025
V51	0.16208	0.01909	0.51538	0.05262	0.09267	0.00017	0.0267	0.04183	0.05242	0.03704
V52	0.01452	0.00433	0.20829	0.31255	0.07173	0	0.35413	0.0048	0.02492	0.00472
V53	0.4056	0.00342	0.1157	0.08531	0.02122	0.00279	0.0288	0.0937	0.00888	0.23457
V54	0	0.04397	0.02363	0.01292	0.2128	0.67408	0.02348	0	0.00815	0.00098
V55	0.01323	0.02367	0.18081	0.60807	0.08595	0.00766	0.03985	0.00318	0.01487	0.02269
V56	0.1462	0.02758	0.47803	0.06881	0.09692	0.1175	0.01729	0	0.01236	0.03531
V57	0.02819	0.0103	0.50806	0.22576	0.04436	0.00637	0.02406	0.02115	0.08407	0.04767
V58	0.01456	0.1964	0.09715	0.14924	0.05352	0.43969	0.0294	0	0.01795	0.0021
V59	0.02995	0.05365	0.04469	0.01969	0.10188	0.00194	0.71533	0	0.02419	0.00868
V60	0.70693	0.01115	0.06459	0.00571	0.07606	0.0013	0.02368	0	0.10013	0.01046
V61	0.00108	0	0.06126	0.04172	0.06256	0.78621	0.02547	0.00103	0.01117	0.00951
V62	0.02285	0	0.02916	0.01954	0.0385	0	0.35422	0.00225	0.03865	0.49483
V63	0	0.25949	0.03195	0.01143	0.17389	0.44909	0.02452	0	0.01572	0.0339
V64	0.07735	0.00399	0.29707	0.25059	0.03371	0.01286	0.02736	0.19967	0.01964	0.07774
V65	0.07295	0.02062	0.1263	0.33084	0.04532	0.00589	0.07879	0.18737	0.09411	0.03781
V66	0	0.12841	0.02502	0.00599	0.51214	0.02289	0.04272	0.00767	0.02203	0.23311
V67	0.02125	0.17253	0.43062	0.08887	0.0531	0.03398	0.08483	0.00613	0.05597	0.05274
V68	0.02709	0.01197	0.05056	0.01364	0.08168	0.01282	0.0407	0.28008	0.47917	0.00229
V69	0.03882	0.02524	0.73464	0.09138	0.05103	0	0.01901	0	0.02215	0.01773
V70	0.68513	0.00703	0.12816	0.01145	0.03234	0.02281	0.04746	0.00313	0.06249	0
V71	0.04217	0	0.01434	0.02057	0.04659	0.02932	0.06654	0.70656	0.04033	0.03357
V72	0.21573	0.02651	0.0875	0.22169	0.13736	0.00066	0.01964	0.00386	0.0127	0.27434
V73	0.02177	0.17357	0.03363	0.01592	0.66821	0.01706	0.03057	0	0.00424	0.03504
V74	0.01182	0	0.05995	0.14882	0	0.0259	0.01893	0.00475	0.00861	0.72121
V75	0.01648	0.07818	0.24186	0.41443	0.06261	0.00838	0.01702	0.00676	0.14993	0.00436
V76	0	0.00717	0.03216	0.01925	0.05973	0.83834	0.02875	0.00132	0.01329	0
V77	0.00757	0.00119	0.10223	0.29596	0.06667	0.22799	0.26926	0.00051	0.01539	0.01323
V78	0	0.45225	0.04837	0.01456	0.07314	0.00641	0.27895	0	0.01928	0.10703
V79	0.00929	0.02213	0.11643	0.28476	0.0536	0.2368	0.02577	0.00126	0.20743	0.04254
V80	0.35507	0	0.03483	0.00671	0	0	0.04275	0	0.04174	0.51891
V81	0.00152	0.03949	0.06263	0.16567	0.17829	0.52355	0.02019	0	0.0083	0.00036
V82	0.05733	0.48126	0.08091	0.23282	0.04215	0.01792	0.01543	0.04529	0.0179	0.00898
V83	0.0371	0.05657	0.15357	0.44315	0.0594	0.00774	0.02651	0.19583	0.02013	0
V84	0.02504	0.01573	0.04529	0.0441	0.15624	0.49499	0.20686	0	0.01032	0.00143
V85	0.19181	0	0.37354	0.04345	0.00986	0	0.01969	0	0.01358	0.34807
V86	0.27379	0.0112	0.30927	0.3169	0.03772	0.00626	0.01826	0.00036	0.01265	0.01358
V87	0.01098	0.03415	0.08004	0.0256	0.11146	0.00428	0.02769	0	0.69548	0.01033
V88	0.00925	0.30939	0.14702	0.44553	0.04181	0.0028	0.01962	0.00047	0.01894	0.00516
V89	0.00721	0	0.04965	0.05104	0.10533	0	0.68838	0.06806	0.02494	0.00539
V90	0.01569	0.04943	0.3144	0.0378	0	0.01606	0.01797	0	0.01379	0.53486
V91	0.04835	0.01687	0.72121	0.08276	0.05561	0	0.0193	7e-05	0.0266	0.02923
V92	0.00621	0.00403	0.04978	0.02131	0.10693	0.00254	0.73523	0	0.06548	0.00849
V93	0.01138	0.04321	0.11564	0.02102	0.09241	0	0.25026	0.0102	0.44568	0.01021
V94	0.77997	0	0.08277	0.00594	0.02626	0.02232	0.03849	0.0224	0.00602	0.01583
V95	0.00912	0.00482	0.03199	0.01714	0.10038	0.00512	0.54132	0.2526	0.03548	0.00202
V96	0.03063	0.11502	0.35285	0.36763	0.04248	0.01379	0.01518	0.01075	0.03301	0.01864
V97	0.00487	0	0.04114	0.01717	0.08445	0	0.67486	0	0.02795	0.14956
V98	0.00177	0.28485	0.034	0.0587	0.17019	0.01857	0.05413	0.0706	0.13473	0.17248
V99	0.57551	0	0.07069	0.00751	0.04781	0.00043	0.08651	0.00349	0.1956	0.01245
V100	0.20261	0.01375	0.09672	0.20228	0.06327	0.26626	0.03101	0.00073	0.09918	0.02418
V101	0.00088	0	0.01317	0.00201	0	0.05773	0.13899	0.02361	0.00935	0.75426
V102	0.04778	0.23032	0.0174	0.0094	0.12272	0.28619	0.14323	0.09137	0.01954	0.03205
V103	0.09259	0.01301	0.07939	0.02322	0.07522	0.0037	0.02723	0.00482	0.657	0.02382
V104	0.04912	0.01506	0.73156	0.07816	0.04622	0	0.01931	0	0.0431	0.01747
V105	0.3611	0	0.11643	0.02078	0.03638	0.13255	0.03328	0.28095	0.01855	0
V106	0.01563	0.63834	0.19192	0.02796	0.03755	0.02368	0.01312	0	0.02202	0.02977
V107	0.27101	0.22381	0.04644	0.01487	0.25343	0.01686	0.02784	0.02407	0.11019	0.01148
V108	0.00239	0	0.05019	0.13722	0.01315	0.32953	0.01929	0.01783	0.01332	0.4171
V109	0	0.02818	0.03189	0.02504	0.06528	0.79736	0.03331	0.00074	0.01821	0
V110	0	0.17257	0.02805	0.00878	0.66682	0.00389	0.02787	0.05026	0.00689	0.03487
V111	0.00482	0.01129	0.04455	0.02644	0.17568	0	0.6913	0	0.02187	0.02405
V112	0.00432	0	0.0356	0.01337	0.06594	0	0.54357	0	0.05944	0.27776
V113	0.02125	0	0.05757	0.01062	0.05219	0.05173	0.03983	0.01875	0.52055	0.22752
V114	0.02588	0.01428	0.08897	0.0174	0.08041	0.00417	0.02809	0.00498	0.71037	0.02544
V115	0	0.81661	0.02086	0.01375	0.04228	0.00645	0.03175	0	0.03788	0.03042
V116	0.46122	0.07788	0.04449	0.00699	0.03264	0.01658	0.04454	0.30231	0.01336	0
V117	0.01887	0	0.04964	0.02153	0.10558	0	0.77051	0	0.02616	0.00772
V118	0.02426	0	0.03129	0.01671	0.05649	0.81846	0.03397	0.00798	0.01083	0
V119	0.01103	0.02872	0.15739	0.48607	0.05571	0.15294	0.03484	0.00288	0.07044	0
V120	0.61398	0.0022	0.226	0.02139	0.02933	0.06979	0.02142	0	0.00501	0.01089
V121	0.04811	0.094	0.24758	0.03832	0.07438	0.09894	0.2912	0.00696	0.02176	0.07875
V122	0.01328	0.02248	0.16374	0.02408	0.08428	0.05208	0.14778	0	0.46664	0.02563
V123	0.01871	0.07698	0.01667	0.0169	0.38456	0.01508	0.0439	0.37505	0.04554	0.00661
V124	0.68578	0.0396	0.04642	0.00457	0.02343	0.00596	0.03367	0.1541	0.00647	0
V125	0.01139	0.1725	0.10257	0.04105	0.05612	0.13168	0.05299	0.40006	0.03163	0
V126	0	0.21393	0.03015	0.00946	0.62587	0.0039	0.02645	0.03611	0.03345	0.02068
V127	0.02732	0.01394	0.51474	0.05639	0.06108	0	0.20423	0	0.0945	0.02781
V128	0.01551	0.20945	0.37621	0.04186	0.26277	0.04339	0.01757	0	0.0131	0.02014
V129	0.02336	0.08062	0.1306	0.22291	0.12092	0.00996	0.02084	0	0.3544	0.03638
V130	0.02995	0.01226	0.43957	0.04962	0.04143	0.01183	0.03791	0.34383	0.02822	0.00539
V131	0.03809	0.36595	0.36861	0.10177	0.04069	0.008	0.02001	0	0.04068	0.0162
V132	0.11944	0.00362	0.04713	0.0153	0.14179	0	0.58326	0.06516	0.01892	0.00539
V133	0.01197	0.02744	0.06146	0.19501	0.05301	0.12291	0.09764	0.40541	0.02515	0
V134	0.01967	0.06122	0.19552	0.06346	0.21019	0	0.16089	0	0.02234	0.26671
V135	0.01334	0.19419	0.19792	0.0278	0.07312	0.00269	0.03598	0	0.44123	0.01373
V136	0	0.54505	0.04506	0.14155	0.02627	0.00389	0.01349	0	0.01807	0.20663
V137	0.00347	0.00823	0.04954	0.02574	0.10748	0.29927	0.44001	0	0.06253	0.00373
V138	0.01468	0.01387	0.03864	0.01191	0.06835	0	0.47448	0	0.04485	0.33321
V139	0.58802	0.01841	0.06695	0.01243	0.08569	0.06543	0.02206	0	0.14042	0.00058
V140	0.04137	0.01798	0.34512	0.4242	0.0656	0.04037	0.02162	0.00041	0.01526	0.02807
V141	0.02454	0.01558	0.18626	0.6252	0.04702	0.02127	0.01576	0.0043	0.0152	0.04488
V142	0.00867	0	0.09826	0.21733	0.08471	0	0.53881	0	0.02026	0.03195
V143	0	0.77512	0.02666	0.05944	0.0475	0.01323	0.01377	0	0.04717	0.01711
V144	0.00331	0	0.04123	0.02653	0.08715	0.31176	0.49787	0.01101	0.01917	0.00197
V145	0.04581	0.08938	0.14396	0.46188	0.04714	0.0266	0.02224	0.13994	0.02304	0
V146	0.02151	0	0.40283	0.04091	0.02187	0.01338	0.05575	0.08624	0.02147	0.33603
V147	0.0071	0.02017	0.05167	0.01715	0.15488	0.00256	0.02606	0.01623	0.41904	0.28515
V148	0.02409	0.02359	0.07415	0.01574	0.0815	0.04808	0.05778	0	0.66625	0.00881
V149	0.0145	0.01975	0.1607	0.51982	0.04769	0.00387	0.02078	0.08089	0.12113	0.01086
V150	0.06259	0	0.02025	0.00175	0.05085	0.00535	0.02692	0.00293	0.03001	0.79934
V151	0.00914	0	0.03364	0.00212	0	0.05189	0.02217	0	0.00943	0.87162
V152	0.01337	0	0.00874	0.00973	0.03932	0.02413	0.06528	0.62561	0.03469	0.17914
V153	0	0.16174	0.02813	0.00914	0.66548	0.00484	0.02952	0.07321	0.00781	0.02012
V154	0.08055	0.02222	0.51498	0.28191	0.04342	0.0125	0.01725	0	0.01778	0.00938
V155	0.06467	0	0.02806	0.01085	0.04898	0.11376	0.04742	0.45586	0.22176	0.00865
V156	0.12179	0.02452	0.18316	0.03733	0.0484	0.41928	0.04002	0.03093	0.08044	0.01413
V157	0	0.44961	0.03192	0.0526	0.195	0.2	0.01527	0	0.02895	0.02664
V158	0.27996	0.52392	0.03258	0.01477	0.07061	0.00445	0.02729	0.02162	0.01328	0.01151
V159	0.03281	0.08089	0.22418	0.0584	0.27106	0.02246	0.02878	0.06385	0.01022	0.20735
V160	0.01637	0.82942	0.01555	0.01331	0.04047	0.00716	0.01452	0	0.03298	0.03022
V161	0.0152	0.01831	0.1964	0.65231	0.05195	0.00876	0.01655	0.00436	0.02696	0.0092
V162	0.00249	0	0.0293	0.00301	0	0.00025	0.02642	0	0.01539	0.92314
V163	0.11784	0.01885	0.65651	0.06787	0.04019	0.01169	0.01909	0.01149	0.01839	0.03808
V164	0.03763	0.01334	0.725	0.08287	0.04504	0.01117	0.02993	0	0.02611	0.02891
V165	0.01331	0	0.24651	0.02506	0.00154	0	0.02086	0.00724	0.01771	0.66778
V166	0.05536	0.09505	0.14514	0.48149	0.0393	0.00874	0.02852	0.05093	0.04672	0.04874
V167	0.79693	0.00361	0.07535	0.01123	0.0358	0.0013	0.02544	0	0.05033	0
V168	0.0728	0.01217	0.02648	0.01018	0.04919	0.27603	0.0451	0.31302	0.17062	0.02438
V169	0.00252	0	0.05356	0.13183	0	0.13674	0.01884	0.01031	0.00772	0.63848
V170	0.02595	0.00449	0.08347	0.01761	0.08403	0.00444	0.02883	0	0.7417	0.00948
V171	0.01288	0.00385	0.24478	0.09138	0.07376	0.3625	0.05546	0.03902	0.09907	0.0173
V172	0.00493	0.01469	0.05159	0.02003	0.10464	0.13436	0.61406	0.00216	0.04716	0.00636
V173	0.0133	0	0.02959	0.00968	0.04143	0.0083	0.44299	0	0.03672	0.418
V174	0.01435	0.08646	0.25316	0.34219	0.11781	0.01991	0.02185	0.00989	0.01371	0.12068
V175	0.74253	0.00472	0.1549	0.01386	0.03638	0.00055	0.03952	0.00312	0.00443	0
V176	0.20482	0	0.03314	0.00941	0.05047	0.63427	0.02086	3e-04	0.03928	0.00746
V177	0.62004	0	0.07068	0.08224	0.01749	0.00089	0.02158	0.00902	0.00822	0.16983
V178	0.21421	0.00321	0.03506	0.0337	0.07906	0.53074	0.02548	0	0.00487	0.07368
V179	0.17365	0.13175	0.04068	0.01473	0.57876	0.00149	0.02416	0	0.00315	0.03164
V180	0.43376	0.10731	0.11204	0.26629	0.03745	0.0069	0.02259	0.00066	0.01299	0
V181	0.02668	0.16126	0.55423	0.05917	0.064	0.00467	0.08155	0	0.01904	0.02941
V182	0.00696	0.062	0.02314	0.04045	0.32849	0.03923	0.04274	0.37359	0.06443	0.01897
V183	0.02086	0.15256	0.14703	0.48832	0.05048	0.00703	0.11362	0.00131	0.01684	0.00195
V184	0.19438	0	0.02636	0.0177	0.0221	0.4819	0.01992	0.02319	0.00559	0.20885
V185	0.57351	0.00287	0.09214	0.15652	0.03444	0.00258	0.02327	0.05954	0.04791	0.00721
V186	0.73625	0.0108	0.08709	0.08631	0.03409	0.00091	0.03291	0.00433	0.00731	0
V187	0.67923	0.00066	0.14493	0.01807	0.02684	5e-04	0.02775	0.0032	0.04825	0.05057
V188	0.08131	0.2173	0.04061	0.07231	0.49466	0.00194	0.03444	0.0017	0.0113	0.04443
V189	0.75471	0.00186	0.08248	0.06298	0.0264	0.01135	0.02384	0.00427	0.00672	0.02539
V190	0.00895	0.02692	0.06822	0.01496	0.13829	0.09485	0.02599	0	0.61254	0.00928
V191	0.01935	0.07307	0.14818	0.33067	0.32342	0.00064	0.05803	0.01423	0.00995	0.02245
V192	0.00209	0.01529	0.02883	0.00359	0.12408	0.00606	0.02335	0.00663	0.00964	0.78044
V193	0.09649	0.03435	0.22351	0.28447	0.13924	4e-05	0.12999	0.04903	0.02486	0.01803
V194	0.00055	0	0.03452	0.02524	0.06626	0.67866	0.17455	0.00679	0.01343	0
V195	0.04093	0.04541	0.04293	0.01534	0.14996	0.11583	0.51632	0.0294	0.02323	0.02065
V196	0.66911	0.01163	0.10077	0.15398	0.02903	0.00112	0.02223	0.00056	0.0047	0.00686
V197	0.02709	0.01304	0.07875	0.20063	0.06598	0.01309	0.05305	0.34047	0.20789	0
V198	0	0.11436	0.04119	0.01781	0.49419	0.22606	0.04291	0	0.04801	0.01548
V199	0.0218	0.04327	0.0637	0.02053	0.18992	0.00476	0.13133	0	0.01327	0.51144
V200	0.00018	0.0755	0.02989	0.01061	0.4163	0.1047	0.25112	0.07343	0.01033	0.02795
V201	0.24492	0.03571	0.06283	0.01066	0.06026	0.001	0.11456	0.00348	0.40311	0.06347
V202	0.03072	0.28426	0.41258	0.07356	0.04778	0	0.08261	0	0.05204	0.01647
V203	0.02062	0.07252	0.36319	0.17406	0.062	0.006	0.10322	0	0.16055	0.03784
V204	0.0157	0.19425	0.2825	0.27895	0.04836	0.0747	0.01674	0.04857	0.0332	0.00704
V205	0.06976	0.05379	0.04994	0.01632	0.09772	0.01214	0.55874	0.04491	0.09026	0.00642
V206	0.288	0.01116	0.49591	0.05038	0.0494	0	0.02493	0	0.01408	0.06614
V207	0.01353	0.11758	0.04556	0.06086	0.03161	0.00098	0.02495	0	0.14504	0.55988
V208	0.0015	0	0.05371	0.06983	0.06284	0.71076	0.02344	0.00086	0.06705	0.01
V209	0.03702	0.15158	0.10874	0.01573	0.61465	0.00865	0.02316	0	0.00546	0.03501
V210	0.06383	0.12029	0.0805	0.01205	0.51088	0.01182	0.03456	0.09671	0.02492	0.04442
V211	0.03038	0.07061	0.58733	0.06163	0.05481	0.00548	0.07401	0.02433	0.06344	0.02796
V212	0.11811	0.07942	0.04028	0.01117	0.0552	0.01257	0.04565	0.30804	0.3292	0.00037
V213	0.13281	0.02173	0.02936	0.02216	0.16448	0.56185	0.03343	0.00386	0.00469	0.02563
V214	0.00104	0.04812	0.02977	0.0123	0.27737	0.02658	0.46169	0	0.01401	0.12912
V215	0.00622	0	0.05035	0.02247	0.10708	0.00278	0.77574	0	0.02747	0.00789
V216	0	0.68909	0.02041	0.0121	0.19404	0.00582	0.02234	0.00297	0.02109	0.03214
V217	0.02343	0.21489	0.06038	0.08794	0.16247	0.22306	0.01896	0.03416	0.02623	0.14847
V218	0.03587	0	0.02967	0.01257	0.06545	0.56664	0.21045	0	0.01096	0.06839
V219	0.01608	0	0.03023	0.0783	0.0545	0.02524	0.12743	0.63086	0.03735	0
V220	0.0142	0.01767	0.13411	0.3451	0.06122	0.00371	0.02287	0.04991	0.3488	0.00242
V221	0.16118	0.08974	0.29398	0.03815	0.04253	0.00161	0.04504	0.05936	0.13866	0.12975
V222	0.04276	0.00994	0.6452	0.06826	0.04394	0.14076	0.01736	0	0.0175	0.01428
V223	0.03371	0.01129	0.66453	0.06982	0.05407	0.05999	0.07182	0	0.01892	0.01586
V224	0.03159	0.01839	0.57467	0.10985	0.04845	0.00778	0.02095	0.05254	0.12271	0.01307
V225	0.02348	0.00859	0.34856	0.32531	0.04159	0.01956	0.02575	0.17151	0.02099	0.01464
V226	0.00878	0.72745	0.00895	0.01174	0.05076	0.00993	0.0267	0.11498	0.02605	0.01465
V227	0.0296	0.04951	0.59059	0.0699	0.19885	0	0.01927	0	0.02307	0.01921
V228	0.02432	0.60017	0.06884	0.02249	0.0449	0.00792	0.02629	0.11329	0.06618	0.0256
V229	0.65929	0.00266	0.0476	0.00443	0.02739	0.20717	0.03626	0.01429	0.00091	0
V230	0.00697	0	0.09366	0.28809	0.01004	0.00467	0.10597	0.0014	0.02212	0.4671
V231	0.03087	0.25036	0.05325	0.02852	0.06256	0.09735	0.02119	0.00309	0.42829	0.02452
V232	0.0289	0.36623	0.38754	0.04396	0.04325	0.00961	0.01728	0.05446	0.02035	0.02843
V233	0.00111	0.11726	0.04552	0.04171	0.52676	0.01012	0.0241	0	0.20043	0.03298
V234	0.01966	0.04281	0.02664	0.01174	0.23807	0.01053	0.26499	0.34481	0.02262	0.01812
V235	0.03868	0.01878	0.3899	0.0439	0.03954	0.01151	0.05002	0.35017	0.02651	0.03099
V236	0.01384	0.01588	0.26239	0.26033	0.05439	0.33733	0.02382	0.00034	0.02991	0.00177
V237	0.04171	0.06397	0.38393	0.16955	0.24201	0.02887	0.0194	0.01829	0.0183	0.01397
V238	0.024	0.05082	0.32318	0.03882	0.05941	0.01363	0.04641	0.39937	0.02757	0.0168
V239	0.02923	0.13988	0.12763	0.42497	0.0561	0.01971	0.04255	0.00117	0.01867	0.14008
V240	0.07685	0	0.04608	0.01519	0.08509	0.23307	0.47823	0	0.0211	0.04439
V241	0.19233	0.01362	0.1611	0.5003	0.04947	0.02675	0.01694	0.01965	0.01153	0.00831
V242	0.02609	0.00442	0.09826	0.06041	0.08	0.01264	0.02682	0	0.68289	0.00849
V243	0.02202	0	0.08563	0.13272	0.05748	0.06701	0.06504	0	0.42597	0.14413
V244	0.04417	0	0.34886	0.05008	0.07529	0	0.41175	0.02673	0.03218	0.01093
V245	0.17459	0.13505	0.17201	0.02188	0.04117	0.404	0.02378	0.01549	0.00953	0.0025
V246	0.00305	0.20989	0.03658	0.0178	0.09679	0	0.57627	0	0.04863	0.01098
V247	0.03839	0.03116	0.73263	0.07804	0.04416	0	0.01858	0	0.02723	0.02981
V248	0.52055	0.0549	0.06068	0.00767	0.05478	0.01542	0.14984	0.12252	0.01364	0
V249	0.0398	0.02033	0.58516	0.06068	0.08683	0	0.0184	0	0.02801	0.16077
V250	0.02047	0.04983	0.08718	0.28549	0.05599	0.2476	0.03878	0.17622	0.01616	0.02229
V251	0.5723	0.15403	0.05024	0.02774	0.08094	0.00289	0.02139	0.03975	0.03805	0.01267
V252	0.06503	0.51525	0.02309	0.04978	0.03661	0.21383	0.02148	0.03953	0.01468	0.02072
V253	0.02119	0.00493	0.34128	0.0477	0.06528	0.07514	0.02886	0	0.40391	0.0117
V254	0	0.14816	0.03953	0.05168	0.60707	0.00865	0.02295	0	0.00488	0.11708
V255	0	0.17191	0.02495	0.00919	0.72945	0.00249	0.03312	0	0.00658	0.0223
V256	0.01459	0.0242	0.19179	0.64358	0.04534	0.03593	0.01587	0.00436	0.01566	0.00868
V257	0.39398	0.00418	0.35456	0.05976	0.03567	0.10876	0.02929	0	0.00876	0.00503
V258	0	0.13046	0.02046	0.01294	0.58052	0.00095	0.03644	0	0.00501	0.21322
V259	0.08555	0.02459	0.04124	0.1085	0.16427	0.016	0.07169	0.45471	0.02307	0.01039
V260	0.01168	0.22054	0.01695	0.01345	0.04133	0.02438	0.05327	0.57532	0.04308	0
V261	0.23147	0.01155	0.04006	0.01079	0.0717	0.23918	0.31086	0	0.05694	0.02744
V262	0.00044	0.44427	0.09223	0.02373	0.04355	0.29842	0.01468	0.00733	0.01444	0.0609
V263	0.42603	0.36809	0.03101	0.0059	0.0412	0.0076	0.0512	0	0.00826	0.06071
V264	0.02064	0.05397	0.14487	0.47847	0.22404	0.0147	0.0354	0	0.0113	0.01661
V265	0.02525	0.26884	0.0823	0.25112	0.03713	0.01971	0.13071	0	0.0201	0.16484
V266	0.01295	0.68039	0.10917	0.02076	0.04327	0.00556	0.02104	0.01092	0.07841	0.01753
V267	0.00051	0.14461	0.0198	0.01758	0	0.01057	0.01838	0	0.01083	0.77773
V268	0	0.35372	0.05767	0.12751	0.33945	0.00275	0.03118	0.00394	0.0406	0.04317
V269	0.04196	0.0173	0.32705	0.50642	0.05111	0.00102	0.01713	0.00756	0.028	0.00246
V270	0.02203	0.16541	0.02539	0.00833	0.70938	0.00223	0.02558	0	0.00562	0.03602
V271	0.04264	0.0208	0.2143	0.0281	0.10087	0.0098	0.05366	0	0.51807	0.01176
V272	0.01921	0.17279	0.07891	0.02154	0.051	0.15102	0.0464	0.14411	0.18944	0.12557
V273	0.00353	0.01321	0.0824	0.20495	0.10209	0.56358	0.01979	0.00091	0.00953	0
V274	0.0703	0	0.06605	0.02295	0	0.11954	0.02064	0.02999	0.025	0.64553
V275	0	0.18898	0.01996	0.00557	0.41476	0.05065	0.02125	0	0.00554	0.29328
V276	0.01987	0.10205	0.1143	0.34557	0.07848	0	0.1271	0.01167	0.0887	0.11226
V277	0.03172	0.21194	0.40686	0.25219	0.04737	0.00089	0.01521	0.00248	0.01953	0.01181
V278	0.10067	0	0.04709	0.00392	0	0	0.02565	0	0.00891	0.81375
V279	0.01585	0.17701	0.08882	0.2567	0.21449	0.00623	0.21664	0	0.01405	0.01022
V280	0.10607	0.02699	0.05378	0.07235	0.17052	0.20976	0.26518	0.06089	0.01768	0.01678
V281	0	0.03052	0.0384	0.0184	0.05179	0.63876	0.03399	0.00605	0.01482	0.16727
V282	0.0152	0.02434	0.19221	0.63965	0.04586	0.00229	0.01698	0.02189	0.03262	0.00896
V283	0.08036	0.08464	0.07296	0.0732	0.40744	0.04215	0.02389	0.0122	0.18902	0.01414
V284	0.00813	0	0.15853	0.01548	0	0	0.02561	0.0025	0.01198	0.77777
V285	0.01391	0.10785	0.01483	0.0046	0.00024	0.00657	0.07972	0.20658	0.03544	0.53029
V286	0.02152	0	0.06799	0.04477	0.01274	0.34208	0.02456	3e-05	0.00693	0.47938
V287	0.02225	0	0.02479	0.0076	0.03307	0.00805	0.37004	0	0.0187	0.51549
V288	0.02345	0.02219	0.03975	0.0144	0.04444	0.27456	0.05652	0.49049	0.0342	0
V289	0.02659	0.18189	0.55246	0.05865	0.0787	0	0.01638	0	0.01917	0.06615
V290	0.00953	0.01357	0.16919	0.03551	0.08265	0.1825	0.46641	0.00193	0.01822	0.0205
V291	0.69683	0.00464	0.11199	0.06286	0.04191	0.04487	0.02675	0	0.00243	0.00771
V292	0.03465	0.00649	0.48692	0.05359	0.05138	0.32569	0.0178	0	0.01446	0.00901
V293	0.05745	0.01278	0.69564	0.07253	0.04617	0	0.01988	0.02316	0.02058	0.05181
V294	0.04928	0.23329	0.18503	0.04833	0.0687	0.00165	0.08239	0.00157	0.31689	0.01287
V295	0.04035	0.06335	0.58072	0.06554	0.03381	0.01899	0.02393	0.04151	0.01845	0.11335
V296	0.00989	0.06795	0.13059	0.1561	0.24943	0.01167	0.04681	0.07705	0.24094	0.00958
V297	0.18538	0.03659	0.0266	0.00244	0.01866	0	0.06211	0.00264	0.00604	0.65954
V298	0.01563	0.02442	0.21134	0.62814	0.04721	0.0084	0.02826	0.00973	0.02687	0
V299	0.34516	0.01382	0.03393	0.01221	0.11776	0.42098	0.0196	0	0.00274	0.03381
V300	0.01164	0.03385	0.08024	0.23274	0.1871	0.02003	0.05762	0.34286	0.02109	0.01284
V301	0.01852	0	0.02485	0.02458	0.04462	0.04087	0.0711	0.73102	0.04445	0
V302	0.27902	0.00446	0.11824	0.01685	0.03218	0.02272	0.04405	0.45976	0.02272	0
V303	0.00099	0.5331	0.1136	0.02021	0.03947	0.23232	0.01339	0	0.02204	0.02489
V304	0.16415	0	0.01747	0.01021	0.03664	0.03093	0.06964	0.62224	0.04872	0
V305	0.03692	0.0697	0.33674	0.04252	0.28631	0.05641	0.01947	0	0.01487	0.13706
V306	0.00741	0.01179	0.1025	0.31602	0.04972	0.39552	0.0335	0.04203	0.04151	0
V307	0	0.28015	0.02909	0.0099	0.6099	0.0029	0.02287	0	0.00873	0.03647
V308	0	0.77552	0.03051	0.03305	0.04024	0.02634	0.02556	0.01071	0.02937	0.02869
V309	0	0.30487	0.02378	0.01679	0.55373	0.00298	0.02214	0	0.04026	0.03545
V310	0.2512	0.12112	0.03525	0.01177	0.36731	0.02982	0.02402	0.04825	0.00878	0.10248
V311	0.81919	0.00223	0.07424	0.01049	0.02904	0.00226	0.02754	0.03193	0.00308	0
V312	0.01506	0	0.08839	0.00858	0	0.01315	0.03411	0.10141	0.02847	0.71084
V313	0.00482	0	0.01649	0.01116	0.04002	0.49684	0.04542	0.28741	0.01915	0.0787
V314	0.11743	0.36124	0.17182	0.06124	0.20507	0.02156	0.02178	0	0.01172	0.02814
V315	0.03433	0.01125	0.42974	0.04983	0.07116	0	0.36401	0	0.0263	0.01337
V316	0.01318	0	0.02517	0.01394	0.05064	0.73913	0.02952	0.09437	0.0127	0.02136
V317	0.00439	0	0.06847	0.05293	0.01672	0.0037	0.14382	0	0.01115	0.69882
V318	0.00948	0.50115	0.26372	0.03394	0.05486	0.00801	0.07886	0	0.01961	0.03038
V319	0.01398	0	0.03233	0.01213	0.07779	0.01538	0.5291	0	0.01699	0.30229
V320	0.04825	0.01543	0.48236	0.33067	0.05191	0	0.04089	0.00434	0.01801	0.00812
V321	0.04333	0.00743	0.04771	0.01371	0.06452	0.47055	0.02407	0	0.32807	0.00061
V322	0.00552	0	0.11622	0.07263	0	0.06923	0.05356	0	0.01329	0.66956
V323	0.01174	0.00977	0.16335	0.53064	0.04302	0.10692	0.01609	0.0208	0.01358	0.0841
V324	0.31918	0	0.05801	0.00933	0.06163	0.27059	0.02982	0.02436	0.22707	0
V325	0.01912	0	0.0517	0.04331	0.10857	0	0.71835	0.01579	0.03635	0.00681
V326	0.04525	0.01586	0.63155	0.20951	0.04487	0	0.01857	0	0.02102	0.01337
V327	0	0.03992	0.02477	0.01408	0.11712	0.73442	0.03215	0.02708	0.01045	0
V328	0.08953	0.12031	0.1548	0.02283	0.0364	0.01698	0.04351	0.4756	0.02818	0.01187
V329	0	0.78457	0.01403	0.01964	0.04588	0.00588	0.08195	0.00446	0.02584	0.01774
V330	0.02732	0	0.0435	0.12379	0.04243	0.08053	0.05381	0.56538	0.06324	0
V331	0.00535	0	0.01479	0.00304	0	0.00624	0.03055	0.18153	0.0999	0.65859
V332	0.03549	0.14036	0.04616	0.09931	0.57667	0.0333	0.02393	0.02273	0.0046	0.01744
V333	0.05302	0.1275	0.15974	0.02662	0.49315	0.03121	0.03586	0.02128	0.00558	0.04604
V334	0.01037	0.01029	0.09127	0.14746	0.07586	0	0.19914	0	0.41281	0.0528
V335	0.06672	0.15804	0.16437	0.06987	0.00283	0.01139	0.03127	0	0.03029	0.46523
V336	0.01086	0.00393	0.09304	0.13351	0.07809	0.10013	0.02398	0.00596	0.52952	0.02098
V337	0.01175	0.00596	0.15601	0.49213	0.04141	0	0.12572	0.00805	0.02053	0.13845
V338	0.33822	0	0.15448	0.01684	0.04501	0	0.10117	0.00847	0.19953	0.13629
V339	0.13821	0.03892	0.08279	0.10595	0.17226	0.03392	0.02311	0	0.38267	0.02218
V340	0.01518	0.00301	0.0148	0.02271	0.04565	0.14167	0.06382	0.65457	0.03859	0
V341	0.17119	0.15997	0.02769	0.01334	0.48006	0.00221	0.08316	0.03508	0.0103	0.01699
V342	0	0.06857	0.01817	0.01017	0.33674	0.00087	0.02346	0	0.00801	0.53401
V343	0.07274	0.00363	0.13153	0.03289	0.09777	0.00639	0.17309	0	0.30521	0.17674
V344	0.78029	0.01055	0.11074	0.0149	0.03153	0.00117	0.02563	0	0.0252	0
V345	0.0078	0.78372	0.02988	0.01416	0.05377	0.00721	0.01568	0.01672	0.05298	0.01807
V346	0.06488	0.01745	0.06831	0.02941	0.03359	0.02481	0.0371	0.36718	0.02473	0.33255
V347	0.02405	0	0.01351	0.00019	0	0.09779	0.02054	0	0.00696	0.83696
V348	0	0.12549	0.01778	0.00809	0.57905	0.20894	0.03143	0.00902	0.0035	0.01671
V349	0	0.69334	0.02295	0.01426	0.05205	0.00356	0.16667	0	0.02992	0.01724
V350	0.0356	0	0.12172	0.17213	0.08328	0.0042	0.40657	0.00376	0.1671	0.00566
V351	0.02178	0	0.17121	0.05526	0.09317	0.09069	0.44015	0	0.03458	0.09316
V352	0.02243	0.01588	0.03455	0.02543	0.1092	0.24771	0.02087	0	0.10072	0.42321
V353	0.00419	0	0.02378	0.00992	0.04271	0.44926	0.06861	0.23941	0.02225	0.13987
V354	0.00821	0.03241	0.0646	0.02336	0.07534	0.19865	0.04038	0	0.55071	0.00635
V355	0.76018	0.00038	0.06538	0.00483	0.02394	0.00125	0.02507	0	0.00738	0.11159
V356	0.01426	0	0.06083	0.05596	0.06931	0.02275	0.06555	0.34905	0.36229	0
V357	0.02298	0.01835	0.02815	0.02042	0.1493	0.72379	0.0236	0.00544	0.00798	0
V358	0.04333	0.00796	0.62317	0.07163	0.04208	0.08551	0.02024	0.05669	0.02407	0.02531
V359	0.31483	0	0.06611	0.03642	0.04951	0.2112	0.0222	0.01114	0.23508	0.05351
V360	0	0.18824	0.057	0.01803	0.61097	0.00878	0.0362	0	0.01752	0.06325
V361	0	0	0.0328	0.01947	0.05958	0.83717	0.03632	0.00134	0.01331	0
V362	0.01911	0.05016	0.02593	0.00893	0.27926	0.01523	0.04414	0.41746	0.02061	0.11918
V363	0.32542	0.06706	0.04023	0.0119	0.02645	0.26112	0.02226	0.08693	0.00723	0.1514
V364	0.00785	0.76393	0.01129	0.01836	0.03761	0.00895	0.01843	0.08015	0.02601	0.02741
V365	0.00281	0	0.03469	0.0108	0.08466	0.03801	0.43818	0.00162	0.01506	0.37419
V366	0.09345	0.01513	0.57635	0.0593	0.03556	0.00484	0.01815	0	0.07432	0.12291
V367	0.4765	0.00062	0.05676	0.08636	0.01514	0.10973	0.02211	0.06703	0.00531	0.16043
V368	0.11706	0.0014	0.01861	0.00628	0.02122	0.05479	0.02501	0.00336	0.00568	0.74658
V369	0.26596	0.08441	0.0537	0.01682	0.0513	0.19154	0.0216	0	0.29826	0.01641
V370	0.02419	0.26029	0.02727	0.01972	0.12408	0	0.42639	0.01895	0.01848	0.08062
V371	0.01446	0.01322	0.18159	0.60434	0.04069	0.00143	0.01638	0.00978	0.04764	0.07047
V372	0.43901	0.09798	0.05128	0.00697	0.3654	0.0018	0.02378	0	0.00287	0.0109
V373	0.43653	0	0.03319	0.00608	0	0.00524	0.04346	0.03091	0.0034	0.44119
V374	0.02102	0.25884	0.43757	0.04807	0.04693	0.06673	0.01796	0.06387	0.02437	0.01465
V375	0.00631	0.28956	0.12039	0.30666	0.02346	0.01408	0.01388	0.00459	0.01554	0.20553
V376	0.04693	0.8036	0.02261	0.01316	0.03781	0.00672	0.01424	0	0.02534	0.02959
V377	0.05569	0.08431	0.04677	0.0122	0.00898	0.00983	0.02427	0.10803	0.09799	0.55192
V378	0.31925	0.23733	0.10728	0.07961	0.08377	0.01918	0.03243	0.00663	0.01306	0.10147
V379	0	0.32973	0.01794	0.00914	0.03489	0.39698	0.01628	0.00287	0.01203	0.18015
V380	0.30597	0.00553	0.05062	0.05771	0.04014	0.02876	0.28496	0	0.01461	0.2117
V381	0.14731	0	0.04213	0.02501	0.06817	0.63266	0.05422	0.01239	0.01811	0
V382	0.0804	0	0.13846	0.01701	0.03121	0.00808	0.02313	0	0.36586	0.33583
V383	0.13266	0.00465	0.04759	0.04764	0.04863	0.67687	0.03385	0.00072	0.00739	0
V384	0.01082	0	0.01073	0.00216	0	0.05627	0.13544	0.09005	0.01028	0.68424
V385	0.02314	0.02473	0.13385	0.37391	0.10956	0.0079	0.2141	0.08177	0.01674	0.0143
V386	0.34856	0.00622	0.35184	0.09882	0.03972	0.00307	0.02491	0.10847	0.01409	0.0043
V387	0.00543	0.02231	0.05258	0.02008	0.09931	0.03515	0.68592	0	0.04195	0.03728
V388	0.16088	8e-04	0.18756	0.14987	0.0407	0.02458	0.04761	0.33196	0.02034	0.03569
V389	0.02309	0	0.28873	0.03421	0	0.04411	0.0188	0	0.01168	0.57939
V390	0.10459	0.00195	0.04581	0.01483	0.09378	0	0.57122	0	0.10443	0.06339
V391	0.0307	0.00631	0.04587	0.02639	0.12104	0.00217	0.70773	0.01532	0.02234	0.02212
V392	0.08403	0.00089	0.11192	0.01604	0.03512	0.55939	0.02553	0	0.01891	0.14818
V393	0.0048	0	0.00715	0.00426	0	0.17032	0.03567	0.30135	0.02141	0.45504
V394	0.02343	0.01103	0.16587	0.54009	0.05778	0	0.18237	0.00239	0.01704	0
V395	0.0081	0.11594	0.23598	0.02784	0.50817	0.01481	0.04098	0	0.01319	0.03499
V396	0.01082	0.16205	0.04857	0.03372	0.68988	0.00213	0.02474	0	0.00633	0.02176
V397	0.0109	0	0.03145	0.03924	0.0383	0.6944	0.02208	0.00107	0.0145	0.14805
V398	0.02632	0.01979	0.47289	0.25302	0.07923	0	0.02404	0	0.11385	0.01086
V399	0.00394	0.01878	0.03406	0.00531	0.11414	0.0011	0.0294	0.01341	0.16956	0.61031
V400	0.01133	0.00416	0.03648	0.06318	0.07817	0.01115	0.38735	0.37785	0.03032	0
V401	0.02876	0.0285	0.18559	0.02404	0.02783	0.05066	0.04685	0.42369	0.03026	0.15383
V402	0.03492	0.01726	0.64129	0.06758	0.04322	0.00891	0.03589	0.11487	0.02234	0.01372
V403	0.01558	0.00939	0.20587	0.08398	0.10065	0.00891	0.09813	0.00329	0.44852	0.02568
V404	0.01995	0.04739	0.33981	0.43767	0.10918	0.00044	0.02278	0	0.01668	0.00609
V405	0.78234	0	0.06536	0.00534	0.03266	0.00489	0.10719	0	0.00221	0
V406	0.02546	0.01651	0.43504	0.42239	0.04641	0.00029	0.02334	0.00026	0.02428	0.00603
V407	0.41955	0.11432	0.1302	0.08266	0.09408	0.0063	0.06285	0	0.06244	0.02761
V408	0	0.53527	0.01432	0.01028	0.03979	0.00853	0.16685	0	0.0513	0.17366
V409	0.00233	0	0.06384	0.01081	0	0.05337	0.06815	0	0.00849	0.79301
V410	0.00431	0.00575	0.03635	0.01474	0	0.00647	0.02261	0.0296	0.11456	0.76561
V411	0.01131	0.05088	0.15917	0.54149	0.03923	0.04071	0.04389	0.0087	0.01954	0.08508
V412	0.25512	0	0.05347	0.03824	0.05083	0.31424	0.04957	0.03241	0.20611	0
V413	0.01824	0.01681	0.08792	0.01995	0.15365	0	0.59103	0	0.03106	0.08135
V414	0.14957	0.02244	0.05749	0.02784	0.15384	0.00443	0.33424	0.22909	0.01867	0.0024
V415	0.03048	0.01316	0.02117	0.01462	0.04337	0.03042	0.068	0.71619	0.04238	0.02021
V416	0.0111	0.22057	0.16615	0.51443	0.04263	0.00261	0.01443	0.0074	0.01813	0.00254
V417	0.00309	0	0.04147	0.01866	0	0	0.02865	0	0.0135	0.89463
V418	0.02094	0.00049	0.0313	0.01898	0.01247	0.01697	0.02174	0.00867	0.07309	0.79535
V419	0.00664	0.64716	0.20861	0.03027	0.03984	0.00454	0.01988	0	0.02406	0.019
V420	0.66208	0.02614	0.12265	0.01069	0.049	0.00581	0.02216	0.00257	0.00781	0.0911
V421	0.05497	0.21222	0.1464	0.02439	0.07265	0	0.43192	0	0.0196	0.03786
V422	0.00402	0.03673	0.04332	0.02045	0.21944	0	0.35757	0	0.19993	0.11854
V423	0.03001	0.01757	0.29757	0.56856	0.04612	0.00145	0.01717	0.00297	0.01775	0.00083
V424	0	0.79957	0.01304	0.01928	0.04249	0.04106	0.03204	0.00472	0.03049	0.01731
V425	0.63101	0.09945	0.05319	0.00527	0.03031	0.00313	0.0284	0.05266	0.09657	0
V426	0	0.14792	0.03296	0.04616	0.61021	0.06598	0.02253	0	0.04129	0.03295
V427	0	0.25471	0.02227	0.02062	0.05015	0.60492	0.0261	0	0.01955	0.00167
V428	0.15978	0.26176	0.03352	0.0168	0.06441	0.00086	0.28426	0.0757	0.0162	0.08671
V429	0.82398	0.00509	0.09259	0.0078	0.03287	0.00164	0.02781	0	0.00822	0
V430	0.06999	0.01231	0.18082	0.50653	0.05102	0.00082	0.04796	0.00273	0.12784	0
V431	0.01379	0.04251	0.11599	0.37956	0.08403	0.00929	0.03681	0.23794	0.08008	0
V432	0.81467	0.0029	0.07369	0.00571	0.03632	0.00046	0.06387	0	0.00237	0
V433	0.00892	0.07093	0.0682	0.02258	0.07242	0.00082	0.17087	0.0033	0.47731	0.10465
V434	0.76503	0.01201	0.1449	0.01345	0.03214	0.00122	0.02624	0	0.00501	0
V435	0.30455	0.00922	0.15507	0.03143	0.04644	0.00831	0.023	0	0.3364	0.08559
V436	0.4505	0	0.05522	0.04596	0.04795	0.14959	0.21555	0.00401	0.02171	0.00952
V437	0.00199	0	0.03216	0.00717	0	0.02053	0.02397	0.00356	0.01199	0.89864
V438	0.01537	0.02558	0.19788	0.66034	0.04588	0.00221	0.01677	0.01033	0.01672	0.00893
V439	0.05491	0.00097	0.14094	0.36215	0.02866	0.02298	0.03367	0.1215	0.01524	0.21896
V440	0.0019	0.04094	0.01856	0.0071	0	0.00012	0.02744	0	0.01319	0.89074
V441	0.37308	0.03795	0.11732	0.29153	0.13457	0.0131	0.02436	0	0.00687	0.00121
V442	0.458	0	0.07717	0.01578	0.03792	0.38838	0.01956	0	0.00319	0
V443	0.01584	0	0.03873	0.01555	0.07715	0	0.64275	0	0.02033	0.18964
V444	0.49829	0	0.19248	0.03987	0.02314	0.00415	0.09124	0	0.00676	0.14407
V445	0.00544	0.38717	0.09928	0.31002	0.04096	0.00286	0.02562	0	0.08361	0.04503
V446	0.00681	0.6869	0.02168	0.01268	0.09664	0.00366	0.11988	0	0.02173	0.03001
V447	0.03815	0.05832	0.02505	0.00906	0.32115	0.3239	0.03758	0.16591	0.01568	0.00519
V448	0	0.72005	0.05121	0.01645	0.04832	0.00414	0.11251	0	0.02942	0.01789
V449	0	0.16429	0.02685	0.03099	0.67357	0.01036	0.03264	0.02137	0.00525	0.03466
V450	0.40299	0	0.05355	0.01467	0.03444	0.47086	0.02001	0.00013	0.00335	0
V451	0.12157	0	0.03556	0.02094	0.07637	0.04968	0.48858	0.18623	0.02107	0
V452	0.19926	8e-05	0.04817	0.10899	0.05259	0.01093	0.04196	0.34364	0.03853	0.15584
V453	0.55504	0.0523	0.08324	0.13815	0.06015	0.00572	0.03863	0	0.00434	0.06242
V454	0.00228	0.06047	0.0628	0.14511	0.33672	0.03696	0.3125	0	0.01719	0.02597
V455	0.2212	0.09395	0.02882	0.00466	0.43764	0.00757	0.02282	0	0.00217	0.18118
V456	0.75868	0.0161	0.12963	0.01093	0.02998	0.0059	0.03389	0.0031	0.00352	0.00826
V457	0.01259	0.14287	0.17814	0.57813	0.04425	0.00891	0.01472	0.00286	0.01731	2e-04
V458	0.01264	0.02215	0.17952	0.60531	0.04506	0.09272	0.01542	0.00416	0.01463	0.00839
V459	0.01457	0.09258	0.03685	0.01363	0.27979	0	0.4284	0	0.10635	0.02782
V460	0.01001	0	0.01633	0.02077	0.01927	0.02289	0.08478	0.45789	0.08338	0.28468
V461	0.0182	0.04214	0.05006	0.01924	0.09842	0.0194	0.67214	0.02278	0.03544	0.02219
V462	0.03378	0.00555	0.14483	0.0251	0.04275	0.02483	0.05901	0.62693	0.03722	0
V463	0.00575	0	0.11224	0.01549	0	0	0.04393	0.00267	0.01096	0.80896
V464	0	0.7944	0.06138	0.03063	0.04127	0.00669	0.01427	0	0.03272	0.01864
V465	0.02544	0.39975	0.07608	0.22533	0.05019	0.10779	0.03235	0.00356	0.0716	0.00793
V466	0.09596	0.04608	0.01978	0.00287	0.21756	0.00065	0.02246	0	0.01099	0.58366
V467	0.02863	0.03428	0.03229	0.06149	0.04286	0.05167	0.06061	0.65073	0.03743	0
V468	0.01281	0	0.03257	0.01522	0.06054	0.71859	0.08389	0.01411	0.06225	0
V469	0.08481	0.05756	0.04701	0.12045	0.06493	0.00861	0.02225	0.08603	0.01468	0.49367
V470	0.00348	0.09461	0.11242	0.072	0.05073	0.62956	0.01975	0.00601	0.01144	0
V471	0.02098	0.0107	0.39104	0.04027	0.0485	0.00759	0.02255	0.07885	0.0313	0.34823
V472	0.00034	0.11035	0.05353	0.14098	0.50226	0.07516	0.03077	0.04676	0.01172	0.02815
V473	0.02888	0.00248	0.56556	0.05762	0.02407	0.03596	0.01803	0.00048	0.02194	0.24499
V474	0.00128	0	0.02028	0.00131	0	0.02562	0.02887	0	0.01223	0.9104
V475	0.00386	0.25681	0.10393	0.02804	0.18313	0	0.39064	0	0.01861	0.01499
V476	0.15969	0.08555	0.2621	0.02897	0.38038	0	0.03317	0	0.00755	0.04259
V477	0.02579	0.27367	0.01356	0.01791	0.04343	0.32317	0.04969	0.23293	0.01945	4e-04
V478	0.04364	0.05694	0.63805	0.0801	0.05905	0	0.01784	0	0.05127	0.05311
V479	0.01607	0.05955	0.22855	0.54963	0.05308	0.00162	0.0163	0.00846	0.06621	0.00053
V480	0.1957	0.16028	0.05543	0.07098	0.27369	0.00218	0.02141	0	0.14222	0.07813
V481	0.04397	0.0032	0.06225	0.08767	0.09525	0	0.62714	0.00199	0.05799	0.02054
V482	0.02162	0.00104	0.035	0.01311	0.05064	0.28408	0.1262	0.40245	0.04309	0.02276
V483	0.00757	0.37082	0.0168	0.01982	0.03878	0.01963	0.04273	0.44926	0.03283	0.00177
V484	0.01838	0.00312	0.05641	0.10302	0.10641	0.27826	0.23733	0.08269	0.11374	0.00064
V485	0.01437	0.27498	0.0359	0.01595	0.08194	0	0.45583	0	0.1096	0.01142
V486	0.01397	0.00372	0.03623	0.0164	0.07558	0.51645	0.29106	0	0.04659	0
V487	0.42896	0.05182	0.19889	0.03243	0.2342	0.00658	0.02181	0	0.00529	0.02002
V488	0.02145	0.00398	0.40895	0.05962	0.01054	0.00461	0.01876	0	0.04954	0.42256
V489	0.12692	0.04148	0.03385	0.04787	0.03863	0.0214	0.0591	0.57686	0.04818	0.00572
V490	0	0.52376	0.02457	0.02497	0.07204	0.06649	0.02441	0.04068	0.16932	0.05377
V491	0.01111	0	0.00929	0.00058	0	0.0031	0.05127	0.13256	0.02004	0.77205
V492	0.01911	0.06569	0.05334	0.02655	0.05764	0.08467	0.10266	0	0.40926	0.18109
V493	0.1527	0.15085	0.33932	0.11736	0.16088	0.01365	0.01786	0.00555	0.02863	0.01321
V494	0.0203	0.01751	0.2526	0.04603	0.05265	0.03309	0.06954	0.31166	0.13574	0.06087
V495	0	0.13529	0.03492	0.05181	0.45817	0.1692	0.02944	0.0314	0.00447	0.08531
V496	0.02757	0.1412	0.49699	0.05363	0.04093	0.0053	0.03105	0.1683	0.02305	0.01198
V497	0.00268	0	0.02063	0.00799	0.05223	0.00062	0.02471	0.00333	0.01265	0.87516
V498	0.0157	0.01539	0.19113	0.57447	0.05474	0.00429	0.02096	0.09642	0.01799	0.00891
V499	0.18842	0	0.02377	0.00045	0	0	0.02571	0.00314	0.00606	0.75246
V500	0.40013	0.00608	0.13776	0.01523	0.05458	0.13816	0.14457	0	0.0167	0.08678
V501	0.01432	0	0.18261	0.02704	0.00151	0.00774	0.03187	0.26021	0.02883	0.44587
V502	0.01467	0.01023	0.15889	0.54156	0.04454	0.01221	0.04134	0.13326	0.035	0.00831
V503	0.03941	0	0.03149	0.01155	0.04465	0.02799	0.08101	0.53399	0.17607	0.05383
V504	0.10639	0	0.02389	0.01606	0.04703	0.07883	0.27894	0.31117	0.02606	0.11164
V505	0.06378	0.0258	0.28729	0.03258	0.13337	0.17436	0.10435	0.10233	0.01386	0.06228
V506	0.00531	0.02608	0.01322	0.0048	0.08297	0.04401	0.0472	0.30532	0.01687	0.45422
V507	0.01313	0.41474	0.02175	0.01322	0.06431	0.00326	0.29998	0.09398	0.06477	0.01084
V508	0.40022	0	0.06608	0.00899	0.03934	0.43352	0.02027	0.01638	0.00867	0.00652
V509	0.01761	0.66862	0.02201	0.01285	0.04885	0.05995	0.13326	0	0.02114	0.0157
V510	0.04537	0.5388	0.03565	0.0096	0.00954	0.00357	0.0147	0	0.01605	0.32671
V511	0.05094	0.22101	0.02396	0.00887	0	0.00083	0.01663	0	0.01438	0.66338
