CD14.pos.CD16.neg.classical.monocyte	mature.neutrophil	memory.B.cell	cytotoxic.CD56.dim.NK.cell	memory.CD4.pos.AB.T.cell	macrophage
V1	0.14741	0.01613	0.71218	0.06777	0	0.05651
V2	0.40571	0.11859	0.0474	0.14075	0.16958	0.11797
V3	0.22893	0.06662	0.21891	0.0496	0.04584	0.39009
V4	0.20287	0.36789	0.02644	0.12835	0.15898	0.11548
V5	0.06914	0.0517	0	0.56532	0.29193	0.02191
V6	0.24265	0.02799	0.16415	0.0896	0.1831	0.29252
V7	0.09301	0.32757	0	0.08556	0.44159	0.05226
V8	0.48106	0.0594	0.07734	0.14673	0.07955	0.15591
V9	0.2463	0.14881	0.02646	0.26694	0.11021	0.20128
V10	0.33646	0.04379	0.06588	0.33604	0.11046	0.10737
V11	0.10945	0.62355	0.03786	0.07544	0.09002	0.0637
V12	0.24255	0.04339	0.11338	0.05234	0.05813	0.4902
V13	0.11352	0.43968	0.25107	0.08363	0.05218	0.05992
V14	0.10447	0.02973	0	0.73599	0.09676	0.03305
V15	0.35782	0.08089	0.01933	0.16007	0.25239	0.12949
V16	0.11313	0.02054	0	0.39786	0.35951	0.10897
V17	0.23081	0.05013	0.18258	0.04774	0.0432	0.44554
V18	0.49066	0.14151	0.08743	0.0674	0.07279	0.14021
V19	0.4199	0.06373	0.19388	0.06291	0.13459	0.12499
V20	0.43267	0.0717	0.1262	0.14825	0.0719	0.14928
V21	0.24505	0.05333	0.07836	0.05262	0.09513	0.47551
V22	0.1842	0.05974	0	0.12768	0.55043	0.07796
V23	0.12444	0.01517	0.22495	0.09078	0.50543	0.03923
V24	0.16157	0.02455	0	0.16849	0.56946	0.07593
V25	0.32671	0.24605	0.03666	0.16707	0.11753	0.10598
V26	0.24366	0.02975	0	0.07217	0.58426	0.07015
V27	0.21696	0.03168	0.20161	0.05606	0.04736	0.44633
V28	0.14813	0.22146	0.13524	0.24855	0.09058	0.15603
V29	0.11322	0.48409	0.10051	0.12008	0.06422	0.11788
V30	0.22226	0.18517	0.09865	0.06166	0.24624	0.18602
V31	0.45839	0.04031	0.21527	0.07545	0.05008	0.1605
V32	0.08745	0.02391	0.25884	0.5252	0.04929	0.05532
V33	0.21226	0.34563	0.21311	0.07981	0.0495	0.09969
V34	0.08447	0.00349	0.38396	0.10384	0.38288	0.04136
V35	0.08547	0.05809	0.10961	0.51644	0.17987	0.05052
V36	0.12732	0.40642	0.08689	0.07707	0.23404	0.06825
V37	0.124	0.01383	0.6557	0.07302	0	0.13345
V38	0.23062	0.02667	0.17824	0.04625	0.04155	0.47666
V39	0.39883	0.05265	0.04962	0.28422	0.08903	0.12566
V40	0.11713	0.40803	0.01003	0.18677	0.18078	0.09726
V41	0.47555	0.04459	0.10124	0.05453	0.07258	0.25152
V42	0.24347	0.02786	0.47323	0.06871	0.0451	0.14163
V43	0.19519	0.33661	0.00621	0.08875	0.26913	0.10411
V44	0.11539	0.62966	0.03665	0.06938	0.07819	0.07073
V45	0.30712	0.27425	0.08914	0.07329	0.08197	0.17422
V46	0.13674	0.02059	0	0.29115	0.35769	0.19383
V47	0.11681	0.34065	0	0.1822	0.27615	0.0842
V48	0.09773	0.49733	0.15617	0.07042	0.12699	0.05136
V49	0.10802	0.59973	0.02401	0.06929	0.13505	0.0639
V50	0.09869	0.00475	0.15938	0.08982	0.57201	0.07535
V51	0.05984	0.01104	0	0.09	0.80998	0.02914
V52	0.10145	0.44994	0.20989	0.09822	0.08008	0.06042
V53	0.17508	0.01238	0.00298	0.10476	0.65506	0.04975
V54	0.12861	0.11265	0.46667	0.1134	0.08222	0.09645
V55	0.08376	0.04054	0	0.10997	0.73222	0.03352
V56	0.08216	0.03796	0.63682	0.18635	0.0234	0.03331
V57	0.18276	0.29101	0.0579	0.05553	0.17357	0.23923
V58	0.09629	0.01246	0.73675	0.08431	0	0.07018
V59	0.08854	0.02234	0	0.75134	0.11263	0.02515
V60	0.35093	0.02879	0.02986	0.39761	0.09493	0.09787
V61	0.2747	0.12133	0.04497	0.18913	0.12672	0.24315
V62	0.36851	0.04871	0.10017	0.15809	0.15025	0.17428
V63	0.14126	0.39609	0.04363	0.11779	0.08199	0.21924
V64	0.0649	0.10006	0	0.07873	0.72401	0.03231
V65	0.3769	0.13262	0.08683	0.07126	0.10503	0.22735
V66	0.35726	0.04413	0.1112	0.08311	0.30352	0.10078
V67	0.1317	0.13511	0.25276	0.2657	0.0485	0.16624
V68	0.54579	0.04956	0.09296	0.09115	0.06975	0.1508
V69	0.41223	0.0556	0.0827	0.05238	0.0905	0.30659
V70	0.0982	0.01693	0.14361	0.57518	0.13358	0.03251
V71	0.1231	0.21802	0	0.15223	0.36905	0.1376
V72	0.39525	0.12491	0.11378	0.07453	0.1181	0.17343
V73	0.10634	0.01145	0.03552	0.69157	0.12214	0.03297
V74	0.07467	0.13275	0	0.66851	0.10002	0.02406
V75	0.09789	0.62741	0.0213	0.08818	0.10439	0.06084
V76	0.09394	0.00323	0.59559	0.11154	0.15527	0.04044
V77	0.1365	0.1271	0.06708	0.50137	0.08305	0.08489
V78	0.3555	0.12098	0.09449	0.15954	0.08351	0.18598
V79	0.1581	0.41454	0.05803	0.05401	0.06526	0.25006
V80	0.1504	0.43235	0.04642	0.06226	0.08038	0.22819
V81	0.46149	0.1162	0.13088	0.06813	0.07837	0.14493
V82	0.10161	0.56573	0.01458	0.10198	0.1513	0.0648
V83	0.16095	0.13555	0	0.39148	0.21173	0.10028
V84	0.26838	0.03132	0.07962	0.41719	0.10772	0.09577
V85	0.52788	0.04742	0.14927	0.06744	0.06131	0.14668
V86	0.23693	0.0453	0.12698	0.30344	0.07943	0.20792
V87	0.07347	0.02777	0	0.77179	0.09735	0.02962
V88	0.15404	0.03848	0	0.47473	0.13833	0.19442
V89	0.15819	0.1513	0.38441	0.06851	0.01411	0.22349
V90	0.11866	0.50349	0.11129	0.07551	0.11863	0.07242
V91	0.09418	0.01891	0	0.16992	0.67203	0.04496
V92	0.06886	0.06838	0	0.08628	0.7355	0.04098
V93	0.22522	0.07087	0.01471	0.14092	0.29648	0.2518
V94	0.07551	0.01551	0.18152	0.6339	0.0702	0.02336
V95	0.08046	0.01239	0.19258	0.18746	0.49911	0.028
V96	0.13514	0.29914	0	0.10299	0.32714	0.13559
V97	0.06043	0.01833	0	0.13719	0.75988	0.02417
V98	0.08474	0.07471	0	0.6496	0.16166	0.0293
V99	0.06653	0.02813	0	0.7874	0.09831	0.01963
V100	0.09144	0.01325	0.36387	0.31261	0.16025	0.05858
V101	0.09293	0.29874	0.35512	0.15779	0.03747	0.05795
V102	0.51412	0.05425	0.16106	0.06763	0.05905	0.14389
V103	0.42508	0.05425	0.06179	0.19615	0.12504	0.13769
V104	0.09387	0.0088	0.14644	0.62476	0.09026	0.03586
V105	0.24032	0.02813	0.13881	0.04473	0.04625	0.50176
V106	0.14774	0.01101	0.53398	0.06401	0.00312	0.24014
V107	0.12629	0.49373	0.19886	0.06909	0.05296	0.05907
V108	0.20043	0.04638	0.05904	0.0585	0.24129	0.39436
V109	0.21119	0.0312	0.04897	0.04897	0.22664	0.43303
V110	0.11677	0.14637	0.59477	0.07299	0	0.06911
V111	0.08302	0.02005	0.75923	0.09627	0	0.04144
V112	0.09539	0.25573	0	0.51041	0.10006	0.03841
V113	0.09797	0.08549	0.52151	0.11459	0.13378	0.04666
V114	0.16942	0.00909	0.5582	0.2067	0	0.05658
V115	0.33841	0.08055	0.06022	0.08029	0.18581	0.25472
V116	0.5367	0.04827	0.08953	0.10722	0.07022	0.14806
V117	0.37681	0.03788	0.01042	0.14713	0.32376	0.104
V118	0.10294	0.51137	0.09239	0.09659	0.12887	0.06783
V119	0.10469	0.60029	0.03606	0.09912	0.08332	0.07651
V120	0.13401	0.17367	0.05962	0.40946	0.16039	0.06285
V121	0.28763	0.0324	0.05047	0.27885	0.07377	0.27689
V122	0.23324	0.03746	0	0.53488	0.13177	0.06264
V123	0.31376	0.03465	0.04728	0.09512	0.19456	0.31464
V124	0.08807	0.00424	0.17177	0.09513	0.6056	0.03518
V125	0.10594	0.13577	0.53901	0.12953	0.00181	0.08794
V126	0.19782	0.22018	0.09987	0.05637	0.06346	0.3623
V127	0.10992	0.00368	0.67596	0.16567	0	0.04477
V128	0.25371	0.22387	0.10194	0.1963	0.13098	0.09319
V129	0.08585	0.01998	0.70297	0.14625	0	0.04494
V130	0.34459	0.12842	0.03773	0.26574	0.11283	0.1107
V131	0.11051	0.01147	0	0.0903	0.67462	0.1131
V132	0.10308	0.37452	0.31543	0.07015	0.07963	0.05718
V133	0.11967	0.16943	0.45087	0.14825	0.06367	0.0481
V134	0.17309	0.48652	0.02916	0.07364	0.1513	0.0863
V135	0.13651	0.01534	0.62007	0.07438	0.03684	0.11687
V136	0.13293	0.52953	0.07737	0.08142	0.10404	0.07471
V137	0.10547	0.14649	0.4339	0.09452	0.17975	0.03987
V138	0.1804	0.01555	0.01968	0.38359	0.15488	0.2459
V139	0.14316	0.0541	0.09586	0.07459	0.42065	0.21164
V140	0.37747	0.20733	0.08923	0.12193	0.0795	0.12455
V141	0.2085	0.22562	0.10601	0.274	0.10051	0.08537
V142	0.14876	0.5241	0.0419	0.11151	0.07571	0.09802
V143	0.12741	0.06098	0.50786	0.14722	0.09418	0.06234
V144	0.20428	0.15387	0.06511	0.14845	0.06918	0.35911
V145	0.07343	0.01232	0	0.79176	0.08925	0.03324
V146	0.15721	0.02074	0	0.08452	0.64704	0.09048
V147	0.35184	0.08974	0.15602	0.09522	0.05358	0.25359
V148	0.09623	0.16018	0.62276	0.07054	0	0.05029
V149	0.16395	0.375	0.04617	0.07306	0.06697	0.27486
V150	0.0691	0.01334	0	0.7868	0.11095	0.0198
V151	0.18159	0.31581	0.05041	0.05863	0.08623	0.30734
V152	0.126	0.20605	0.33482	0.10436	0.14407	0.08471
V153	0.08251	0.03878	0.5052	0.30355	0.03451	0.03545
V154	0.31444	0.19498	0.07574	0.05003	0.06477	0.30004
V155	0.11898	0.29673	0.03523	0.07061	0.40003	0.07842
V156	0.08711	0.37606	0	0.07127	0.41964	0.04593
V157	0.16904	0.10378	0.0613	0.26786	0.08264	0.31539
V158	0.09655	0.05763	0.72819	0.06727	0	0.05037
V159	0.1632	0.20581	0.2617	0.21419	0.08096	0.07413
V160	0.10204	0.00415	0.73432	0.07336	0	0.08614
V161	0.0901	0.37985	0	0.31905	0.16588	0.04512
V162	0.10133	0.4162	0	0.16663	0.25245	0.06339
V163	0.09346	0.00356	0.78506	0.068	0	0.04992
V164	0.0949	0.29156	0.27765	0.16697	0.11604	0.05289
V165	0.10376	0.02776	0	0.09204	0.68143	0.09502
V166	0.1413	0.02126	0	0.18592	0.43834	0.21318
V167	0.08433	0.00598	0.31187	0.5018	0.06487	0.03116
V168	0.42778	0.04699	0.05641	0.25981	0.08066	0.12836
V169	0.09781	0.01251	0.57365	0.26351	0.00344	0.04907
V170	0.31364	0.04958	0.09697	0.30902	0.1366	0.09418
V171	0.18438	0.35738	0.05963	0.05278	0.07876	0.26708
V172	0.13997	0.06969	0.43889	0.22367	0.02211	0.10567
V173	0.11226	0.02306	0.67055	0.0727	0	0.12143
V174	0.40367	0.1202	0.0396	0.07147	0.24707	0.11799
V175	0.12426	0.50613	0.11134	0.08323	0.1132	0.06184
V176	0.08213	0.00255	0.78761	0.08624	0	0.04147
V177	0.18176	0.08164	0.26371	0.08788	0.18932	0.19568
V178	0.08219	0.04425	0	0.07968	0.75003	0.04385
V179	0.10892	0.01238	0	0.57668	0.17704	0.12499
V180	0.22983	0.0271	0.1604	0.38722	0.05875	0.13671
V181	0.35187	0.1226	0.09717	0.1137	0.12767	0.187
V182	0.09569	0.08392	0.62992	0.13191	0	0.05857
V183	0.07574	0.01318	0	0.80494	0.08518	0.02095
V184	0.2742	0.32763	0.0335	0.08644	0.18041	0.09782
V185	0.15304	0.40899	0.0361	0.07008	0.18492	0.14688
V186	0.07846	0.00365	0.49116	0.3766	0.02159	0.02854
V187	0.22777	0.38869	0.01707	0.08018	0.2026	0.08369
V188	0.17009	0.44748	0.04848	0.0805	0.07031	0.18314
V189	0.1102	0.06801	0.08985	0.0983	0.51818	0.11547
V190	0.10772	0.15765	0	0.08382	0.51305	0.13775
V191	0.1469	0.43806	0.04041	0.06235	0.08153	0.23074
V192	0.3463	0.2065	0.11506	0.08467	0.11782	0.12965
V193	0.2294	0.11909	0.0826	0.05332	0.06495	0.45065
V194	0.07536	0.02703	0	0.177	0.68018	0.04043
V195	0.08848	0.00237	0.59277	0.17168	0.1063	0.03841
V196	0.07036	0.01175	0	0.7688	0.12497	0.02412
V197	0.19232	0.01699	0	0.08326	0.64289	0.06454
V198	0.14324	0.31833	0.01626	0.18571	0.26801	0.06845
V199	0.09959	0.19435	0.02908	0.16143	0.46987	0.04567
V200	0.13183	0.01498	0.46169	0.27164	0.02066	0.0992
V201	0.07715	0.0137	0	0.78862	0.08185	0.03868
V202	0.15244	0.06355	0.3442	0.09897	0.15339	0.18745
V203	0.36966	0.05634	0.0409	0.33857	0.08643	0.1081
V204	0.21997	0.06176	0.08848	0.18338	0.06834	0.37807
V205	0.08754	0.02025	0.76125	0.08812	0	0.04284
V206	0.08164	0.04976	0.04611	0.67817	0.12047	0.02386
V207	0.27568	0.16823	0.06055	0.2543	0.09902	0.14221
V208	0.29123	0.09064	0.33943	0.10824	0.08089	0.08957
V209	0.22348	0.37012	0.04305	0.08349	0.07871	0.20116
V210	0.14666	0.02588	0.70259	0.06801	0	0.05686
V211	0.35879	0.05839	0.12159	0.06718	0.1987	0.19536
V212	0.09316	0.22514	0.13986	0.37415	0.12098	0.04672
V213	0.10927	0.06834	0.16095	0.10605	0.51377	0.04162
V214	0.49434	0.06207	0.09133	0.10828	0.10077	0.14323
V215	0.14846	0.47922	0.03879	0.08758	0.07204	0.1739
V216	0.15439	0.3953	0.24666	0.07506	0.06012	0.06847
V217	0.2337	0.01963	0.04516	0.13386	0.30518	0.26247
V218	0.10924	0.25807	0	0.48496	0.10961	0.03811
V219	0.50123	0.0476	0.10221	0.05619	0.07342	0.21935
V220	0.12602	0.02256	0	0.71699	0.09217	0.04226
V221	0.13322	0.53984	0.04615	0.12693	0.08335	0.0705
V222	0.12646	0.23455	0	0.19418	0.37733	0.06748
V223	0.14876	0.24992	0.22906	0.06273	0.0616	0.24794
V224	0.08722	0.00309	0.28519	0.08649	0.5073	0.0307
V225	0.27141	0.03843	0.09707	0.05158	0.05388	0.48763
V226	0.22693	0.06035	0.16409	0.29869	0.15871	0.09124
V227	0.4049	0.03519	0.05762	0.24335	0.08648	0.17246
V228	0.15914	0.20658	0.37295	0.11761	0.05479	0.08893
V229	0.17877	0.02088	0.28387	0.28718	0.15437	0.07492
V230	0.11471	0.1452	0.59803	0.07803	0	0.06404
V231	0.09573	0.02982	0	0.73989	0.10783	0.02673
V232	0.30634	0.03508	0.04086	0.28724	0.08799	0.24249
V233	0.50148	0.053	0.09538	0.11567	0.08327	0.1512
V234	0.33134	0.02788	0	0.08492	0.45605	0.09981
V235	0.11761	0.01401	0	0.72177	0.10677	0.03985
V236	0.14061	0.00811	0.11364	0.08815	0.49438	0.1551
V237	0.08859	0.00208	0.68939	0.18003	0	0.03992
V238	0.4071	0.03543	0.10096	0.12815	0.09498	0.23338
V239	0.35176	0.05464	0.11666	0.17814	0.1708	0.12799
V240	0.07526	0.20338	0	0.16968	0.51492	0.03676
V241	0.35437	0.15912	0.04342	0.20763	0.11896	0.11649
V242	0.26466	0.065	0.06982	0.20163	0.14096	0.25793
V243	0.10108	0.32039	0.3547	0.11135	0.0597	0.05277
V244	0.18	0.03303	0	0.06586	0.52039	0.20072
V245	0.47151	0.04284	0.09291	0.05426	0.08081	0.25767
V246	0.08714	0.04854	0.13376	0.39168	0.30157	0.03731
V247	0.27019	0.08836	0.05745	0.20341	0.0893	0.2913
V248	0.21128	0.04375	0	0.2516	0.40583	0.08755
V249	0.21464	0.15274	0.32087	0.13614	0.02902	0.14659
V250	0.07353	0.02824	0	0.78676	0.08609	0.02538
V251	0.10113	0.44304	0.11527	0.2092	0.07451	0.05684
V252	0.07507	0.01909	0	0.74469	0.13107	0.03009
V253	0.15032	0.0626	0	0.38024	0.18885	0.21799
V254	0.11269	0.22018	0.02409	0.22627	0.33981	0.07695
V255	0.26765	0.25702	0.0894	0.11406	0.11978	0.15208
V256	0.10275	0.62778	0.02564	0.07503	0.09798	0.07082
V257	0.12035	0.33225	0	0.09135	0.36989	0.08615
V258	0.09631	0.19819	0.08709	0.49689	0.07552	0.04601
V259	0.09773	0.44475	0.26454	0.08354	0.04329	0.06615
V260	0.14745	0.04765	0	0.08653	0.59873	0.11965
V261	0.34656	0.04779	0.05727	0.09331	0.25512	0.19996
V262	0.13072	0.01489	0.67854	0.08944	0.0404	0.04601
V263	0.09782	0.05791	0.51416	0.26723	0.01354	0.04934
V264	0.3891	0.05227	0.13884	0.08947	0.11494	0.21537
V265	0.08108	0.01162	0	0.1033	0.77022	0.03379
V266	0.26595	0.06112	0.09333	0.05293	0.06231	0.46436
V267	0.16575	0.51776	0.02689	0.12644	0.0869	0.07626
V268	0.54332	0.04966	0.09122	0.06592	0.07119	0.1787
V269	0.09244	0.05064	0.05847	0.65943	0.10814	0.03089
V270	0.22642	0.38823	0.04103	0.07967	0.17771	0.08693
V271	0.18028	0.12432	0.23897	0.06747	0.04965	0.33931
V272	0.08397	0.01223	0	0.14779	0.67983	0.07617
V273	0.10993	0.01044	0	0.15299	0.65945	0.0672
V274	0.20908	0.02994	0.18751	0.0974	0.04954	0.42653
V275	0.41765	0.18789	0.07687	0.07304	0.07938	0.16517
V276	0.18429	0.22052	0.09638	0.12103	0.09518	0.2826
V277	0.35493	0.04793	0.06083	0.06229	0.18582	0.2882
V278	0.15716	0.11151	0.04262	0.27037	0.3525	0.06586
V279	0.22152	0.06329	0.20687	0.0998	0.05435	0.35417
V280	0.13073	0.0157	0	0.711	0.09491	0.04766
V281	0.10381	0.61381	0.04836	0.09423	0.07578	0.06401
V282	0.07574	0.04466	0	0.13534	0.70717	0.03709
V283	0.08633	0.3513	0	0.07837	0.43166	0.05234
V284	0.11871	0.09438	0.23698	0.35068	0.0833	0.11595
V285	0.07199	0.02867	0	0.7829	0.09122	0.02521
V286	0.41123	0.06081	0.11481	0.22199	0.07163	0.11952
V287	0.08492	0.01854	0	0.15256	0.68246	0.06151
V288	0.18744	0.23419	0.04739	0.05993	0.1675	0.30355
V289	0.08733	0.08345	0.59388	0.17449	0.0163	0.04455
V290	0.08044	0.00792	0.14409	0.64675	0.08356	0.03724
V291	0.08446	0.03702	0	0.75291	0.09284	0.03277
V292	0.15135	0.08777	0	0.53012	0.18392	0.04684
V293	0.07046	0.05206	0	0.08925	0.75219	0.03604
V294	0.3515	0.05701	0.01637	0.07889	0.32202	0.17421
V295	0.2767	0.03092	0.0979	0.04379	0.06208	0.48861
V296	0.11575	0.30316	0.06235	0.28101	0.12731	0.11042
V297	0.24017	0.08136	0.08016	0.0523	0.06449	0.48152
V298	0.10189	0.56679	0.13174	0.07627	0.06311	0.0602
V299	0.16933	0.08273	0.60316	0.08285	0	0.06193
V300	0.44021	0.12908	0.10637	0.06402	0.06582	0.1945
V301	0.31256	0.33806	0.09014	0.0776	0.07884	0.1028
V302	0.09358	0.23423	0.02546	0.46932	0.13206	0.04535
V303	0.1004	0.524	0.05346	0.08248	0.17427	0.06539
V304	0.0804	0.01066	0	0.08215	0.79329	0.03351
V305	0.12717	0.01909	0.12485	0.41817	0.14336	0.16737
V306	0.32242	0.113	0.07666	0.05554	0.06294	0.36945
V307	0.17337	0.02428	0	0.08767	0.61663	0.09805
V308	0.06495	0.02072	0	0.80442	0.09081	0.0191
V309	0.09291	0.41465	0	0.35084	0.08933	0.05228
V310	0.15489	0.30925	0.22892	0.06768	0.05882	0.18043
V311	0.36901	0.03936	0.08942	0.05452	0.06271	0.38497
V312	0.14079	0.02325	0	0.3675	0.40892	0.05954
V313	0.29585	0.03914	0.07768	0.08553	0.06055	0.44124
V314	0.20646	0.0277	0	0.61207	0.09912	0.05465
V315	0.16076	0.52141	0.03317	0.06648	0.123	0.09517
V316	0.26576	0.03649	0.08186	0.10982	0.07602	0.43005
V317	0.12295	0.01491	0	0.61874	0.1173	0.1261
V318	0.07602	0.0199	0	0.77794	0.09199	0.03415
V319	0.26272	0.17278	0.21906	0.18512	0.05441	0.10591
V320	0.21217	0.17623	0.2759	0.16031	0.04365	0.13174
V321	0.09449	0.48691	6e-04	0.27643	0.09332	0.04826
V322	0.12145	0.00869	0.00337	0.09268	0.65105	0.12276
V323	0.09257	0.23925	0	0.36544	0.2649	0.03784
V324	0.1455	0.04621	0	0.24744	0.39665	0.16421
V325	0.13037	0.60648	0.04971	0.0682	0.07534	0.06991
V326	0.16321	0.54993	0.04396	0.06733	0.09585	0.07973
V327	0.13642	0.00557	0.7353	0.06884	0	0.05387
V328	0.17792	0.18131	0.12816	0.19097	0.26005	0.06159
V329	0.09247	0.00401	0.44033	0.08527	0.3293	0.04862
V330	0.08924	0.00285	0.77376	0.08601	0	0.04815
V331	0.42379	0.09435	0.10868	0.13055	0.07338	0.16924
V332	0.1606	0.07023	0.10713	0.07198	0.36893	0.22113
V333	0.09386	0.0226	0.3468	0.3777	0.10541	0.05363
V334	0.09137	0.33764	0.31085	0.16984	0.03939	0.05092
V335	0.16439	0.0266	0.62073	0.0749	0	0.11338
V336	0.24006	0.45843	0.06379	0.06549	0.08006	0.09218
V337	0.12122	0.16604	0	0.08316	0.5863	0.04328
V338	0.4511	0.03951	0.08459	0.06898	0.20633	0.14949
V339	0.14838	0.08812	0.30714	0.28535	0.05561	0.11539
V340	0.37553	0.23472	0.05701	0.09769	0.09624	0.13881
V341	0.21083	0.05213	0.0208	0.52239	0.12679	0.06707
V342	0.12464	0.02229	0	0.58825	0.12856	0.13626
V343	0.21518	0.15005	0.14861	0.07412	0.06483	0.34721
V344	0.11108	0.47756	0.00545	0.08644	0.20651	0.11296
V345	0.06463	0.01086	0	0.09073	0.80817	0.0256
V346	0.15668	0.02455	0	0.42068	0.33033	0.06776
V347	0.32082	0.13422	0.03147	0.13727	0.27266	0.10356
V348	0.15168	0.12387	0.52173	0.09034	0.05121	0.06117
V349	0.4405	0.09757	0.0927	0.14036	0.1016	0.12728
V350	0.30071	0.06022	0.13896	0.25464	0.06264	0.18283
V351	0.25886	0.08504	0.10383	0.07061	0.07118	0.41048
V352	0.13991	0.26446	0.00676	0.05688	0.303	0.229
V353	0.09458	0.16041	0.62928	0.07057	0	0.04517
V354	0.19097	0.05663	0.18282	0.06338	0.30009	0.2061
V355	0.08601	0.02952	0.76763	0.07887	0	0.03797
V356	0.3332	0.12642	0.06128	0.25	0.10194	0.12716
V357	0.25337	0.02561	0.33241	0.08877	0.2135	0.08634
V358	0.23005	0.02816	0.12304	0.07682	0.05869	0.48325
V359	0.14997	0.08717	0	0.55561	0.14603	0.06121
V360	0.3373	0.02787	0.01301	0.23742	0.26285	0.12154
V361	0.10078	0.64052	0.02659	0.08189	0.08589	0.06434
V362	0.09829	0.41738	0.01927	0.32468	0.09346	0.04692
V363	0.45044	0.09124	0.10273	0.06051	0.14503	0.15004
V364	0.19282	0.17015	0.05342	0.08226	0.15455	0.3468
V365	0.27462	0.32647	0.04214	0.17777	0.08101	0.09799
V366	0.1388	0.21905	0.3623	0.12809	0.09038	0.06138
V367	0.08463	0.01194	0	0.55563	0.30135	0.04645
V368	0.18075	0.13086	0.09398	0.0835	0.17228	0.33863
V369	0.09043	0.03713	0	0.13117	0.66333	0.07794
V370	0.1099	0.07542	0.51416	0.20322	0.0205	0.0768
V371	0.12597	0.21175	0	0.44405	0.08911	0.12911
V372	0.1137	0.50795	0.00612	0.08747	0.19227	0.0925
V373	0.49335	0.05632	0.09066	0.05551	0.06903	0.23513
V374	0.18348	0.02268	0.18157	0.47915	0.08397	0.04915
V375	0.30374	0.03126	0.1672	0.1182	0.27793	0.10166
V376	0.19835	0.06227	0.06612	0.1521	0.12367	0.3975
V377	0.11858	0.01481	0.29351	0.08088	0.43801	0.05421
V378	0.21446	0.08074	0.2047	0.05009	0.06988	0.38012
V379	0.35671	0.04132	0.1838	0.05264	0.04721	0.31832
V380	0.07003	0.04323	0	0.09669	0.7541	0.03595
V381	0.26561	0.04688	0.26067	0.30339	0.05017	0.07327
V382	0.06931	0.03489	0	0.25206	0.61422	0.02953
V383	0.19246	0.0487	0.31842	0.32492	0.05075	0.06475
V384	0.11071	0.02267	0.69995	0.09874	0.02091	0.04702
V385	0.2576	0.03718	0.10519	0.04377	0.0519	0.50435
V386	0.39194	0.06045	0.25681	0.07112	0.09211	0.12757
V387	0.20104	0.02611	0.02581	0.60234	0.09167	0.05303
V388	0.4748	0.07694	0.19109	0.06072	0.06102	0.13543
V389	0.30361	0.0952	0.08359	0.04743	0.06622	0.40394
V390	0.10804	0.04493	0	0.64322	0.11238	0.09142
V391	0.09372	0.02076	0	0.54651	0.28041	0.05861
V392	0.14934	0.04659	0.39391	0.16426	0.0151	0.23079
V393	0.13521	0.13685	0.29964	0.12244	0.14414	0.16172
V394	0.07636	0.01154	0	0.75222	0.13419	0.02568
V395	0.08313	0.0559	0.74728	0.07705	0	0.03664
V396	0.33004	0.07713	0.02577	0.34764	0.12581	0.09361
V397	0.21136	0.16435	0.08643	0.05656	0.09376	0.38754
V398	0.1144	0.50489	0.01258	0.09007	0.21375	0.06431
V399	0.09319	0.00313	0.72356	0.12246	0	0.05767
V400	0.18084	0.0402	0.02263	0.38252	0.08716	0.28665
V401	0.17129	0.02771	0.53728	0.08326	0.09077	0.0897
V402	0.10588	0.02264	0	0.74257	0.08686	0.04205
V403	0.18981	0.0147	0.01224	0.09102	0.37259	0.31965
V404	0.08482	0.0116	0.79575	0.06968	0	0.03815
V405	0.25657	0.29278	0.08958	0.11041	0.16163	0.08902
V406	0.19325	0.06779	0.15747	0.14247	0.19649	0.24252
V407	0.13752	0.02479	0.6143	0.06805	0	0.15535
V408	0.10494	0.09952	0	0.62096	0.08775	0.08683
V409	0.5362	0.07504	0.09017	0.05901	0.07288	0.1667
V410	0.55135	0.05797	0.0879	0.05936	0.08659	0.15682
V411	0.1986	0.02794	0.05221	0.26041	0.06791	0.39292
V412	0.36236	0.17798	0.08708	0.10206	0.16257	0.10796
V413	0.08129	0.10398	0	0.6751	0.11061	0.02901
V414	0.12634	0.07086	0	0.54782	0.20904	0.04594
V415	0.11185	0.016	0.24282	0.40425	0.13627	0.0888
V416	0.10197	0.12969	0	0.27527	0.39336	0.09972
V417	0.2424	0.02306	0.11979	0.15258	0.05473	0.40744
V418	0.09299	0.07591	0.29664	0.19794	0.27522	0.06129
V419	0.24751	0.05092	0.08399	0.04357	0.06328	0.51072
V420	0.2557	0.02871	0.08477	0.0514	0.06246	0.51696
V421	0.1021	0.05214	0	0.14483	0.64967	0.05126
V422	0.18539	0.25252	0	0.07664	0.41797	0.06748
V423	0.09718	0.14313	0	0.63912	0.0866	0.03396
V424	0.47137	0.11702	0.08712	0.1148	0.07187	0.13781
V425	0.07012	0.10061	0	0.07908	0.71267	0.03751
V426	0.20817	0.05659	0.20472	0.05691	0.04697	0.42663
V427	0.32615	0.12752	0.14883	0.17463	0.0841	0.13876
V428	0.21976	0.02866	0	0.59976	0.09269	0.05913
V429	0.08213	0.02492	0.02686	0.56284	0.26583	0.03742
V430	0.11276	0.07636	0.45156	0.25215	0.03029	0.07687
V431	0.08002	0.01083	0.77587	0.09737	0	0.0359
V432	0.09047	0.34657	0.00237	0.40956	0.10646	0.04457
V433	0.0768	0.01147	0	0.7961	0.09472	0.02091
V434	0.08674	0.24254	0.10858	0.45149	0.07567	0.03498
V435	0.11063	0.01207	0	0.07092	0.6565	0.14988
V436	0.49724	0.1268	0.08762	0.07518	0.0729	0.14027
V437	0.20209	0.23784	0.23443	0.08174	0.13466	0.10925
V438	0.10313	0.31558	0	0.12182	0.40575	0.05372
V439	0.08554	0.01476	0	0.08635	0.77942	0.03393
V440	0.17269	0.05511	0.32705	0.12098	0.20163	0.12254
V441	0.13581	0.07097	0.37815	0.20067	0.03261	0.18179
V442	0.30826	0.12705	0.17286	0.11697	0.10047	0.17439
V443	0.0869	0.01021	0.00228	0.73156	0.12815	0.0409
V444	0.45003	0.06507	0.08826	0.08406	0.14703	0.16555
V445	0.55482	0.05823	0.10475	0.05942	0.06913	0.15366
V446	0.10516	0.43636	0.22191	0.08999	0.07066	0.07591
V447	0.18336	0.19387	0.02475	0.20858	0.11928	0.27015
V448	0.09748	0.02164	0.72117	0.08415	0.03612	0.03944
V449	0.36815	0.05748	0.05411	0.29921	0.08205	0.13899
V450	0.1389	0.01592	0.5663	0.08076	0.14732	0.0508
V451	0.14352	0.04443	0.06961	0.21082	0.4846	0.04702
V452	0.16332	0.03087	0.03054	0.42128	0.1241	0.22989
V453	0.27149	0.01911	0.43292	0.1735	0.02473	0.07826
V454	0.18182	0.06557	0.07197	0.53217	0.08837	0.06009
V455	0.13175	0.57811	0.05242	0.08744	0.07525	0.07503
V456	0.50564	0.04463	0.10582	0.0669	0.10358	0.17344
V457	0.21866	0.03066	0.04266	0.05829	0.24419	0.40553
V458	0.12587	0.00835	0.30968	0.08559	0.35943	0.11109
V459	0.0905	0.02083	0.46706	0.37155	0.0193	0.03076
V460	0.28096	0.07537	0.22066	0.17657	0.07794	0.16851
V461	0.23037	0.05297	0.00043	0.43029	0.19671	0.08922
V462	0.08867	0.00316	0.75557	0.08965	0	0.06296
V463	0.06299	0.03437	0	0.12044	0.75709	0.02511
V464	0.1206	0.58796	0.02696	0.08824	0.11085	0.06539
V465	0.28818	0.10108	0.36795	0.0658	0.0651	0.11189
V466	0.11417	0.02984	0	0.66209	0.14491	0.04899
V467	0.5612	0.05119	0.09913	0.05924	0.07018	0.15905
V468	0.26552	0.10463	0.07207	0.27532	0.2039	0.07855
V469	0.10209	0.11851	0.53051	0.15676	0.01075	0.08138
V470	0.39751	0.04159	0.06189	0.13027	0.24967	0.11908
V471	0.1169	0.18816	0.41706	0.12843	0.05385	0.09559
V472	0.11586	0.39973	0	0.09763	0.30762	0.07915
V473	0.10601	0.64919	0.03463	0.06979	0.07836	0.06202
V474	0.11533	0.0082	0.27913	0.50784	0.05182	0.03768
V475	0.11962	0.13422	0.18453	0.22668	0.27625	0.0587
V476	0.33531	0.04704	0.05003	0.2244	0.11663	0.2266
V477	0.13214	0.44532	0.06579	0.14047	0.09148	0.1248
V478	0.09693	0.01289	0.71821	0.08753	0	0.08444
V479	0.11553	0.12067	0.59112	0.08525	0.03451	0.05291
V480	0.0817	0.20551	0	0.32925	0.34904	0.03449
V481	0.29788	0.09997	0.09449	0.13146	0.2652	0.11101
V482	0.40061	0.03649	0.10158	0.0592	0.06376	0.33836
V483	0.09887	0.61937	0.07237	0.0759	0.07181	0.06169
V484	0.50491	0.04518	0.12974	0.05952	0.1113	0.14935
V485	0.22619	0.12056	0.39552	0.1343	0.02702	0.0964
V486	0.20905	0.01234	0.56177	0.10366	0	0.11319
V487	0.08778	0.28665	0	0.08067	0.49614	0.04876
V488	0.20981	0.48289	0.04937	0.1	0.07626	0.08167
V489	0.4815	0.06081	0.13349	0.06804	0.11155	0.1446
V490	0.24506	0.05987	0.06832	0.0927	0.08292	0.45114
V491	0.13221	0.23518	0.25284	0.07144	0.23998	0.06836
V492	0.20125	0.04257	0.20363	0.13265	0.11689	0.30301
V493	0.47677	0.14801	0.07733	0.0826	0.07429	0.14101
V494	0.18219	0.04491	0.30868	0.07549	0.02402	0.36472
V495	0.19619	0.41287	0.17026	0.08105	0.06684	0.07278
V496	0.20639	0.11744	0.22755	0.06301	0.21952	0.16609
V497	0.09746	0.17307	0.07041	0.10813	0.50907	0.04187
V498	0.13041	0.09495	0.25555	0.35491	0.10158	0.06261
V499	0.11014	0.48887	0.13101	0.12422	0.0761	0.06966
V500	0.3175	0.17428	0.07615	0.10946	0.19336	0.12925
V501	0.12071	0.6006	0.0292	0.08665	0.08451	0.07833
V502	0.07055	0.01933	0	0.30011	0.57668	0.03334
V503	0.14045	0.26344	0.01385	0.43666	0.09891	0.0467
V504	0.11515	0.60359	0.06135	0.0692	0.08623	0.06447
V505	0.09167	0.00544	0.36828	0.41192	0.05974	0.06296
V506	0.29467	0.03344	0.07417	0.18496	0.12278	0.28998
V507	0.25121	0.0276	0.08495	0.04323	0.06994	0.52307
V508	0.11053	0.43474	0.02909	0.14011	0.22643	0.0591
V509	0.08472	0.02125	0	0.69794	0.17203	0.02406
V510	0.55394	0.04996	0.08692	0.05947	0.09297	0.15676
V511	0.21871	0.03061	0.04631	0.24497	0.07681	0.3826
V512	0.1297	0.18925	0.46409	0.09512	0.03037	0.09147
V513	0.09344	0.02213	0.11221	0.13431	0.60208	0.03584
V514	0.12213	0.56445	0.07789	0.06595	0.0699	0.09968
V515	0.12395	0.30051	0	0.41417	0.09084	0.07053
V516	0.08683	0.04833	0.64288	0.09027	0.08578	0.04591
V517	0.0809	0.00389	0.27521	0.28822	0.31965	0.03214
V518	0.25278	0.30566	0.05694	0.15179	0.11279	0.12003
V519	0.16848	0.4108	0.04029	0.12997	0.07979	0.17067
V520	0.41768	0.10936	0.0842	0.1528	0.07197	0.16399
V521	0.12084	0.01423	0	0.09311	0.71518	0.05665
V522	0.28275	0.17235	0.03685	0.08407	0.24272	0.18126
V523	0.29072	0.16143	0.09223	0.18193	0.07705	0.19665
V524	0.1263	0.00918	0	0.22264	0.52537	0.11651
V525	0.34034	0.03345	0.11515	0.06385	0.05936	0.38784
V526	0.09823	0.54037	0.0826	0.07661	0.1422	0.05998
V527	0.281	0.02925	0.47202	0.07859	0.05212	0.08702
V528	0.51106	0.04553	0.1667	0.0677	0.06656	0.14244
V529	0.11959	0.07591	0	0.65079	0.11195	0.04176
V530	0.13799	0.19418	0.25695	0.17018	0.09801	0.14269
V531	0.55477	0.05835	0.09039	0.06697	0.07221	0.15732
V532	0.14275	0.01368	0.0158	0.59226	0.18922	0.04629
V533	0.17076	0.01138	0.21465	0.08978	0.29133	0.2221
V534	0.12392	0.01414	0	0.54987	0.15588	0.15619
V535	0.35488	0.06469	0.20705	0.18565	0.06178	0.12595
V536	0.09434	0.00326	0.59363	0.24112	0	0.06766
V537	0.1022	0.45844	0.0091	0.27075	0.0925	0.06702
V538	0.18633	0.0164	0.03452	0.37472	0.0762	0.31183
V539	0.08148	0.0126	0	0.66653	0.20287	0.03652
V540	0.26732	0.02808	0.27679	0.08601	0.22819	0.11361
V541	0.09103	0.20682	0	0.54644	0.10393	0.05179
V542	0.09384	0.42628	0.00891	0.27755	0.14057	0.05284
V543	0.08473	0.00334	0.50521	0.11276	0.25137	0.04258
V544	0.23367	0.05162	0.07771	0.0762	0.07853	0.48227
V545	0.09571	0.47587	0.04855	0.09173	0.23224	0.05589
V546	0.37057	0.08251	0.04185	0.2846	0.10531	0.11516
V547	0.10934	0.08617	0	0.40809	0.31071	0.08569
V548	0.24947	0.04297	0.08529	0.04332	0.06315	0.51579
V549	0.16424	0.00861	0.51647	0.1587	0.02739	0.12459
V550	0.09434	0.01254	0.23179	0.08504	0.53913	0.03717
V551	0.19785	0.06895	0.07798	0.15431	0.13824	0.36268
V552	0.10877	0.04185	0.07399	0.33156	0.37302	0.07081
V553	0.51125	0.04541	0.10269	0.09167	0.09921	0.14978
V554	0.11275	0.60356	0.04817	0.06696	0.08032	0.08824
V555	0.29961	0.02616	0.06446	0.2814	0.07596	0.25241
V556	0.12095	0.0162	0.35629	0.41018	0.04646	0.04991
V557	0.13022	0.54614	0.09424	0.07425	0.07393	0.08122
V558	0.3043	0.17719	0.05969	0.16189	0.07414	0.22279
V559	0.06072	0.01061	0	0.21508	0.68559	0.02799
V560	0.45802	0.06574	0.0777	0.07521	0.14902	0.17431
V561	0.07995	0.02019	0.79291	0.06989	0	0.03705
V562	0.33716	0.2115	0.09188	0.12749	0.07765	0.15431
V563	0.23969	0.02722	0.07455	0.10654	0.05855	0.49344
V564	0.19178	0.08421	0.02075	0.06051	0.28126	0.3615
V565	0.25095	0.02792	0.09268	0.04326	0.06154	0.52364
V566	0.21939	0.10404	0.08082	0.09451	0.08844	0.4128
V567	0.2593	0.24901	0.02861	0.25663	0.10565	0.10081
V568	0.09761	0.0118	0	0.11271	0.74509	0.03278
V569	0.46836	0.07685	0.07959	0.08793	0.07737	0.2099
V570	0.43023	0.1517	0.09188	0.1151	0.07868	0.1324
V571	0.09089	0.2005	0.53851	0.09165	0.03267	0.04577
V572	0.09494	0.01125	0.68329	0.10134	0.06708	0.04209
V573	0.15892	0.55909	0.03748	0.06718	0.09658	0.08074
V574	0.18228	0.01547	0.34869	0.10079	0.05042	0.30234
V575	0.11073	0.48107	0.07113	0.17038	0.08528	0.08142
V576	0.26683	0.11177	0	0.06779	0.47313	0.08048
V577	0.27846	0.0658	0	0.12436	0.41373	0.11765
V578	0.11063	0.01207	0	0.07092	0.6565	0.14988
V579	0.10626	0.03308	0.08726	0.31338	0.42319	0.03683
V580	0.15491	0.0305	0.03585	0.41047	0.27958	0.08869
V581	0.42738	0.07172	0.11457	0.13495	0.13173	0.11966
V582	0.41896	0.04602	0.06552	0.23524	0.0854	0.14885
V583	0.15803	0.05424	0.25801	0.06209	0.2239	0.24373
V584	0.14588	0.03077	0	0.36209	0.2833	0.17795
V585	0.12467	0.35284	0.20139	0.14009	0.06712	0.11389
V586	0.15658	0.54504	0.06765	0.0742	0.0793	0.07723
V587	0.21792	0.02411	0.23792	0.38837	0.05788	0.07381
V588	0.0871	0.01965	0	0.76599	0.10362	0.02364
V589	0.1464	0.23051	0.24521	0.13096	0.04752	0.1994
V590	0.17906	0.0513	0.33525	0.12607	0.02868	0.27965
V591	0.46826	0.0411	0.08988	0.18775	0.08282	0.13018
V592	0.11063	0.27024	0.05444	0.39762	0.11944	0.04764
V593	0.07108	0.02054	0	0.80244	0.08567	0.02027
V594	0.15042	0.01514	0.00701	0.57679	0.09154	0.1591
V595	0.13475	0.22553	0.03206	0.17047	0.26548	0.17171
V596	0.08002	0.19849	0	0.14191	0.54541	0.03417
V597	0.31498	0.02429	0.00218	0.07693	0.49386	0.08775
V598	0.5281	0.0815	0.0875	0.05916	0.07961	0.16412
V599	0.2026	0.02875	0.03729	0.18423	0.15294	0.39419
V600	0.32416	0.11935	0.05613	0.10181	0.13061	0.26794
V601	0.16041	0.13418	0.0542	0.36284	0.07529	0.21308
V602	0.12132	0.02531	0.03085	0.08136	0.59511	0.14606
V603	0.16754	0.30411	0.06887	0.10456	0.09233	0.2626
V604	0.09091	0.36346	0	0.07813	0.41789	0.04962
V605	0.10407	0.03731	0	0.07785	0.72781	0.05297
V606	0.34958	0.05694	0.25054	0.11676	0.04437	0.1818
V607	0.20753	0.05621	0.03927	0.06579	0.22025	0.41095
V608	0.14186	0.46991	0.03287	0.12432	0.09504	0.136
V609	0.0984	0.01271	0.5692	0.28029	0	0.0394
V610	0.11314	0.11788	0.37967	0.22769	0.06645	0.09518
V611	0.09791	0.62303	0.03386	0.09421	0.09052	0.06047
V612	0.07523	0.16931	0	0.64884	0.08174	0.02489
V613	0.38806	0.15577	0.084	0.05397	0.06767	0.25053
V614	0.1325	0.11275	0.43585	0.07392	0.07443	0.17055
V615	0.0814	0.05969	0	0.08964	0.73082	0.03845
V616	0.27638	0.32516	0.04664	0.09563	0.09706	0.15913
V617	0.06578	0.01909	0	0.08968	0.79494	0.03051
V618	0.2058	0.03015	0.54245	0.07875	0.02543	0.11741
V619	0.09674	0.48458	0.13662	0.09744	0.12281	0.06181
V620	0.20446	0.02849	0.27204	0.06541	0.02866	0.40095
V621	0.08531	0.01019	0.0164	0.72625	0.1254	0.03645
V622	0.34118	0.16133	0.03142	0.06548	0.29032	0.11027
V623	0.16392	0.52872	0.04298	0.0644	0.0873	0.11268
V624	0.09806	0.45731	0.00089	0.29876	0.08735	0.05762
V625	0.11561	0.1168	0.14649	0.46389	0.08994	0.06727
V626	0.11487	0.04518	0	0.23641	0.44321	0.16033
V627	0.38166	0.03251	0.03488	0.34837	0.08811	0.11447
V628	0.17397	0.06448	0.27105	0.14629	0.12207	0.22214
V629	0.08629	0.3504	0	0.42535	0.09339	0.04456
V630	0.39791	0.04349	0.09166	0.10265	0.09615	0.26814
V631	0.20897	0.02069	0.09952	0.16933	0.09506	0.40643
V632	0.10075	0.03286	0.05773	0.36768	0.39208	0.0489
V633	0.08697	0.16059	0.6338	0.07941	0	0.03922
V634	0.44931	0.04843	0.06973	0.22725	0.0793	0.12599
V635	0.08351	0.04945	0.17856	0.59226	0.06582	0.03041
V636	0.10767	0.47381	0.00095	0.12835	0.19601	0.09322
V637	0.22378	0.07131	0.06674	0.04739	0.14327	0.44751
V638	0.10065	0.09955	0.00211	0.53779	0.2207	0.0392
V639	0.24265	0.07174	0.04982	0.0993	0.39366	0.14284
V640	0.12692	0.1289	0.38951	0.08425	0.12921	0.1412
V641	0.08516	0.07598	0.39762	0.10847	0.29516	0.03762
V642	0.22858	0.05336	0.2741	0.21067	0.03699	0.19629
V643	0.49863	0.05218	0.07059	0.13863	0.08846	0.15151
V644	0.46901	0.04895	0.07219	0.14556	0.07988	0.1844
V645	0.43264	0.05501	0.08679	0.13521	0.06792	0.22243
V646	0.09405	0.01325	0.33739	0.08654	0.43085	0.03793
V647	0.21843	0.02688	0.05626	0.32377	0.09741	0.27726
V648	0.17073	0.26926	0.14027	0.1079	0.07504	0.2368
V649	0.1544	0.02354	0	0.66406	0.10893	0.04907
V650	0.21126	0.17401	0.16079	0.07596	0.30859	0.06939
V651	0.17682	0.28029	0.07644	0.09179	0.1939	0.18076
V652	0.10331	0.011	0.05955	0.67963	0.10974	0.03677
V653	0.14786	0.34374	0.04652	0.085	0.15204	0.22483
V654	0.49936	0.05216	0.13859	0.06761	0.09429	0.14799
V655	0.2486	0.02112	0.03314	0.11663	0.31493	0.26558
V656	0.14631	0.07894	0.50149	0.11941	0.09625	0.0576
V657	0.30782	0.03453	0.00832	0.16089	0.29983	0.1886
V658	0.08207	0.0732	0.10463	0.63566	0.07924	0.02521
V659	0.10643	0.6231	0.03411	0.07445	0.0839	0.07802
V660	0.49669	0.05563	0.08825	0.07192	0.06925	0.21826
V661	0.19322	0.01555	0.15324	0.17456	0.16816	0.29528
V662	0.462	0.04843	0.08149	0.16307	0.07904	0.16597
V663	0.10312	0.14918	0	0.11235	0.59258	0.04278
V664	0.16387	0.06466	0.60755	0.07559	0.01258	0.07575
V665	0.0652	0.0112	0	0.08979	0.80349	0.03031
V666	0.28342	0.27031	0.04326	0.15661	0.10693	0.13947
V667	0.23087	0.02652	0.09969	0.08439	0.06978	0.48874
V668	0.47916	0.15585	0.08564	0.06732	0.07379	0.13825
V669	0.21607	0.10712	0.0345	0.28109	0.08407	0.27715
V670	0.13658	0.29401	0.02331	0.32021	0.09878	0.12711
V671	0.2486	0.02204	0.00108	0.56556	0.09681	0.06591
V672	0.10762	0.43685	0	0.31394	0.08896	0.05264
V673	0.19044	0.13266	0.21592	0.05797	0.03914	0.36388
V674	0.48174	0.04227	0.05579	0.06182	0.22614	0.13224
V675	0.23235	0.12752	0.08404	0.04678	0.07861	0.4307
V676	0.08915	0.01027	0.0327	0.74227	0.10137	0.02423
V677	0.19419	0.30607	0.16455	0.05476	0.05157	0.22885
V678	0.19784	0.0821	0.02744	0.07177	0.41793	0.20291
V679	0.22226	0.10303	0.10528	0.07018	0.06092	0.43833
V680	0.1023	0.0046	0.26464	0.0814	0.47451	0.07256
V681	0.13208	0.54037	0.05841	0.07052	0.07141	0.12721
V682	0.14028	0.43336	0.02384	0.07534	0.15631	0.17088
V683	0.09209	0.01206	0	0.07472	0.72899	0.09214
V684	0.13806	0.5447	0.02322	0.13179	0.08702	0.07521
V685	0.0922	0.47	0.2131	0.07013	0.0998	0.05476
V686	0.25344	0.02906	0.38551	0.06852	0.03254	0.23093
V687	0.15345	0.20939	0.2405	0.14567	0.04128	0.20971
V688	0.33528	0.02885	0.02392	0.06976	0.33034	0.21185
V689	0.13455	0.02434	0.55317	0.18059	0.02316	0.08418
V690	0.13679	0.01991	0	0.09501	0.59636	0.15193
V691	0.13731	0.37051	0.16346	0.13243	0.09362	0.10267
V692	0.3632	0.02967	0.02219	0.32821	0.14816	0.10858
V693	0.46796	0.14034	0.09175	0.07453	0.07109	0.15433
V694	0.46315	0.13919	0.0813	0.09832	0.07323	0.1448
V695	0.49286	0.04447	0.06611	0.07594	0.14924	0.17138
V696	0.13349	0.38669	0.02637	0.12068	0.26536	0.06742
V697	0.12433	0.02456	0.63514	0.12224	0.01911	0.07462
V698	0.10233	0.64394	0.02725	0.07588	0.08587	0.06473
V699	0.2113	0.03172	0.46501	0.10425	0.07915	0.10857
V700	0.15549	0.02469	0	0.08292	0.67656	0.06034
V701	0.52386	0.04917	0.09861	0.05711	0.06903	0.20222
V702	0.212	0.03836	0.10354	0.18307	0.06415	0.39887
V703	0.19244	0.39622	0.01843	0.06856	0.24472	0.07964
V704	0.28692	0.24944	0.2013	0.06132	0.06667	0.13435
V705	0.1073	0.10037	0.18303	0.22437	0.33465	0.05028
V706	0.17917	0.09319	0.28277	0.05897	0.12653	0.25938
V707	0.39867	0.05479	0.08622	0.05061	0.07455	0.33516
V708	0.09295	0.32766	0.41092	0.08802	0.02873	0.05172
V709	0.06838	0.01322	0	0.73924	0.15898	0.02019
V710	0.31398	0.0777	0.11331	0.11335	0.23977	0.14189
V711	0.11046	0.19434	0.32799	0.23059	0.03783	0.09878
V712	0.08213	0.23945	0	0.08262	0.55402	0.04178
V713	0.23104	0.40921	0.06391	0.09271	0.09301	0.11012
V714	0.09823	0.39192	0.33792	0.07746	0.04158	0.0529
V715	0.09985	0.02193	0.75941	0.06741	0	0.0514
V716	0.18001	0.04075	0.00208	0.31257	0.23453	0.23006
V717	0.09133	0.01958	0	0.07889	0.75053	0.05967
V718	0.08145	0.32579	0	0.0729	0.47805	0.04182
V719	0.10709	0.59504	0.04671	0.07435	0.10018	0.07663
V720	0.2323	0.01789	0.19959	0.33496	0.08057	0.13469
V721	0.16125	0.23278	0.20047	0.05851	0.12352	0.22347
V722	0.0664	0.01018	0	0.08275	0.81466	0.02601
V723	0.10353	0.50826	0.04053	0.08195	0.18841	0.07732
V724	0.1264	0.26257	0.29494	0.15946	0.10936	0.04727
V725	0.12168	0.06009	0	0.18845	0.52786	0.10192
V726	0.1019	0.02342	0.42264	0.10691	0.26968	0.07545
V727	0.21121	0.02113	0.13463	0.16936	0.05815	0.40551
V728	0.08012	0.02169	0	0.76507	0.08365	0.04947
V729	0.19789	0.38767	0.03089	0.09508	0.20088	0.08758
V730	0.18034	0.01589	0.08775	0.39433	0.07409	0.2476
V731	0.19282	0.05785	0.36469	0.06831	0.17626	0.14007
V732	0.14543	0.33733	0.01366	0.10234	0.27915	0.12209
V733	0.21412	0.01689	0.23609	0.22991	0.08838	0.21461
V734	0.21986	0.02254	0.25223	0.04974	0.04549	0.41015
V735	0.09226	0.08202	0	0.66687	0.09258	0.06627
V736	0.13841	0.4038	0.07673	0.09064	0.0768	0.21362
V737	0.05958	0.01041	0	0.09065	0.81474	0.02461
V738	0.26888	0.06495	0.07947	0.36809	0.09051	0.12809
V739	0.17742	0.26476	0.13295	0.09694	0.23048	0.09745
V740	0.10495	0.22568	0.286	0.1145	0.21118	0.05769
V741	0.30469	0.14958	0.14364	0.13814	0.17014	0.09381
V742	0.24724	0.02892	0.02063	0.41687	0.18805	0.09829
V743	0.0957	0.09856	0.17769	0.35195	0.2302	0.0459
V744	0.30534	0.10871	0.0699	0.17951	0.07097	0.26557
V745	0.10703	0.41695	0	0.10644	0.31471	0.05488
V746	0.50696	0.0628	0.08749	0.08255	0.08549	0.17472
V747	0.20469	0.02332	0.04943	0.10776	0.5404	0.07441
V748	0.19655	0.06165	0.21962	0.08268	0.13617	0.30334
V749	0.33377	0.03858	0.04608	0.18626	0.16359	0.23172
V750	0.07284	0.08126	0	0.73015	0.09275	0.023
V751	0.08008	0.01971	0	0.75563	0.1221	0.02248
V752	0.20131	0.02518	0	0.13865	0.56157	0.07328
V753	0.19712	0.01637	0.02639	0.14338	0.34615	0.27058
V754	0.12968	0.34454	0.11098	0.1163	0.10232	0.19618
V755	0.27828	0.0568	0.00066	0.09018	0.42405	0.15004
V756	0.23604	0.0349	0.07854	0.05264	0.10179	0.49608
V757	0.16141	0.34812	0.03988	0.07522	0.11708	0.25829
V758	0.23037	0.48995	0.04411	0.0723	0.07647	0.0868
V759	0.16715	0.02948	0	0.1958	0.50472	0.10285
V760	0.24651	0.02723	0.08953	0.06655	0.05547	0.51471
V761	0.08165	0.01172	0.25469	0.1041	0.51827	0.02957
V762	0.13064	0.00639	0.65492	0.11233	0.00437	0.09136
V763	0.08778	0.13398	0	0.61741	0.11647	0.04436
V764	0.20609	0.02503	0.06692	0.23702	0.26859	0.19636
V765	0.25132	0.03587	0.084	0.05133	0.06287	0.5146
V766	0.26092	0.29372	0.03726	0.07822	0.20191	0.12798
V767	0.21908	0.02738	0.27138	0.15095	0.05733	0.27389
V768	0.10754	0.51722	0.14759	0.08123	0.06573	0.08068
V769	0.08093	0.0017	0.72631	0.15727	0	0.03378
V770	0.11554	0.32237	0	0.40499	0.10376	0.05334
V771	0.16445	0.08351	0.40353	0.11183	0.01468	0.22201
V772	0.11295	0.01347	0.67889	0.08247	0	0.11222
V773	0.33647	0.02995	0.06706	0.20843	0.11268	0.24542
V774	0.22394	0.01394	0.61449	0.07244	0	0.07519
V775	0.10591	0.52729	0.12341	0.11094	0.07758	0.05487
V776	0.5078	0.06451	0.08911	0.0651	0.07122	0.20226
V777	0.14891	0.17466	0	0.08659	0.39049	0.19936
V778	0.09927	0.02991	0.69391	0.13318	0	0.04373
V779	0.5637	0.05154	0.09075	0.05934	0.07882	0.15585
V780	0.10218	0.02029	0	0.75135	0.09867	0.02751
V781	0.40541	0.14994	0.10474	0.05525	0.06619	0.21847
V782	0.24779	0.03554	0.11159	0.04338	0.05192	0.50978
V783	0.13618	0.56028	0.03743	0.07219	0.08825	0.10568
V784	0.08477	0.04919	0.21726	0.13351	0.47528	0.03999
V785	0.09707	0.49849	0.08369	0.08331	0.1796	0.05784
V786	0.22675	0.07399	0.10769	0.06939	0.06012	0.46206
