CD14.pos.CD16.neg.classical.monocyte	mature.neutrophil	memory.B.cell	cytotoxic.CD56.dim.NK.cell	memory.CD4.pos.AB.T.cell	macrophage
V1	0.21658	0	0.5542	0.1361	0	0.09312
V2	0.35279	0.13718	0	0.18651	0.126	0.19752
V3	0.16516	0.07907	0.13406	0.0592	0	0.56251
V4	0.15296	0.41367	0	0.16387	0.09313	0.17637
V5	0.07265	0.05467	0	0.68993	0.15443	0.02833
V6	0.22482	0.03415	0.08671	0.14202	0.11019	0.40211
V7	0.06992	0.3821	0	0.16995	0.27138	0.10666
V8	0.41856	0.06952	0.04748	0.18211	0.04338	0.23894
V9	0.19479	0.16483	0	0.29322	0.06204	0.28511
V10	0.30185	0.04701	0.00468	0.39477	0.08132	0.17036
V11	0.03917	0.68834	0.00198	0.09411	0.04031	0.13608
V12	0.16922	0.0601	0.0713	0.05526	0.00376	0.64036
V13	0.07517	0.51526	0.16395	0.12665	0	0.11898
V14	0.09627	0.02825	0	0.8093	0.02629	0.03989
V15	0.31384	0.09459	0	0.21959	0.16442	0.20757
V16	0.11477	0.01867	0	0.49955	0.21999	0.14701
V17	0.16493	0.06384	0.11155	0.05291	0	0.60677
V18	0.41834	0.16716	0.06461	0.09473	0.03225	0.2229
V19	0.39143	0.07455	0.13866	0.12025	0.06076	0.21434
V20	0.38111	0.08363	0.08945	0.19153	0.02268	0.23159
V21	0.17003	0.07019	0.03446	0.05556	0.04213	0.62763
V22	0.18613	0.06696	0	0.2464	0.37536	0.12515
V23	0.19017	0	0.04122	0.24764	0.45123	0.06973
V24	0.16987	0.02302	0	0.29964	0.38652	0.12095
V25	0.26781	0.28353	0	0.20364	0.07744	0.16758
V26	0.24888	0.02911	0	0.19112	0.41457	0.11631
V27	0.15795	0.04488	0.12324	0.06355	0	0.61038
V28	0.12046	0.24763	0.06774	0.2912	0.02982	0.24315
V29	0.0535	0.54061	0.05674	0.14867	0.00731	0.19317
V30	0.19287	0.21709	0.01031	0.11382	0.17351	0.2924
V31	0.41913	0.04724	0.16841	0.11398	0	0.25124
V32	0.11029	0.01799	0.15204	0.6408	0	0.07888
V33	0.17473	0.39762	0.14429	0.11515	0	0.16821
V34	0.14677	0	0.24834	0.27781	0.25874	0.06834
V35	0.10132	0.05944	0	0.63137	0.13117	0.0767
V36	0.09018	0.47945	0	0.13585	0.16331	0.13122
V37	0.17479	0.00109	0.47824	0.12753	0	0.21836
V38	0.16559	0.04189	0.10812	0.04887	0	0.63554
V39	0.34639	0.05963	0.00441	0.33025	0.06619	0.19314
V40	0.06801	0.4636	0	0.22903	0.09148	0.14789
V41	0.40017	0.05626	0.07524	0.07664	0.02689	0.3648
V42	0.26328	0.0267	0.34924	0.12439	0	0.23638
V43	0.15168	0.38449	0	0.13917	0.15559	0.16907
V44	0.04344	0.69276	0.00462	0.08561	0.03109	0.14248
V45	0.24033	0.30802	0.05382	0.09687	0.0322	0.26876
V46	0.12178	0.02504	0	0.3627	0.20515	0.28533
V47	0.08469	0.37882	0	0.23763	0.15751	0.14135
V48	0.05462	0.57911	0.08929	0.12133	0.0471	0.10854
V49	0.03651	0.66597	0	0.09364	0.0655	0.13839
V50	0.14908	0	0	0.24071	0.48803	0.12218
V51	0.09143	0.00261	0	0.27369	0.58825	0.04402
V52	0.06256	0.5254	0.14178	0.15164	0	0.11862
V53	0.19515	0.00602	0	0.24881	0.46961	0.08042
V54	0.15439	0.12775	0.35106	0.1967	0	0.1701
V55	0.10801	0.04282	0	0.27349	0.52233	0.05335
V56	0.14585	0.02747	0.48283	0.29137	0	0.05247
V57	0.11654	0.30219	0	0.0725	0.10188	0.40688
V58	0.16476	0	0.56476	0.15622	0	0.11426
V59	0.08445	0.01952	0	0.83565	0.03281	0.02756
V60	0.30414	0.0298	0	0.44994	0.05954	0.15657
V61	0.22536	0.13804	0	0.21817	0.08326	0.33518
V62	0.33361	0.05603	0.03822	0.21116	0.10503	0.25594
V63	0.07061	0.40489	0.00256	0.11749	0.03674	0.36771
V64	0.08146	0.12066	0	0.23317	0.50609	0.05862
V65	0.31104	0.15456	0.04891	0.09799	0.05654	0.33097
V66	0.36355	0.04686	0.00729	0.16513	0.25512	0.16206
V67	0.12255	0.14987	0.15458	0.31272	0	0.26029
V68	0.47942	0.05864	0.07155	0.12177	0.0294	0.23922
V69	0.34368	0.06962	0.05256	0.073	0.04695	0.41419
V70	0.11951	0.00853	0.03834	0.7035	0.08641	0.04371
V71	0.09514	0.24528	0	0.21913	0.21469	0.22576
V72	0.33422	0.14472	0.06579	0.10995	0.06326	0.28205
V73	0.10836	0.00599	0	0.78733	0.05837	0.03995
V74	0.06382	0.14297	0	0.73105	0.02761	0.03455
V75	0.028	0.68923	0	0.10728	0.04374	0.13174
V76	0.15652	0	0.5148	0.26525	0	0.06342
V77	0.12057	0.14057	0	0.55984	0.04515	0.13387
V78	0.29308	0.13832	0.05231	0.19066	0.03982	0.28581
V79	0.08225	0.42366	0.02364	0.05577	0.01827	0.39642
V80	0.07445	0.44214	0.01105	0.06475	0.03185	0.37577
V81	0.40283	0.13789	0.10122	0.10445	0.02296	0.23066
V82	0.03943	0.62152	0	0.13001	0.07114	0.13791
V83	0.13197	0.15213	0	0.45426	0.10442	0.15721
V84	0.24936	0.03067	0.01018	0.4905	0.07981	0.13947
V85	0.47317	0.056	0.12492	0.10352	0.00518	0.23721
V86	0.20525	0.05217	0.06439	0.34623	0.03101	0.30095
V87	0.07069	0.02597	0	0.84707	0.02256	0.03371
V88	0.12389	0.0452	0	0.50417	0.05739	0.26936
V89	0.15084	0.17482	0.24916	0.0937	0	0.33148
V90	0.06495	0.5809	0.05468	0.11753	0.05092	0.13102
V91	0.11615	0.01457	0	0.33251	0.46651	0.07025
V92	0.08922	0.07986	0	0.2451	0.51657	0.06925
V93	0.19065	0.08596	0	0.19455	0.17818	0.35065
V94	0.09835	0.00634	0.08565	0.76183	0.02053	0.02731
V95	0.14086	0	0	0.36312	0.45024	0.04578
V96	0.10439	0.34041	0	0.16279	0.19563	0.19677
V97	0.08927	0.01234	0	0.3205	0.54222	0.03568
V98	0.07818	0.08044	0	0.73641	0.06675	0.03821
V99	0.06491	0.0259	0	0.8697	0.02065	0.01884
V100	0.13463	0.00317	0.2688	0.47131	0.03347	0.08863
V101	0.09031	0.34768	0.23311	0.21366	0	0.11525
V102	0.46181	0.0639	0.13517	0.10516	0	0.23395
V103	0.37423	0.06191	0.0109	0.2417	0.09393	0.21733
V104	0.11258	0	0.04959	0.74301	0.0488	0.04602
V105	0.16931	0.04517	0.08584	0.04564	0	0.65404
V106	0.16908	0.00615	0.36375	0.09747	0	0.36355
V107	0.07521	0.57262	0.12967	0.10553	0	0.11696
V108	0.14522	0.05957	0	0.08213	0.14526	0.56782
V109	0.15175	0.04541	0	0.06896	0.13475	0.59913
V110	0.15527	0.16831	0.43385	0.12376	0	0.11881
V111	0.16101	0.00048	0.59416	0.17889	0	0.06545
V112	0.06856	0.28252	0	0.5581	0.02797	0.06286
V113	0.14771	0.09753	0.43094	0.24371	0	0.08012
V114	0.21576	0	0.40601	0.29001	0	0.08822
V115	0.29087	0.095	0.00011	0.11573	0.13521	0.36308
V116	0.47122	0.05698	0.06656	0.13941	0.03082	0.23501
V117	0.35048	0.04189	0	0.22434	0.22365	0.15964
V118	0.05188	0.58642	0.03299	0.13853	0.0652	0.12498
V119	0.03769	0.66184	0.00097	0.11716	0.03607	0.14627
V120	0.12135	0.19998	0	0.48834	0.09524	0.09509
V121	0.24052	0.03944	0.00795	0.30129	0.04649	0.3643
V122	0.20331	0.03855	0	0.6034	0.06605	0.08868
V123	0.27282	0.04418	0	0.13023	0.13389	0.41888
V124	0.14465	0	0	0.26509	0.53213	0.05813
V125	0.13479	0.15111	0.37422	0.18257	0	0.1573
V126	0.12709	0.23275	0.05785	0.06235	0.00941	0.51054
V127	0.16843	0	0.50811	0.25508	0	0.06838
V128	0.21448	0.26187	0.03719	0.2516	0.08061	0.15425
V129	0.15746	0.00199	0.53524	0.23503	0	0.07028
V130	0.2894	0.14651	0	0.30969	0.07451	0.17989
V131	0.1292	0.0082	0	0.22834	0.46526	0.169
V132	0.0908	0.43623	0.22282	0.12647	0	0.12368
V133	0.1458	0.19936	0.33416	0.23483	0	0.08585
V134	0.10448	0.55872	0	0.10778	0.08601	0.14301
V135	0.19158	0.00308	0.47493	0.14702	0	0.18339
V136	0.06734	0.59231	0.02829	0.11119	0.04711	0.15375
V137	0.14017	0.18078	0.35473	0.22392	0.02649	0.07391
V138	0.15211	0.02173	0	0.41929	0.07918	0.32768
V139	0.1471	0.06297	0	0.15843	0.30297	0.32852
V140	0.31559	0.23975	0.05352	0.15605	0.03637	0.19871
V141	0.17492	0.25975	0.04085	0.32946	0.0532	0.14182
V142	0.07659	0.57933	0.00665	0.13124	0.03307	0.17313
V143	0.1727	0.06428	0.40006	0.25942	0	0.10354
V144	0.13322	0.16618	0.02415	0.14619	0.02525	0.50501
V145	0.07157	0.00831	0	0.86644	0.01692	0.03676
V146	0.16978	0.01931	0	0.21521	0.45094	0.14476
V147	0.29651	0.10545	0.11588	0.12386	0	0.3583
V148	0.13834	0.18856	0.45708	0.12595	0	0.09008
V149	0.09046	0.38246	0.01232	0.07196	0.0245	0.41829
V150	0.06916	0.00877	0	0.87551	0.02872	0.01784
V151	0.1074	0.32592	0.01296	0.06197	0.03896	0.4528
V152	0.12956	0.25477	0.25162	0.19883	0.01293	0.15228
V153	0.13179	0.03118	0.36143	0.4221	0	0.0535
V154	0.20941	0.20846	0.04077	0.05342	0.02088	0.46708
V155	0.09749	0.34954	0	0.14901	0.25991	0.14405
V156	0.06188	0.43264	0	0.14731	0.25319	0.10498
V157	0.1131	0.11248	0.0054	0.26028	0.04253	0.46621
V158	0.1647	0.05358	0.56161	0.13495	0	0.08516
V159	0.15551	0.24782	0.18285	0.29561	0	0.11821
V160	0.16415	0	0.55987	0.13955	0	0.13644
V161	0.05319	0.4172	0	0.3612	0.07234	0.09606
V162	0.05271	0.47559	0	0.22127	0.13398	0.11645
V163	0.16361	0	0.61641	0.14276	0	0.07721
V164	0.08896	0.34501	0.19459	0.2522	0.00928	0.10996
V165	0.12099	0.02863	0	0.23229	0.46969	0.1484
V166	0.12904	0.02656	0	0.26888	0.26302	0.3125
V167	0.11494	0	0.20047	0.6443	0	0.04029
V168	0.37243	0.053	0.0152	0.30362	0.05797	0.19777
V169	0.15183	0	0.41024	0.36277	0	0.07515
V170	0.29406	0.05215	0.0282	0.38285	0.09957	0.14317
V171	0.10587	0.36707	0.02051	0.05628	0.03105	0.41922
V172	0.16812	0.07434	0.30348	0.29622	0	0.15785
V173	0.17044	0.01175	0.49993	0.13083	0	0.18705
V174	0.35655	0.14228	0	0.12256	0.17696	0.20164
V175	0.06915	0.58326	0.05557	0.12529	0.04711	0.11963
V176	0.15242	0	0.61915	0.16639	0	0.06203
V177	0.18045	0.09361	0.17069	0.16137	0.08307	0.31081
V178	0.10527	0.04857	0	0.24018	0.53236	0.07363
V179	0.09584	0.01484	0	0.6403	0.07261	0.17641
V180	0.21256	0.02889	0.09477	0.45533	0.00359	0.20485
V181	0.29553	0.14195	0.04469	0.1502	0.07546	0.29217
V182	0.14705	0.08871	0.46072	0.20343	0	0.10009
V183	0.07366	0.00861	0	0.88558	0.01262	0.01953
V184	0.21826	0.37527	0	0.12513	0.11566	0.16567
V185	0.0915	0.46825	0	0.10714	0.10681	0.2263
V186	0.1219	0	0.33845	0.50264	0	0.03701
V187	0.17045	0.44158	0	0.11895	0.11985	0.14917
V188	0.10242	0.49696	0.01876	0.09935	0.0262	0.25631
V189	0.13086	0.07539	0	0.21346	0.38957	0.19072
V190	0.09117	0.18546	0	0.17409	0.31262	0.23665
V191	0.07059	0.44763	0.00615	0.06415	0.0341	0.37738
V192	0.28505	0.23725	0.0634	0.12183	0.05982	0.23265
V193	0.15418	0.13382	0.04845	0.05546	0.01433	0.59376
V194	0.09787	0.02499	0	0.34433	0.46996	0.06286
V195	0.14644	0	0.48189	0.31428	0	0.05739
V196	0.07068	0.00724	0	0.85915	0.03894	0.02399
V197	0.20823	0.01271	0	0.21884	0.45709	0.10313
V198	0.10839	0.35735	0	0.24427	0.16212	0.12788
V199	0.09999	0.2261	0	0.26934	0.32156	0.08301
V200	0.16992	0.00525	0.31879	0.35835	0	0.14768
V201	0.07372	0.0103	0	0.86028	0.01064	0.04506
V202	0.16002	0.07282	0.25299	0.18259	0.026	0.30557
V203	0.31933	0.06224	0	0.38644	0.06182	0.17018
V204	0.15216	0.07269	0.0401	0.18199	0.02262	0.53043
V205	0.16569	0.00079	0.596	0.16979	0	0.06772
V206	0.08602	0.04987	0	0.77414	0.06006	0.02991
V207	0.22202	0.18813	0.00592	0.28737	0.06395	0.23261
V208	0.2957	0.10286	0.26831	0.18499	0	0.14814
V209	0.13302	0.37936	0.00492	0.08437	0.03809	0.36024
V210	0.21393	0.01163	0.54433	0.13513	0	0.09497
V211	0.31961	0.06902	0.04788	0.11592	0.13606	0.31151
V212	0.08809	0.25905	0.05366	0.45491	0.06697	0.07732
V213	0.15702	0.07332	0	0.25076	0.44419	0.07472
V214	0.43618	0.07287	0.05637	0.14599	0.05907	0.22952
V215	0.08122	0.52916	0.00989	0.10546	0.02917	0.2451
V216	0.12457	0.45508	0.16879	0.11642	0	0.13513
V217	0.21001	0.02591	0	0.19194	0.20391	0.36823
V218	0.08034	0.28565	0	0.53382	0.03616	0.06403
V219	0.42337	0.0583	0.07718	0.07968	0.02796	0.33352
V220	0.1142	0.02037	0	0.78458	0.02684	0.054
V221	0.06706	0.59471	0.00432	0.14916	0.03907	0.14566
V222	0.10268	0.27174	0	0.27769	0.22717	0.12072
V223	0.09697	0.26229	0.13743	0.08108	0	0.42223
V224	0.15174	0	0.10418	0.25765	0.43551	0.05092
V225	0.18901	0.05536	0.0615	0.05177	0.00454	0.63782
V226	0.22735	0.06493	0.07856	0.39117	0.1011	0.13688
V227	0.35293	0.03987	0.0153	0.28303	0.0617	0.24717
V228	0.15729	0.24775	0.26091	0.17919	0	0.15486
V229	0.20469	0.01588	0.1948	0.41467	0.05325	0.11671
V230	0.15385	0.16656	0.43611	0.13081	0	0.11267
V231	0.0895	0.02823	0	0.81968	0.03174	0.03084
V232	0.25362	0.04208	0	0.31273	0.06026	0.33132
V233	0.44267	0.06261	0.06591	0.15205	0.03953	0.23723
V234	0.31998	0.03082	0	0.17918	0.31358	0.15643
V235	0.10904	0.0107	0	0.79652	0.03451	0.04922
V236	0.16846	0.00056	0	0.19872	0.38664	0.24561
V237	0.14829	0	0.51838	0.27503	0	0.0583
V238	0.34683	0.04341	0.0605	0.15936	0.04879	0.34111
V239	0.32461	0.06209	0.04406	0.24295	0.1173	0.209
V240	0.07384	0.23758	0	0.28433	0.33348	0.07076
V241	0.29992	0.18079	0	0.24777	0.08379	0.18774
V242	0.22658	0.07682	0.00922	0.23835	0.09539	0.35365
V243	0.09769	0.37602	0.24372	0.17139	0	0.11118
V244	0.16524	0.04141	0	0.15401	0.32633	0.31301
V245	0.39757	0.05405	0.06574	0.07626	0.03606	0.37032
V246	0.11855	0.04467	0	0.53019	0.24757	0.05902
V247	0.22249	0.10148	0.01637	0.22647	0.05589	0.3773
V248	0.20224	0.04562	0	0.35266	0.26862	0.13087
V249	0.19514	0.17243	0.20913	0.17245	0	0.25085
V250	0.07012	0.02616	0	0.86186	0.01417	0.02769
V251	0.05688	0.50635	0.05737	0.25232	0.01757	0.10951
V252	0.07381	0.01611	0	0.8312	0.04534	0.03354
V253	0.12137	0.0729	0	0.41807	0.09019	0.29747
V254	0.0947	0.25568	0	0.30792	0.21078	0.13093
V255	0.2159	0.28827	0.03545	0.14786	0.06686	0.24566
V256	0.0326	0.69051	0	0.09334	0.04226	0.14129
V257	0.08994	0.38017	0	0.15901	0.22283	0.14805
V258	0.08724	0.22152	0.01163	0.56939	0.03721	0.07301
V259	0.06328	0.51924	0.16973	0.12337	0	0.12438
V260	0.14825	0.05338	0	0.20012	0.40025	0.198
V261	0.30477	0.05688	0	0.14476	0.18135	0.31224
V262	0.20036	0	0.54313	0.18134	0	0.07516
V263	0.14191	0.056	0.36078	0.36216	0	0.07915
V264	0.33722	0.0631	0.08756	0.12859	0.05489	0.32864
V265	0.11028	0.0037	0	0.27948	0.55364	0.0529
V266	0.18421	0.07681	0.05653	0.05454	0.01199	0.61591
V267	0.08949	0.57108	0	0.14653	0.04	0.1529
V268	0.47607	0.05931	0.07158	0.09301	0.0322	0.26783
V269	0.09634	0.05097	0	0.75509	0.05723	0.04038
V270	0.1743	0.44151	0	0.11712	0.11367	0.1534
V271	0.12934	0.13583	0.14384	0.08007	0	0.51092
V272	0.10459	0.00749	0	0.30216	0.46454	0.12122
V273	0.13012	0.00465	0	0.30532	0.45662	0.10329
V274	0.15174	0.0423	0.11243	0.1041	0	0.58944
V275	0.33613	0.2159	0.04795	0.09546	0.03794	0.26663
V276	0.11852	0.23122	0.03868	0.12971	0.0387	0.44317
V277	0.3088	0.0587	0.00373	0.09554	0.13475	0.39847
V278	0.15576	0.12257	0	0.36743	0.24877	0.10548
V279	0.16121	0.07409	0.1253	0.1117	0	0.52769
V280	0.11839	0.01305	0	0.78009	0.02747	0.061
V281	0.036	0.67656	0.01285	0.11298	0.02641	0.13522
V282	0.09763	0.04829	0	0.30017	0.49312	0.06079
V283	0.06182	0.40712	0	0.15839	0.26068	0.11199
V284	0.12234	0.10653	0.1511	0.43699	0	0.18304
V285	0.06906	0.02664	0	0.85939	0.01732	0.02758
V286	0.36511	0.06932	0.07152	0.27379	0.03045	0.18982
V287	0.10644	0.01512	0	0.31117	0.47126	0.09601
V288	0.12039	0.24634	0	0.07423	0.09537	0.46366
V289	0.13835	0.0889	0.43655	0.26225	0	0.07396
V290	0.09943	0	0.04701	0.76272	0.04372	0.04712
V291	0.07887	0.03639	0	0.82264	0.022	0.0401
V292	0.13366	0.09661	0	0.61122	0.09124	0.06727
V293	0.09408	0.0587	0	0.2543	0.5337	0.05922
V294	0.30249	0.06933	0	0.13567	0.20709	0.28542
V295	0.19384	0.04793	0.06048	0.04523	0.01162	0.6409
V296	0.09149	0.33946	0	0.32527	0.07716	0.16661
V297	0.16412	0.09676	0.047	0.05247	0.01492	0.62473
V298	0.04607	0.63033	0.08057	0.10609	0	0.13694
V299	0.21386	0.08785	0.45019	0.1402	0	0.10789
V300	0.36243	0.15114	0.07972	0.08791	0.01776	0.30104
V301	0.24811	0.38809	0.05514	0.10677	0.03084	0.17106
V302	0.07373	0.26478	0	0.53058	0.06077	0.07015
V303	0.04517	0.58796	0	0.12017	0.10304	0.14366
V304	0.11093	0.00261	0	0.25858	0.57557	0.05231
V305	0.1242	0.0189	0.03044	0.47957	0.08873	0.25815
V306	0.22124	0.12692	0.0433	0.05759	0.01976	0.53118
V307	0.18306	0.02383	0	0.21298	0.42672	0.15341
V308	0.06399	0.01714	0	0.88649	0.01539	0.01699
V309	0.04322	0.45801	0	0.37602	0.02495	0.0978
V310	0.12762	0.34337	0.15403	0.10046	0	0.27451
V311	0.26224	0.05311	0.05226	0.05655	0.02017	0.55567
V312	0.14264	0.01991	0	0.4891	0.25861	0.08974
V313	0.20645	0.05325	0.04215	0.08418	0.01812	0.59585
V314	0.18009	0.02688	0	0.67852	0.03947	0.07504
V315	0.08876	0.58035	0	0.091	0.06628	0.17361
V316	0.18601	0.05	0.03826	0.11016	0.03085	0.58472
V317	0.10477	0.01721	0	0.66853	0.0352	0.1743
V318	0.07292	0.01713	0	0.85175	0.01932	0.03887
V319	0.23226	0.20167	0.14913	0.23797	0	0.17898
V320	0.18535	0.20079	0.1799	0.20213	0	0.23183
V321	0.03725	0.53697	0	0.30226	0.02797	0.09555
V322	0.1336	0.00554	0	0.22004	0.44411	0.19672
V323	0.074	0.2731	0	0.44541	0.14324	0.06425
V324	0.12756	0.054	0	0.32612	0.23247	0.25985
V325	0.05699	0.67245	0.01746	0.08646	0.02511	0.14153
V326	0.08888	0.61107	0.00509	0.08879	0.04858	0.15759
V327	0.20177	0	0.57286	0.13985	0	0.08552
V328	0.17755	0.21924	0.02077	0.28412	0.19892	0.09941
V329	0.15544	0	0.33411	0.25338	0.17667	0.0804
V330	0.15754	0	0.60436	0.16408	0	0.07403
V331	0.36887	0.11017	0.07638	0.16834	0.02664	0.2496
V332	0.16276	0.08038	0	0.14717	0.27447	0.33522
V333	0.12959	0.01514	0.25199	0.52451	0	0.07877
V334	0.08398	0.38768	0.19978	0.22228	0	0.10629
V335	0.21371	0.01749	0.46063	0.13078	0	0.17739
V336	0.16436	0.52632	0.0311	0.0926	0.03329	0.15233
V337	0.12061	0.19793	0	0.20047	0.39809	0.0829
V338	0.41684	0.04496	0.0173	0.11857	0.16105	0.24128
V339	0.15616	0.09936	0.20186	0.36161	0	0.18101
V340	0.29995	0.26427	0.02181	0.12099	0.05708	0.2359
V341	0.18681	0.05514	0	0.59169	0.06797	0.09839
V342	0.10618	0.0261	0	0.63657	0.04469	0.18646
V343	0.14555	0.16485	0.09356	0.08798	0.00025	0.50782
V344	0.04905	0.53489	0	0.12304	0.10508	0.18794
V345	0.09644	0.0022	0	0.27468	0.58846	0.03823
V346	0.14988	0.02475	0	0.5322	0.19167	0.1015
V347	0.28215	0.15655	0	0.20108	0.1816	0.17861
V348	0.18676	0.14298	0.39806	0.16632	0	0.1059
V349	0.3846	0.11344	0.05138	0.18229	0.05927	0.20902
V350	0.25637	0.06941	0.08469	0.29778	0.01145	0.28029
V351	0.17797	0.0994	0.05879	0.07589	0.01872	0.56923
V352	0.08128	0.27336	0	0.08847	0.16511	0.39178
V353	0.13806	0.18962	0.46379	0.12704	0	0.08149
V354	0.19379	0.06432	0.06894	0.13838	0.20822	0.32635
V355	0.16445	0.01335	0.60343	0.15832	0	0.06045
V356	0.28484	0.14395	0.00946	0.29443	0.07019	0.19713
V357	0.28732	0.02157	0.25184	0.20121	0.09643	0.14162
V358	0.16034	0.04503	0.07492	0.08018	0.0042	0.63532
V359	0.12801	0.09463	0	0.62087	0.06608	0.09041
V360	0.30358	0.03212	0	0.30975	0.1643	0.19025
V361	0.02937	0.70252	0	0.09857	0.03458	0.13495
V362	0.05	0.46463	0	0.35539	0.03556	0.09441
V363	0.40213	0.10773	0.05444	0.1017	0.09577	0.23823
V364	0.1266	0.18419	0	0.09468	0.09081	0.50372
V365	0.21333	0.36706	0.00301	0.20514	0.04972	0.16174
V366	0.14486	0.26341	0.27123	0.21342	0	0.10707
V367	0.0891	0.00839	0	0.6792	0.16279	0.06052
V368	0.12657	0.14382	0.01988	0.10319	0.09867	0.50788
V369	0.10645	0.03987	0	0.27652	0.45073	0.12642
V370	0.14923	0.079	0.36486	0.28355	0	0.12336
V371	0.08683	0.226	0	0.46057	0.02726	0.19934
V372	0.04964	0.56573	0	0.12144	0.09551	0.16768
V373	0.41072	0.06943	0.06792	0.0761	0.02775	0.34808
V374	0.19117	0.01705	0.10118	0.58973	0.02883	0.07204
V375	0.31783	0.03029	0.06593	0.21234	0.21154	0.16207
V376	0.1375	0.07478	0.00951	0.15602	0.0692	0.55297
V377	0.1824	0	0.1355	0.23251	0.35507	0.09453
V378	0.15428	0.09379	0.13133	0.06822	0	0.55237
V379	0.30735	0.05259	0.1362	0.07535	0	0.42852
V380	0.09468	0.04682	0	0.26365	0.53605	0.05879
V381	0.26696	0.05005	0.179	0.38977	0	0.11422
V382	0.08918	0.03392	0	0.41816	0.41394	0.04481
V383	0.20741	0.04908	0.21952	0.42183	0	0.10216
V384	0.18222	0.00629	0.54986	0.18467	0	0.07696
V385	0.17977	0.05419	0.06847	0.04481	0.00011	0.65265
V386	0.36929	0.07051	0.20843	0.13345	0.00148	0.21684
V387	0.1823	0.02402	0	0.67518	0.04581	0.07269
V388	0.42828	0.09134	0.15508	0.1005	0	0.2248
V389	0.21025	0.10908	0.0482	0.05031	0.01888	0.56328
V390	0.09544	0.04765	0	0.70087	0.03849	0.11755
V391	0.09384	0.01953	0	0.65638	0.14939	0.08086
V392	0.15551	0.05174	0.25217	0.2013	0	0.33929
V393	0.13508	0.1559	0.20834	0.19832	0.03349	0.26887
V394	0.07601	0.00715	0	0.8443	0.0458	0.02674
V395	0.15611	0.05034	0.5821	0.15121	0	0.06024
V396	0.28316	0.08569	0	0.40083	0.07822	0.15209
V397	0.13973	0.179	0.04027	0.06438	0.03666	0.53996
V398	0.05641	0.57702	0	0.13398	0.1145	0.11809
V399	0.15561	0	0.55108	0.20349	0	0.08983
V400	0.14889	0.04881	0	0.40117	0.04176	0.35937
V401	0.21934	0.02101	0.43135	0.17961	0	0.14869
V402	0.09664	0.02065	0	0.81104	0.01907	0.0526
V403	0.17108	0.02199	0	0.15109	0.23493	0.4209
V404	0.16216	0	0.63123	0.14861	0	0.058
V405	0.21413	0.33825	0.022	0.15833	0.10887	0.15841
V406	0.18047	0.07867	0.07037	0.20068	0.12008	0.34972
V407	0.17897	0.01749	0.44019	0.1151	0	0.24826
V408	0.08267	0.10941	0	0.6644	0.01725	0.12628
V409	0.46599	0.08939	0.06953	0.08568	0.03444	0.25498
V410	0.48573	0.06866	0.06465	0.08803	0.04623	0.24669
V411	0.13754	0.03918	0.00649	0.24687	0.03329	0.53663
V412	0.31523	0.20852	0.0271	0.14965	0.11391	0.1856
V413	0.07078	0.11175	0	0.74258	0.03504	0.03985
V414	0.11396	0.07754	0	0.63754	0.10322	0.06774
V415	0.13657	0.01046	0.14423	0.52951	0.05024	0.129
V416	0.09407	0.14241	0	0.36113	0.24301	0.15938
V417	0.17269	0.03437	0.06978	0.15524	0.00452	0.56341
V418	0.13188	0.08533	0.1755	0.34	0.16461	0.10267
V419	0.17137	0.06769	0.05045	0.04336	0.01353	0.6536
V420	0.17844	0.04592	0.05079	0.05039	0.01295	0.6615
V421	0.11915	0.0577	0	0.29378	0.44893	0.08043
V422	0.1543	0.29673	0	0.15726	0.26518	0.12653
V423	0.07794	0.15861	0	0.70127	0.014	0.04818
V424	0.40358	0.13845	0.06068	0.1477	0.03088	0.2187
V425	0.08586	0.12155	0	0.23059	0.49683	0.06517
V426	0.14956	0.0695	0.12423	0.0651	0	0.59162
V427	0.28763	0.14748	0.09833	0.227	0.02522	0.21433
V428	0.18985	0.028	0	0.66185	0.0378	0.0825
V429	0.09001	0.02242	0	0.68488	0.15293	0.04976
V430	0.14497	0.08079	0.31471	0.33814	0	0.1214
V431	0.15492	0	0.60878	0.1828	0	0.05349
V432	0.05641	0.37757	0	0.44434	0.03606	0.08563
V433	0.07563	0.00668	0	0.87777	0.021	0.01892
V434	0.07785	0.27666	0.03251	0.5236	0.03279	0.05659
V435	0.122	0.01071	0	0.19415	0.4403	0.23284
V436	0.42633	0.14994	0.06471	0.10337	0.0324	0.22324
V437	0.18215	0.28372	0.1629	0.14879	0.03738	0.18506
V438	0.0779	0.36527	0	0.20302	0.24681	0.10699
V439	0.11488	0.00844	0	0.25814	0.56602	0.05252
V440	0.19576	0.06056	0.23405	0.22605	0.08087	0.20271
V441	0.14117	0.0791	0.24265	0.24864	0	0.28845
V442	0.26463	0.14675	0.11485	0.16359	0.02983	0.28035
V443	0.08465	0.00642	0	0.81365	0.04665	0.04863
V444	0.4028	0.07664	0.04005	0.12616	0.1015	0.25284
V445	0.48851	0.06895	0.08517	0.08807	0.02578	0.24353
V446	0.06747	0.50956	0.14848	0.13928	0	0.13521
V447	0.11431	0.20238	0	0.2059	0.05736	0.42004
V448	0.17403	0.00385	0.58009	0.17859	0	0.06345
V449	0.31632	0.06471	0.00747	0.34202	0.05941	0.21006
V450	0.2045	0.00282	0.49115	0.2162	0	0.08533
V451	0.16642	0.04375	0	0.34818	0.36413	0.07751
V452	0.13753	0.03751	0	0.45249	0.06279	0.30967
V453	0.29651	0.01057	0.3192	0.24699	0	0.12673
V454	0.17042	0.06877	0	0.60796	0.06138	0.09148
V455	0.06147	0.63689	0.01548	0.10754	0.02812	0.1505
V456	0.45278	0.05318	0.07406	0.10209	0.05432	0.26356
V457	0.15745	0.04378	0	0.08084	0.14273	0.5752
V458	0.17117	0	0.17267	0.21542	0.24084	0.19989
V459	0.1365	0.00781	0.3197	0.49217	0	0.04382
V460	0.24963	0.0868	0.15671	0.23232	0	0.27454
V461	0.20222	0.05822	0	0.50397	0.10861	0.12699
V462	0.15389	0	0.58217	0.16521	0	0.09873
V463	0.08979	0.03409	0	0.29722	0.53977	0.03912
V464	0.05173	0.64614	0	0.11022	0.052	0.13991
V465	0.28806	0.11766	0.27886	0.12429	0	0.19114
V466	0.10482	0.02961	0	0.74168	0.05859	0.06529
V467	0.49424	0.0607	0.07997	0.08698	0.02893	0.24918
V468	0.2492	0.11777	0	0.35326	0.15448	0.12529
V469	0.13789	0.13161	0.37537	0.22257	0	0.13255
V470	0.37129	0.04694	0	0.19673	0.18807	0.19697
V471	0.12919	0.2235	0.29141	0.1934	0	0.1625
V472	0.06697	0.46577	0	0.15887	0.17162	0.13678
V473	0.03789	0.71198	0.00142	0.08503	0.03173	0.13196
V474	0.1401	0	0.17269	0.63548	0	0.05172
V475	0.14124	0.1503	0.06323	0.33662	0.21111	0.09749
V476	0.28118	0.05555	0	0.2549	0.08449	0.32389
V477	0.073	0.49783	0.01831	0.16837	0.04235	0.20014
V478	0.16311	0	0.54574	0.15662	0	0.13453
V479	0.16071	0.1386	0.44858	0.16001	0	0.0921
V480	0.07035	0.24107	0	0.42976	0.20023	0.05858
V481	0.28223	0.11713	0	0.2045	0.20332	0.19283
V482	0.33674	0.04828	0.07552	0.07869	0.01828	0.44248
V483	0.03228	0.68522	0.03436	0.09706	0.01612	0.13496
V484	0.45819	0.05319	0.09076	0.09934	0.0577	0.24082
V485	0.23027	0.13742	0.27648	0.18687	0	0.16895
V486	0.25181	0.00043	0.41324	0.16055	0	0.17397
V487	0.07064	0.34022	0	0.17735	0.3091	0.10269
V488	0.13546	0.54888	0.01552	0.12594	0.03474	0.13946
V489	0.43398	0.07203	0.09265	0.10985	0.05744	0.23405
V490	0.16827	0.07503	0.02781	0.09186	0.03591	0.60112
V491	0.13992	0.28851	0.15023	0.16482	0.13833	0.11817
V492	0.18663	0.05311	0.1347	0.18483	0.03265	0.40809
V493	0.40329	0.17423	0.05367	0.10986	0.0363	0.22265
V494	0.13933	0.05457	0.18057	0.08136	0	0.54417
V495	0.1394	0.48461	0.11756	0.12533	0	0.1331
V496	0.1984	0.13481	0.13098	0.13257	0.12262	0.28063
V497	0.11089	0.20468	0	0.22564	0.37633	0.08247
V498	0.14466	0.1058	0.17122	0.46702	0.01521	0.09609
V499	0.05871	0.55965	0.07887	0.16589	0.01048	0.1264
V500	0.26721	0.20079	0.00425	0.15552	0.13994	0.23229
V501	0.0463	0.66395	0	0.10396	0.03632	0.14947
V502	0.09019	0.01414	0	0.46535	0.38224	0.04808
V503	0.10753	0.29261	0	0.48274	0.04065	0.07646
V504	0.04688	0.67021	0.02246	0.09083	0.03138	0.13825
V505	0.12449	0	0.24696	0.53656	0	0.09199
V506	0.25304	0.04166	0.02132	0.21799	0.07853	0.38746
V507	0.17625	0.04477	0.05004	0.0436	0.01795	0.66738
V508	0.06198	0.49998	0	0.19267	0.13144	0.11393
V509	0.08378	0.01838	0	0.79871	0.07235	0.02678
V510	0.49057	0.05927	0.06238	0.08885	0.05139	0.24754
V511	0.15143	0.04189	0.00056	0.23332	0.04249	0.53031
V512	0.14417	0.22476	0.32323	0.14732	0	0.16052
V513	0.13994	0.01268	0	0.29954	0.48837	0.05948
V514	0.06266	0.62192	0.03827	0.0877	0.01676	0.17269
V515	0.08547	0.32774	0	0.44549	0.02786	0.11345
V516	0.15244	0.04423	0.52403	0.20085	0	0.07845
V517	0.12724	0	0.13378	0.45836	0.23269	0.04793
V518	0.20133	0.3466	0.00793	0.18758	0.07194	0.18461
V519	0.10326	0.45858	0.00481	0.15003	0.03899	0.24433
V520	0.3572	0.1269	0.05249	0.18743	0.0343	0.24168
V521	0.14425	0.00906	0	0.24908	0.50709	0.09053
V522	0.23136	0.19981	0	0.12932	0.1576	0.28191
V523	0.23539	0.18274	0.04725	0.21238	0.03379	0.28845
V524	0.13606	0.00566	0	0.34416	0.34855	0.16557
V525	0.24504	0.04506	0.07187	0.07026	0.01078	0.55699
V526	0.04344	0.6071	0.01936	0.11265	0.07762	0.13984
V527	0.31319	0.0243	0.37019	0.15018	0	0.14213
V528	0.46236	0.05348	0.13831	0.10795	0.00502	0.23288
V529	0.1048	0.08064	0	0.71811	0.04061	0.05584
V530	0.12363	0.22391	0.17639	0.23441	0	0.24165
V531	0.48626	0.06888	0.07032	0.09473	0.0338	0.24601
V532	0.13751	0.01034	0	0.6923	0.0984	0.06146
V533	0.18231	0.0102	0.09686	0.17252	0.19269	0.34542
V534	0.10876	0.01738	0	0.60365	0.06248	0.20774
V535	0.3237	0.074	0.15186	0.24514	0	0.2053
V536	0.1437	0	0.42349	0.33184	0	0.10096
V537	0.04752	0.50839	0	0.29688	0.03238	0.11483
V538	0.15736	0.0239	0	0.39166	0.03992	0.38716
V539	0.08302	0.00839	0	0.76846	0.09545	0.04468
V540	0.29149	0.0272	0.18983	0.18614	0.12416	0.18119
V541	0.06825	0.227	0	0.60001	0.02747	0.07726
V542	0.04552	0.4771	0	0.31535	0.0608	0.10124
V543	0.14571	0	0.42563	0.2874	0.07222	0.06903
V544	0.1609	0.06803	0.03675	0.0757	0.02852	0.6301
V545	0.05018	0.55217	0	0.14466	0.14138	0.11161
V546	0.3188	0.09356	0	0.33265	0.07466	0.18034
V547	0.10221	0.09767	0	0.50545	0.17349	0.12118
V548	0.17342	0.0598	0.05185	0.04313	0.01303	0.65877
V549	0.20361	0	0.3773	0.23386	0	0.18523
V550	0.16244	0	0.03479	0.2505	0.48807	0.0642
V551	0.14009	0.0793	0.01288	0.1634	0.07964	0.5247
V552	0.1267	0.04008	0	0.45329	0.27015	0.10979
V553	0.45699	0.05315	0.06888	0.12872	0.05425	0.238
V554	0.04395	0.66791	0.01506	0.0855	0.02893	0.15864
V555	0.25159	0.03227	0.01737	0.30889	0.04783	0.34205
V556	0.1527	0.00661	0.23698	0.53038	0	0.07332
V557	0.06654	0.60713	0.05055	0.10067	0.01646	0.15865
V558	0.24157	0.19932	0.02424	0.1828	0.03964	0.31242
V559	0.08673	0.00216	0	0.3962	0.47492	0.03999
V560	0.40828	0.07756	0.03197	0.11452	0.10632	0.26135
V561	0.16248	0	0.63016	0.14975	0	0.05761
V562	0.26954	0.23865	0.05195	0.15582	0.03328	0.25076
V563	0.16585	0.04366	0.03829	0.1008	0.01552	0.63588
V564	0.13201	0.09747	0	0.08746	0.1537	0.52936
V565	0.17587	0.04515	0.05773	0.04354	0.00966	0.66805
V566	0.14866	0.11787	0.03507	0.09804	0.03582	0.56454
V567	0.20573	0.28302	0	0.29406	0.06106	0.15614
V568	0.12527	0.00423	0	0.28525	0.53418	0.05106
V569	0.38862	0.09171	0.05242	0.11101	0.03789	0.31835
V570	0.3662	0.1776	0.05997	0.14994	0.03521	0.21107
V571	0.12155	0.23952	0.39217	0.15735	0	0.08941
V572	0.16496	0	0.55573	0.21257	0	0.06673
V573	0.08512	0.61969	0	0.08744	0.05018	0.15757
V574	0.18243	0.01969	0.23855	0.14087	0	0.41845
V575	0.05622	0.54578	0.02355	0.20495	0.0349	0.1346
V576	0.25169	0.1276	0	0.15917	0.33222	0.12932
V577	0.25428	0.07722	0	0.20959	0.27051	0.18839
V578	0.122	0.01071	0	0.19415	0.4403	0.23284
V579	0.13439	0.02768	0	0.46121	0.31974	0.05698
V580	0.1534	0.0314	0	0.51315	0.17644	0.12561
V581	0.38797	0.08257	0.0613	0.1882	0.08478	0.19519
V582	0.3636	0.05253	0.02331	0.2763	0.05829	0.22597
V583	0.16454	0.06321	0.15774	0.13668	0.11447	0.36336
V584	0.12378	0.0365	0	0.42332	0.15192	0.26448
V585	0.09936	0.40126	0.13364	0.18781	0	0.17794
V586	0.08519	0.60601	0.02824	0.09734	0.02877	0.15445
V587	0.22365	0.01994	0.15933	0.48692	0	0.11016
V588	0.08337	0.01638	0	0.84715	0.02851	0.02459
V589	0.12584	0.25747	0.15888	0.16611	0	0.2917
V590	0.17368	0.06052	0.21966	0.15794	0	0.3882
V591	0.4152	0.04599	0.05176	0.23226	0.04992	0.20487
V592	0.08774	0.30178	0	0.45159	0.06597	0.09292
V593	0.06885	0.01709	0	0.8823	0.01272	0.01904
V594	0.12813	0.01851	0	0.6162	0.02733	0.20984
V595	0.10783	0.24953	0	0.2213	0.16291	0.25844
V596	0.07898	0.23408	0	0.25995	0.35777	0.06922
V597	0.30596	0.0223	0	0.17493	0.35441	0.14241
V598	0.45929	0.09707	0.0652	0.0866	0.03998	0.25186
V599	0.1415	0.04079	0	0.18687	0.08381	0.54702
V600	0.26706	0.13951	0.0127	0.12902	0.08462	0.36708
V601	0.13056	0.14804	0	0.38717	0.04226	0.29197
V602	0.13393	0.02574	0	0.19706	0.41399	0.22928
V603	0.10009	0.31202	0.02012	0.10946	0.04158	0.41674
V604	0.06545	0.41887	0	0.15512	0.25189	0.10867
V605	0.12626	0.03951	0	0.23248	0.51625	0.08551
V606	0.30962	0.06534	0.17739	0.15512	0	0.29254
V607	0.14474	0.07028	0	0.0839	0.1269	0.57417
V608	0.07714	0.52136	0	0.14616	0.04717	0.20816
V609	0.15222	0	0.40517	0.3837	0	0.0589
V610	0.13093	0.13086	0.26674	0.31072	0	0.16075
V611	0.03007	0.6854	0	0.11281	0.03974	0.13198
V612	0.05827	0.18723	0	0.70889	0.00985	0.03575
V613	0.31383	0.17918	0.05877	0.07245	0.02448	0.35128
V614	0.14269	0.12687	0.31177	0.13354	0	0.28513
V615	0.10271	0.06869	0	0.24817	0.51689	0.06355
V616	0.20931	0.35819	0.00964	0.11539	0.05823	0.24925
V617	0.09559	0.01377	0	0.26869	0.57439	0.04758
V618	0.24497	0.02348	0.40847	0.14116	0	0.18192
V619	0.05281	0.56093	0.0717	0.14617	0.04948	0.11892
V620	0.15495	0.03862	0.16182	0.07054	0	0.57408
V621	0.08636	0.00557	0	0.81524	0.05012	0.04271
V622	0.2993	0.1916	0	0.12303	0.19516	0.1909
V623	0.08751	0.58854	0.0092	0.08456	0.04089	0.1893
V624	0.04255	0.50559	0	0.32374	0.02506	0.10307
V625	0.11796	0.12704	0.06372	0.54825	0.04315	0.09987
V626	0.10424	0.05275	0	0.32569	0.26094	0.25637
V627	0.33062	0.03486	0	0.39705	0.06141	0.17606
V628	0.17005	0.07529	0.19067	0.21555	0.0162	0.33223
V629	0.05132	0.38068	0	0.45756	0.02498	0.08547
V630	0.33662	0.05391	0.05411	0.13024	0.0507	0.37443
V631	0.15035	0.03269	0.04139	0.17309	0.03923	0.56327
V632	0.11961	0.02891	0	0.50249	0.27609	0.0729
V633	0.13133	0.18997	0.46632	0.13838	0	0.074
V634	0.39308	0.05461	0.03071	0.27068	0.05334	0.19758
V635	0.10046	0.04783	0.08871	0.70685	0.01417	0.04199
V636	0.04571	0.52829	0	0.16408	0.09534	0.16658
V637	0.15797	0.08556	0.01371	0.0574	0.08138	0.60398
V638	0.09161	0.11011	0	0.62791	0.11471	0.05566
V639	0.2191	0.08267	0	0.17632	0.26938	0.25253
V640	0.1349	0.14877	0.29444	0.16747	0	0.25442
V641	0.13855	0.08708	0.28997	0.26345	0.15292	0.06803
V642	0.20961	0.06034	0.17696	0.2531	0	0.29999
V643	0.43622	0.06081	0.04009	0.17347	0.05336	0.23606
V644	0.40783	0.05788	0.04335	0.17907	0.04508	0.26679
V645	0.36028	0.06586	0.05628	0.16073	0.02879	0.32806
V646	0.16424	0	0.18518	0.25796	0.32842	0.0642
V647	0.18679	0.03347	0	0.35361	0.06422	0.36191
V648	0.1078	0.27903	0.07709	0.12177	0.01081	0.40349
V649	0.138	0.02215	0	0.73492	0.04054	0.06439
V650	0.21636	0.20322	0.04731	0.16241	0.24856	0.12214
V651	0.145	0.31458	0.00218	0.133	0.13131	0.27393
V652	0.11004	0.00472	0	0.78066	0.05891	0.04567
V653	0.08156	0.35584	0	0.0976	0.0813	0.3837
V654	0.45067	0.06129	0.10324	0.10721	0.03973	0.23786
V655	0.21994	0.02833	0	0.17329	0.20714	0.3713
V656	0.18904	0.08684	0.39927	0.22589	0	0.09895
V657	0.26282	0.04279	0	0.21962	0.1818	0.29297
V658	0.09173	0.07528	0.01538	0.73357	0.04861	0.03543
V659	0.03753	0.68519	0.00034	0.09106	0.03672	0.14916
V660	0.41416	0.06777	0.065	0.09391	0.02879	0.33037
V661	0.1829	0.01986	0.07324	0.22785	0.09893	0.39721
V662	0.40382	0.05635	0.04917	0.20037	0.04299	0.2473
V663	0.1068	0.17569	0	0.23727	0.3988	0.08144
V664	0.20947	0.06597	0.45738	0.13688	0	0.13029
V665	0.09636	0.00294	0	0.27149	0.58271	0.04649
V666	0.22027	0.2995	0	0.18171	0.06905	0.22947
V667	0.16162	0.04281	0.05415	0.08544	0.01882	0.63716
V668	0.4059	0.18317	0.06226	0.09422	0.03367	0.22077
V669	0.17476	0.12122	0	0.30007	0.04836	0.35558
V670	0.10183	0.32492	0	0.35021	0.04552	0.17752
V671	0.21587	0.02067	0	0.62632	0.04553	0.09161
V672	0.05178	0.48254	0	0.34001	0.02635	0.09931
V673	0.13343	0.14494	0.12754	0.06516	0	0.52893
V674	0.44612	0.04796	0	0.11089	0.17912	0.21591
V675	0.15686	0.14217	0.04523	0.05127	0.02515	0.57931
V676	0.09242	0.00421	0	0.83675	0.04117	0.02545
V677	0.12385	0.3165	0.0975	0.06506	0	0.3971
V678	0.17723	0.09606	0	0.14481	0.27266	0.30923
V679	0.15146	0.1171	0.06403	0.07422	0.00689	0.5863
V680	0.16005	0	0.09376	0.23176	0.3962	0.11823
V681	0.06514	0.59548	0.02469	0.09056	0.02274	0.20139
V682	0.07819	0.48762	0	0.10508	0.08385	0.24525
V683	0.11419	0.00805	0	0.22336	0.508	0.1464
V684	0.06736	0.59665	0	0.15072	0.03652	0.14876
V685	0.05434	0.55166	0.14475	0.12662	0.00935	0.11327
V686	0.24542	0.03238	0.26762	0.10374	0	0.35083
V687	0.13123	0.23521	0.15344	0.17817	0	0.30195
V688	0.29412	0.03662	0	0.12741	0.21542	0.32643
V689	0.18148	0.01438	0.40416	0.2649	0	0.13507
V690	0.14181	0.02041	0	0.20802	0.39749	0.23227
V691	0.11032	0.42003	0.10158	0.18065	0.02175	0.16567
V692	0.31836	0.03157	0	0.38594	0.09355	0.17059
V693	0.39794	0.16592	0.06801	0.10275	0.02848	0.2369
V694	0.39231	0.16427	0.056	0.12824	0.03385	0.22533
V695	0.44194	0.05274	0.02216	0.11344	0.10847	0.26126
V696	0.09747	0.43824	0	0.17621	0.15892	0.12915
V697	0.18245	0.01256	0.48025	0.20262	0	0.12213
V698	0.03091	0.70621	0	0.09243	0.03489	0.13556
V699	0.24488	0.02766	0.36393	0.1916	0	0.17192
V700	0.17431	0.02282	0	0.22674	0.47919	0.09694
V701	0.45845	0.05997	0.07913	0.08365	0.02708	0.29172
V702	0.14802	0.05082	0.05227	0.18165	0.01477	0.55246
V703	0.13185	0.4616	0	0.1194	0.1453	0.14186
V704	0.23533	0.28484	0.14524	0.09848	0	0.23611
V705	0.13936	0.10986	0.04315	0.35168	0.27011	0.08585
V706	0.17159	0.11109	0.20773	0.12011	0.01523	0.37426
V707	0.33054	0.07003	0.05937	0.06819	0.03207	0.43979
V708	0.09324	0.38536	0.27696	0.13406	0	0.11038
V709	0.07033	0.00875	0	0.84278	0.0592	0.01893
V710	0.29742	0.09111	0.02391	0.18132	0.17782	0.22841
V711	0.10918	0.22892	0.20748	0.28943	0	0.16499
V712	0.07508	0.29498	0	0.19663	0.35584	0.07746
V713	0.16217	0.4724	0.02442	0.12434	0.04627	0.17041
V714	0.08549	0.45159	0.22578	0.11879	0	0.11835
V715	0.17667	0.00378	0.59528	0.14019	0	0.08409
V716	0.15007	0.05064	0	0.35991	0.12245	0.31692
V717	0.11595	0.01641	0	0.23857	0.53222	0.09685
V718	0.06166	0.38308	0	0.16382	0.2968	0.09465
V719	0.04083	0.66016	0.00632	0.09565	0.04686	0.15018
V720	0.22338	0.01805	0.12861	0.41557	0.00626	0.20813
V721	0.13834	0.26507	0.13162	0.10575	0.03741	0.32181
V722	0.0987	0.00113	0	0.26561	0.59564	0.03892
V723	0.04725	0.57083	0	0.1201	0.10654	0.15527
V724	0.12505	0.31205	0.21774	0.24936	0.00675	0.08905
V725	0.12721	0.06716	0	0.30557	0.35013	0.14993
V726	0.15801	0.01664	0.32207	0.25763	0.11933	0.12632
V727	0.15124	0.03321	0.07815	0.1729	0.00175	0.56276
V728	0.07428	0.01998	0	0.82974	0.01397	0.06203
V729	0.14851	0.43976	0	0.13692	0.12259	0.15222
V730	0.15843	0.02066	0.02565	0.4292	0.0338	0.33227
V731	0.21253	0.06595	0.28338	0.16489	0.04004	0.2332
V732	0.11264	0.37741	0	0.155	0.17146	0.18349
V733	0.20129	0.02029	0.16252	0.29347	0.00123	0.32121
V734	0.16523	0.03365	0.1547	0.05973	0	0.58669
V735	0.07881	0.08725	0	0.71883	0.02496	0.09016
V736	0.06852	0.41422	0.03062	0.09581	0.02375	0.36707
V737	0.09189	0.00136	0	0.27618	0.59447	0.03609
V738	0.2369	0.07236	0.01709	0.42123	0.05749	0.19493
V739	0.15855	0.30883	0.03922	0.16232	0.16231	0.16876
V740	0.11609	0.27724	0.18577	0.2172	0.09975	0.10394
V741	0.27835	0.17521	0.06888	0.20364	0.10217	0.17175
V742	0.22312	0.02983	0	0.49387	0.11423	0.13894
V743	0.11957	0.10466	0.05996	0.46979	0.17085	0.07517
V744	0.24756	0.12569	0.03391	0.20253	0.03379	0.35653
V745	0.05928	0.48458	0	0.16992	0.17521	0.11102
V746	0.44376	0.07512	0.06119	0.1134	0.04433	0.26219
V747	0.22117	0.01925	0	0.23044	0.40314	0.126
V748	0.1835	0.07583	0.1484	0.13647	0.04269	0.41311
V749	0.28282	0.04693	0	0.2243	0.11333	0.33262
V750	0.06542	0.08576	0	0.79685	0.02206	0.02991
V751	0.07821	0.01638	0	0.84283	0.03954	0.02305
V752	0.20572	0.02363	0	0.26215	0.38794	0.12056
V753	0.17795	0.02347	0	0.20637	0.21792	0.37429
V754	0.06989	0.35685	0.04456	0.13074	0.03889	0.35907
V755	0.24163	0.0662	0	0.16432	0.27057	0.25729
V756	0.16582	0.05146	0.03339	0.05625	0.04648	0.6466
V757	0.09082	0.35621	0	0.08122	0.0605	0.41124
V758	0.15088	0.5587	0.01479	0.09546	0.03489	0.14528
V759	0.17086	0.02966	0	0.3113	0.33927	0.14891
V760	0.17217	0.044	0.05438	0.06444	0.00744	0.65757
V761	0.14956	0	0.06418	0.2771	0.45903	0.05012
V762	0.1837	0	0.48895	0.18052	0	0.14683
V763	0.07432	0.14464	0	0.67833	0.04094	0.06177
V764	0.18913	0.02881	0	0.30198	0.18132	0.29876
V765	0.17479	0.05289	0.05002	0.05043	0.01345	0.65842
V766	0.21102	0.33904	0	0.12059	0.1315	0.19785
V767	0.20425	0.03406	0.18504	0.19439	0	0.38226
V768	0.04932	0.58137	0.09326	0.11491	0	0.16114
V769	0.14509	0	0.55489	0.25229	0	0.04772
V770	0.07724	0.3528	0	0.43995	0.03486	0.09514
V771	0.16517	0.09417	0.26319	0.14427	0	0.33321
V772	0.17282	0	0.50618	0.14466	0	0.17634
V773	0.28617	0.03668	0.0152	0.24027	0.07685	0.34482
V774	0.27597	0	0.46907	0.12999	0	0.12497
V775	0.05095	0.60157	0.07309	0.15063	0.0125	0.11125
V776	0.4408	0.07813	0.06863	0.09152	0.03171	0.28921
V777	0.12101	0.20186	0	0.15171	0.23123	0.2942
V778	0.16804	0.01577	0.52814	0.21814	0	0.0699
V779	0.49658	0.06105	0.06999	0.08711	0.03903	0.24624
V780	0.09568	0.01725	0	0.82785	0.02826	0.03095
V781	0.33105	0.17368	0.07709	0.07771	0.01829	0.32218
V782	0.17373	0.05229	0.07223	0.04492	0	0.65683
V783	0.06836	0.61746	0.00178	0.09122	0.04248	0.17871
V784	0.14161	0.04649	0.03839	0.29064	0.41197	0.0709
V785	0.05354	0.57505	0.01085	0.13086	0.11491	0.1148
V786	0.15533	0.08954	0.06522	0.07225	0.00683	0.61082
V787	0.36575	0.13863	0.02358	0.14379	0.08689	0.24136
V788	0.07531	0.006	0	0.821	0.07219	0.02551
V789	0.11311	0.35466	0.00378	0.08244	0.04015	0.40586
V790	0.03626	0.58439	0	0.23209	0.04788	0.09938
V791	0.17937	0.04509	0.06199	0.04284	0.00286	0.66785
V792	0.26404	0.10499	0	0.35503	0.06425	0.21169
V793	0.0825	0.40098	0.04488	0.32237	0.03903	0.11024
V794	0.1373	0.41029	0.06718	0.13637	0.11768	0.13119
V795	0.14025	0.20302	0	0.15963	0.24948	0.24762
V796	0.1698	0.0512	0.04999	0.06554	0.01365	0.64983
V797	0.08977	0.00242	0	0.28509	0.58733	0.03539
V798	0.34484	0.04442	0	0.11329	0.13528	0.36218
V799	0.37774	0.06211	0.1073	0.2461	0.012	0.19475
V800	0.21856	0.15265	0	0.11257	0.17644	0.33976
V801	0.25291	0.30002	0.03409	0.0964	0.03298	0.2836
V802	0.09224	0.02219	0	0.75107	0.09848	0.03601
V803	0.08677	0.06345	0	0.74597	0.06331	0.0405
V804	0.38366	0.08263	0.03003	0.19801	0.05798	0.24769
V805	0.39224	0.15354	0.0701	0.1361	0.03729	0.21074
V806	0.09717	0.13207	0	0.63798	0.06394	0.06884
V807	0.08725	0.19902	0	0.5216	0.03203	0.1601
V808	0.03841	0.70709	0.00179	0.08454	0.03155	0.13662
V809	0.0946	0.2819	0	0.37351	0.17755	0.07245
V810	0.14494	0.14399	0.42394	0.20301	0	0.08412
V811	0.11736	0.25944	0	0.31225	0.17547	0.13548
V812	0.06031	0.33195	0	0.48619	0.03841	0.08314
V813	0.09347	0.22815	0	0.17948	0.35353	0.14537
V814	0.31062	0.26063	0.00883	0.09536	0.09233	0.23223
V815	0.0468	0.62051	0.0191	0.12701	0.03905	0.14753
V816	0.34729	0.04037	0.17204	0.28145	0	0.15884
V817	0.1078	0.30176	0.18026	0.28227	0.03342	0.09449
V818	0.15807	0	0.62554	0.15154	0	0.06485
V819	0.28406	0.36438	0.03232	0.09319	0.04271	0.18333
V820	0.14096	0.29492	0.26486	0.12879	0	0.17047
V821	0.17089	0.05284	0.04057	0.04595	0.03301	0.65674
V822	0.19086	0.0638	0	0.54387	0.07479	0.12669
V823	0.09967	0.00307	0	0.27256	0.58442	0.04028
V824	0.37673	0.04788	0.03369	0.23184	0.10746	0.2024
V825	0.20569	0.40277	0	0.09648	0.1079	0.18716
V826	0.1717	0.24552	0.05404	0.33354	0.04622	0.14898
V827	0.16575	0	0.52192	0.14807	0	0.16426
