CD19B	CD56NK	CD4MemoryT	CD14
V1	0.37948	0.10237	0.22236	0.29579
V2	0.12595	0.16623	0.14376	0.56406
V3	0.06319	0.52244	0.09808	0.31628
V4	0.59962	0.18155	0.10404	0.11478
V5	0.10911	0.42812	0.24765	0.21513
V6	0.07853	0.70469	0.09633	0.12046
V7	0.12397	0.34639	0.15267	0.37696
V8	0.14583	0.11339	0.60913	0.13166
V9	0.17636	0.26488	0.13006	0.4287
V10	0.07473	0.12021	0.6592	0.14586
V11	0.17746	0.35198	0.36417	0.10639
V12	0.06001	0.50706	0.31736	0.11558
V13	0.19981	0.5919	0.08936	0.11893
V14	0.07285	0.73433	0.08505	0.10777
V15	0.11064	0.50826	0.16691	0.21419
V16	0.62744	0.12361	0.12472	0.12424
V17	0.08564	0.70377	0.0903	0.12029
V18	0.39165	0.34973	0.12857	0.13005
V19	0.13189	0.66902	0.08709	0.112
V20	0.13332	0.4145	0.10917	0.34301
V21	0.14449	0.14185	0.58296	0.1307
V22	0.05427	0.17121	0.23126	0.54327
V23	0.29446	0.12829	0.46933	0.10793
V24	0.66152	0.10872	0.13174	0.09802
V25	0.24116	0.26939	0.18429	0.30516
V26	0.26835	0.37292	0.11096	0.24778
V27	0.09764	0.14189	0.1267	0.63377
V28	0.06703	0.12869	0.69918	0.10509
V29	0.32754	0.11643	0.42753	0.12851
V30	0.1033	0.25453	0.26845	0.37371
V31	0.16535	0.24077	0.28115	0.31272
V32	0.08542	0.12543	0.13388	0.65527
V33	0.07089	0.44309	0.30934	0.17667
V34	0.14456	0.12799	0.59607	0.13138
V35	0.13616	0.59764	0.13986	0.12634
V36	0.05462	0.13231	0.39333	0.41973
V37	0.36723	0.15229	0.17115	0.30932
V38	0.29943	0.0989	0.2227	0.37897
V39	0.13824	0.48753	0.17332	0.20091
V40	0.09497	0.67244	0.13185	0.10074
V41	0.03487	0.55798	0.11832	0.28883
V42	0.1778	0.12483	0.2395	0.45786
V43	0.13398	0.33831	0.39897	0.12873
V44	0.06715	0.15916	0.54782	0.22587
V45	0.10101	0.50476	0.22556	0.16867
V46	0.55611	0.14964	0.19208	0.10218
V47	0.31971	0.23871	0.30194	0.13964
V48	0.55427	0.22549	0.10657	0.11367
V49	0.49767	0.23908	0.09922	0.16403
V50	0.07462	0.67925	0.13772	0.10842
V51	0.23305	0.38202	0.25807	0.12686
V52	0.07815	0.17998	0.60944	0.13243
V53	0.50912	0.18764	0.20608	0.09716
V54	0.30594	0.24129	0.33412	0.11864
V55	0.17051	0.19599	0.25322	0.38028
V56	0.06817	0.1192	0.16491	0.64771
V57	0.09187	0.69807	0.09634	0.11371
V58	0.43296	0.09762	0.1417	0.32772
V59	0.30129	0.39192	0.16854	0.13825
V60	0.12751	0.21367	0.29945	0.35937
V61	0.54718	0.17482	0.1138	0.16419
V62	0.6115	0.11867	0.15996	0.10986
V63	0.04472	0.67333	0.16034	0.1216
V64	0.03357	0.68497	0.08099	0.20047
V65	0.05213	0.11504	0.17136	0.66147
V66	0.16429	0.58112	0.10064	0.15395
V67	0.1476	0.33151	0.40773	0.11317
V68	0.13032	0.20374	0.12586	0.54007
V69	0.06903	0.31994	0.46876	0.14227
V70	0.37212	0.2116	0.22348	0.19279
V71	0.14951	0.15657	0.334	0.35992
V72	0.38949	0.21596	0.16754	0.22701
V73	0.13232	0.52252	0.17748	0.16768
V74	0.0938	0.25917	0.54472	0.10231
V75	0.49328	0.09387	0.24049	0.17236
V76	0.04052	0.22573	0.2162	0.51756
V77	0.0584	0.29929	0.11034	0.53197
V78	0.22367	0.18634	0.22436	0.36562
V79	0.0621	0.17346	0.59174	0.1727
V80	0.27347	0.11173	0.44544	0.16936
V81	0.0966	0.21627	0.57856	0.10857
V82	0.06548	0.14758	0.67606	0.11088
V83	0.11989	0.22743	0.15437	0.49831
V84	0.27815	0.13264	0.21587	0.37334
V85	0.11401	0.3231	0.33906	0.22383
V86	0.09381	0.13771	0.63057	0.13791
V87	0.05253	0.67081	0.12099	0.15567
V88	0.14701	0.14861	0.27157	0.43281
V89	0.05746	0.11945	0.2334	0.58968
V90	0.04908	0.71574	0.11941	0.11578
V91	0.05769	0.61082	0.20258	0.1289
V92	0.33238	0.11469	0.35208	0.20085
V93	0.61131	0.102	0.10931	0.17737
V94	0.0415	0.40645	0.11161	0.44044
V95	0.19392	0.40019	0.19745	0.20843
V96	0.083	0.17435	0.12971	0.61294
V97	0.47872	0.17583	0.24267	0.10277
V98	0.47668	0.31767	0.09929	0.10635
V99	0.55793	0.12781	0.21035	0.10391
V100	0.11249	0.1257	0.63776	0.12405
V101	0.05194	0.12801	0.12153	0.69851
V102	0.64641	0.12968	0.11374	0.11017
V103	0.05069	0.13867	0.16873	0.64191
V104	0.04711	0.75977	0.08451	0.10861
V105	0.06503	0.73614	0.09062	0.10821
V106	0.11816	0.45642	0.29115	0.13426
V107	0.16847	0.24665	0.44299	0.14189
V108	0.1307	0.62372	0.14563	0.09995
V109	0.06145	0.22039	0.4525	0.26566
V110	0.06625	0.70471	0.10826	0.12077
V111	0.64269	0.09046	0.16261	0.10424
V112	0.13181	0.15109	0.36371	0.35339
V113	0.15446	0.18068	0.21928	0.44558
V114	0.18721	0.13761	0.16416	0.51101
V115	0.04114	0.62334	0.22634	0.10919
V116	0.13411	0.3217	0.32112	0.22307
V117	0.46161	0.28342	0.12462	0.13035
V118	0.13426	0.4975	0.1133	0.25495
V119	0.10947	0.1607	0.1445	0.58534
V120	0.11144	0.15245	0.61971	0.11639
V121	0.40302	0.19518	0.16796	0.23384
V122	0.6728	0.09697	0.12007	0.11016
V123	0.03524	0.45078	0.12603	0.38795
V124	0.45059	0.3116	0.0963	0.14152
V125	0.27659	0.39342	0.21158	0.11841
V126	0.06184	0.20787	0.14255	0.58774
V127	0.14633	0.13944	0.26777	0.44645
V128	0.06084	0.11911	0.18251	0.63753
V129	0.39837	0.26776	0.20869	0.12518
V130	0.04335	0.55672	0.29231	0.10762
V131	0.04373	0.71261	0.07964	0.16403
V132	0.65456	0.09718	0.13134	0.11692
V133	0.63659	0.10331	0.1503	0.1098
V134	0.10525	0.36985	0.18032	0.34458
V135	0.09406	0.12242	0.22196	0.56156
V136	0.17951	0.37755	0.10685	0.33609
V137	0.454	0.12532	0.26895	0.15174
V138	0.16633	0.38137	0.20927	0.24304
V139	0.25095	0.25117	0.22699	0.27089
V140	0.05906	0.1706	0.14566	0.62468
V141	0.09164	0.21978	0.42253	0.26606
V142	0.56044	0.09461	0.24688	0.09806
V143	0.29252	0.28783	0.15042	0.26923
V144	0.14227	0.21524	0.21146	0.43104
V145	0.03648	0.62904	0.22556	0.10892
V146	0.07301	0.12112	0.13533	0.67054
V147	0.63504	0.10971	0.12458	0.13067
V148	0.13545	0.161	0.45193	0.25163
V149	0.20408	0.46146	0.22903	0.10543
V150	0.109	0.27676	0.4524	0.16184
V151	0.15931	0.53533	0.11123	0.19413
V152	0.1815	0.41082	0.23128	0.17639
V153	0.09763	0.61526	0.09875	0.18836
V154	0.19286	0.4179	0.26242	0.12682
V155	0.33325	0.20777	0.28411	0.17487
V156	0.07893	0.20864	0.51612	0.19631
V157	0.22922	0.21916	0.29486	0.25676
V158	0.05246	0.11746	0.13073	0.69935
V159	0.61293	0.14459	0.10585	0.13663
V160	0.46955	0.09845	0.15831	0.27369
V161	0.16673	0.11124	0.13703	0.585
V162	0.07645	0.31138	0.15567	0.4565
V163	0.09906	0.43798	0.19988	0.26308
V164	0.24017	0.32001	0.17024	0.26959
V165	0.04221	0.28582	0.10572	0.56626
V166	0.04777	0.17717	0.15505	0.62001
V167	0.24724	0.10102	0.11896	0.53279
V168	0.21092	0.50099	0.14387	0.14423
V169	0.15107	0.14548	0.14018	0.56327
V170	0.11935	0.12372	0.4222	0.33474
V171	0.13588	0.27593	0.45215	0.13604
V172	0.50981	0.09603	0.28901	0.10515
V173	0.05712	0.20748	0.13851	0.59689
V174	0.04997	0.22318	0.15649	0.57036
V175	0.10247	0.11282	0.58678	0.19794
V176	0.04004	0.66122	0.18944	0.1093
V177	0.03438	0.7699	0.07986	0.11585
V178	0.03235	0.6248	0.0881	0.25475
V179	0.15131	0.11231	0.34198	0.3944
V180	0.04981	0.7169	0.1311	0.10219
V181	0.15476	0.20097	0.42712	0.21716
V182	0.23482	0.23689	0.38229	0.146
V183	0.14478	0.66166	0.08754	0.10602
V184	0.69566	0.09022	0.1157	0.09842
V185	0.39573	0.39651	0.10488	0.10289
V186	0.11603	0.43447	0.25392	0.19559
V187	0.66715	0.09719	0.13146	0.1042
V188	0.07317	0.26463	0.10675	0.55545
V189	0.55542	0.11068	0.12198	0.21191
V190	0.47104	0.1044	0.31922	0.10534
V191	0.16831	0.25326	0.44274	0.13569
V192	0.21677	0.42743	0.12805	0.22774
V193	0.41946	0.12551	0.26221	0.19282
V194	0.05191	0.74122	0.0855	0.12138
V195	0.0712	0.1288	0.68907	0.11093
V196	0.05018	0.15789	0.12287	0.66906
V197	0.28357	0.13853	0.13143	0.44646
V198	0.08645	0.45048	0.31532	0.14775
V199	0.14328	0.12633	0.2221	0.50829
V200	0.11176	0.48749	0.10499	0.29576
V201	0.10013	0.48386	0.20721	0.20879
V202	0.06963	0.12115	0.57665	0.23257
V203	0.14876	0.39946	0.33056	0.12122
V204	0.03357	0.46725	0.09965	0.39953
V205	0.07525	0.14682	0.65948	0.11846
V206	0.09303	0.17333	0.62488	0.10876
V207	0.11895	0.23953	0.14308	0.49845
V208	0.21641	0.15331	0.51629	0.11399
V209	0.21747	0.42717	0.14251	0.21286
V210	0.08747	0.62679	0.14561	0.14014
V211	0.29163	0.11088	0.13724	0.46025
V212	0.37146	0.13085	0.38026	0.11742
V213	0.43278	0.11872	0.18656	0.26194
V214	0.23627	0.22091	0.21085	0.33197
V215	0.20907	0.17587	0.12351	0.49155
V216	0.06239	0.11671	0.13067	0.69023
V217	0.06608	0.44166	0.23462	0.25763
V218	0.09907	0.4071	0.20208	0.29175
V219	0.09699	0.53822	0.09693	0.26787
V220	0.03373	0.66594	0.08619	0.21414
V221	0.55298	0.09478	0.11299	0.23925
V222	0.23835	0.20528	0.32677	0.2296
V223	0.06101	0.20979	0.56605	0.16315
V224	0.68515	0.0904	0.12595	0.0985
V225	0.0667	0.70472	0.12039	0.10819
V226	0.24793	0.16751	0.47142	0.11313
V227	0.55451	0.09378	0.24124	0.11047
V228	0.52462	0.14881	0.15533	0.17124
V229	0.0765	0.12699	0.6704	0.12611
V230	0.05188	0.12805	0.12999	0.69008
V231	0.04824	0.29807	0.17362	0.48006
V232	0.05648	0.54868	0.08681	0.30802
V233	0.38876	0.1689	0.23662	0.20572
V234	0.05356	0.72918	0.10174	0.11552
V235	0.28557	0.14848	0.43804	0.12791
V236	0.09089	0.15884	0.58672	0.16355
V237	0.13429	0.11257	0.14012	0.61303
V238	0.12432	0.48498	0.25105	0.13965
V239	0.07459	0.37757	0.11286	0.43498
V240	0.3561	0.12911	0.37499	0.13979
V241	0.07459	0.11934	0.64832	0.15774
V242	0.11751	0.6244	0.14572	0.11236
V243	0.20805	0.1373	0.4928	0.16184
V244	0.18878	0.10978	0.53047	0.17097
V245	0.40605	0.31508	0.1365	0.14236
V246	0.09507	0.21499	0.56545	0.12449
V247	0.16674	0.12158	0.60887	0.10281
V248	0.05622	0.1331	0.14452	0.66616
V249	0.06228	0.13996	0.64042	0.15734
V250	0.54135	0.09513	0.25843	0.10508
V251	0.65922	0.12288	0.11422	0.10369
V252	0.0399	0.67941	0.17873	0.10196
V253	0.25694	0.15708	0.21349	0.3725
V254	0.03566	0.74104	0.11372	0.10958
V255	0.05745	0.72904	0.0791	0.13441
V256	0.16002	0.25905	0.41044	0.17049
V257	0.29513	0.17882	0.25484	0.27121
V258	0.1571	0.29303	0.35433	0.19554
V259	0.07548	0.31232	0.47506	0.13714
V260	0.05472	0.30816	0.52827	0.10885
V261	0.42356	0.12346	0.23929	0.21369
V262	0.09764	0.14725	0.12625	0.62886
V263	0.04044	0.7578	0.08074	0.12102
V264	0.15175	0.13496	0.36598	0.34731
V265	0.06271	0.11333	0.19726	0.6267
V266	0.45029	0.35244	0.10153	0.09574
V267	0.04174	0.23538	0.27188	0.451
V268	0.26935	0.12029	0.20503	0.40534
V269	0.04554	0.48723	0.32479	0.14245
V270	0.4478	0.11634	0.26966	0.1662
V271	0.54347	0.14662	0.13186	0.17805
V272	0.06283	0.663	0.09151	0.18266
V273	0.07311	0.126	0.14084	0.66005
V274	0.48572	0.09376	0.23504	0.18548
V275	0.0664	0.12855	0.69411	0.11093
V276	0.33968	0.34204	0.10597	0.21231
V277	0.06082	0.25163	0.20461	0.48293
V278	0.06833	0.1523	0.28329	0.49607
V279	0.46834	0.14154	0.18518	0.20494
V280	0.05246	0.11746	0.13073	0.69935
V281	0.3703	0.12025	0.2056	0.30386
V282	0.09703	0.15926	0.59399	0.14972
V283	0.16036	0.50049	0.13202	0.20714
V284	0.04974	0.72253	0.11901	0.10872
V285	0.10847	0.11961	0.66784	0.10408
V286	0.18301	0.48032	0.16159	0.17508
V287	0.09117	0.69782	0.0908	0.12021
V288	0.05378	0.30146	0.3514	0.29335
V289	0.22052	0.26379	0.35517	0.16051
V290	0.5736	0.2174	0.11251	0.09648
V291	0.35534	0.15533	0.3781	0.11123
V292	0.65143	0.09599	0.10975	0.14282
V293	0.24363	0.11716	0.50367	0.13554
V294	0.08601	0.35356	0.1015	0.45893
V295	0.05072	0.23313	0.22158	0.49457
V296	0.16412	0.19586	0.47003	0.16999
V297	0.08715	0.11167	0.15953	0.64165
V298	0.24054	0.18091	0.4653	0.11325
V299	0.07718	0.29383	0.11421	0.51477
V300	0.04642	0.13164	0.24994	0.572
V301	0.13172	0.19038	0.48741	0.19048
V302	0.44987	0.34532	0.0968	0.108
V303	0.03926	0.51424	0.31701	0.12949
V304	0.0949	0.12771	0.55105	0.22635
V305	0.12351	0.22378	0.37338	0.27933
V306	0.5504	0.16919	0.14399	0.13642
V307	0.04064	0.75249	0.09119	0.11568
V308	0.1796	0.26775	0.28085	0.2718
V309	0.22848	0.32351	0.11834	0.32967
V310	0.08557	0.32211	0.19367	0.39865
V311	0.35871	0.4424	0.09608	0.10282
V312	0.09583	0.60821	0.17462	0.12135
V313	0.04388	0.18313	0.12603	0.64695
V314	0.04198	0.42743	0.16574	0.36485
V315	0.10533	0.52698	0.11209	0.25561
V316	0.23163	0.20547	0.33976	0.22314
V317	0.08436	0.5765	0.11688	0.22226
V318	0.05172	0.47779	0.10169	0.3688
V319	0.09817	0.15145	0.61844	0.13195
V320	0.10425	0.21346	0.48612	0.19616
V321	0.44336	0.35992	0.10085	0.09587
V322	0.14954	0.32565	0.14755	0.37727
V323	0.07332	0.12604	0.1698	0.63083
V324	0.45074	0.28566	0.14847	0.11513
V325	0.22317	0.54727	0.12459	0.10497
V326	0.03003	0.4822	0.15167	0.3361
V327	0.0509	0.20926	0.17465	0.56519
V328	0.0882	0.12776	0.55116	0.23288
V329	0.14266	0.18737	0.21232	0.45765
V330	0.27981	0.10655	0.32097	0.29266
V331	0.23699	0.16723	0.14109	0.45469
V332	0.04999	0.14532	0.22144	0.58325
V333	0.30061	0.16151	0.34919	0.18869
V334	0.25927	0.10891	0.33136	0.30046
V335	0.06386	0.34019	0.39908	0.19688
V336	0.13944	0.5795	0.10041	0.18065
V337	0.21458	0.38275	0.27578	0.12689
V338	0.02866	0.77635	0.08568	0.10931
V339	0.13968	0.117	0.63288	0.11044
V340	0.08523	0.26861	0.40855	0.23761
V341	0.056	0.13368	0.15367	0.65665
V342	0.20718	0.1078	0.48233	0.2027
V343	0.67826	0.10222	0.1162	0.10332
V344	0.4694	0.21021	0.22288	0.09751
V345	0.07147	0.12885	0.69458	0.1051
V346	0.17851	0.18985	0.27762	0.35401
V347	0.06758	0.11758	0.19263	0.62221
V348	0.06785	0.54671	0.17686	0.20857
V349	0.25177	0.22746	0.33879	0.18199
V350	0.05138	0.65631	0.19008	0.10223
V351	0.05916	0.13143	0.34422	0.46519
V352	0.09276	0.1249	0.61827	0.16407
V353	0.60258	0.11088	0.13581	0.15073
V354	0.06693	0.57558	0.22312	0.13438
V355	0.21466	0.16446	0.38442	0.23647
V356	0.06088	0.12702	0.17425	0.63785
V357	0.10994	0.33432	0.26396	0.29178
V358	0.35578	0.17905	0.14356	0.32162
V359	0.37684	0.14138	0.13395	0.34783
V360	0.37524	0.4074	0.10926	0.10809
V361	0.04677	0.41823	0.42632	0.10868
V362	0.02902	0.7714	0.09041	0.10917
V363	0.15242	0.19293	0.38244	0.2722
V364	0.15364	0.15555	0.51333	0.17749
V365	0.19102	0.12332	0.12378	0.56187
V366	0.0787	0.56456	0.14154	0.2152
V367	0.37406	0.20515	0.10742	0.31336
V368	0.0857	0.59859	0.1401	0.17562
V369	0.06005	0.38158	0.44966	0.10871
V370	0.2252	0.29909	0.3476	0.12811
V371	0.14649	0.59661	0.10359	0.15331
V372	0.13508	0.14861	0.18607	0.53024
V373	0.09678	0.21054	0.37955	0.31313
V374	0.54899	0.10036	0.25254	0.09811
V375	0.06635	0.13859	0.20054	0.59453
V376	0.06038	0.1334	0.17384	0.63237
V377	0.53251	0.08897	0.11964	0.25888
V378	0.05406	0.13169	0.34975	0.4645
V379	0.22753	0.24289	0.11435	0.41523
V380	0.13197	0.16178	0.23015	0.47611
V381	0.49198	0.10612	0.17559	0.22631
V382	0.11299	0.13144	0.6454	0.11017
V383	0.56444	0.09548	0.14888	0.19119
V384	0.36844	0.15993	0.19657	0.27506
V385	0.58663	0.10335	0.16727	0.14275
V386	0.21554	0.11646	0.20468	0.46332
V387	0.39372	0.21167	0.22849	0.16612
V388	0.25519	0.33659	0.19432	0.2139
V389	0.28056	0.46782	0.10056	0.15106
V390	0.22853	0.28672	0.38083	0.10392
V391	0.2753	0.17976	0.12248	0.42246
V392	0.2836	0.26316	0.21095	0.24229
V393	0.21084	0.26953	0.31094	0.20869
V394	0.09379	0.26281	0.17438	0.46902
V395	0.16716	0.37422	0.22171	0.23691
V396	0.03464	0.7593	0.08471	0.12134
V397	0.52702	0.16467	0.17783	0.13048
V398	0.29383	0.20433	0.17025	0.33158
V399	0.15142	0.48182	0.18537	0.1814
V400	0.02961	0.49392	0.13393	0.34255
V401	0.0796	0.22359	0.53387	0.16294
V402	0.54869	0.2268	0.12827	0.09624
V403	0.05634	0.12768	0.15827	0.6577
V404	0.10826	0.2479	0.4658	0.17804
V405	0.16804	0.13091	0.21681	0.48424
V406	0.4249	0.28163	0.1153	0.17817
V407	0.02866	0.77635	0.08568	0.10931
V408	0.1016	0.27839	0.33503	0.28499
V409	0.04712	0.12331	0.13041	0.69916
V410	0.08641	0.69177	0.10152	0.12031
V411	0.29381	0.10376	0.11311	0.48932
V412	0.14661	0.16587	0.40189	0.28563
V413	0.07004	0.43228	0.20556	0.29212
V414	0.06212	0.4498	0.29163	0.19646
V415	0.30245	0.12554	0.25879	0.31322
V416	0.07004	0.16221	0.66376	0.10399
V417	0.26595	0.53759	0.09206	0.1044
V418	0.08556	0.18228	0.19657	0.5356
V419	0.05214	0.11722	0.13685	0.69379
V420	0.02882	0.70431	0.0909	0.17597
V421	0.15443	0.13877	0.51645	0.19035
V422	0.06689	0.15006	0.12276	0.66029
V423	0.11249	0.1257	0.63776	0.12405
V424	0.05238	0.14892	0.47266	0.32604
V425	0.08658	0.27682	0.45226	0.18435
V426	0.1167	0.14201	0.58454	0.15676
V427	0.07927	0.37398	0.2141	0.33264
V428	0.08416	0.62328	0.12268	0.16988
V429	0.05213	0.11711	0.14104	0.68972
V430	0.50066	0.22582	0.1177	0.15582
V431	0.15964	0.1257	0.38037	0.33429
V432	0.1026	0.17442	0.14361	0.57937
V433	0.06241	0.59793	0.08487	0.25478
V434	0.23066	0.16182	0.14605	0.46147
V435	0.3399	0.10922	0.19405	0.35683
V436	0.26179	0.11186	0.18911	0.43724
V437	0.16846	0.26297	0.10933	0.45924
V438	0.39936	0.22084	0.12749	0.25232
V439	0.05921	0.17523	0.12116	0.64441
V440	0.31812	0.12974	0.13701	0.41513
V441	0.09373	0.20551	0.4553	0.24547
V442	0.22139	0.34346	0.18628	0.24888
V443	0.49883	0.09748	0.17701	0.22669
V444	0.07147	0.12885	0.69458	0.1051
V445	0.4305	0.11344	0.33042	0.12564
V446	0.0525	0.66349	0.12129	0.16272
V447	0.42199	0.1744	0.2234	0.18021
V448	0.05539	0.15827	0.22567	0.56067
V449	0.38571	0.13293	0.30005	0.18132
V450	0.12013	0.68908	0.09021	0.10058
V451	0.6472	0.12984	0.10569	0.11727
V452	0.06148	0.12216	0.15838	0.65799
V453	0.54571	0.15597	0.15565	0.14267
V454	0.02896	0.74082	0.11386	0.11635
V455	0.41624	0.12515	0.30621	0.1524
V456	0.23847	0.1986	0.33999	0.22293
V457	0.04693	0.1279	0.12632	0.69885
V458	0.18732	0.26312	0.10886	0.4407
V459	0.04123	0.63817	0.14406	0.17654
V460	0.66133	0.09722	0.13121	0.11024
V461	0.07301	0.13242	0.12459	0.66997
V462	0.23275	0.27621	0.10281	0.38823
V463	0.18661	0.43076	0.19464	0.188
V464	0.33169	0.17776	0.11014	0.38041
V465	0.2697	0.40176	0.11562	0.21291
V466	0.38105	0.2399	0.10574	0.27331
V467	0.22415	0.50002	0.14391	0.13192
V468	0.33537	0.38763	0.13321	0.14379
V469	0.05306	0.23521	0.27291	0.43883
V470	0.36427	0.19827	0.22378	0.21368
V471	0.19046	0.18359	0.13465	0.4913
V472	0.21913	0.33342	0.09892	0.34854
V473	0.10496	0.47748	0.29577	0.12179
V474	0.11122	0.10883	0.17978	0.60016
V475	0.14271	0.37527	0.15151	0.33051
V476	0.13371	0.12037	0.15311	0.59281
V477	0.40376	0.13065	0.24471	0.22088
V478	0.11	0.50113	0.09333	0.29555
V479	0.0702	0.17316	0.58429	0.17235
V480	0.08273	0.31727	0.13246	0.46754
V481	0.15298	0.12198	0.60911	0.11594
V482	0.46617	0.22315	0.18025	0.13043
V483	0.11507	0.18679	0.15695	0.54119
V484	0.05488	0.15761	0.13276	0.65475
V485	0.10454	0.60152	0.09277	0.20116
V486	0.19469	0.29105	0.18258	0.33168
V487	0.08659	0.14264	0.16666	0.60411
V488	0.06142	0.11647	0.63615	0.18596
V489	0.18746	0.1831	0.51517	0.11427
V490	0.23097	0.32541	0.14601	0.29761
V491	0.29872	0.43249	0.11811	0.15068
V492	0.05022	0.67323	0.16714	0.10941
V493	0.05227	0.11715	0.12307	0.70752
V494	0.16691	0.2248	0.4125	0.19579
V495	0.17036	0.53155	0.17784	0.12025
V496	0.19968	0.57883	0.0838	0.1377
V497	0.07161	0.12179	0.69552	0.11107
V498	0.21699	0.18291	0.14499	0.45511
V499	0.41787	0.29568	0.18392	0.10254
V500	0.11911	0.19988	0.54382	0.13719
V501	0.04696	0.11758	0.14104	0.69442
V502	0.36878	0.30517	0.20122	0.12483
V503	0.15561	0.1814	0.23063	0.43237
V504	0.17136	0.57974	0.09528	0.15361
V505	0.15737	0.26045	0.25537	0.32681
V506	0.10311	0.28712	0.36546	0.24431
V507	0.40525	0.18012	0.18786	0.22678
V508	0.50283	0.22647	0.13459	0.13611
V509	0.18704	0.15872	0.40966	0.24458
V510	0.17605	0.46448	0.25317	0.10629
V511	0.06171	0.38591	0.12983	0.42255
V512	0.17926	0.1455	0.164	0.51124
V513	0.08517	0.54166	0.21726	0.15591
V514	0.05061	0.15144	0.11983	0.67812
V515	0.51025	0.14766	0.14494	0.19715
V516	0.63292	0.16041	0.10448	0.10219
V517	0.06893	0.12993	0.26163	0.53951
V518	0.67138	0.11599	0.10889	0.10374
V519	0.04503	0.68674	0.08542	0.18281
V520	0.07179	0.10976	0.47725	0.34121
V521	0.39526	0.13432	0.3435	0.12691
V522	0.05348	0.2064	0.44009	0.30003
V523	0.2477	0.20338	0.26449	0.28443
V524	0.03903	0.62989	0.20225	0.12884
V525	0.18267	0.25176	0.12334	0.44223
V526	0.42216	0.16385	0.16064	0.25335
V527	0.17095	0.12539	0.34868	0.35498
V528	0.09092	0.68926	0.08019	0.13963
V529	0.08074	0.15721	0.24244	0.51962
V530	0.05589	0.25707	0.50232	0.18471
V531	0.04535	0.69996	0.15283	0.10185
V532	0.13497	0.32996	0.11893	0.41614
V533	0.20125	0.35026	0.18551	0.26298
V534	0.06088	0.11951	0.53292	0.28669
V535	0.36724	0.09267	0.12013	0.41995
V536	0.16378	0.10492	0.33644	0.39486
V537	0.39931	0.28984	0.20314	0.10771
V538	0.30232	0.14624	0.16808	0.38335
V539	0.19392	0.40019	0.19745	0.20843
V540	0.15436	0.5764	0.13624	0.133
V541	0.04096	0.44491	0.13781	0.37632
V542	0.15759	0.20361	0.25793	0.38087
V543	0.60134	0.09496	0.11906	0.18464
V544	0.10538	0.17505	0.2131	0.50647
V545	0.24522	0.21096	0.15274	0.39108
V546	0.06024	0.70551	0.12547	0.10879
V547	0.0623	0.54116	0.28177	0.11477
V548	0.13027	0.62415	0.13915	0.10643
V549	0.25738	0.13036	0.49846	0.11381
V550	0.38642	0.11909	0.1091	0.38539
V551	0.14177	0.60444	0.10842	0.14537
V552	0.02887	0.46014	0.0995	0.41149
V553	0.19069	0.21837	0.4691	0.12184
V554	0.07184	0.16948	0.13081	0.62787
V555	0.09847	0.26975	0.29855	0.33324
V556	0.06426	0.1334	0.6698	0.13254
V557	0.54811	0.11542	0.11725	0.21922
V558	0.07139	0.63036	0.10345	0.19481
V559	0.04035	0.65599	0.20122	0.10245
V560	0.46975	0.33016	0.0986	0.10149
V561	0.0664	0.12855	0.69411	0.11093
V562	0.52875	0.09616	0.19649	0.17859
V563	0.21199	0.11185	0.56715	0.10901
V564	0.09859	0.16688	0.61811	0.11642
V565	0.12026	0.29135	0.32336	0.26503
V566	0.45739	0.17471	0.10873	0.25918
V567	0.15992	0.40756	0.11515	0.31737
V568	0.18019	0.11171	0.15028	0.55782
V569	0.45005	0.11506	0.1079	0.32699
V570	0.0689	0.31277	0.46177	0.15656
V571	0.55086	0.19668	0.10304	0.14942
V572	0.31882	0.10743	0.39094	0.18281
V573	0.0741	0.22586	0.11532	0.58473
V574	0.05821	0.6367	0.1902	0.11489
V575	0.05287	0.17129	0.18699	0.58884
V576	0.12952	0.65125	0.10717	0.11206
V577	0.06692	0.14484	0.23783	0.55041
V578	0.09086	0.16388	0.50664	0.23862
V579	0.03664	0.69859	0.14275	0.12201
V580	0.12941	0.11563	0.18476	0.5702
V581	0.07675	0.16212	0.1175	0.64362
V582	0.37753	0.21384	0.12848	0.28015
V583	0.05688	0.149	0.45408	0.34003
V584	0.35518	0.22195	0.2903	0.13256
V585	0.05505	0.11958	0.37446	0.4509
V586	0.20179	0.11473	0.50555	0.17792
V587	0.22422	0.1188	0.52803	0.12894
V588	0.41146	0.13159	0.12963	0.32731
V589	0.06525	0.65164	0.12762	0.15549
V590	0.06604	0.62307	0.20196	0.10893
V591	0.04624	0.13967	0.23111	0.58298
V592	0.16033	0.13487	0.60236	0.10244
V593	0.3946	0.09583	0.23375	0.27583
V594	0.24319	0.31383	0.30254	0.14045
V595	0.0564	0.12776	0.13012	0.68573
V596	0.06067	0.30352	0.23578	0.40003
V597	0.03742	0.50024	0.29224	0.17011
V598	0.07153	0.19638	0.6137	0.11839
V599	0.4196	0.33512	0.12125	0.12404
V600	0.24404	0.43325	0.12998	0.19273
V601	0.13057	0.29706	0.15566	0.41671
V602	0.05647	0.1274	0.12645	0.68968
V603	0.03879	0.35408	0.11175	0.49538
V604	0.35711	0.19517	0.32029	0.12743
V605	0.08561	0.33744	0.33259	0.24435
V606	0.47908	0.21834	0.11275	0.18983
V607	0.4319	0.10788	0.18582	0.2744
V608	0.17558	0.22765	0.33199	0.26479
V609	0.05654	0.27422	0.24303	0.4262
V610	0.5142	0.11178	0.17645	0.19757
V611	0.20559	0.10934	0.14993	0.53513
V612	0.07702	0.17976	0.58664	0.15659
V613	0.07322	0.34026	0.44912	0.1374
V614	0.50357	0.14743	0.14519	0.20381
V615	0.11489	0.14675	0.12104	0.61732
V616	0.07788	0.57653	0.11679	0.2288
V617	0.33712	0.22573	0.33937	0.09778
V618	0.48176	0.09735	0.10851	0.31238
V619	0.27174	0.12735	0.30832	0.29259
V620	0.04335	0.55672	0.29231	0.10762
V621	0.2849	0.2209	0.21646	0.27774
V622	0.25879	0.27007	0.34268	0.12847
V623	0.05353	0.16444	0.19869	0.58335
V624	0.5393	0.24704	0.10043	0.11322
V625	0.19205	0.44313	0.15749	0.20733
V626	0.67109	0.10894	0.10965	0.11033
V627	0.04662	0.12806	0.15871	0.66661
V628	0.03801	0.25827	0.12003	0.58369
V629	0.11715	0.31206	0.26535	0.30544
V630	0.07315	0.34063	0.44345	0.14277
V631	0.04951	0.2425	0.17179	0.5362
V632	0.39021	0.09497	0.20582	0.309
V633	0.05875	0.13591	0.60742	0.19791
V634	0.28462	0.29816	0.3127	0.10452
V635	0.04418	0.61175	0.08937	0.2547
V636	0.13134	0.19022	0.48168	0.19676
V637	0.21201	0.24748	0.16297	0.37754
V638	0.25139	0.28787	0.15	0.31075
V639	0.20817	0.40327	0.28863	0.09993
V640	0.08072	0.22286	0.55283	0.14358
V641	0.60464	0.12398	0.12881	0.14258
V642	0.51259	0.23184	0.09983	0.15575
V643	0.05051	0.24515	0.36479	0.33956
V644	0.62708	0.153	0.11056	0.10937
V645	0.20149	0.38946	0.28853	0.12053
V646	0.03502	0.7714	0.08431	0.10927
V647	0.14738	0.17819	0.52547	0.14895
V648	0.28081	0.40658	0.18626	0.12634
V649	0.07838	0.15981	0.61157	0.15024
V650	0.09549	0.17924	0.5691	0.15617
V651	0.25167	0.11071	0.52881	0.1088
V652	0.10252	0.18106	0.36262	0.3538
V653	0.10902	0.55113	0.15178	0.18806
V654	0.463	0.25043	0.14412	0.14246
V655	0.05174	0.48609	0.10587	0.3563
V656	0.15258	0.29391	0.11195	0.44156
V657	0.05516	0.1577	0.12252	0.66462
V658	0.39389	0.25708	0.14466	0.20437
V659	0.23865	0.1761	0.32746	0.25779
V660	0.04567	0.75266	0.08024	0.12143
V661	0.06792	0.38637	0.13589	0.40982
V662	0.29735	0.11792	0.40192	0.18281
V663	0.19577	0.16726	0.44683	0.19013
V664	0.18059	0.16172	0.51557	0.14213
V665	0.45416	0.24144	0.13278	0.17162
V666	0.38827	0.09458	0.18163	0.33552
V667	0.53022	0.15099	0.22098	0.09782
V668	0.1077	0.65276	0.13924	0.1003
V669	0.17575	0.39009	0.25188	0.18229
V670	0.07807	0.72086	0.08069	0.12038
V671	0.25372	0.30928	0.26163	0.17538
V672	0.07535	0.1328	0.65927	0.13258
V673	0.17553	0.36132	0.24028	0.22287
V674	0.47298	0.21243	0.11843	0.19616
V675	0.12663	0.33518	0.28845	0.24975
V676	0.05713	0.19104	0.17498	0.57685
V677	0.2595	0.38402	0.16305	0.19343
V678	0.35218	0.44374	0.10081	0.10327
V679	0.08272	0.32707	0.47527	0.11494
V680	0.22066	0.4807	0.18091	0.11773
V681	0.61456	0.14488	0.11663	0.12393
V682	0.12077	0.31684	0.42639	0.136
V683	0.03515	0.77124	0.09047	0.10313
V684	0.46598	0.22371	0.16718	0.14314
V685	0.33169	0.34945	0.18051	0.13835
V686	0.09548	0.23855	0.19674	0.46923
V687	0.05666	0.1221	0.13044	0.6908
V688	0.25259	0.45873	0.08984	0.19885
V689	0.18709	0.10357	0.1464	0.56294
V690	0.33423	0.13703	0.37552	0.15322
V691	0.16091	0.11435	0.61485	0.10989
V692	0.10583	0.21491	0.52329	0.15597
V693	0.18171	0.19099	0.32673	0.30057
V694	0.05208	0.13012	0.28583	0.53198
V695	0.18311	0.11081	0.21091	0.49517
V696	0.0836	0.16842	0.12465	0.62333
V697	0.05107	0.1448	0.12419	0.67994
V698	0.55367	0.09479	0.11884	0.23271
V699	0.37102	0.30889	0.1473	0.17279
V700	0.17142	0.12455	0.12026	0.58377
V701	0.10302	0.45713	0.16318	0.27667
V702	0.35186	0.16356	0.11685	0.36773
V703	0.13286	0.1524	0.39491	0.31983
V704	0.55029	0.12918	0.12917	0.19136
V705	0.66569	0.09021	0.12049	0.12361
V706	0.10833	0.14958	0.56993	0.17216
V707	0.07049	0.40149	0.39119	0.13683
V708	0.0521	0.68871	0.09595	0.16324
V709	0.13448	0.2961	0.40832	0.1611
V710	0.39334	0.25693	0.13796	0.21178
V711	0.08753	0.63935	0.14538	0.12774
V712	0.54823	0.13649	0.11121	0.20406
V713	0.28358	0.31692	0.12381	0.27569
V714	0.03398	0.54959	0.10087	0.31556
V715	0.22222	0.34175	0.28329	0.15274
V716	0.06078	0.13909	0.14404	0.65609
V717	0.07806	0.72686	0.08009	0.11498
V718	0.12761	0.48277	0.20112	0.18851
V719	0.06506	0.57491	0.11055	0.24947
V720	0.48249	0.09472	0.26428	0.15851
V721	0.12344	0.23102	0.38018	0.26535
V722	0.08702	0.33529	0.11128	0.46641
V723	0.10248	0.16733	0.11927	0.61092
V724	0.38188	0.12001	0.16906	0.32905
V725	0.06055	0.18176	0.62544	0.13224
V726	0.05634	0.36279	0.17548	0.40539
V727	0.19811	0.54929	0.14826	0.10434
V728	0.04977	0.69831	0.14259	0.10932
V729	0.27804	0.11245	0.21682	0.39269
V730	0.61602	0.1177	0.1423	0.12397
V731	0.06119	0.25029	0.335	0.35352
V732	0.25137	0.16883	0.32251	0.25729
V733	0.41963	0.24209	0.12688	0.21139
V734	0.19254	0.32361	0.37816	0.10568
V735	0.06139	0.13167	0.39355	0.41338
V736	0.12142	0.11478	0.12444	0.63935
V737	0.23283	0.31007	0.24873	0.20837
V738	0.09715	0.33788	0.36197	0.203
V739	0.05274	0.11946	0.46785	0.35994
V740	0.57075	0.16306	0.15693	0.10926
V741	0.31822	0.18274	0.18843	0.3106
V742	0.27977	0.52448	0.09818	0.09757
V743	0.14107	0.21326	0.5219	0.12376
V744	0.3599	0.13374	0.3184	0.18796
V745	0.04341	0.56779	0.19867	0.19012
V746	0.6942	0.09	0.1118	0.104
V747	0.09391	0.11136	0.53462	0.26011
V748	0.12883	0.18853	0.45135	0.23129
V749	0.19749	0.23175	0.14198	0.42879
V750	0.27448	0.42441	0.10838	0.19274
V751	0.05926	0.68493	0.10806	0.14775
V752	0.30377	0.27002	0.19009	0.23612
V753	0.05203	0.1225	0.12209	0.70338
V754	0.03451	0.73039	0.07911	0.156
V755	0.13367	0.24888	0.30485	0.31259
V756	0.05673	0.12187	0.14466	0.67674
V757	0.23657	0.50495	0.13339	0.12508
V758	0.06181	0.61246	0.16275	0.16298
V759	0.12487	0.15766	0.34434	0.37313
V760	0.21538	0.15277	0.27831	0.35354
V761	0.08145	0.4942	0.25484	0.16952
V762	0.03359	0.36063	0.1111	0.49468
V763	0.25567	0.35168	0.11748	0.27518
V764	0.03502	0.72391	0.08542	0.15565
V765	0.43598	0.16799	0.10345	0.29258
V766	0.05452	0.33182	0.35648	0.25719
V767	0.32547	0.20069	0.25946	0.21438
V768	0.06469	0.71749	0.09671	0.12111
V769	0.12142	0.66485	0.10154	0.11219
V770	0.03502	0.7714	0.08431	0.10927
V771	0.16592	0.12103	0.59734	0.1157
V772	0.14591	0.14327	0.60203	0.10878
V773	0.13189	0.66902	0.08709	0.112
V774	0.07639	0.12024	0.67066	0.13271
V775	0.1156	0.14177	0.2772	0.46543
V776	0.28413	0.39579	0.13293	0.18715
V777	0.14145	0.19387	0.19435	0.47032
V778	0.35162	0.3017	0.14861	0.19807
V779	0.15363	0.14297	0.40326	0.30013
V780	0.10407	0.62802	0.16742	0.10049
V781	0.06736	0.13237	0.13418	0.66609
V782	0.06197	0.20322	0.57801	0.1568
V783	0.52258	0.11102	0.14732	0.21907
V784	0.09807	0.70433	0.09003	0.10757
V785	0.05235	0.73518	0.09106	0.12142
V786	0.47845	0.22263	0.16207	0.13685
V787	0.0333	0.6733	0.18366	0.10974
V788	0.34053	0.32052	0.20148	0.13747
V789	0.07589	0.35018	0.11992	0.45401
V790	0.30129	0.12416	0.16449	0.41006
V791	0.12673	0.36398	0.29403	0.21526
V792	0.11147	0.46385	0.09648	0.3282
V793	0.10548	0.54163	0.11144	0.24144
V794	0.08959	0.17297	0.57409	0.16335
V795	0.10403	0.14173	0.15107	0.60318
V796	0.07878	0.17409	0.62132	0.1258
V797	0.52928	0.09607	0.26373	0.11091
V798	0.4154	0.31703	0.15236	0.11522
V799	0.11316	0.62268	0.10249	0.16167
V800	0.09353	0.1327	0.4128	0.36097
V801	0.1283	0.19911	0.29921	0.37338
V802	0.06741	0.17236	0.26977	0.49046
V803	0.17639	0.46466	0.25998	0.09897
V804	0.36889	0.11497	0.35691	0.15923
V805	0.07198	0.12248	0.70029	0.10525
V806	0.05883	0.71559	0.09158	0.134
V807	0.18328	0.21631	0.13339	0.46702
V808	0.44013	0.29937	0.13026	0.13024
V809	0.08951	0.13973	0.66647	0.10429
V810	0.03475	0.77629	0.07978	0.10918
V811	0.28579	0.16414	0.23759	0.31249
V812	0.35741	0.29232	0.13739	0.21288
V813	0.40006	0.24898	0.2252	0.12577
V814	0.29783	0.47525	0.12328	0.10364
V815	0.03003	0.72968	0.13051	0.10979
V816	0.65505	0.09083	0.1559	0.09822
V817	0.08029	0.16708	0.63498	0.11765
V818	0.04581	0.14496	0.13987	0.66936
V819	0.5566	0.1628	0.1442	0.13639
V820	0.11376	0.17883	0.12855	0.57887
V821	0.17456	0.32947	0.33522	0.16076
V822	0.10603	0.13157	0.63831	0.12409
V823	0.0719	0.24997	0.50014	0.17799
V824	0.10691	0.36726	0.42409	0.10175
V825	0.17041	0.31235	0.25267	0.26457
V826	0.29638	0.39212	0.20125	0.11024
V827	0.26028	0.51682	0.09802	0.12487
V828	0.16485	0.22841	0.17576	0.43098
V829	0.06034	0.27355	0.13139	0.53472
V830	0.16152	0.26554	0.12389	0.44905
V831	0.50929	0.16901	0.13114	0.19057
V832	0.19387	0.38038	0.20326	0.22249
V833	0.12679	0.44608	0.20472	0.22241
V834	0.20573	0.16357	0.16243	0.46827
V835	0.24771	0.41293	0.17146	0.1679
V836	0.03323	0.55416	0.0913	0.32131
V837	0.16691	0.36722	0.2153	0.25057
V838	0.64193	0.12346	0.1311	0.10351
V839	0.21784	0.52077	0.15644	0.10495
V840	0.21299	0.59955	0.08897	0.09848
V841	0.0615	0.14676	0.64127	0.15047
V842	0.24781	0.23208	0.26339	0.25672
V843	0.07278	0.13125	0.63117	0.1648
V844	0.1151	0.17939	0.33235	0.37315
V845	0.10003	0.19351	0.55031	0.15615
V846	0.05684	0.12124	0.56319	0.25873
V847	0.04795	0.11749	0.12699	0.70758
V848	0.09118	0.44594	0.19954	0.26333
V849	0.02825	0.75227	0.08525	0.13423
V850	0.67881	0.09045	0.12073	0.11001
V851	0.24134	0.4728	0.18734	0.09851
V852	0.10492	0.14828	0.19373	0.55307
V853	0.18962	0.27089	0.34413	0.19535
V854	0.39001	0.23214	0.17239	0.20547
V855	0.04795	0.11749	0.12699	0.70758
V856	0.0691	0.35022	0.30831	0.27237
V857	0.44128	0.23474	0.12706	0.19692
V858	0.39805	0.10776	0.38845	0.10574
V859	0.43165	0.27449	0.11587	0.17799
V860	0.14406	0.19232	0.14618	0.51744
V861	0.10692	0.35412	0.42538	0.11358
V862	0.14175	0.17879	0.53632	0.14314
V863	0.15113	0.15025	0.11496	0.58366
V864	0.07947	0.13756	0.1476	0.63536
V865	0.11598	0.11545	0.27221	0.49636
V866	0.50404	0.11008	0.27489	0.11099
V867	0.50444	0.11667	0.27482	0.10408
V868	0.34036	0.30543	0.18732	0.16689
V869	0.04057	0.76633	0.08439	0.10871
V870	0.09617	0.33531	0.11513	0.45339
V871	0.02825	0.75227	0.08525	0.13423
V872	0.05246	0.12441	0.26068	0.56245
V873	0.60359	0.1177	0.14864	0.13007
V874	0.15341	0.64531	0.10176	0.09952
V875	0.05088	0.24683	0.22624	0.47606
V876	0.14275	0.33668	0.34501	0.17556
V877	0.06781	0.37797	0.2747	0.27952
V878	0.11584	0.65691	0.12707	0.10018
V879	0.14737	0.56867	0.11658	0.16738
V880	0.21314	0.48097	0.09377	0.21212
V881	0.14429	0.14465	0.46569	0.24536
V882	0.54266	0.09075	0.20141	0.16517
V883	0.22374	0.25151	0.42447	0.10027
V884	0.04655	0.2924	0.10532	0.55572
V885	0.4844	0.25815	0.16023	0.09723
V886	0.05455	0.36002	0.37507	0.21036
V887	0.42005	0.15429	0.21301	0.21265
V888	0.12059	0.14724	0.5537	0.17847
V889	0.62969	0.13009	0.12413	0.1161
V890	0.07528	0.2206	0.4661	0.23802
V891	0.42792	0.14099	0.29303	0.13807
V892	0.19449	0.23593	0.11574	0.45384
V893	0.38502	0.26152	0.20374	0.14972
V894	0.09261	0.3263	0.44413	0.13697
V895	0.39472	0.15539	0.23616	0.21372
V896	0.05191	0.74122	0.0855	0.12138
V897	0.45839	0.28765	0.10549	0.14848
V898	0.30885	0.09722	0.11667	0.47725
V899	0.05482	0.24422	0.19312	0.50783
V900	0.09318	0.31463	0.31393	0.27825
V901	0.05075	0.6617	0.08642	0.20112
V902	0.05981	0.71638	0.11522	0.10859
V903	0.05042	0.39625	0.41048	0.14284
V904	0.04026	0.7713	0.07991	0.10853
V905	0.13247	0.1071	0.22227	0.53816
V906	0.26708	0.17683	0.17771	0.37837
V907	0.28837	0.46167	0.10683	0.14312
V908	0.05058	0.14587	0.15691	0.64664
V909	0.11098	0.64664	0.08106	0.16132
V910	0.13633	0.10724	0.19068	0.56575
V911	0.34119	0.37966	0.12055	0.1586
V912	0.26172	0.33638	0.18024	0.22165
V913	0.10484	0.11047	0.12521	0.65948
V914	0.15141	0.44237	0.27275	0.13347
V915	0.1661	0.1051	0.12261	0.60619
V916	0.20773	0.15334	0.49723	0.1417
V917	0.47708	0.12151	0.22152	0.17989
V918	0.06599	0.52775	0.22995	0.17631
V919	0.15872	0.27582	0.28017	0.28529
V920	0.40244	0.25235	0.16597	0.17924
V921	0.05584	0.2215	0.13096	0.5917
V922	0.10679	0.42211	0.32932	0.14178
V923	0.08604	0.12527	0.14403	0.64467
V924	0.06103	0.55526	0.25477	0.12894
V925	0.1386	0.13396	0.12556	0.60188
V926	0.1528	0.12655	0.13607	0.58458
V927	0.05585	0.13887	0.14836	0.65692
V928	0.05673	0.70186	0.08557	0.15583
V929	0.06772	0.53164	0.17081	0.22982
V930	0.33352	0.36544	0.12171	0.17933
V931	0.13434	0.30301	0.40158	0.16106
V932	0.07564	0.19758	0.46062	0.26616
V933	0.4028	0.38366	0.106	0.10754
V934	0.04748	0.22041	0.26788	0.46423
V935	0.37447	0.22777	0.23936	0.1584
V936	0.34084	0.29872	0.11462	0.24582
V937	0.35244	0.20284	0.16348	0.28125
V938	0.26337	0.14408	0.30079	0.29176
V939	0.49917	0.11174	0.16238	0.22672
V940	0.05023	0.63462	0.18062	0.13453
V941	0.06694	0.12182	0.70004	0.1112
V942	0.49167	0.24408	0.15022	0.11403
V943	0.28213	0.2051	0.36643	0.14634
V944	0.04718	0.28927	0.147	0.51655
V945	0.36668	0.35546	0.10592	0.17194
V946	0.30881	0.29524	0.26234	0.13361
V947	0.09473	0.15033	0.24745	0.50748
V948	0.26316	0.13046	0.48688	0.1195
V949	0.04189	0.19288	0.22939	0.53585
V950	0.07098	0.46242	0.22312	0.24348
V951	0.57094	0.10699	0.21735	0.10473
V952	0.085	0.206	0.263	0.446
V953	0.07338	0.15327	0.6408	0.13255
V954	0.06056	0.23886	0.19276	0.50782
V955	0.10418	0.50393	0.10982	0.28207
V956	0.07392	0.1321	0.41277	0.38122
V957	0.22731	0.11495	0.11426	0.54347
V958	0.05227	0.11715	0.12307	0.70752
V959	0.18452	0.29319	0.36154	0.16075
V960	0.16865	0.29716	0.15602	0.37817
V961	0.12633	0.37077	0.30726	0.19564
V962	0.2595	0.23487	0.34517	0.16046
V963	0.39159	0.23258	0.21016	0.16566
V964	0.56843	0.11873	0.1819	0.13094
V965	0.07018	0.44056	0.21096	0.2783
V966	0.67198	0.10228	0.11591	0.10983
V967	0.08693	0.14595	0.41927	0.34785
V968	0.05497	0.22322	0.5647	0.15711
V969	0.04123	0.3013	0.13029	0.52717
V970	0.06963	0.20309	0.35389	0.37338
V971	0.34197	0.17395	0.31649	0.16759
V972	0.32859	0.25105	0.1387	0.28166
V973	0.19059	0.38993	0.15008	0.2694
V974	0.03694	0.62526	0.16747	0.17033
V975	0.1161	0.31241	0.46355	0.10794
V976	0.28849	0.28407	0.1782	0.24923
V977	0.23652	0.35624	0.30217	0.10507
V978	0.07778	0.17575	0.15404	0.59243
V979	0.5531	0.10903	0.23315	0.10471
V980	0.6942	0.09	0.1118	0.104
V981	0.2482	0.1331	0.37461	0.24409
V982	0.29146	0.38245	0.15207	0.17403
V983	0.45729	0.14619	0.11074	0.28577
V984	0.04322	0.66711	0.15462	0.13504
V985	0.07916	0.23951	0.1131	0.56822
V986	0.22434	0.46309	0.1262	0.18638
V987	0.17846	0.61981	0.08233	0.1194
V988	0.15931	0.11866	0.12589	0.59614
V989	0.30013	0.43358	0.14862	0.11767
V990	0.05621	0.15139	0.58013	0.21227
V991	0.43611	0.36022	0.09549	0.10819
V992	0.17512	0.11171	0.4256	0.28757
V993	0.07708	0.58987	0.19277	0.14028
V994	0.14699	0.63847	0.10229	0.11224
V995	0.48205	0.18346	0.13104	0.20345
V996	0.18879	0.19643	0.11785	0.49693
V997	0.07133	0.12368	0.60725	0.19774
V998	0.593	0.10328	0.16121	0.14251
V999	0.10434	0.70769	0.08049	0.10747
V1000	0.21544	0.12035	0.11537	0.54884
