CD14.pos.CD16.neg.classical.monocyte	mature.neutrophil	memory.B.cell	cytotoxic.CD56.dim.NK.cell	memory.CD4.pos.AB.T.cell	macrophage
V1	0.13348	0.02256	0.55808	0.02258	0.18907	0.07423
V2	0.4003	0.11398	0.04429	0.09308	0.25099	0.09737
V3	0.21713	0.07679	0.16265	0.03962	0.18341	0.32041
V4	0.21281	0.32377	0.03688	0.07418	0.23831	0.11405
V5	0.08759	0.06019	0.00772	0.40018	0.38781	0.05652
V6	0.21774	0.04835	0.13488	0.06049	0.27943	0.25912
V7	0.10923	0.28825	0.02727	0.03337	0.47556	0.06633
V8	0.46239	0.07092	0.0496	0.10415	0.1874	0.12555
V9	0.24646	0.14628	0.02472	0.19284	0.20779	0.1819
V10	0.33414	0.05827	0.05972	0.23776	0.21305	0.09707
V11	0.14776	0.50458	0.05147	0.03279	0.1899	0.07349
V12	0.2233	0.06554	0.06877	0.05364	0.18729	0.40146
V13	0.13455	0.36266	0.22332	0.02897	0.18095	0.06954
V14	0.12065	0.04269	0.01432	0.5373	0.22194	0.06311
V15	0.34898	0.08685	0.03396	0.10472	0.31496	0.11054
V16	0.1146	0.0398	0.01829	0.27961	0.42662	0.12108
V17	0.21365	0.06789	0.12663	0.04433	0.17849	0.36901
V18	0.47226	0.13092	0.05766	0.04855	0.17903	0.11159
V19	0.4014	0.06824	0.155	0.03535	0.23765	0.10236
V20	0.4193	0.07786	0.09352	0.10136	0.18563	0.12233
V21	0.22795	0.07332	0.04492	0.05338	0.2102	0.39022
V22	0.1809	0.07006	0.03105	0.07146	0.56079	0.08574
V23	0.10848	0.03258	0.24181	0.03206	0.52204	0.06303
V24	0.16064	0.04452	0.02424	0.10193	0.58189	0.08678
V25	0.33308	0.219	0.03509	0.10964	0.20796	0.09523
V26	0.23281	0.04909	0.03642	0.03388	0.57244	0.07537
V27	0.19761	0.05264	0.14515	0.04925	0.18592	0.36942
V28	0.14938	0.20039	0.12705	0.16855	0.20614	0.14849
V29	0.13859	0.40947	0.09412	0.06392	0.17602	0.11788
V30	0.21499	0.16789	0.10115	0.02942	0.32163	0.16491
V31	0.43234	0.05259	0.15689	0.05005	0.17848	0.12965
V32	0.08676	0.03331	0.23959	0.3551	0.20547	0.07976
V33	0.22062	0.29406	0.18148	0.03445	0.17334	0.09606
V34	0.07472	0.02063	0.35069	0.03563	0.44918	0.06914
V35	0.08682	0.06196	0.13314	0.35468	0.28969	0.07371
V36	0.14217	0.34552	0.10661	0.02638	0.30445	0.07488
V37	0.10848	0.02325	0.52277	0.02859	0.18668	0.13023
V38	0.21164	0.04965	0.12164	0.04649	0.17998	0.3906
V39	0.39774	0.0637	0.03763	0.20187	0.19232	0.10673
V40	0.13212	0.35644	0.03425	0.11439	0.25721	0.10559
V41	0.4471	0.06194	0.06029	0.04666	0.18504	0.19898
V42	0.22223	0.03506	0.37684	0.02712	0.21223	0.12652
V43	0.19952	0.29587	0.03643	0.04168	0.32472	0.10177
V44	0.15168	0.51007	0.04862	0.02943	0.17976	0.08045
V45	0.31062	0.2425	0.06743	0.04415	0.18638	0.14892
V46	0.12709	0.04323	0.02842	0.20283	0.41731	0.18112
V47	0.12809	0.30603	0.02818	0.11035	0.33647	0.09088
V48	0.12148	0.41022	0.15487	0.01935	0.22923	0.06485
V49	0.14379	0.48886	0.04594	0.02702	0.22271	0.07168
V50	0.08203	0.02689	0.19875	0.03338	0.56687	0.09208
V51	0.07464	0.03591	0.02729	0.03976	0.75817	0.06423
V52	0.12387	0.37477	0.1941	0.03879	0.19776	0.07071
V53	0.15587	0.03623	0.084	0.0476	0.61003	0.06628
V54	0.11895	0.09771	0.3939	0.05039	0.23815	0.10091
V55	0.0745	0.05504	0.09821	0.04611	0.66434	0.0618
V56	0.0769	0.03858	0.51423	0.08945	0.21815	0.06269
V57	0.18942	0.26773	0.05898	0.02997	0.25997	0.19394
V58	0.08875	0.01946	0.57917	0.03291	0.1914	0.0883
V59	0.10968	0.03723	0.00358	0.54781	0.24245	0.05925
V60	0.35117	0.04707	0.02943	0.28634	0.19814	0.08785
V61	0.26661	0.12342	0.03531	0.13568	0.22318	0.2158
V62	0.35649	0.06169	0.08197	0.10718	0.2421	0.15058
V63	0.16118	0.35456	0.04054	0.0749	0.18647	0.18235
V64	0.07804	0.10104	0.02604	0.02946	0.70432	0.06109
V65	0.36581	0.12848	0.05793	0.05075	0.20618	0.19085
V66	0.33421	0.05816	0.11305	0.04477	0.35776	0.09206
V67	0.12526	0.1246	0.22354	0.17753	0.19289	0.15617
V68	0.51305	0.06298	0.05824	0.0673	0.18121	0.11721
V69	0.38668	0.07252	0.04522	0.04623	0.19696	0.25239
V70	0.10038	0.03022	0.15839	0.3933	0.25585	0.06185
V71	0.12186	0.20087	0.044	0.088	0.41344	0.13184
V72	0.3859	0.11968	0.08833	0.04876	0.21728	0.14004
V73	0.1133	0.02878	0.06935	0.4889	0.23704	0.06263
V74	0.0934	0.12395	0.01356	0.49201	0.22216	0.05493
V75	0.13705	0.50849	0.04134	0.04153	0.19984	0.07176
V76	0.08438	0.01628	0.48471	0.03925	0.30729	0.06809
V77	0.14361	0.11772	0.08039	0.36114	0.20414	0.09299
V78	0.35294	0.11885	0.06973	0.11156	0.19066	0.15626
V79	0.17357	0.36572	0.0473	0.03006	0.17384	0.20951
V80	0.16767	0.381	0.0412	0.0338	0.18471	0.19161
V81	0.4442	0.11062	0.09326	0.04586	0.18915	0.11692
V82	0.13113	0.47093	0.04155	0.04852	0.23396	0.0739
V83	0.16488	0.12875	0.03014	0.27574	0.29713	0.10336
V84	0.26891	0.0452	0.07847	0.29536	0.2172	0.09487
V85	0.49552	0.05928	0.10226	0.04937	0.17924	0.11433
V86	0.22923	0.05909	0.10594	0.21788	0.20009	0.18778
V87	0.09087	0.04091	0.01832	0.55987	0.22564	0.06439
V88	0.14864	0.05594	0.01733	0.35149	0.24051	0.18609
V89	0.14508	0.13145	0.31511	0.03071	0.1782	0.19944
V90	0.14522	0.41724	0.11234	0.02683	0.21765	0.08071
V91	0.09515	0.04005	0.04958	0.0941	0.65085	0.07026
V92	0.07878	0.07589	0.03038	0.03581	0.71057	0.06858
V93	0.20743	0.08317	0.03343	0.09379	0.35594	0.22625
V94	0.08168	0.02828	0.18454	0.43518	0.2128	0.05752
V95	0.07239	0.03068	0.22335	0.0959	0.51868	0.05899
V96	0.13497	0.26913	0.03653	0.05201	0.37153	0.13583
V97	0.07416	0.04052	0.02988	0.07212	0.72354	0.05978
V98	0.10297	0.07766	0.00988	0.47293	0.2768	0.05976
V99	0.08914	0.04105	0.00763	0.57166	0.23283	0.05768
V100	0.08251	0.02466	0.32621	0.18794	0.29716	0.08152
V101	0.10128	0.24927	0.31437	0.07859	0.18568	0.07081
V102	0.48429	0.06428	0.1125	0.04813	0.17844	0.11236
V103	0.41617	0.06563	0.04812	0.13716	0.21909	0.11383
V104	0.09886	0.02415	0.15642	0.43232	0.22276	0.06548
V105	0.22063	0.05286	0.08797	0.04876	0.18065	0.40913
V106	0.12784	0.02456	0.42166	0.0273	0.18931	0.20933
V107	0.15178	0.40437	0.17791	0.02083	0.17546	0.06964
V108	0.18425	0.06625	0.05536	0.04684	0.32087	0.32643
V109	0.19251	0.05627	0.04107	0.04425	0.30792	0.35798
V110	0.1094	0.11758	0.48208	0.01889	0.18955	0.0825
V111	0.07838	0.0245	0.58934	0.0331	0.20492	0.06975
V112	0.11574	0.23352	0.00844	0.37321	0.20832	0.06078
V113	0.09022	0.07349	0.43883	0.04259	0.28591	0.06896
V114	0.15414	0.01946	0.44816	0.11279	0.19252	0.07294
V115	0.32103	0.09027	0.04836	0.0565	0.26798	0.21586
V116	0.50637	0.0619	0.05653	0.07753	0.18169	0.11598
V117	0.35701	0.05576	0.03457	0.09377	0.36473	0.09416
V118	0.12977	0.42672	0.0998	0.0414	0.2241	0.07821
V119	0.13967	0.49242	0.04887	0.04992	0.18359	0.08552
V120	0.13963	0.1564	0.0826	0.28312	0.26064	0.0776
V121	0.27483	0.05403	0.03235	0.20816	0.18585	0.24478
V122	0.24069	0.05146	0.01857	0.38628	0.2311	0.07189
V123	0.28507	0.059	0.03589	0.07086	0.27672	0.27246
V124	0.07664	0.0266	0.21372	0.03392	0.58473	0.06439
V125	0.10006	0.11243	0.44735	0.06002	0.18528	0.09486
V126	0.19012	0.20783	0.06929	0.04259	0.1814	0.30877
V127	0.10061	0.0146	0.53555	0.07874	0.20044	0.07006
V128	0.26205	0.19787	0.09803	0.12527	0.22831	0.08847
V129	0.07917	0.02501	0.55647	0.06703	0.2005	0.07182
V130	0.35127	0.12276	0.03551	0.18566	0.20845	0.09635
V131	0.10344	0.03669	0.04126	0.04369	0.65336	0.12156
V132	0.11424	0.31225	0.27917	0.01702	0.21021	0.0671
V133	0.11594	0.14079	0.38615	0.07062	0.2203	0.06619
V134	0.19868	0.40225	0.04338	0.0314	0.23388	0.09042
V135	0.11813	0.02414	0.49132	0.02305	0.22379	0.11957
V136	0.16251	0.43953	0.08303	0.03467	0.20252	0.07773
V137	0.10086	0.121	0.38029	0.03023	0.30633	0.06129
V138	0.16648	0.03967	0.02702	0.28264	0.25566	0.22853
V139	0.12301	0.06733	0.12119	0.03651	0.46099	0.19097
V140	0.37808	0.18462	0.06886	0.07889	0.18341	0.10614
V141	0.21862	0.20059	0.10424	0.18435	0.20673	0.08546
V142	0.17911	0.43657	0.0478	0.06112	0.1774	0.098
V143	0.11648	0.05648	0.42385	0.06854	0.25557	0.07907
V144	0.19856	0.15424	0.04095	0.11342	0.1853	0.30753
V145	0.0927	0.02981	0.01281	0.57475	0.22115	0.06879
V146	0.13971	0.04277	0.07112	0.03695	0.61274	0.09671
V147	0.33651	0.09465	0.10911	0.06705	0.17751	0.21516
V148	0.0914	0.12804	0.5086	0.01786	0.1844	0.0697
V149	0.17464	0.33674	0.03488	0.04687	0.17465	0.23221
V150	0.09325	0.03063	0.00325	0.56898	0.24524	0.05865
V151	0.18413	0.28925	0.03501	0.03913	0.1914	0.26107
V152	0.12264	0.17166	0.29982	0.04296	0.2713	0.09163
V153	0.0781	0.04068	0.42426	0.17667	0.21623	0.06406
V154	0.32099	0.18204	0.0479	0.04021	0.17639	0.23247
V155	0.12237	0.25761	0.08227	0.02134	0.43157	0.08483
V156	0.10355	0.32982	0.03325	0.02185	0.45155	0.05998
V157	0.16638	0.11164	0.0488	0.20445	0.19773	0.271
V158	0.09019	0.05023	0.57575	0.02095	0.18984	0.07304
V159	0.16391	0.17528	0.23614	0.12786	0.21295	0.08386
V160	0.09223	0.01429	0.57585	0.02776	0.19054	0.09933
V161	0.11407	0.3375	0.01905	0.21657	0.25385	0.05897
V162	0.124	0.36172	0.02564	0.09577	0.3187	0.07417
V163	0.08858	0.01298	0.60676	0.02342	0.19301	0.07524
V164	0.10349	0.24555	0.25904	0.08523	0.24056	0.06613
V165	0.0985	0.04816	0.04646	0.04251	0.65806	0.10631
V166	0.1309	0.04562	0.01967	0.1232	0.48335	0.19727
V167	0.08389	0.01944	0.28432	0.32646	0.22329	0.06261
V168	0.42224	0.05979	0.04079	0.18478	0.18498	0.10741
V169	0.08944	0.02095	0.46551	0.14696	0.2034	0.07374
V170	0.30835	0.06102	0.09029	0.21327	0.23731	0.08976
V171	0.19733	0.32169	0.04676	0.03107	0.18479	0.21835
V172	0.12647	0.06629	0.36745	0.13154	0.19531	0.11292
V173	0.09716	0.02836	0.52747	0.0222	0.19957	0.12523
V174	0.39242	0.1141	0.04671	0.04231	0.30756	0.09689
V175	0.15054	0.41944	0.11265	0.03205	0.2131	0.07221
V176	0.078	0.01268	0.60357	0.02877	0.20608	0.0709
V177	0.16261	0.08349	0.23416	0.04506	0.29988	0.1748
V178	0.08586	0.05847	0.04699	0.03102	0.7077	0.06995
V179	0.10806	0.03229	0.03397	0.41383	0.27993	0.13193
V180	0.22508	0.04076	0.14017	0.27238	0.1927	0.12891
V181	0.34735	0.11842	0.07739	0.07537	0.22556	0.15592
V182	0.0892	0.07071	0.51388	0.05939	0.18948	0.07734
V183	0.09828	0.03019	0.00759	0.58316	0.22177	0.05901
V184	0.28295	0.28416	0.04279	0.04542	0.25482	0.08987
V185	0.16747	0.35212	0.04757	0.03025	0.2637	0.13887
V186	0.07651	0.0157	0.4124	0.2258	0.20867	0.06093
V187	0.24008	0.33375	0.03712	0.03764	0.26969	0.08171
V188	0.18216	0.38416	0.04168	0.0442	0.17484	0.17295
V189	0.09569	0.07468	0.13665	0.04344	0.53143	0.11812
V190	0.10903	0.14881	0.02996	0.0382	0.54298	0.13102
V191	0.16509	0.38526	0.03663	0.03423	0.18466	0.19413
V192	0.34867	0.18329	0.09647	0.04975	0.21629	0.10553
V193	0.21197	0.12684	0.04389	0.05033	0.18547	0.3815
V194	0.08205	0.04611	0.038	0.0993	0.66549	0.06905
V195	0.08053	0.01561	0.48376	0.07997	0.27288	0.06726
V196	0.08911	0.02949	0.0192	0.55084	0.2498	0.06156
V197	0.18177	0.03979	0.04468	0.03814	0.61903	0.07659
V198	0.15418	0.28298	0.05004	0.11148	0.3272	0.07411
V199	0.09776	0.17442	0.08965	0.0852	0.48923	0.06374
V200	0.11724	0.02556	0.38379	0.16434	0.20023	0.10884
V201	0.09849	0.03067	0.00212	0.57607	0.22035	0.0723
V202	0.13488	0.06589	0.29714	0.04983	0.28314	0.16913
V203	0.37256	0.06691	0.03341	0.24256	0.18949	0.09508
V204	0.21114	0.07884	0.05677	0.14178	0.18907	0.3224
V205	0.08294	0.02451	0.59601	0.03305	0.19308	0.07041
V206	0.09059	0.05664	0.07977	0.48002	0.23661	0.05636
V207	0.2851	0.15749	0.05427	0.17907	0.20051	0.12356
V208	0.27828	0.08553	0.27748	0.05758	0.21544	0.0857
V209	0.24586	0.32851	0.03809	0.0515	0.18076	0.15528
V210	0.13373	0.02922	0.55232	0.02231	0.18851	0.07391
V211	0.3451	0.06806	0.10276	0.04198	0.28108	0.16103
V212	0.10184	0.19595	0.15064	0.25272	0.23239	0.06645
V213	0.09887	0.07002	0.19847	0.04124	0.52779	0.0636
V214	0.47284	0.07116	0.06294	0.07509	0.20423	0.11374
V215	0.16549	0.40866	0.03622	0.0484	0.1748	0.16643
V216	0.16653	0.33186	0.21607	0.02573	0.18652	0.07331
V217	0.2118	0.04328	0.0567	0.08973	0.36537	0.23313
V218	0.12772	0.23477	0.01514	0.3507	0.21285	0.05882
V219	0.47256	0.0624	0.06197	0.0467	0.18534	0.17104
V220	0.13931	0.03833	0.01509	0.525	0.21403	0.06823
V221	0.16426	0.45126	0.05649	0.06946	0.18379	0.07473
V222	0.1297	0.21012	0.04756	0.11553	0.41974	0.07736
V223	0.15111	0.22784	0.19745	0.03183	0.18995	0.20182
V224	0.07557	0.02387	0.28726	0.02608	0.52546	0.06175
V225	0.25215	0.06234	0.05277	0.05483	0.18194	0.39597
V226	0.22134	0.06519	0.15603	0.19969	0.26433	0.09342
V227	0.39503	0.05352	0.03938	0.17501	0.18968	0.14737
V228	0.15594	0.17289	0.32025	0.0556	0.20314	0.09218
V229	0.16595	0.03257	0.25686	0.17959	0.27996	0.08507
V230	0.10812	0.11699	0.48771	0.02406	0.18417	0.07895
V231	0.11456	0.04264	0.00904	0.53977	0.23474	0.05924
V232	0.29933	0.05495	0.02728	0.21317	0.19157	0.21371
V233	0.4766	0.06513	0.06289	0.08119	0.1929	0.12128
V234	0.31095	0.04783	0.03464	0.04599	0.4681	0.0925
V235	0.12945	0.03189	0.0204	0.52391	0.22663	0.06771
V236	0.11769	0.03252	0.14647	0.04112	0.51372	0.14847
V237	0.08182	0.01347	0.54297	0.08522	0.20773	0.06879
V238	0.38852	0.05483	0.06741	0.09307	0.20343	0.19274
V239	0.34259	0.06422	0.10379	0.11647	0.26243	0.1105
V240	0.08811	0.18587	0.02153	0.09772	0.54798	0.05879
V241	0.35745	0.14837	0.03889	0.14268	0.21141	0.10119
V242	0.25083	0.07738	0.05513	0.14449	0.23952	0.23265
V243	0.10883	0.26714	0.31385	0.04464	0.20036	0.06518
V244	0.16326	0.05383	0.03362	0.03426	0.537	0.17803
V245	0.4414	0.06207	0.05426	0.04663	0.19071	0.20493
V246	0.08459	0.05584	0.16355	0.25436	0.37858	0.06309
V247	0.25669	0.09967	0.03473	0.15096	0.19391	0.26404
V248	0.21033	0.05876	0.02197	0.16877	0.44887	0.09129
V249	0.21096	0.13411	0.26781	0.07748	0.18032	0.12932
V250	0.09518	0.0413	0.0074	0.57439	0.2204	0.06133
V251	0.12556	0.37693	0.11714	0.12667	0.18525	0.06845
V252	0.08873	0.03475	0.03023	0.53351	0.24841	0.06436
V253	0.14221	0.07484	0.02024	0.27828	0.27947	0.20496
V254	0.11493	0.19715	0.0688	0.14032	0.39257	0.08623
V255	0.27148	0.23087	0.07939	0.06817	0.21627	0.13383
V256	0.14038	0.50893	0.04232	0.03274	0.19445	0.08117
V257	0.12491	0.29348	0.04746	0.03857	0.40369	0.0919
V258	0.10641	0.17647	0.10184	0.3513	0.19723	0.06676
V259	0.11711	0.36841	0.23388	0.02785	0.17556	0.07719
V260	0.14057	0.06325	0.03689	0.0426	0.59841	0.11827
V261	0.33241	0.06262	0.0582	0.06104	0.3194	0.16634
V262	0.11746	0.02208	0.53262	0.0277	0.2316	0.06854
V263	0.09138	0.0535	0.429	0.15285	0.20129	0.07197
V264	0.37318	0.06416	0.10476	0.0615	0.21989	0.1765
V265	0.09157	0.03632	0.0265	0.04951	0.73143	0.06467
V266	0.2475	0.08047	0.05115	0.05321	0.18659	0.38108
V267	0.19741	0.43209	0.03908	0.07181	0.18371	0.0759
V268	0.50827	0.06402	0.05423	0.05238	0.18027	0.14083
V269	0.10073	0.05711	0.08635	0.46682	0.2284	0.06059
V270	0.2382	0.33446	0.05221	0.03735	0.25309	0.08469
V271	0.16855	0.12236	0.19044	0.04524	0.18838	0.28503
V272	0.08983	0.03582	0.02322	0.08437	0.6724	0.09436
V273	0.10409	0.03506	0.05549	0.08331	0.63662	0.08544
V274	0.19242	0.05127	0.13647	0.07599	0.18765	0.3562
V275	0.41143	0.16991	0.05238	0.05049	0.18303	0.13275
V276	0.18824	0.20751	0.08097	0.08222	0.20575	0.23531
V277	0.32829	0.06749	0.04477	0.04799	0.26784	0.24363
V278	0.15479	0.10826	0.08144	0.17692	0.40116	0.07742
V279	0.20997	0.07433	0.16079	0.072	0.19159	0.29131
V280	0.14473	0.03325	0.01018	0.52019	0.21891	0.07273
V281	0.14071	0.50031	0.05955	0.04571	0.17918	0.07453
V282	0.08535	0.05843	0.029	0.07117	0.69	0.06605
V283	0.1036	0.30945	0.02763	0.0275	0.46605	0.06577
V284	0.11417	0.08906	0.21985	0.23522	0.22206	0.11964
V285	0.09531	0.04143	0.00259	0.57324	0.22609	0.06135
V286	0.40449	0.06841	0.08917	0.15324	0.18384	0.10085
V287	0.08631	0.04025	0.04439	0.08327	0.66211	0.08366
V288	0.18623	0.22114	0.0432	0.03931	0.25624	0.25388
V289	0.08208	0.07089	0.48759	0.08279	0.20831	0.06835
V290	0.08603	0.02367	0.15482	0.44845	0.21864	0.06839
V291	0.10495	0.04817	0.00273	0.55528	0.22377	0.0651
V292	0.16268	0.08863	0.02052	0.38048	0.28139	0.0663
V293	0.07651	0.06362	0.04662	0.03598	0.71189	0.06538
V294	0.33553	0.06982	0.03646	0.04834	0.36623	0.14362
V295	0.25559	0.05689	0.0533	0.04993	0.18818	0.39611
V296	0.12292	0.27284	0.07444	0.1899	0.22419	0.11571
V297	0.21835	0.09846	0.03979	0.05316	0.18756	0.40268
V298	0.13265	0.46603	0.12814	0.02758	0.17694	0.06867
V299	0.15707	0.07029	0.48064	0.02693	0.19155	0.07353
V300	0.42552	0.12395	0.06932	0.04722	0.17754	0.15645
V301	0.32069	0.28717	0.07589	0.04212	0.18158	0.09256
V302	0.10505	0.21006	0.05336	0.33391	0.23114	0.06649
V303	0.12876	0.43767	0.07525	0.03152	0.25481	0.07199
V304	0.08685	0.03579	0.04267	0.03294	0.73695	0.0648
V305	0.11998	0.03628	0.12825	0.29763	0.25929	0.15858
V306	0.31511	0.11823	0.04217	0.05018	0.17856	0.29574
V307	0.16566	0.04576	0.03267	0.04406	0.60906	0.1028
V308	0.08978	0.03565	0.00247	0.58511	0.22875	0.05823
V309	0.11708	0.36484	0.02325	0.24189	0.18725	0.06569
V310	0.15192	0.27411	0.19443	0.02946	0.18348	0.16661
V311	0.35678	0.06055	0.05015	0.05329	0.18001	0.29922
V312	0.14713	0.04186	0.01567	0.25152	0.46696	0.07686
V313	0.28208	0.0627	0.03995	0.07614	0.18162	0.35751
V314	0.21643	0.04296	0.01558	0.44492	0.2108	0.06931
V315	0.18778	0.43398	0.0453	0.02732	0.21236	0.09325
V316	0.25375	0.05923	0.04757	0.09186	0.19424	0.35335
V317	0.12888	0.03373	0.0118	0.45547	0.23686	0.13326
V318	0.09127	0.03479	0.0239	0.56185	0.21995	0.06823
V319	0.26472	0.15179	0.18573	0.11478	0.18654	0.09644
V320	0.21244	0.15465	0.23508	0.09512	0.18582	0.1169
V321	0.12619	0.4154	0.02432	0.18182	0.1897	0.06256
V322	0.10323	0.03491	0.08179	0.04251	0.61506	0.12251
V323	0.10989	0.21711	0.01374	0.25323	0.34586	0.06016
V324	0.13493	0.06157	0.04611	0.16354	0.44222	0.15164
V325	0.16585	0.49065	0.05792	0.02879	0.17853	0.07826
V326	0.19507	0.45153	0.05196	0.02884	0.19223	0.08036
V327	0.12374	0.01596	0.57338	0.02261	0.19028	0.07403
V328	0.17602	0.15956	0.14259	0.1122	0.33652	0.07311
V329	0.08061	0.01966	0.38389	0.02441	0.41778	0.07366
V330	0.08348	0.01306	0.59533	0.02861	0.20526	0.07427
V331	0.40948	0.09708	0.07571	0.09008	0.18445	0.14318
V332	0.13788	0.08133	0.12254	0.03652	0.42093	0.2008
V333	0.08725	0.03098	0.31169	0.23804	0.25457	0.07748
V334	0.10312	0.28506	0.27899	0.08902	0.18009	0.06372
V335	0.14573	0.03219	0.49254	0.02898	0.18578	0.11478
V336	0.26117	0.3774	0.05956	0.03017	0.18167	0.09003
V337	0.11823	0.1516	0.06379	0.0305	0.57507	0.06081
V338	0.42813	0.05517	0.07122	0.04503	0.28007	0.12038
V339	0.13951	0.08302	0.26929	0.18419	0.20783	0.11616
V340	0.3773	0.20906	0.04328	0.06312	0.19384	0.1134
V341	0.21648	0.06164	0.03957	0.37579	0.2304	0.07613
V342	0.1273	0.03969	0.01765	0.4333	0.24126	0.14079
V343	0.20939	0.14584	0.11038	0.05392	0.18773	0.29274
V344	0.1345	0.40601	0.03095	0.03839	0.27717	0.11298
V345	0.078	0.03574	0.03199	0.03955	0.75341	0.06131
V346	0.16035	0.04142	0.02447	0.29086	0.40126	0.08163
V347	0.31624	0.12804	0.04934	0.08361	0.33074	0.09203
V348	0.14167	0.10293	0.42974	0.03122	0.22004	0.0744
V349	0.43119	0.09722	0.06954	0.09475	0.2044	0.1029
V350	0.29836	0.06823	0.11155	0.17922	0.18488	0.15776
V351	0.25056	0.09652	0.06478	0.06001	0.19106	0.33707
V352	0.14338	0.24826	0.0341	0.02799	0.35804	0.18824
V353	0.09025	0.12752	0.51352	0.01797	0.18456	0.06617
V354	0.16766	0.06736	0.1771	0.03018	0.37541	0.18229
V355	0.08189	0.03111	0.59974	0.0275	0.19288	0.06688
V356	0.33717	0.12229	0.05214	0.17494	0.20109	0.11237
V357	0.23089	0.03831	0.28427	0.03887	0.31996	0.08769
V358	0.21499	0.05172	0.07937	0.06878	0.18794	0.3972
V359	0.16278	0.08898	0.01402	0.40589	0.25147	0.07686
V360	0.32408	0.04752	0.03462	0.16025	0.32673	0.1068
V361	0.14027	0.51695	0.04327	0.03764	0.18569	0.07618
V362	0.12325	0.36496	0.04012	0.21984	0.19137	0.06047
V363	0.43081	0.09222	0.08012	0.03926	0.23643	0.12116
V364	0.18806	0.16616	0.04286	0.05908	0.24896	0.29488
V365	0.29054	0.2844	0.03944	0.11632	0.17977	0.08952
V366	0.1365	0.18359	0.31694	0.05944	0.22843	0.0751
V367	0.09605	0.03071	0.01869	0.39003	0.38903	0.07548
V368	0.17093	0.13179	0.08299	0.05847	0.26957	0.28625
V369	0.09535	0.05409	0.02177	0.07194	0.66217	0.09468
V370	0.09982	0.06795	0.42844	0.11063	0.20209	0.09108
V371	0.13667	0.19835	0.01636	0.32983	0.19094	0.12786
V372	0.13961	0.42765	0.03343	0.03859	0.26586	0.09487
V373	0.46796	0.06878	0.05175	0.04774	0.18001	0.18376
V374	0.18086	0.03463	0.17246	0.32822	0.21724	0.0666
V375	0.28215	0.04631	0.16025	0.06668	0.34912	0.0955
V376	0.18825	0.07881	0.04599	0.11759	0.23186	0.33749
V377	0.10369	0.0308	0.28586	0.02503	0.48045	0.07417
V378	0.20167	0.08866	0.15613	0.03806	0.20058	0.3149
V379	0.32912	0.05928	0.12432	0.04256	0.17767	0.26704
V380	0.07624	0.05756	0.04634	0.04207	0.71224	0.06555
V381	0.25627	0.05218	0.2205	0.19877	0.19569	0.07659
V382	0.08093	0.05117	0.02453	0.15716	0.62529	0.06091
V383	0.18449	0.05177	0.2733	0.21004	0.205	0.07541
V384	0.10082	0.02689	0.54788	0.03264	0.22122	0.07055
V385	0.23641	0.06167	0.05866	0.05	0.1824	0.41086
V386	0.37424	0.06437	0.2025	0.03954	0.21306	0.10629
V387	0.20755	0.04095	0.04324	0.43497	0.2049	0.06839
V388	0.45166	0.07878	0.13983	0.03924	0.1831	0.10737
V389	0.29057	0.10561	0.04696	0.04557	0.18498	0.32632
V390	0.11828	0.05669	0.01012	0.47469	0.23137	0.10885
V391	0.10383	0.03718	0.01869	0.38667	0.3707	0.08293
V392	0.13108	0.05274	0.32338	0.09858	0.18539	0.20882
V393	0.12521	0.12357	0.26801	0.06538	0.26799	0.14985
V394	0.09229	0.02954	0.02487	0.53738	0.25448	0.06145
V395	0.07873	0.04898	0.58899	0.0264	0.19151	0.06539
V396	0.33422	0.08271	0.03026	0.24691	0.22035	0.08556
V397	0.2018	0.16169	0.05729	0.04556	0.20579	0.32787
V398	0.13972	0.42134	0.04316	0.03777	0.28212	0.07589
V399	0.0854	0.01365	0.56465	0.05088	0.20499	0.08043
V400	0.16734	0.06026	0.01771	0.28736	0.19785	0.26948
V401	0.15266	0.03457	0.43551	0.02929	0.25253	0.09545
V402	0.12289	0.03757	0.00873	0.54421	0.21603	0.07058
V403	0.15952	0.04416	0.03523	0.06292	0.4125	0.28566
V404	0.08154	0.01843	0.6148	0.02344	0.19378	0.06801
V405	0.26517	0.25643	0.09021	0.05946	0.2452	0.08354
V406	0.17634	0.07581	0.14243	0.09119	0.29546	0.21876
V407	0.11966	0.0316	0.48738	0.02352	0.19149	0.14635
V408	0.11463	0.09792	0.02552	0.45677	0.2049	0.10026
V409	0.50639	0.08147	0.05508	0.04713	0.17998	0.12996
V410	0.51546	0.07006	0.05494	0.04719	0.19105	0.1213
V411	0.18841	0.0525	0.03103	0.20429	0.18721	0.33656
V412	0.36028	0.1592	0.07944	0.0615	0.2472	0.09237
V413	0.09628	0.10025	0.02445	0.49171	0.2284	0.05891
V414	0.13806	0.07532	0.01933	0.39228	0.30743	0.06757
V415	0.10311	0.02941	0.22992	0.2675	0.2665	0.10357
V416	0.10724	0.12714	0.02109	0.18722	0.44957	0.10773
V417	0.22881	0.0483	0.08008	0.11979	0.1832	0.33982
V418	0.08458	0.07182	0.28442	0.10592	0.37292	0.08035
V419	0.22426	0.07517	0.04167	0.05033	0.18868	0.41988
V420	0.23221	0.05696	0.04191	0.05652	0.18985	0.42254
V421	0.09776	0.06377	0.06063	0.07532	0.62898	0.07355
V422	0.19359	0.22422	0.03044	0.03136	0.44746	0.07293
V423	0.11769	0.1328	0.0045	0.47159	0.21274	0.06067
V424	0.45803	0.1122	0.05812	0.07966	0.18022	0.11178
V425	0.07892	0.10101	0.03543	0.02913	0.69126	0.06426
V426	0.19258	0.0708	0.15035	0.04725	0.18447	0.35455
V427	0.32362	0.12011	0.12145	0.11439	0.19738	0.12305
V428	0.23117	0.04414	0.01122	0.43895	0.20357	0.07096
V429	0.08419	0.03898	0.07786	0.38454	0.3472	0.06721
V430	0.10498	0.06967	0.38279	0.14815	0.20349	0.09093
V431	0.07688	0.01832	0.60373	0.0394	0.19475	0.06691
V432	0.10919	0.31023	0.02873	0.28907	0.20193	0.06086
V433	0.09332	0.02912	0.02945	0.56833	0.22114	0.05863
V434	0.09793	0.21348	0.12056	0.31463	0.19489	0.0585
V435	0.10315	0.03815	0.03157	0.03421	0.64582	0.14711
V436	0.47721	0.1199	0.05712	0.05414	0.17973	0.1119
V437	0.19861	0.20536	0.20962	0.03518	0.24755	0.10369
V438	0.11814	0.27836	0.03047	0.05997	0.44617	0.06689
V439	0.0774	0.03845	0.0936	0.03124	0.69601	0.06329
V440	0.15428	0.05888	0.28867	0.0616	0.31682	0.11975
V441	0.12202	0.06993	0.31996	0.12236	0.19863	0.1671
V442	0.30521	0.11991	0.14183	0.07222	0.21332	0.14751
V443	0.09537	0.02896	0.04213	0.52138	0.24021	0.07195
V444	0.42858	0.07489	0.06556	0.05724	0.23831	0.13541
V445	0.51876	0.06966	0.06611	0.04702	0.17995	0.11849
V446	0.12333	0.3661	0.20111	0.0337	0.19176	0.08401
V447	0.18848	0.18849	0.02517	0.15531	0.21618	0.22636
V448	0.0899	0.02644	0.56229	0.02231	0.23232	0.06675
V449	0.36981	0.06761	0.04076	0.21448	0.18673	0.12061
V450	0.12258	0.02449	0.46012	0.02295	0.2989	0.07096
V451	0.13264	0.05647	0.1217	0.12102	0.50245	0.06572
V452	0.15421	0.05025	0.03639	0.31172	0.23161	0.21583
V453	0.25407	0.02944	0.34728	0.09777	0.19228	0.07916
V454	0.18804	0.06998	0.08194	0.38091	0.20636	0.07277
V455	0.16451	0.47601	0.06023	0.0413	0.17805	0.07991
V456	0.47276	0.06019	0.07111	0.04903	0.20828	0.13864
V457	0.20092	0.0558	0.04003	0.04877	0.3203	0.33418
V458	0.10826	0.02456	0.29077	0.03159	0.43341	0.11142
V459	0.08645	0.02821	0.39595	0.22707	0.20132	0.061
V460	0.27453	0.0769	0.18369	0.11482	0.20586	0.14419
V461	0.23041	0.06421	0.02623	0.30509	0.2812	0.09286
V462	0.0824	0.01322	0.58718	0.03349	0.19897	0.08474
V463	0.07421	0.05194	0.03505	0.05983	0.71981	0.05915
V464	0.15427	0.48357	0.04524	0.04109	0.20337	0.07246
V465	0.27415	0.09155	0.29695	0.02754	0.20839	0.10142
V466	0.12668	0.04346	0.01572	0.48018	0.25972	0.07424
V467	0.52323	0.06488	0.06105	0.04773	0.18042	0.12269
V468	0.26507	0.102	0.08222	0.18546	0.28538	0.07986
V469	0.09407	0.09958	0.44135	0.07757	0.19328	0.09413
V470	0.37986	0.05661	0.06444	0.08229	0.31527	0.10153
V471	0.11153	0.15639	0.35803	0.0605	0.21099	0.10256
V472	0.13348	0.34658	0.02894	0.04325	0.36147	0.08628
V473	0.1444	0.52125	0.04926	0.02996	0.18062	0.07452
V474	0.11315	0.02151	0.2536	0.33651	0.21061	0.06461
V475	0.1166	0.12043	0.19643	0.1358	0.35662	0.07412
V476	0.32916	0.06292	0.03661	0.16321	0.21346	0.19464
V477	0.15396	0.38227	0.06665	0.08155	0.19243	0.12314
V478	0.08751	0.02008	0.56469	0.0329	0.19646	0.09836
V479	0.10786	0.0979	0.48276	0.02468	0.21549	0.07131
V480	0.09601	0.18589	0.02026	0.21966	0.41953	0.05865
V481	0.28785	0.0989	0.10178	0.07732	0.33457	0.09958
V482	0.3679	0.06039	0.05617	0.05274	0.17985	0.28296
V483	0.13603	0.50211	0.08025	0.03123	0.17895	0.07143
V484	0.47469	0.05806	0.09448	0.0417	0.21358	0.1175
V485	0.2167	0.10568	0.32595	0.07089	0.1879	0.09288
V486	0.18731	0.02332	0.44414	0.04826	0.1858	0.11117
V487	0.10068	0.25328	0.03114	0.02754	0.52219	0.06517
V488	0.23632	0.3973	0.05124	0.05395	0.17763	0.08356
V489	0.45771	0.06895	0.0987	0.04615	0.21352	0.11498
V490	0.23076	0.07892	0.03689	0.08009	0.19943	0.37392
V491	0.12889	0.19899	0.24277	0.01999	0.32852	0.08085
V492	0.1771	0.05773	0.1652	0.08795	0.23727	0.27474
V493	0.46231	0.1362	0.05041	0.05868	0.17949	0.1129
V494	0.16844	0.0551	0.24193	0.05342	0.18073	0.30037
V495	0.21515	0.34304	0.15087	0.03399	0.18097	0.07598
V496	0.19268	0.11142	0.20868	0.02699	0.3142	0.14602
V497	0.09314	0.15367	0.1276	0.04522	0.51924	0.06113
V498	0.12743	0.08718	0.23771	0.23273	0.23564	0.07931
V499	0.13618	0.41004	0.12579	0.06191	0.18755	0.07854
V500	0.32043	0.15844	0.07459	0.06586	0.273	0.10767
V501	0.1571	0.49002	0.04161	0.04187	0.18373	0.08568
V502	0.08194	0.0391	0.02329	0.19254	0.59839	0.06473
V503	0.15538	0.23826	0.03376	0.31226	0.19816	0.06219
V504	0.14919	0.49107	0.07144	0.02714	0.18845	0.07271
V505	0.085	0.019	0.32254	0.2631	0.22516	0.0852
V506	0.27672	0.05477	0.05298	0.13502	0.226	0.25451
V507	0.22575	0.05685	0.04216	0.05157	0.19561	0.42805
V508	0.13176	0.37191	0.05871	0.0736	0.29456	0.06947
V509	0.10386	0.03681	0.01014	0.50378	0.287	0.05842
V510	0.51575	0.06421	0.05466	0.04727	0.19679	0.12131
V511	0.21091	0.05377	0.02716	0.19218	0.19183	0.32414
V512	0.12336	0.15579	0.38962	0.03582	0.19824	0.09716
V513	0.08202	0.03981	0.17135	0.06184	0.58223	0.06275
V514	0.14604	0.46983	0.07922	0.02524	0.17583	0.10384
V515	0.14023	0.27343	0.01845	0.29754	0.18977	0.08058
V516	0.07911	0.04532	0.51753	0.02632	0.26107	0.07065
V517	0.07492	0.02161	0.27062	0.16835	0.40169	0.06281
V518	0.26178	0.27054	0.05353	0.09452	0.20582	0.1138
V519	0.18338	0.35759	0.03654	0.08005	0.18185	0.16059
V520	0.40762	0.10999	0.05666	0.10719	0.17956	0.13897
V521	0.1222	0.03735	0.03165	0.04364	0.68761	0.07755
V522	0.27951	0.1599	0.045	0.05017	0.3083	0.15712
V523	0.28968	0.15402	0.07107	0.12625	0.18522	0.17376
V524	0.11077	0.03412	0.06413	0.13755	0.5305	0.12293
V525	0.32618	0.05619	0.07192	0.05723	0.17909	0.30938
V526	0.12866	0.44803	0.09668	0.02666	0.23327	0.0667
V527	0.25863	0.03707	0.3741	0.03291	0.21217	0.08512
V528	0.4812	0.0573	0.11797	0.04758	0.1842	0.11174
V529	0.13264	0.07971	0.02083	0.47419	0.22617	0.06646
V530	0.13527	0.17003	0.23246	0.09925	0.22906	0.13393
V531	0.51957	0.07032	0.05528	0.05239	0.1805	0.12194
V532	0.14524	0.03149	0.05292	0.41469	0.28687	0.0688
V533	0.14597	0.03226	0.20265	0.04838	0.37404	0.1967
V534	0.1235	0.03477	0.01378	0.4036	0.26508	0.15926
V535	0.34708	0.06828	0.16707	0.1213	0.18824	0.10802
V536	0.08422	0.01445	0.4809	0.13564	0.19642	0.08837
V537	0.12968	0.39654	0.02765	0.17983	0.18834	0.07797
V538	0.1687	0.04285	0.02418	0.28316	0.19202	0.2891
V539	0.09708	0.03038	0.01569	0.47808	0.30995	0.06881
V540	0.24384	0.04136	0.24222	0.0408	0.32464	0.10714
V541	0.10761	0.19113	0.01176	0.39987	0.2166	0.07303
V542	0.11676	0.37138	0.03582	0.18155	0.22846	0.06602
V543	0.07588	0.01766	0.42697	0.04024	0.36933	0.06992
V544	0.21755	0.07276	0.04338	0.06897	0.20002	0.39734
V545	0.11678	0.39992	0.07774	0.03549	0.30113	0.06895
V546	0.37389	0.08646	0.03574	0.20053	0.20391	0.09947
V547	0.11751	0.08873	0.01217	0.28691	0.39326	0.10142
V548	0.22543	0.06884	0.04204	0.05082	0.18914	0.42374
V549	0.14473	0.02146	0.41787	0.08383	0.20684	0.12526
V550	0.08155	0.03096	0.25091	0.02659	0.54525	0.06474
V551	0.18883	0.08316	0.06157	0.11563	0.245	0.3058
V552	0.10168	0.05402	0.11592	0.21517	0.4265	0.08672
V553	0.48252	0.05947	0.07054	0.06536	0.20347	0.11865
V554	0.14647	0.49243	0.05562	0.02755	0.18232	0.0956
V555	0.29049	0.04756	0.0434	0.20821	0.18567	0.22467
V556	0.1143	0.02602	0.31134	0.26334	0.21239	0.07262
V557	0.15898	0.45232	0.09399	0.02956	0.18111	0.08404
V558	0.30258	0.16783	0.03899	0.11607	0.17861	0.19592
V559	0.07577	0.03437	0.02267	0.12862	0.67587	0.06269
V560	0.4342	0.07632	0.05573	0.05276	0.23766	0.14334
V561	0.07758	0.02407	0.6145	0.02312	0.19335	0.06739
V562	0.34164	0.19078	0.07217	0.08367	0.18254	0.12921
V563	0.2211	0.05441	0.03783	0.09462	0.18427	0.40777
V564	0.17633	0.09746	0.0316	0.04471	0.34975	0.30015
V565	0.22581	0.0568	0.04753	0.05148	0.18988	0.4285
V566	0.2098	0.11314	0.05052	0.07537	0.20357	0.34761
V567	0.27172	0.22381	0.03214	0.17723	0.1996	0.09549
V568	0.10391	0.03606	0.03607	0.05462	0.70703	0.06231
V569	0.44908	0.08486	0.04716	0.06634	0.18566	0.1669
V570	0.42305	0.13961	0.06588	0.07658	0.18502	0.10987
V571	0.08899	0.16128	0.45053	0.02775	0.20662	0.06484
V572	0.08581	0.02048	0.54017	0.0333	0.25078	0.06945
V573	0.18937	0.45901	0.04733	0.0289	0.19249	0.0829
V574	0.15631	0.03268	0.27435	0.06318	0.20652	0.26695
V575	0.13678	0.40814	0.07597	0.1001	0.18847	0.09054
V576	0.25592	0.11269	0.04292	0.03075	0.47679	0.08093
V577	0.2671	0.07587	0.03574	0.07349	0.44056	0.10724
V578	0.10315	0.03815	0.03157	0.03421	0.64582	0.14711
V579	0.10077	0.04607	0.13419	0.19435	0.46251	0.06211
V580	0.14977	0.04532	0.07081	0.28083	0.35389	0.09938
V581	0.41416	0.07654	0.0929	0.08779	0.22892	0.09969
V582	0.41226	0.05977	0.04669	0.16758	0.18984	0.12386
V583	0.13352	0.064	0.2284	0.03005	0.3248	0.21923
V584	0.14188	0.04999	0.02066	0.25793	0.36299	0.16656
V585	0.13308	0.3067	0.18235	0.07503	0.18679	0.11606
V586	0.18727	0.44874	0.07097	0.03226	0.18177	0.079
V587	0.21068	0.03527	0.2091	0.26258	0.20116	0.08122
V588	0.10127	0.03556	0.03009	0.5499	0.22466	0.05852
V589	0.13953	0.20685	0.2084	0.07537	0.18291	0.18694
V590	0.15719	0.05847	0.26633	0.07902	0.18847	0.25052
V591	0.45438	0.05604	0.06361	0.13224	0.18818	0.10554
V592	0.12401	0.24191	0.07598	0.27652	0.21987	0.06171
V593	0.09404	0.03566	0.00732	0.58282	0.22174	0.05842
V594	0.14772	0.03549	0.02414	0.42511	0.20873	0.15882
V595	0.13125	0.20994	0.05463	0.1076	0.33303	0.16355
V596	0.09017	0.18	0.03239	0.07478	0.5661	0.05657
V597	0.29344	0.04598	0.04991	0.04	0.4877	0.08297
V598	0.49905	0.08667	0.05415	0.04635	0.18509	0.12868
V599	0.18893	0.05328	0.02832	0.1426	0.25354	0.33333
V600	0.31149	0.12115	0.0373	0.07273	0.2256	0.23173
V601	0.15797	0.13228	0.04896	0.26872	0.18871	0.20336
V602	0.10119	0.04643	0.09493	0.03578	0.58056	0.1411
V603	0.17625	0.28056	0.05715	0.06808	0.1971	0.22086
V604	0.10803	0.32	0.0281	0.02748	0.45302	0.06336
V605	0.10506	0.05389	0.04194	0.03164	0.69215	0.07533
V606	0.33852	0.06295	0.19443	0.07408	0.18008	0.14995
V607	0.19285	0.07474	0.03392	0.05475	0.30098	0.34276
V608	0.16426	0.40022	0.03715	0.07192	0.19263	0.13382
V609	0.0916	0.02133	0.46322	0.15883	0.19845	0.06657
V610	0.10754	0.10434	0.33275	0.13556	0.21827	0.10155
V611	0.13664	0.50674	0.04983	0.04567	0.18983	0.07129
V612	0.09546	0.15583	0.00853	0.47826	0.20722	0.05471
V613	0.37387	0.14763	0.05062	0.04228	0.17749	0.20811
V614	0.11929	0.10142	0.36634	0.02856	0.22922	0.15517
V615	0.08105	0.06912	0.06264	0.03516	0.68661	0.06542
V616	0.28586	0.28654	0.03844	0.0585	0.19249	0.13817
V617	0.07913	0.04156	0.02708	0.03911	0.7491	0.06403
V618	0.18375	0.03733	0.43223	0.03024	0.20209	0.11435
V619	0.12007	0.40383	0.13809	0.03955	0.22524	0.07322
V620	0.18503	0.04719	0.20569	0.0506	0.18045	0.33103
V621	0.0939	0.02811	0.05506	0.51467	0.23983	0.06841
V622	0.3324	0.14701	0.04877	0.03338	0.34286	0.09558
V623	0.19332	0.43641	0.04646	0.0287	0.18553	0.10958
V624	0.12691	0.39486	0.02197	0.20056	0.18466	0.07103
V625	0.11912	0.10778	0.14972	0.325	0.21485	0.08353
V626	0.1109	0.06105	0.02867	0.15643	0.49123	0.15171
V627	0.38212	0.04993	0.0283	0.2504	0.18928	0.09996
V628	0.15419	0.07043	0.23325	0.08827	0.25164	0.20222
V629	0.10988	0.3148	0.01362	0.30356	0.197	0.06115
V630	0.37652	0.0629	0.05757	0.07649	0.20313	0.2234
V631	0.19321	0.04631	0.0696	0.13141	0.21531	0.34416
V632	0.09598	0.04659	0.10813	0.2376	0.43949	0.07222
V633	0.08463	0.12688	0.51807	0.02287	0.18534	0.0622
V634	0.44054	0.06111	0.04981	0.1611	0.18421	0.10322
V635	0.08864	0.05348	0.18056	0.40874	0.2083	0.06029
V636	0.13282	0.40448	0.02876	0.06872	0.26895	0.09627
V637	0.20327	0.08985	0.04264	0.04548	0.24473	0.37403
V638	0.10753	0.09643	0.04569	0.37866	0.30769	0.06399
V639	0.2325	0.07916	0.08091	0.05476	0.43044	0.12223
V640	0.11649	0.11346	0.33882	0.0332	0.26754	0.13049
V641	0.07702	0.06945	0.35956	0.03806	0.3924	0.06352
V642	0.21729	0.06	0.22557	0.13893	0.18497	0.17325
V643	0.47548	0.06585	0.04509	0.099	0.1938	0.12078
V644	0.44721	0.06518	0.04281	0.10529	0.18701	0.15251
V645	0.41728	0.06952	0.05292	0.0993	0.18014	0.18082
V646	0.08183	0.02841	0.32074	0.02464	0.4788	0.06559
V647	0.2067	0.04935	0.04336	0.23979	0.20682	0.25398
V648	0.17908	0.24911	0.12204	0.06598	0.19167	0.19212
V649	0.162	0.03906	0.02816	0.47908	0.22118	0.07051
V650	0.20544	0.15488	0.16783	0.03068	0.36671	0.07446
V651	0.17365	0.25464	0.08017	0.04866	0.27472	0.16817
V652	0.10975	0.028	0.08687	0.47883	0.23076	0.06578
V653	0.16071	0.3127	0.05113	0.04805	0.24277	0.18465
V654	0.47085	0.06378	0.09964	0.04722	0.20142	0.11709
V655	0.22577	0.04554	0.04682	0.07867	0.36918	0.23402
V656	0.13352	0.07116	0.41812	0.05061	0.25335	0.07324
V657	0.29308	0.05428	0.03054	0.10658	0.35583	0.15969
V658	0.09041	0.07264	0.12266	0.44827	0.21006	0.05595
V659	0.14235	0.50723	0.04689	0.03252	0.18392	0.08708
V660	0.47228	0.06852	0.05075	0.0572	0.18061	0.17065
V661	0.16921	0.0391	0.1288	0.12062	0.27285	0.26941
V662	0.44365	0.06307	0.05322	0.11595	0.1871	0.13702
V663	0.10917	0.13917	0.03406	0.05555	0.5993	0.06275
V664	0.15017	0.05742	0.48298	0.02209	0.20302	0.08432
V665	0.07893	0.0361	0.0273	0.03946	0.75374	0.06447
V666	0.29326	0.242	0.03906	0.10322	0.2009	0.12157
V667	0.21333	0.05299	0.05977	0.07544	0.1953	0.40318
V668	0.46399	0.14162	0.057	0.04805	0.17901	0.11033
V669	0.20427	0.11416	0.02315	0.20988	0.19063	0.25791
V670	0.14368	0.26819	0.03321	0.22665	0.19624	0.13203
V671	0.255	0.03992	0.01832	0.41128	0.20156	0.07391
V672	0.13511	0.37986	0.02136	0.21272	0.18553	0.06542
V673	0.17938	0.13015	0.16569	0.04172	0.17649	0.30657
V674	0.4532	0.05825	0.05066	0.04084	0.29072	0.10633
V675	0.21745	0.1324	0.0487	0.04417	0.19558	0.36171
V676	0.09965	0.02738	0.06726	0.52493	0.22247	0.05831
V677	0.20419	0.27686	0.13644	0.02817	0.17189	0.18245
V678	0.17896	0.09183	0.06172	0.03793	0.44902	0.18054
V679	0.2058	0.11361	0.06449	0.05995	0.18521	0.37094
V680	0.08601	0.02489	0.26644	0.02628	0.50636	0.09003
V681	0.15628	0.45156	0.05906	0.03164	0.1753	0.12615
V682	0.15479	0.37302	0.03251	0.0362	0.24023	0.16324
V683	0.09266	0.03667	0.03116	0.03339	0.70035	0.10578
V684	0.17001	0.45434	0.03767	0.07509	0.1841	0.07879
V685	0.11469	0.38744	0.19872	0.01841	0.21373	0.06701
V686	0.23141	0.03983	0.30185	0.03737	0.19225	0.19729
V687	0.146	0.18747	0.20286	0.08933	0.17855	0.19579
V688	0.31439	0.05034	0.04154	0.04414	0.3744	0.17519
V689	0.1212	0.03028	0.45016	0.09369	0.20935	0.09533
V690	0.12245	0.04393	0.04743	0.0496	0.59028	0.1463
V691	0.14497	0.32281	0.15255	0.06945	0.20405	0.10616
V692	0.35778	0.04848	0.0275	0.23166	0.2384	0.09617
V693	0.45212	0.13068	0.06043	0.05275	0.17891	0.12511
V694	0.45068	0.13032	0.05342	0.06817	0.1798	0.11762
V695	0.46335	0.06047	0.04646	0.05448	0.23811	0.13713
V696	0.14579	0.33617	0.0597	0.05883	0.32518	0.07434
V697	0.11262	0.02829	0.50653	0.05046	0.21356	0.08854
V698	0.14102	0.51936	0.04396	0.03343	0.18566	0.07657
V699	0.19156	0.03865	0.38075	0.04884	0.2334	0.1068
V700	0.15447	0.04515	0.02788	0.03803	0.65763	0.07684
V701	0.48843	0.06312	0.05835	0.04759	0.18014	0.16237
V702	0.20161	0.05839	0.06951	0.14286	0.19011	0.33751
V703	0.20689	0.3395	0.04504	0.02601	0.30235	0.0802
V704	0.29169	0.21614	0.16512	0.02937	0.18521	0.11247
V705	0.10241	0.09423	0.20194	0.13025	0.4022	0.06896
V706	0.15717	0.09242	0.23563	0.02983	0.25212	0.23283
V707	0.37022	0.07277	0.04543	0.04715	0.186	0.27843
V708	0.10055	0.26981	0.35366	0.02753	0.18265	0.06579
V709	0.09135	0.03068	0.00425	0.53149	0.28389	0.05835
V710	0.30122	0.08194	0.10988	0.06751	0.31545	0.124
V711	0.11005	0.16437	0.29068	0.13945	0.19156	0.10388
V712	0.09085	0.21076	0.0354	0.02897	0.56999	0.06402
V713	0.24777	0.3457	0.05945	0.04894	0.19207	0.10607
V714	0.1106	0.32613	0.29578	0.0224	0.18145	0.06363
V715	0.0934	0.02551	0.59241	0.02235	0.19151	0.07481
V716	0.16527	0.05947	0.02401	0.22337	0.31501	0.21287
V717	0.09304	0.04204	0.04189	0.03216	0.70924	0.08164
V718	0.09747	0.28649	0.032	0.02176	0.50378	0.0585
V719	0.1409	0.48777	0.05952	0.03094	0.19798	0.08288
V720	0.22197	0.03347	0.17651	0.22814	0.21487	0.12504
V721	0.15068	0.20948	0.17318	0.0262	0.23433	0.20614
V722	0.07792	0.03563	0.03738	0.03383	0.75392	0.06131
V723	0.13011	0.4266	0.06425	0.03185	0.26602	0.08116
V724	0.13153	0.22178	0.26791	0.08135	0.23503	0.0624
V725	0.10953	0.07104	0.06482	0.11072	0.53347	0.11041
V726	0.08856	0.03232	0.37067	0.04077	0.37627	0.09141
V727	0.19653	0.04533	0.09491	0.13119	0.19015	0.34188
V728	0.1004	0.03648	0.00215	0.56364	0.21853	0.0788
V729	0.21076	0.33611	0.04884	0.04618	0.27115	0.08696
V730	0.16758	0.03806	0.07562	0.28965	0.19893	0.23017
V731	0.1722	0.06023	0.31139	0.02595	0.30009	0.13014
V732	0.14742	0.30291	0.04343	0.05068	0.33259	0.12296
V733	0.19781	0.03433	0.20022	0.15415	0.22248	0.19101
V734	0.20062	0.04354	0.18851	0.04025	0.1916	0.33548
V735	0.10541	0.08467	0.01376	0.49287	0.21499	0.08829
V736	0.15833	0.3589	0.07	0.05215	0.18519	0.17544
V737	0.07343	0.03561	0.03218	0.04006	0.75759	0.06114
V738	0.27095	0.07187	0.07318	0.26337	0.20266	0.11797
V739	0.17968	0.23127	0.13904	0.04623	0.30751	0.09628
V740	0.10345	0.1893	0.27137	0.04824	0.31361	0.07402
V741	0.30244	0.13631	0.13311	0.08077	0.26395	0.08341
V742	0.24568	0.046	0.03896	0.29484	0.27553	0.09898
V743	0.09463	0.09248	0.19054	0.22977	0.32539	0.06718
V744	0.2968	0.11331	0.04333	0.13174	0.18017	0.23466
V745	0.12761	0.35908	0.03373	0.04718	0.36622	0.06619
V746	0.47868	0.07361	0.05532	0.06098	0.19167	0.13974
V747	0.18637	0.04288	0.1033	0.05244	0.53501	0.08
V748	0.17159	0.07061	0.17828	0.05235	0.25375	0.27343
V749	0.3243	0.057	0.03773	0.133	0.2497	0.19827
V750	0.09528	0.08267	0.00251	0.54158	0.22189	0.05608
V751	0.09632	0.03537	0.02475	0.54237	0.24285	0.05833
V752	0.19047	0.04508	0.04815	0.07819	0.55804	0.08006
V753	0.17221	0.04179	0.0491	0.09568	0.39807	0.24316
V754	0.1462	0.3117	0.10632	0.06697	0.20922	0.15959
V755	0.26418	0.0704	0.04221	0.05066	0.44612	0.12641
V756	0.21592	0.06011	0.04492	0.05434	0.21773	0.40699
V757	0.17217	0.31791	0.03777	0.04499	0.21383	0.21333
V758	0.25608	0.39856	0.04453	0.03647	0.17719	0.08717
V759	0.15314	0.04945	0.05479	0.11909	0.51493	0.1086
V760	0.22368	0.05591	0.04599	0.06661	0.18416	0.42366
V761	0.0718	0.02997	0.2674	0.03703	0.53297	0.06084
V762	0.11563	0.01663	0.51564	0.04505	0.20701	0.10004
V763	0.10172	0.12541	0.01998	0.45284	0.23035	0.06969
V764	0.19219	0.04453	0.08066	0.16103	0.34588	0.17571
