CD19B	CD56NK	CD4MemoryT	CD14
V1	0.44086	0.05968	0.18703	0.31243
V2	0.12999	0.13451	0.08553	0.64997
V3	0.05384	0.56368	0.03996	0.34251
V4	0.72613	0.14836	0.03654	0.08897
V5	0.09714	0.44962	0.23478	0.21847
V6	0.06873	0.79004	0.04026	0.10096
V7	0.1269	0.35378	0.10336	0.41596
V8	0.12348	0.06398	0.70897	0.10358
V9	0.19488	0.25415	0.07163	0.47933
V10	0.02299	0.07034	0.78272	0.12395
V11	0.18016	0.35653	0.38826	0.07506
V12	0.02767	0.54844	0.33475	0.08914
V13	0.22477	0.6493	0.02882	0.09712
V14	0.06112	0.82945	0.02685	0.08258
V15	0.10529	0.5459	0.13139	0.21742
V16	0.75923	0.07962	0.0631	0.09805
V17	0.07702	0.7881	0.03447	0.10041
V18	0.46309	0.35363	0.07367	0.10961
V19	0.13925	0.74367	0.02791	0.08917
V20	0.14191	0.43465	0.04952	0.37392
V21	0.12278	0.0981	0.67571	0.10341
V22	0.03114	0.13971	0.2031	0.62605
V23	0.32604	0.08152	0.51932	0.07312
V24	0.80295	0.06168	0.07316	0.06222
V25	0.27348	0.25789	0.14451	0.32412
V26	0.31272	0.38281	0.04873	0.25573
V27	0.09188	0.10292	0.06419	0.74101
V28	0.01104	0.08035	0.8403	0.06831
V29	0.36919	0.06824	0.46126	0.10131
V30	0.09345	0.24093	0.25459	0.41102
V31	0.17157	0.22329	0.27011	0.33504
V32	0.07483	0.08255	0.07352	0.7691
V33	0.04445	0.46954	0.31837	0.16764
V34	0.12273	0.08095	0.69255	0.10377
V35	0.14035	0.65485	0.09877	0.10602
V36	0.01829	0.09171	0.41874	0.47126
V37	0.42998	0.11619	0.1248	0.32902
V38	0.34325	0.05471	0.18791	0.41413
V39	0.14146	0.51964	0.13901	0.1999
V40	0.08612	0.75049	0.09066	0.07273
V41	0.01168	0.60959	0.06818	0.31055
V42	0.18938	0.08467	0.21108	0.51487
V43	0.11859	0.34086	0.43733	0.10322
V44	0.02355	0.12005	0.62928	0.22713
V45	0.08829	0.54308	0.20977	0.15887
V46	0.66868	0.10905	0.1525	0.06977
V47	0.36467	0.21786	0.29905	0.11843
V48	0.6695	0.20019	0.04075	0.08956
V49	0.59811	0.21791	0.03329	0.15069
V50	0.06092	0.75921	0.09778	0.08208
V51	0.25719	0.39469	0.24476	0.10336
V52	0.03374	0.1466	0.71421	0.10545
V53	0.60997	0.15645	0.17181	0.06177
V54	0.34864	0.21871	0.34171	0.09094
V55	0.18159	0.16919	0.23184	0.41737
V56	0.05074	0.07755	0.11282	0.75888
V57	0.08595	0.78147	0.04064	0.09193
V58	0.51193	0.05499	0.08351	0.34957
V59	0.35123	0.40455	0.12473	0.11949
V60	0.1209	0.18887	0.29686	0.39336
V61	0.65826	0.14257	0.04913	0.15004
V62	0.73919	0.07336	0.10813	0.07932
V63	0.01801	0.75307	0.12789	0.10102
V64	0.01034	0.76499	0.02149	0.20319
V65	0.02963	0.07134	0.12132	0.77771
V66	0.18261	0.63373	0.0427	0.14096
V67	0.1366	0.33223	0.4465	0.08467
V68	0.13752	0.17946	0.06346	0.61956
V69	0.03141	0.31862	0.52744	0.12253
V70	0.43455	0.18536	0.19347	0.18661
V71	0.14781	0.1206	0.33852	0.39307
V72	0.45775	0.19098	0.12304	0.22823
V73	0.13305	0.5632	0.14578	0.15798
V74	0.05994	0.24173	0.63012	0.06821
V75	0.58253	0.04599	0.21218	0.15931
V76	0.01428	0.20645	0.18439	0.59489
V77	0.04494	0.29556	0.0467	0.6128
V78	0.24899	0.1578	0.19331	0.39991
V79	0.01377	0.13842	0.68893	0.15888
V80	0.29788	0.06417	0.48407	0.15388
V81	0.0614	0.18967	0.67387	0.07506
V82	0.01004	0.10439	0.8078	0.07778
V83	0.12095	0.20793	0.10282	0.5683
V84	0.31766	0.09482	0.18036	0.40716
V85	0.09923	0.32199	0.35298	0.2258
V86	0.05268	0.09339	0.74018	0.11375
V87	0.03359	0.74712	0.07473	0.14457
V88	0.14842	0.11265	0.25475	0.48418
V89	0.03404	0.0769	0.20365	0.6854
V90	0.02668	0.80584	0.07452	0.09295
V91	0.03554	0.67245	0.18352	0.10848
V92	0.3751	0.06941	0.35974	0.19575
V93	0.73834	0.05389	0.04183	0.16593
V94	0.02522	0.4259	0.05187	0.49701
V95	0.21166	0.41712	0.16367	0.20756
V96	0.07266	0.14274	0.06943	0.71518
V97	0.56876	0.14137	0.21965	0.07022
V98	0.5739	0.31383	0.03147	0.0808
V99	0.67124	0.08363	0.17532	0.06981
V100	0.0788	0.07618	0.74881	0.09622
V101	0.03219	0.08456	0.05542	0.82783
V102	0.7835	0.08708	0.04912	0.0803
V103	0.02857	0.09863	0.12014	0.75266
V104	0.02783	0.86234	0.02591	0.08392
V105	0.05142	0.83202	0.03305	0.08351
V106	0.10656	0.48495	0.29406	0.11444
V107	0.16453	0.22587	0.4893	0.1203
V108	0.13163	0.69136	0.10579	0.07122
V109	0.02339	0.19582	0.503	0.27779
V110	0.05224	0.78779	0.05896	0.10101
V111	0.77893	0.04021	0.11	0.07086
V112	0.12191	0.11373	0.37967	0.38469
V113	0.16343	0.15118	0.18629	0.49909
V114	0.20409	0.09892	0.11394	0.58305
V115	0.0097	0.6913	0.2173	0.0817
V116	0.12739	0.32051	0.32776	0.22434
V117	0.55133	0.27328	0.06665	0.10874
V118	0.14108	0.53309	0.05866	0.26717
V119	0.10707	0.12725	0.0863	0.67938
V120	0.07812	0.1099	0.72558	0.0864
V121	0.4742	0.16643	0.12288	0.23649
V122	0.81953	0.04424	0.05577	0.08046
V123	0.01497	0.47909	0.07289	0.43305
V124	0.53965	0.30617	0.02959	0.1246
V125	0.31826	0.40835	0.18069	0.0927
V126	0.04867	0.18456	0.08465	0.68213
V127	0.14807	0.10335	0.24819	0.50039
V128	0.04274	0.07648	0.13453	0.74626
V129	0.46863	0.25505	0.1764	0.09993
V130	0.01011	0.60836	0.30071	0.08083
V131	0.0246	0.801	0.02036	0.15404
V132	0.79251	0.04469	0.07341	0.08939
V133	0.77055	0.05506	0.09427	0.08012
V134	0.09977	0.3817	0.1425	0.37603
V135	0.08175	0.08214	0.18737	0.64875
V136	0.20143	0.39103	0.04264	0.3649
V137	0.53208	0.08108	0.25214	0.1347
V138	0.17787	0.39333	0.17907	0.24973
V139	0.28368	0.23525	0.19917	0.2819
V140	0.04232	0.13839	0.08844	0.73085
V141	0.06694	0.19382	0.46178	0.27746
V142	0.67203	0.04301	0.22412	0.06085
V143	0.3418	0.28012	0.09756	0.28052
V144	0.14664	0.19373	0.17691	0.48272
V145	0.00318	0.69913	0.21639	0.08131
V146	0.06055	0.07657	0.07397	0.78891
V147	0.76655	0.06146	0.06442	0.10756
V148	0.12147	0.12279	0.49672	0.25902
V149	0.22184	0.49007	0.21152	0.07657
V150	0.0833	0.26383	0.50454	0.14832
V151	0.1748	0.57596	0.05775	0.19149
V152	0.19542	0.43069	0.20857	0.16532
V153	0.09355	0.67809	0.04251	0.18586
V154	0.20501	0.43897	0.25225	0.10377
V155	0.38317	0.18112	0.27408	0.16163
V156	0.04063	0.18004	0.58736	0.19197
V157	0.2507	0.19504	0.28843	0.26583
V158	0.03214	0.07124	0.06836	0.82826
V159	0.74254	0.10164	0.04061	0.1152
V160	0.55674	0.05442	0.10524	0.2836
V161	0.17786	0.06981	0.07581	0.67652
V162	0.06786	0.31013	0.10652	0.51549
V163	0.08946	0.46332	0.17065	0.27657
V164	0.27321	0.31902	0.12595	0.28182
V165	0.02402	0.27995	0.0391	0.65693
V166	0.02765	0.14628	0.10192	0.72415
V167	0.28367	0.05525	0.05286	0.60822
V168	0.23598	0.535	0.09893	0.13009
V169	0.16232	0.10909	0.08001	0.64858
V170	0.10511	0.07884	0.45461	0.36145
V171	0.12039	0.26245	0.50514	0.11202
V172	0.60497	0.04559	0.27913	0.07031
V173	0.04127	0.18433	0.07909	0.69531
V174	0.03178	0.20247	0.10528	0.66047
V175	0.0694	0.06594	0.67268	0.19197
V176	0.01052	0.73936	0.16765	0.08248
V177	0.01038	0.87544	0.01937	0.09481
V178	0.01015	0.68997	0.03044	0.26944
V179	0.149	0.06809	0.34768	0.43523
V180	0.02723	0.80739	0.09013	0.07524
V181	0.14684	0.1728	0.46414	0.21622
V182	0.25223	0.2135	0.40654	0.12772
V183	0.15616	0.73615	0.0273	0.08039
V184	0.84897	0.03792	0.05078	0.06234
V185	0.47144	0.41343	0.0413	0.07383
V186	0.10705	0.45723	0.24335	0.19238
V187	0.81056	0.0441	0.07395	0.0714
V188	0.06303	0.25413	0.0399	0.64294
V189	0.66564	0.0673	0.05888	0.20817
V190	0.55361	0.05571	0.32007	0.0706
V191	0.16437	0.23465	0.48978	0.11121
V192	0.24545	0.4482	0.07447	0.23188
V193	0.48849	0.08164	0.24418	0.18569
V194	0.03487	0.83604	0.02677	0.10231
V195	0.01813	0.07934	0.82472	0.07781
V196	0.0299	0.1214	0.05941	0.7893
V197	0.32787	0.10104	0.07089	0.5002
V198	0.06177	0.47883	0.32698	0.13243
V199	0.14828	0.08679	0.18697	0.57796
V200	0.11378	0.52162	0.04711	0.3175
V201	0.08892	0.51741	0.18346	0.21022
V202	0.02416	0.07556	0.66416	0.23611
V203	0.14388	0.41666	0.34396	0.0955
V204	0.01502	0.49972	0.03717	0.44809
V205	0.02515	0.10297	0.78277	0.08911
V206	0.05346	0.13814	0.7331	0.0753
V207	0.12123	0.22395	0.08686	0.56796
V208	0.22077	0.11169	0.58396	0.08359
V209	0.24496	0.44734	0.09277	0.21493
V210	0.07682	0.69171	0.10627	0.1252
V211	0.33699	0.06838	0.07792	0.51671
V212	0.42229	0.08483	0.40287	0.09001
V213	0.50848	0.07918	0.14322	0.26912
V214	0.2661	0.19985	0.176	0.35805
V215	0.23551	0.14671	0.06109	0.55669
V216	0.04585	0.0707	0.06667	0.81678
V217	0.04595	0.46698	0.2173	0.26977
V218	0.0899	0.42795	0.17143	0.31072
V219	0.09609	0.58135	0.03873	0.28383
V220	0.01059	0.74091	0.02865	0.21985
V221	0.66346	0.04799	0.04803	0.24052
V222	0.26012	0.17661	0.33163	0.23165
V223	0.01356	0.18175	0.65484	0.14985
V224	0.83681	0.03774	0.06346	0.06199
V225	0.05269	0.79005	0.07501	0.08226
V226	0.26356	0.12802	0.5258	0.08262
V227	0.66148	0.04436	0.21407	0.08009
V228	0.62781	0.1091	0.10397	0.15912
V229	0.02522	0.0782	0.79862	0.09796
V230	0.03168	0.08518	0.06758	0.81556
V231	0.02844	0.29373	0.13097	0.54686
V232	0.0442	0.59582	0.02482	0.33516
V233	0.45268	0.13492	0.20948	0.20292
V234	0.03462	0.82165	0.05016	0.09357
V235	0.31512	0.1065	0.47674	0.10164
V236	0.05056	0.11946	0.68104	0.14894
V237	0.13926	0.07088	0.07769	0.71217
V238	0.11591	0.5188	0.24224	0.12305
V239	0.06635	0.39209	0.0523	0.48926
V240	0.40392	0.08346	0.3953	0.11731
V241	0.02392	0.07017	0.76421	0.1417
V242	0.11398	0.69178	0.10619	0.08805
V243	0.21059	0.09364	0.5496	0.14617
V244	0.18533	0.06005	0.59897	0.15566
V245	0.48173	0.31082	0.08189	0.12556
V246	0.05912	0.18869	0.65604	0.09615
V247	0.15203	0.07241	0.71082	0.06473
V248	0.03727	0.0921	0.08599	0.78465
V249	0.00817	0.0952	0.75497	0.14166
V250	0.64624	0.0445	0.23897	0.0703
V251	0.8023	0.07804	0.04944	0.07023
V252	0.01065	0.7625	0.1522	0.07464
V253	0.29148	0.12321	0.17825	0.40706
V254	0.01035	0.83781	0.06723	0.08461
V255	0.04218	0.81876	0.02024	0.11882
V256	0.15515	0.24226	0.44647	0.15611
V257	0.33737	0.14802	0.23312	0.28149
V258	0.15374	0.28483	0.37105	0.19038
V259	0.04014	0.3093	0.53601	0.11456
V260	0.0076	0.30427	0.61095	0.07718
V261	0.49576	0.08125	0.21195	0.21104
V262	0.09163	0.11024	0.06396	0.73417
V263	0.01824	0.8597	0.01961	0.10245
V264	0.14806	0.09399	0.38135	0.37661
V265	0.04296	0.06929	0.15509	0.73266
V266	0.54121	0.35903	0.03617	0.06359
V267	0.01061	0.21792	0.26084	0.51063
V268	0.30709	0.07959	0.1654	0.44792
V269	0.00904	0.5232	0.34242	0.12535
V270	0.523	0.07399	0.252	0.15101
V271	0.6522	0.1063	0.07437	0.16712
V272	0.05041	0.73566	0.03533	0.1786
V273	0.0604	0.08324	0.08023	0.77614
V274	0.57375	0.04635	0.20426	0.17564
V275	0.01051	0.07992	0.83208	0.07749
V276	0.39932	0.34533	0.04302	0.21233
V277	0.04302	0.23767	0.17024	0.54907
V278	0.04483	0.11554	0.27328	0.56635
V279	0.55323	0.10349	0.14132	0.20196
V280	0.03214	0.07124	0.06836	0.82826
V281	0.43186	0.08147	0.16571	0.32096
V282	0.05954	0.11984	0.6894	0.13122
V283	0.17497	0.53337	0.08359	0.20807
V284	0.02775	0.81407	0.07429	0.08389
V285	0.07236	0.06856	0.79294	0.06614
V286	0.20119	0.51061	0.12304	0.16516
V287	0.08526	0.77976	0.03506	0.09992
V288	0.02097	0.29806	0.36885	0.31212
V289	0.23351	0.24755	0.37287	0.14606
V290	0.69643	0.1906	0.05018	0.06279
V291	0.40473	0.1122	0.4027	0.08036
V292	0.79046	0.04383	0.0432	0.12251
V293	0.25535	0.06599	0.56828	0.11039
V294	0.08245	0.36309	0.03526	0.51921
V295	0.02923	0.21459	0.19171	0.56447
V296	0.15676	0.16504	0.52252	0.15568
V297	0.0757	0.06863	0.10495	0.75072
V298	0.2545	0.14523	0.51726	0.08301
V299	0.06894	0.2885	0.05239	0.59018
V300	0.01682	0.09239	0.22632	0.66447
V301	0.11296	0.15841	0.54674	0.18189
V302	0.5395	0.34838	0.03062	0.08149
V303	0.00255	0.55639	0.33282	0.10824
V304	0.06018	0.08194	0.63119	0.22668
V305	0.11204	0.19902	0.39589	0.29305
V306	0.66204	0.13399	0.08851	0.11547
V307	0.0181	0.85318	0.03477	0.09394
V308	0.18905	0.25736	0.26999	0.2836
V309	0.26144	0.32356	0.05894	0.35605
V310	0.07389	0.3236	0.15891	0.44359
V311	0.42585	0.46563	0.03287	0.07565
V312	0.08573	0.67096	0.14512	0.09819
V313	0.02167	0.15403	0.06267	0.76164
V314	0.02226	0.44946	0.12662	0.40166
V315	0.10497	0.56819	0.05861	0.26823
V316	0.25151	0.17667	0.3485	0.22333
V317	0.07834	0.62911	0.06547	0.22708
V318	0.03834	0.5112	0.04171	0.40875
V319	0.06074	0.1101	0.72393	0.10523
V320	0.07678	0.18628	0.54571	0.19123
V321	0.53246	0.36797	0.03572	0.06385
V322	0.1606	0.32607	0.09781	0.41552
V323	0.05876	0.08288	0.11998	0.73838
V324	0.53641	0.27536	0.09775	0.09047
V325	0.25353	0.59296	0.07574	0.07777
V326	0.00527	0.5169	0.10943	0.3684
V327	0.03199	0.18448	0.12938	0.65415
V328	0.05154	0.08231	0.6309	0.23526
V329	0.1471	0.1597	0.17763	0.51556
V330	0.31252	0.06309	0.31695	0.30744
V331	0.26987	0.137	0.08273	0.5104
V332	0.02625	0.10814	0.18842	0.67719
V333	0.33961	0.12219	0.35916	0.17904
V334	0.28612	0.06489	0.33235	0.31664
V335	0.02957	0.34319	0.43474	0.1925
V336	0.14833	0.63367	0.04301	0.17498
V337	0.23117	0.39672	0.26864	0.10347
V338	0.00181	0.8851	0.02775	0.08534
V339	0.11661	0.0659	0.74229	0.0752
V340	0.0578	0.25473	0.44419	0.24328
V341	0.03676	0.09202	0.09884	0.77238
V342	0.2104	0.05894	0.53281	0.19785
V343	0.8276	0.0519	0.05026	0.07024
V344	0.55933	0.18344	0.1946	0.06262
V345	0.01815	0.07922	0.83451	0.06813
V346	0.19013	0.16192	0.26257	0.38538
V347	0.04984	0.07577	0.14822	0.72616
V348	0.05173	0.59126	0.14576	0.21126
V349	0.2774	0.20376	0.34749	0.17135
V350	0.0272	0.73093	0.16777	0.0741
V351	0.02866	0.09124	0.35281	0.52729
V352	0.05131	0.07667	0.72233	0.1497
V353	0.72468	0.06307	0.07919	0.13306
V354	0.04443	0.62933	0.20971	0.11653
V355	0.22628	0.12668	0.40683	0.24021
V356	0.04281	0.0834	0.127	0.74679
V357	0.10083	0.33607	0.25266	0.31044
V358	0.41842	0.15066	0.08575	0.34517
V359	0.44296	0.10657	0.07442	0.37605
V360	0.44535	0.42392	0.04811	0.08261
V361	0.00346	0.44071	0.4775	0.07833
V362	0.00208	0.87918	0.03366	0.08509
V363	0.14706	0.16364	0.40537	0.28393
V364	0.14025	0.11445	0.58097	0.16434
V365	0.21013	0.08362	0.05928	0.64696
V366	0.06883	0.61278	0.09928	0.21911
V367	0.44272	0.18024	0.04224	0.3348
V368	0.07752	0.6554	0.09879	0.16829
V369	0.02068	0.39727	0.50385	0.07821
V370	0.24176	0.29175	0.36389	0.1026
V371	0.15679	0.65321	0.04856	0.14144
V372	0.13947	0.11174	0.14214	0.60666
V373	0.07624	0.18447	0.40291	0.33639
V374	0.6557	0.05193	0.23111	0.06126
V375	0.04932	0.09853	0.161	0.69115
V376	0.04257	0.09152	0.12727	0.73864
V377	0.63819	0.04161	0.05472	0.26548
V378	0.02046	0.09108	0.36139	0.52707
V379	0.26047	0.22735	0.04964	0.46254
V380	0.13056	0.12891	0.20077	0.53976
V381	0.58457	0.06192	0.12719	0.22633
V382	0.07965	0.08464	0.75983	0.07589
V383	0.67624	0.04818	0.09244	0.18314
V384	0.43108	0.12619	0.15539	0.28734
V385	0.70446	0.05548	0.1168	0.12325
V386	0.23914	0.07427	0.16537	0.52121
V387	0.46109	0.18509	0.20146	0.15236
V388	0.29015	0.33726	0.15863	0.21396
V389	0.33	0.49475	0.03723	0.13803
V390	0.24498	0.27549	0.40737	0.07217
V391	0.31958	0.15186	0.05951	0.46905
V392	0.32678	0.24961	0.17571	0.2479
V393	0.22429	0.25602	0.3129	0.20679
V394	0.08572	0.25212	0.13112	0.53104
V395	0.17822	0.38624	0.19378	0.24176
V396	0.00982	0.86156	0.02595	0.10267
V397	0.63007	0.12805	0.13391	0.10797
V398	0.34239	0.17804	0.12354	0.35603
V399	0.15847	0.51303	0.15373	0.17477
V400	0.00557	0.53352	0.08383	0.37708
V401	0.03982	0.19731	0.61362	0.14925
V402	0.66421	0.20234	0.0715	0.06194
V403	0.03668	0.08559	0.10493	0.7728
V404	0.08467	0.22894	0.52077	0.16561
V405	0.18101	0.09259	0.17968	0.54671
V406	0.50592	0.27342	0.05161	0.16905
V407	0.00181	0.8851	0.02775	0.08534
V408	0.08403	0.26844	0.34551	0.30201
V409	0.02533	0.07907	0.06786	0.82773
V410	0.0775	0.77397	0.04823	0.1003
V411	0.34196	0.05911	0.04528	0.55366
V412	0.13945	0.13016	0.42938	0.301
V413	0.05454	0.45605	0.17753	0.31188
V414	0.03627	0.47678	0.29363	0.19332
V415	0.34585	0.08567	0.23608	0.3324
V416	0.01827	0.12299	0.79091	0.06783
V417	0.31212	0.58148	0.02923	0.07718
V418	0.07232	0.15282	0.15829	0.61656
V419	0.03215	0.07098	0.07447	0.82241
V420	0.00163	0.79411	0.03415	0.17011
V421	0.14093	0.09589	0.58189	0.18129
V422	0.05146	0.11316	0.05866	0.77672
V423	0.0788	0.07618	0.74881	0.09622
V424	0.00888	0.10889	0.528	0.35423
V425	0.05657	0.26431	0.50416	0.17497
V426	0.087	0.09918	0.67339	0.14043
V427	0.06429	0.38739	0.18662	0.3617
V428	0.0771	0.68729	0.07541	0.16021
V429	0.03156	0.07171	0.08048	0.81625
V430	0.60048	0.20174	0.05536	0.14242
V431	0.15696	0.08443	0.39821	0.36039
V432	0.09844	0.14307	0.08611	0.67239
V433	0.05184	0.6555	0.02391	0.26874
V434	0.26206	0.13003	0.08922	0.51868
V435	0.39417	0.06832	0.15012	0.38738
V436	0.29769	0.07137	0.14343	0.48752
V437	0.18602	0.25254	0.04291	0.51852
V438	0.47229	0.19841	0.06846	0.26084
V439	0.04329	0.14372	0.05712	0.75586
V440	0.37172	0.09212	0.07661	0.45956
V441	0.06743	0.17719	0.50361	0.25177
V442	0.24706	0.34638	0.14982	0.25674
V443	0.59314	0.05165	0.12899	0.22621
V444	0.01815	0.07922	0.83451	0.06813
V445	0.50023	0.06534	0.33501	0.09942
V446	0.0331	0.73845	0.07534	0.15312
V447	0.49583	0.14222	0.19298	0.16897
V448	0.03222	0.12463	0.19404	0.64911
V449	0.44597	0.08952	0.29485	0.16965
V450	0.12051	0.77108	0.03482	0.0736
V451	0.78339	0.08769	0.03966	0.08926
V452	0.04415	0.07877	0.10438	0.7727
V453	0.65508	0.11713	0.10423	0.12356
V454	0.00167	0.83695	0.06714	0.09424
V455	0.48115	0.08142	0.30233	0.1351
V456	0.26013	0.16795	0.34879	0.22313
V457	0.02514	0.08531	0.06188	0.82767
V458	0.21056	0.25292	0.04167	0.49486
V459	0.01714	0.70744	0.10565	0.16977
V460	0.80185	0.04436	0.07346	0.08033
V461	0.06059	0.09031	0.06048	0.78861
V462	0.26949	0.26838	0.03336	0.42876
V463	0.20263	0.45248	0.16291	0.18197
V464	0.38912	0.14947	0.04416	0.41725
V465	0.31353	0.41797	0.05463	0.21388
V466	0.45179	0.2218	0.0402	0.28622
V467	0.25345	0.53438	0.09902	0.11314
V468	0.39256	0.39972	0.07999	0.12774
V469	0.02684	0.21779	0.26137	0.49399
V470	0.42429	0.16987	0.19307	0.21276
V471	0.21169	0.15537	0.07506	0.55788
V472	0.25201	0.33711	0.03062	0.38026
V473	0.08816	0.51109	0.30324	0.09751
V474	0.10659	0.06487	0.13309	0.69545
V475	0.15106	0.3881	0.10222	0.35862
V476	0.13914	0.07975	0.09507	0.68604
V477	0.46979	0.089	0.22138	0.21983
V478	0.11329	0.53667	0.03292	0.31712
V479	0.02358	0.13772	0.68044	0.15826
V480	0.07568	0.31684	0.07716	0.53033
V481	0.13251	0.07312	0.70935	0.08501
V482	0.5543	0.19865	0.13881	0.10823
V483	0.11445	0.15785	0.10589	0.62181
V484	0.03626	0.1211	0.07256	0.77008
V485	0.10337	0.65911	0.03611	0.2014
V486	0.21324	0.28491	0.14282	0.35903
V487	0.07445	0.10428	0.11786	0.70341
V488	0.00712	0.07023	0.74713	0.17552
V489	0.18515	0.14817	0.5831	0.08358
V490	0.26308	0.32497	0.09637	0.31558
V491	0.34891	0.45378	0.05974	0.13756
V492	0.02666	0.75292	0.1372	0.08322
V493	0.0327	0.07089	0.05661	0.83981
V494	0.16411	0.19936	0.44672	0.18981
V495	0.18507	0.57261	0.14592	0.09639
V496	0.22466	0.63152	0.02142	0.1224
V497	0.01812	0.07192	0.83251	0.07745
V498	0.24558	0.15467	0.08815	0.5116
V499	0.49454	0.28813	0.14471	0.07262
V500	0.09334	0.17066	0.62307	0.11293
V501	0.0248	0.07176	0.08068	0.82276
V502	0.43318	0.29907	0.1671	0.10065
V503	0.16408	0.15203	0.20033	0.48356
V504	0.19084	0.63228	0.03599	0.14089
V505	0.16268	0.2486	0.23697	0.35175
V506	0.08355	0.27805	0.3872	0.2512
V507	0.47503	0.14988	0.14753	0.22756
V508	0.60299	0.20228	0.07879	0.11593
V509	0.19135	0.11957	0.43976	0.24932
V510	0.18742	0.4923	0.24352	0.07675
V511	0.04885	0.40325	0.07366	0.47424
V512	0.19564	0.10741	0.1137	0.58325
V513	0.06889	0.58828	0.19985	0.14297
V514	0.03087	0.1133	0.05415	0.80168
V515	0.60972	0.1089	0.08951	0.19186
V516	0.76878	0.12104	0.03933	0.07086
V517	0.04634	0.09159	0.2415	0.62058
V518	0.81817	0.06835	0.04291	0.07057
V519	0.02631	0.76745	0.02755	0.17868
V520	0.03565	0.06496	0.52853	0.37086
V521	0.45556	0.08981	0.35353	0.10109
V522	0.01378	0.17936	0.4857	0.32116
V523	0.2766	0.17593	0.2483	0.29918
V524	0.00855	0.69722	0.18494	0.1093
V525	0.20251	0.23764	0.06392	0.49593
V526	0.49868	0.13105	0.11007	0.2602
V527	0.17443	0.08358	0.3567	0.38528
V528	0.08526	0.76724	0.02065	0.12685
V529	0.06416	0.12326	0.21705	0.59553
V530	0.01319	0.24092	0.57055	0.17535
V531	0.01835	0.78743	0.11902	0.0752
V532	0.14332	0.33233	0.06013	0.46422
V533	0.22105	0.35583	0.14904	0.27408
V534	0.01641	0.075	0.60465	0.30394
V535	0.43002	0.04863	0.05578	0.46557
V536	0.1662	0.06099	0.33782	0.43498
V537	0.47007	0.28114	0.16893	0.07987
V538	0.34986	0.11016	0.11941	0.42058
V539	0.21166	0.41712	0.16367	0.20756
V540	0.16566	0.62726	0.09218	0.1149
V541	0.02289	0.47301	0.08619	0.41791
V542	0.1642	0.17826	0.23922	0.41832
V543	0.72378	0.0468	0.05428	0.17514
V544	0.09769	0.14517	0.17867	0.57847
V545	0.28104	0.18747	0.10037	0.43111
V546	0.04249	0.79147	0.08248	0.08356
V547	0.03618	0.58942	0.28516	0.08924
V548	0.1313	0.6902	0.09836	0.08014
V549	0.27378	0.08302	0.56081	0.08239
V550	0.45619	0.07993	0.04059	0.42329
V551	0.14902	0.66278	0.05536	0.13284
V552	0.0071	0.49149	0.03745	0.46397
V553	0.19262	0.19096	0.52337	0.09306
V554	0.05847	0.13567	0.07137	0.73449
V555	0.08364	0.25905	0.29548	0.36183
V556	0.00905	0.08658	0.79811	0.10627
V557	0.65672	0.07429	0.05277	0.21621
V558	0.06076	0.69528	0.04943	0.19453
V559	0.01052	0.73109	0.18399	0.0744
V560	0.56588	0.33057	0.03117	0.07238
V561	0.01051	0.07992	0.83208	0.07749
V562	0.62857	0.05038	0.15347	0.16758
V563	0.21335	0.06102	0.65216	0.07347
V564	0.0605	0.12918	0.72275	0.08757
V565	0.11107	0.28445	0.32829	0.27619
V566	0.54561	0.14508	0.04276	0.26655
V567	0.17572	0.42749	0.05579	0.34099
V568	0.19456	0.06935	0.0941	0.64199
V569	0.53529	0.07591	0.03959	0.34921
V570	0.03031	0.30894	0.51947	0.14128
V571	0.66564	0.166	0.03554	0.13282
V572	0.3588	0.06088	0.40982	0.17049
V573	0.06444	0.20709	0.04909	0.67937
V574	0.03607	0.70535	0.16747	0.0911
V575	0.03371	0.13802	0.14548	0.6828
V576	0.13146	0.72438	0.05536	0.0888
V577	0.04715	0.10775	0.21093	0.63418
V578	0.05889	0.12541	0.572	0.24369
V579	0.00965	0.7845	0.1042	0.10166
V580	0.1312	0.0725	0.13799	0.65831
V581	0.06617	0.12658	0.05131	0.75595
V582	0.44554	0.19039	0.06895	0.29512
V583	0.01665	0.10898	0.50307	0.3713
V584	0.40965	0.1976	0.28343	0.10932
V585	0.02039	0.07508	0.39311	0.51142
V586	0.20141	0.06713	0.56727	0.16418
V587	0.22938	0.06861	0.59968	0.10233
V588	0.48585	0.095	0.06883	0.35032
V589	0.0503	0.72185	0.08355	0.1443
V590	0.04483	0.6888	0.18462	0.08174
V591	0.01897	0.10043	0.20348	0.67713
V592	0.14338	0.08969	0.7021	0.06484
V593	0.45987	0.04979	0.20349	0.28686
V594	0.26745	0.30842	0.30419	0.11994
V595	0.03859	0.08496	0.06714	0.80931
V596	0.04107	0.30056	0.21305	0.44532
V597	0.00213	0.53754	0.3007	0.15963
V598	0.02356	0.16531	0.72214	0.08899
V599	0.49932	0.33673	0.06325	0.10071
V600	0.2791	0.45444	0.07708	0.18938
V601	0.13572	0.29285	0.10587	0.46556
V602	0.03889	0.0843	0.0619	0.81492
V603	0.0194	0.36493	0.04887	0.5668
V604	0.41066	0.16447	0.32419	0.10069
V605	0.06499	0.33942	0.34374	0.25185
V606	0.57368	0.19272	0.04943	0.18417
V607	0.50854	0.06453	0.14213	0.2848
V608	0.1812	0.20461	0.33903	0.27516
V609	0.03477	0.26561	0.22212	0.47749
V610	0.61107	0.06878	0.12852	0.19163
V611	0.22805	0.06655	0.09311	0.61229
V612	0.03278	0.1458	0.68046	0.14096
V613	0.03896	0.34354	0.50277	0.11474
V614	0.60098	0.10876	0.08956	0.20069
V615	0.11502	0.10923	0.05547	0.72028
V616	0.06905	0.62939	0.06578	0.23579
V617	0.38657	0.20064	0.35084	0.06195
V618	0.57562	0.05289	0.04013	0.33136
V619	0.30395	0.08618	0.30184	0.30803
V620	0.01011	0.60836	0.30071	0.08083
V621	0.3279	0.19894	0.1832	0.28996
V622	0.28634	0.25568	0.35601	0.10197
V623	0.03333	0.13064	0.15962	0.67642
V624	0.65113	0.22638	0.03292	0.08957
V625	0.21062	0.46677	0.11505	0.20756
V626	0.81703	0.05933	0.04313	0.08052
V627	0.02273	0.08603	0.10559	0.78566
V628	0.01659	0.24661	0.05772	0.67908
V629	0.11007	0.31014	0.25284	0.32695
V630	0.03891	0.34368	0.49459	0.12282
V631	0.03075	0.22714	0.12631	0.6158
V632	0.45641	0.04976	0.1657	0.32813
V633	0.00732	0.09344	0.70554	0.19371
V634	0.32146	0.28931	0.31557	0.07366
V635	0.02662	0.67362	0.03089	0.26887
V636	0.11267	0.15831	0.53836	0.19065
V637	0.23823	0.23222	0.11491	0.41464
V638	0.28871	0.28051	0.09856	0.33221
V639	0.22313	0.42207	0.28853	0.06627
V640	0.04086	0.19784	0.63829	0.123
V641	0.72691	0.08037	0.06936	0.12337
V642	0.61557	0.20851	0.03389	0.14203
V643	0.01521	0.22864	0.38544	0.37072
V644	0.7614	0.11222	0.04588	0.0805
V645	0.21368	0.40446	0.28638	0.09549
V646	0.01091	0.87791	0.02644	0.08474
V647	0.13132	0.14157	0.59766	0.12945
V648	0.32477	0.42287	0.14973	0.10263
V649	0.03386	0.12111	0.71346	0.13157
V650	0.05861	0.14472	0.6563	0.14037
V651	0.26584	0.05868	0.60202	0.07346
V652	0.08627	0.1485	0.37917	0.38606
V653	0.10511	0.59617	0.11412	0.18459
V654	0.552	0.23199	0.09149	0.12452
V655	0.03797	0.52135	0.04791	0.39277
V656	0.16848	0.28789	0.04814	0.49549
V657	0.03677	0.12168	0.05865	0.7829
V658	0.46447	0.24234	0.09065	0.20254
V659	0.26036	0.14389	0.33019	0.26556
V660	0.02595	0.85193	0.01971	0.10241
V661	0.05621	0.40366	0.08159	0.45854
V662	0.33223	0.07025	0.42679	0.17073
V663	0.20036	0.12921	0.4901	0.18033
V664	0.17602	0.12194	0.58178	0.12027
V665	0.54109	0.22208	0.07694	0.15988
V666	0.4545	0.04947	0.13578	0.36026
V667	0.63648	0.11179	0.18951	0.06221
V668	0.10291	0.72613	0.09866	0.07231
V669	0.18697	0.40391	0.23553	0.17359
V670	0.06804	0.81048	0.02028	0.1012
V671	0.28375	0.3058	0.24681	0.16363
V672	0.02437	0.08579	0.78331	0.10653
V673	0.18708	0.36924	0.2195	0.22419
V674	0.56582	0.18574	0.05626	0.19218
V675	0.11885	0.33769	0.28431	0.25914
V676	0.04036	0.16132	0.13024	0.66808
V677	0.29759	0.39639	0.11704	0.18898
V678	0.41772	0.46742	0.03896	0.0759
V679	0.04932	0.32769	0.53683	0.08616
V680	0.24663	0.51238	0.14699	0.09399
V681	0.74426	0.10223	0.05441	0.0991
V682	0.09973	0.3157	0.47149	0.11308
V683	0.01078	0.87895	0.03385	0.07643
V684	0.55399	0.1983	0.12312	0.12459
V685	0.38668	0.35246	0.14225	0.11861
V686	0.08684	0.22063	0.161	0.53154
V687	0.03886	0.07822	0.06749	0.81543
V688	0.29407	0.48327	0.02553	0.19713
V689	0.20297	0.05963	0.08881	0.64859
V690	0.37666	0.09456	0.3939	0.13488
V691	0.14308	0.06392	0.71874	0.07425
V692	0.07596	0.18737	0.59674	0.13993
V693	0.19034	0.1621	0.32982	0.31774
V694	0.02377	0.09128	0.27313	0.61182
V695	0.19716	0.0684	0.17347	0.56097
V696	0.0738	0.13531	0.06189	0.72901
V697	0.03104	0.10569	0.06065	0.80262
V698	0.66468	0.04836	0.05405	0.23291
V699	0.43763	0.304	0.09674	0.16163
V700	0.18576	0.08438	0.05359	0.67628
V701	0.09681	0.48562	0.12375	0.29382
V702	0.41488	0.13192	0.05223	0.40097
V703	0.12169	0.11387	0.42058	0.34386
V704	0.65826	0.08959	0.06889	0.18326
V705	0.80939	0.03831	0.05522	0.09708
V706	0.07713	0.10877	0.65642	0.15769
V707	0.03812	0.42009	0.42626	0.11553
V708	0.03367	0.77172	0.0409	0.15371
V709	0.11982	0.28814	0.44468	0.14736
V710	0.4636	0.24183	0.08386	0.21071
V711	0.07725	0.70909	0.10573	0.10793
V712	0.65707	0.09645	0.0464	0.20007
V713	0.3319	0.31491	0.06471	0.28848
V714	0.01264	0.59801	0.04561	0.34375
V715	0.24076	0.34395	0.27744	0.13785
V716	0.04432	0.09776	0.08615	0.77177
V717	0.06811	0.81912	0.01989	0.09288
V718	0.12494	0.51591	0.1754	0.18375
V719	0.05305	0.6282	0.05773	0.26102
V720	0.56707	0.04612	0.24468	0.14213
V721	0.11168	0.2084	0.40397	0.27594
V722	0.08339	0.33948	0.04874	0.5284
V723	0.09875	0.13401	0.05465	0.71259
V724	0.44584	0.08097	0.12062	0.35257
V725	0.00739	0.14761	0.7386	0.1064
V726	0.04082	0.37254	0.1354	0.45124
V727	0.21911	0.59592	0.10692	0.07806
V728	0.02761	0.78525	0.10367	0.08347
V729	0.31681	0.07087	0.18131	0.43101
V730	0.74399	0.07186	0.08622	0.09793
V731	0.03285	0.23547	0.34441	0.38727
V732	0.2774	0.1346	0.32266	0.26534
V733	0.49859	0.22402	0.06692	0.21047
V734	0.19944	0.32174	0.4051	0.07372
V735	0.02794	0.09156	0.41837	0.46213
V736	0.1237	0.07327	0.05733	0.7457
V737	0.2576	0.30677	0.22895	0.20668
V738	0.07385	0.33944	0.38621	0.2005
V739	0.00959	0.0741	0.51944	0.39687
V740	0.68891	0.12534	0.10525	0.08051
V741	0.36905	0.15319	0.14698	0.33079
V742	0.33022	0.56522	0.0367	0.06786
V743	0.12121	0.18606	0.59764	0.0951
V744	0.41145	0.09051	0.31966	0.17838
V745	0.01806	0.6197	0.17572	0.18652
V746	0.84743	0.03766	0.0442	0.07071
V747	0.06067	0.06451	0.60536	0.26946
V748	0.11276	0.15747	0.49652	0.23325
V749	0.22022	0.21364	0.08547	0.48067
V750	0.32126	0.44357	0.04616	0.18901
V751	0.04113	0.76412	0.0582	0.13655
V752	0.3528	0.25707	0.15093	0.2392
V753	0.03223	0.07777	0.05546	0.83454
V754	0.00959	0.8244	0.02012	0.14589
V755	0.12888	0.23268	0.303	0.33544
V756	0.03789	0.07863	0.08601	0.79748
V757	0.27058	0.54179	0.08394	0.10369
V758	0.04259	0.67481	0.13006	0.15254
V759	0.11379	0.12193	0.35388	0.4104
V760	0.23349	0.11735	0.26412	0.38504
V761	0.06162	0.52928	0.25008	0.15902
V762	0.01123	0.37318	0.04872	0.56687
V763	0.2962	0.35791	0.05687	0.28902
V764	0.00944	0.81741	0.02704	0.14611
V765	0.51886	0.13672	0.03573	0.30868
V766	0.0208	0.33258	0.37725	0.26937
V767	0.37339	0.17254	0.24099	0.21307
V768	0.05044	0.8063	0.04124	0.10202
V769	0.12237	0.74108	0.0474	0.08915
V770	0.01091	0.87791	0.02644	0.08474
V771	0.15007	0.07219	0.69315	0.08459
V772	0.12483	0.09913	0.70117	0.07487
V773	0.13925	0.74367	0.02791	0.08917
V774	0.02498	0.07057	0.79803	0.10643
V775	0.1058	0.10517	0.26309	0.52594
V776	0.33127	0.4096	0.07908	0.18004
V777	0.14712	0.16657	0.15567	0.53063
V778	0.41102	0.29639	0.09705	0.19553
V779	0.14853	0.10373	0.42976	0.31798
V780	0.09492	0.6951	0.13734	0.07263
V781	0.05166	0.0906	0.07405	0.78368
V782	0.01387	0.1732	0.67141	0.14151
V783	0.62472	0.06836	0.0903	0.21662
V784	0.09389	0.78939	0.03487	0.08185
V785	0.03523	0.82926	0.03331	0.10219
V786	0.5707	0.19779	0.11592	0.11558
V787	0.00272	0.75536	0.15907	0.08285
V788	0.39691	0.3178	0.16727	0.11802
V789	0.06727	0.35891	0.06048	0.51334
V790	0.34855	0.08534	0.11325	0.45286
V791	0.1178	0.37409	0.29115	0.21696
V792	0.11437	0.49344	0.03453	0.35765
V793	0.10479	0.58554	0.0578	0.25187
V794	0.05014	0.13681	0.66391	0.14913
V795	0.09992	0.10351	0.09457	0.70199
V796	0.03407	0.13773	0.73118	0.09702
V797	0.62856	0.04561	0.24571	0.08012
V798	0.49271	0.31217	0.10476	0.09036
V799	0.113	0.6869	0.04869	0.1514
V800	0.07011	0.09031	0.44429	0.39528
V801	0.12145	0.17167	0.29667	0.41021
V802	0.0446	0.14162	0.25428	0.5595
V803	0.18735	0.4932	0.25171	0.06775
V804	0.42038	0.06746	0.36872	0.14344
V805	0.01835	0.07197	0.84165	0.06803
V806	0.04227	0.80479	0.03426	0.11869
V807	0.20334	0.19473	0.07448	0.52745
V808	0.52436	0.29111	0.07558	0.10894
V809	0.04636	0.09456	0.79201	0.06707
V810	0.01086	0.88509	0.01933	0.08473
V811	0.3274	0.13124	0.20892	0.33245
V812	0.41968	0.28509	0.08318	0.21205
V813	0.47004	0.23053	0.19938	0.10006
V814	0.34929	0.50554	0.06953	0.07563
V815	0.0022	0.82335	0.09002	0.08443
V816	0.79721	0.03907	0.10198	0.06174
V817	0.03451	0.12989	0.74707	0.08853
V818	0.0224	0.10696	0.07954	0.79109
V819	0.66991	0.1254	0.08941	0.11528
V820	0.11393	0.14826	0.06767	0.67014
V821	0.17974	0.32869	0.34472	0.14686
V822	0.07084	0.08384	0.74914	0.09618
V823	0.03284	0.23173	0.56916	0.16627
V824	0.08374	0.37852	0.47078	0.06696
V825	0.17941	0.30921	0.23592	0.27546
V826	0.34419	0.40694	0.16607	0.08279
V827	0.30406	0.5557	0.03653	0.10372
V828	0.17946	0.20838	0.1309	0.48126
V829	0.04541	0.26474	0.07469	0.61516
V830	0.17751	0.25468	0.06411	0.50369
V831	0.60864	0.13505	0.07241	0.18389
V832	0.21239	0.39225	0.17135	0.22401
V833	0.12509	0.47285	0.17656	0.2255
V834	0.22904	0.13154	0.11181	0.52761
V835	0.28097	0.43223	0.13149	0.1553
V836	0.01248	0.60346	0.03268	0.35138
V837	0.17832	0.3766	0.18659	0.25849
V838	0.77831	0.0783	0.07281	0.07058
V839	0.24591	0.56203	0.11515	0.07692
V840	0.24278	0.65887	0.02824	0.07011
V841	0.00739	0.10329	0.75701	0.13231
V842	0.27639	0.21107	0.24738	0.26516
V843	0.02294	0.08431	0.74147	0.15127
V844	0.10437	0.14792	0.33736	0.41035
V845	0.06662	0.1621	0.63108	0.14019
V846	0.00786	0.07679	0.64518	0.27017
V847	0.02618	0.07131	0.06177	0.84074
V848	0.07971	0.47294	0.17011	0.27723
V849	0.00047	0.8532	0.02648	0.11985
V850	0.82577	0.0382	0.05582	0.08021
V851	0.27369	0.50489	0.15528	0.06614
V852	0.09897	0.11249	0.15137	0.63717
V853	0.19798	0.25721	0.35521	0.1896
V854	0.45765	0.21008	0.12942	0.20285
V855	0.02618	0.07131	0.06177	0.84074
V856	0.04577	0.35637	0.31145	0.28641
V857	0.52515	0.21391	0.06733	0.19362
V858	0.4587	0.05762	0.4129	0.07077
V859	0.5145	0.2647	0.05216	0.16865
V860	0.1548	0.16467	0.08956	0.59097
V861	0.08322	0.36049	0.47035	0.08595
V862	0.1221	0.14217	0.61472	0.121
V863	0.16171	0.11416	0.04712	0.67701
V864	0.06637	0.09754	0.0908	0.74529
V865	0.10689	0.07337	0.25556	0.56418
V866	0.59539	0.0634	0.26085	0.08036
V867	0.59625	0.07217	0.2607	0.07087
V868	0.39609	0.29987	0.1503	0.15374
V869	0.01872	0.871	0.02619	0.08409
V870	0.09255	0.34034	0.05459	0.51252
V871	0.00047	0.8532	0.02648	0.11985
V872	0.02464	0.0852	0.24015	0.65001
V873	0.72734	0.07276	0.09241	0.10749
V874	0.16575	0.71463	0.04796	0.07166
V875	0.02886	0.23151	0.19886	0.54077
V876	0.13598	0.33842	0.36094	0.16466
V877	0.046	0.39142	0.26757	0.29501
V878	0.1136	0.73146	0.0829	0.07204
V879	0.15713	0.61951	0.06533	0.15802
V880	0.24278	0.51026	0.03219	0.21476
V881	0.13073	0.10482	0.51404	0.25042
V882	0.6467	0.04207	0.16108	0.15016
V883	0.23564	0.23205	0.46716	0.06515
V884	0.03073	0.28788	0.03868	0.64271
V885	0.58093	0.2414	0.1147	0.06297
V886	0.01919	0.36814	0.40211	0.21056
V887	0.49435	0.11696	0.1778	0.21089
V888	0.09555	0.10709	0.63178	0.16559
V889	0.76011	0.08774	0.06282	0.08934
V890	0.0409	0.19526	0.52051	0.24333
V891	0.49885	0.09877	0.28637	0.11601
V892	0.2188	0.21876	0.05159	0.51085
V893	0.45112	0.24665	0.16767	0.13456
V894	0.065	0.32604	0.49499	0.11397
V895	0.46069	0.11776	0.21026	0.21129
V896	0.03487	0.83604	0.02677	0.10231
V897	0.54804	0.27908	0.03913	0.13375
V898	0.36018	0.05184	0.05055	0.53743
V899	0.03704	0.22857	0.15485	0.57954
V900	0.07403	0.31274	0.31957	0.29366
V901	0.03425	0.73334	0.02911	0.20329
V902	0.04258	0.80615	0.06785	0.08343
V903	0.00917	0.4137	0.45285	0.12428
V904	0.01881	0.87784	0.01937	0.08398
V905	0.1327	0.06402	0.18712	0.61616
V906	0.30757	0.14668	0.13109	0.41466
V907	0.33919	0.48686	0.0452	0.12875
V908	0.02896	0.10758	0.1039	0.75956
V909	0.11203	0.7159	0.02071	0.15136
V910	0.13934	0.06297	0.14563	0.65206
V911	0.40061	0.39178	0.06226	0.14534
V912	0.29885	0.33738	0.14182	0.22195
V913	0.10055	0.0667	0.05894	0.77382
V914	0.15206	0.46752	0.26704	0.11339
V915	0.17802	0.06173	0.05602	0.70423
V916	0.21009	0.11257	0.55735	0.11999
V917	0.56366	0.07905	0.18888	0.16841
V918	0.04421	0.57011	0.21727	0.1684
V919	0.16292	0.26632	0.26997	0.30079
V920	0.47442	0.23497	0.1214	0.1692
V921	0.04033	0.20023	0.07148	0.68796
V922	0.08794	0.44447	0.34466	0.12294
V923	0.07559	0.083	0.08507	0.75634
V924	0.03553	0.60587	0.25057	0.10803
V925	0.14637	0.09382	0.0613	0.69852
V926	0.16213	0.08535	0.07523	0.67728
V927	0.03686	0.0983	0.09212	0.77272
V928	0.0408	0.78671	0.02729	0.14519
V929	0.05254	0.57243	0.13874	0.23629
V930	0.39217	0.37427	0.06269	0.17087
V931	0.11988	0.29646	0.43599	0.14767
V932	0.04222	0.16829	0.51171	0.27777
V933	0.48025	0.3963	0.04181	0.08164
V934	0.01962	0.19929	0.25437	0.52672
V935	0.43562	0.20563	0.2151	0.14364
V936	0.40069	0.29437	0.05136	0.25358
V937	0.41273	0.17541	0.11615	0.29571
V938	0.2945	0.10531	0.2926	0.30759
V939	0.59297	0.06933	0.1119	0.2258
V940	0.02611	0.70263	0.15333	0.11793
V941	0.01054	0.07193	0.83975	0.07778
V942	0.58726	0.22216	0.10053	0.09006
V943	0.31366	0.17543	0.38403	0.12688
V944	0.02949	0.28462	0.09371	0.59218
V945	0.43408	0.36228	0.0418	0.16184
V946	0.35495	0.28594	0.24867	0.11044
V947	0.08007	0.11485	0.22472	0.58035
V948	0.28149	0.0826	0.54405	0.09186
V949	0.01517	0.16551	0.20189	0.61743
V950	0.05343	0.49229	0.20092	0.25337
V951	0.68605	0.0602	0.18356	0.07019
V952	0.06991	0.18228	0.24551	0.5023
V953	0.02388	0.11331	0.75643	0.10638
V954	0.04432	0.22045	0.15538	0.57984
V955	0.10437	0.5405	0.05356	0.30157
V956	0.04331	0.09091	0.44444	0.42134
V957	0.25884	0.0727	0.0458	0.62266
V958	0.0327	0.07089	0.05661	0.83981
V959	0.18939	0.28329	0.3808	0.14652
V960	0.18649	0.29149	0.10677	0.41524
V961	0.11756	0.38073	0.31026	0.19146
V962	0.28608	0.21216	0.35664	0.14512
V963	0.45971	0.21136	0.17642	0.15251
V964	0.68103	0.07479	0.13666	0.10751
V965	0.05407	0.46591	0.18462	0.29539
V966	0.81791	0.05233	0.04906	0.0807
V967	0.06053	0.10779	0.45268	0.37899
V968	0.00532	0.19873	0.65437	0.14158
V969	0.02144	0.29896	0.07285	0.60675
V970	0.04246	0.17604	0.36965	0.41185
V971	0.39174	0.13857	0.31656	0.15314
V972	0.3848	0.23633	0.08277	0.2961
V973	0.2108	0.40488	0.10175	0.28258
V974	0.00845	0.69385	0.13667	0.16102
V975	0.09359	0.3091	0.52079	0.07652
V976	0.33444	0.27424	0.13555	0.25578
V977	0.25946	0.36173	0.30514	0.07367
V978	0.0651	0.14477	0.10128	0.68886
V979	0.66246	0.06243	0.20486	0.07025
V980	0.84743	0.03766	0.0442	0.07071
V981	0.26941	0.08942	0.39276	0.24841
V982	0.34088	0.39391	0.10252	0.16269
V983	0.54433	0.11075	0.0452	0.29972
V984	0.01788	0.74311	0.11974	0.11927
V985	0.07109	0.22288	0.04787	0.65817
V986	0.25317	0.48838	0.07691	0.18155
V987	0.19933	0.6822	0.02068	0.0978
V988	0.16998	0.07811	0.06077	0.69114
V989	0.35049	0.45555	0.10126	0.0927
V990	0.00683	0.11039	0.67195	0.21083
V991	0.52207	0.36691	0.02921	0.08181
V992	0.17461	0.06723	0.45687	0.30129
V993	0.06059	0.64608	0.16786	0.12548
V994	0.15733	0.70536	0.04872	0.08859
V995	0.57417	0.15381	0.07138	0.20064
V996	0.21075	0.17075	0.05337	0.56513
V997	0.02403	0.0772	0.70522	0.19355
V998	0.71231	0.05544	0.10901	0.12325
V999	0.10338	0.79498	0.01995	0.08169
V1000	0.24257	0.08074	0.04556	0.63114
