CD14.pos.CD16.neg.classical.monocyte	mature.neutrophil	memory.B.cell	cytotoxic.CD56.dim.NK.cell	memory.CD4.pos.AB.T.cell	macrophage
V1	0.14245	0.04239	0.61338	0.0104	0.14588	0.04551
V2	0.44738	0.1172	0.07358	0.08178	0.20898	0.07109
V3	0.24614	0.08161	0.21226	0.02425	0.17322	0.26252
V4	0.25299	0.31201	0.07106	0.07427	0.20807	0.0816
V5	0.10483	0.06675	0.03903	0.4176	0.33493	0.03685
V6	0.24673	0.05565	0.18067	0.04752	0.26389	0.20554
V7	0.14448	0.28017	0.05943	0.0345	0.43574	0.04568
V8	0.51765	0.07422	0.07853	0.09007	0.14679	0.09273
V9	0.28159	0.15039	0.05845	0.19204	0.17685	0.14067
V10	0.37044	0.06592	0.0932	0.23335	0.16531	0.07178
V11	0.19438	0.47856	0.08502	0.03467	0.16116	0.0462
V12	0.25848	0.06466	0.11105	0.03783	0.18854	0.33945
V13	0.16679	0.34814	0.26113	0.03	0.14918	0.04476
V14	0.13665	0.04954	0.0467	0.56325	0.16147	0.04239
V15	0.39116	0.09256	0.06291	0.0952	0.27558	0.08259
V16	0.13317	0.04578	0.05197	0.28835	0.38934	0.09138
V17	0.24422	0.06953	0.17583	0.0278	0.17551	0.30711
V18	0.5311	0.13113	0.0848	0.03154	0.14111	0.08032
V19	0.44415	0.07625	0.18965	0.01963	0.19613	0.07419
V20	0.46697	0.08355	0.12524	0.08844	0.14536	0.09044
V21	0.26512	0.07167	0.08344	0.03795	0.21234	0.32948
V22	0.21161	0.07637	0.06211	0.06371	0.52373	0.06247
V23	0.12525	0.04416	0.28753	0.02268	0.47996	0.04044
V24	0.18865	0.0496	0.05428	0.09648	0.54725	0.06374
V25	0.37772	0.21447	0.06628	0.10326	0.17041	0.06787
V26	0.26863	0.05483	0.06601	0.02123	0.53557	0.05374
V27	0.22438	0.0556	0.19603	0.03337	0.18215	0.30847
V28	0.17564	0.20465	0.16789	0.16692	0.17345	0.11145
V29	0.17634	0.39232	0.13146	0.06629	0.15	0.0836
V30	0.24709	0.17185	0.13938	0.02092	0.29535	0.1254
V31	0.4803	0.05967	0.19272	0.03296	0.13912	0.09523
V32	0.09577	0.04716	0.28936	0.36221	0.15162	0.05388
V33	0.25563	0.28463	0.21867	0.03097	0.14351	0.06659
V34	0.08312	0.03507	0.4049	0.02675	0.40742	0.04274
V35	0.10106	0.07235	0.17579	0.36315	0.23679	0.05086
V36	0.17854	0.33093	0.1425	0.02718	0.27009	0.05077
V37	0.11444	0.04196	0.58277	0.01702	0.15136	0.09246
V38	0.24161	0.05008	0.17139	0.0291	0.17941	0.32842
V39	0.44317	0.07039	0.06694	0.19451	0.14584	0.07914
V40	0.16881	0.34188	0.07016	0.11761	0.22623	0.07531
V41	0.50865	0.06288	0.09165	0.02649	0.15583	0.1545
V42	0.24203	0.05093	0.4273	0.01311	0.17478	0.09185
V43	0.23945	0.28479	0.06999	0.04045	0.29231	0.073
V44	0.19957	0.48261	0.08196	0.03133	0.15329	0.05124
V45	0.35439	0.23768	0.10168	0.03568	0.15964	0.11093
V46	0.14647	0.04861	0.06361	0.20565	0.39223	0.14344
V47	0.16358	0.29501	0.06279	0.11309	0.30014	0.06539
V48	0.15854	0.39073	0.19061	0.0224	0.19659	0.04112
V49	0.18942	0.46459	0.07819	0.02928	0.19308	0.04543
V50	0.09607	0.03678	0.24446	0.0243	0.53398	0.06442
V51	0.09352	0.03822	0.05675	0.03083	0.73909	0.04158
V52	0.15632	0.35971	0.23096	0.04143	0.16576	0.04582
V53	0.18164	0.04346	0.11936	0.03826	0.5719	0.04539
V54	0.13281	0.11272	0.44221	0.0427	0.19923	0.07033
V55	0.09276	0.06182	0.1358	0.03903	0.63028	0.04032
V56	0.08239	0.05711	0.56847	0.08443	0.17108	0.03652
V57	0.22537	0.26124	0.09636	0.02405	0.23985	0.15313
V58	0.09188	0.03957	0.64009	0.0227	0.14995	0.05581
V59	0.12482	0.04294	0.03423	0.57791	0.18121	0.03888
V60	0.3907	0.05368	0.05965	0.28445	0.14671	0.0648
V61	0.30436	0.12805	0.06936	0.13087	0.19877	0.1686
V62	0.39859	0.0693	0.11598	0.09641	0.20566	0.11406
V63	0.19767	0.34324	0.07691	0.0749	0.16595	0.14133
V64	0.10285	0.10455	0.05633	0.02311	0.67233	0.04083
V65	0.41421	0.13097	0.09201	0.0368	0.17938	0.14663
V66	0.37262	0.06668	0.14707	0.03134	0.31652	0.06577
V67	0.14344	0.13607	0.27014	0.17557	0.15703	0.11775
V68	0.57596	0.06596	0.08423	0.04875	0.13976	0.08534
V69	0.44398	0.07291	0.07826	0.02803	0.17655	0.20027
V70	0.11251	0.04173	0.20046	0.40464	0.20039	0.04028
V71	0.15125	0.20114	0.07945	0.08741	0.38046	0.10029
V72	0.43232	0.12317	0.1209	0.03453	0.18358	0.1055
V73	0.12686	0.0368	0.10596	0.51075	0.17802	0.04161
V74	0.11234	0.1313	0.04751	0.50888	0.16401	0.03596
V75	0.18327	0.48298	0.07409	0.04407	0.17055	0.04504
V76	0.08993	0.03437	0.54094	0.03022	0.26371	0.04083
V77	0.16442	0.12753	0.11843	0.36637	0.15509	0.06815
V78	0.39485	0.12323	0.10389	0.10184	0.15712	0.11906
V79	0.2134	0.35516	0.08339	0.02711	0.15868	0.16225
V80	0.20768	0.36792	0.07682	0.03227	0.16728	0.14801
V81	0.49649	0.11384	0.12397	0.02929	0.15154	0.08487
V82	0.17574	0.44538	0.07445	0.05209	0.20391	0.04843
V83	0.19059	0.13634	0.06536	0.27854	0.25208	0.07708
V84	0.29864	0.05401	0.11409	0.29593	0.16756	0.06977
V85	0.55266	0.06423	0.13232	0.02953	0.13851	0.08276
V86	0.25602	0.0681	0.14771	0.21665	0.16507	0.14644
V87	0.10326	0.0475	0.05099	0.59129	0.16446	0.0425
V88	0.16856	0.06214	0.05243	0.36541	0.2043	0.14716
V89	0.1647	0.14254	0.36711	0.02161	0.1539	0.15013
V90	0.18453	0.3973	0.14857	0.02913	0.18736	0.05311
V91	0.11507	0.04558	0.08361	0.08972	0.61789	0.04813
V92	0.10147	0.08017	0.06141	0.02878	0.6814	0.04678
V93	0.23985	0.08771	0.06809	0.08759	0.33778	0.17899
V94	0.09042	0.04014	0.22966	0.45037	0.15372	0.03569
V95	0.08452	0.04163	0.26969	0.09153	0.47589	0.03674
V96	0.16926	0.26254	0.07197	0.05203	0.3435	0.10069
V97	0.0928	0.044	0.06025	0.06602	0.69862	0.03831
V98	0.1211	0.08417	0.04269	0.49287	0.21907	0.04009
V99	0.10126	0.04672	0.03889	0.60617	0.17035	0.03662
V100	0.09056	0.04061	0.37789	0.18705	0.24945	0.05444
V101	0.12448	0.24827	0.35357	0.07831	0.14887	0.04651
V102	0.53905	0.06896	0.14392	0.02902	0.13796	0.08109
V103	0.46434	0.07173	0.07782	0.12555	0.17604	0.08452
V104	0.10898	0.03539	0.19892	0.44849	0.16529	0.04293
V105	0.25416	0.0516	0.13286	0.03149	0.18305	0.34684
V106	0.13754	0.03946	0.4866	0.01375	0.16301	0.15965
V107	0.18886	0.3855	0.21441	0.02207	0.14502	0.04413
V108	0.21236	0.06837	0.09436	0.03324	0.3201	0.27157
V109	0.22282	0.05609	0.07827	0.02907	0.31278	0.30097
V110	0.12291	0.13284	0.52854	0.01147	0.15082	0.05344
V111	0.08162	0.04427	0.65	0.02281	0.16102	0.04028
V112	0.14358	0.23302	0.04291	0.37981	0.15944	0.04124
V113	0.10101	0.0903	0.48795	0.03562	0.24196	0.04315
V114	0.16538	0.0379	0.50019	0.10566	0.1443	0.04657
V115	0.3654	0.0933	0.08251	0.04325	0.24631	0.16924
V116	0.56773	0.06543	0.08294	0.05989	0.1397	0.08432
V117	0.40016	0.06269	0.06292	0.08293	0.32291	0.06838
V118	0.16915	0.40524	0.13609	0.04494	0.1932	0.05137
V119	0.18479	0.46761	0.08239	0.05257	0.1564	0.05623
V120	0.16375	0.16313	0.12084	0.28465	0.21274	0.05489
V121	0.3114	0.05811	0.06687	0.20859	0.15953	0.19549
V122	0.26947	0.05881	0.05022	0.39358	0.17632	0.05159
V123	0.32789	0.06064	0.06984	0.05879	0.26381	0.21903
V124	0.09071	0.03636	0.25995	0.02433	0.54797	0.04068
V125	0.11219	0.12818	0.49486	0.05378	0.14639	0.06459
V126	0.22396	0.20939	0.10958	0.03328	0.1744	0.24938
V127	0.10527	0.03419	0.59247	0.07192	0.15424	0.04192
V128	0.29668	0.19806	0.13311	0.12035	0.18862	0.06318
V129	0.0829	0.0446	0.61475	0.05958	0.15543	0.04274
V130	0.39258	0.12693	0.06614	0.17882	0.16471	0.07082
V131	0.12417	0.04109	0.07494	0.03422	0.6339	0.09168
V132	0.14279	0.30158	0.31863	0.01751	0.17622	0.04327
V133	0.1325	0.15243	0.4291	0.06656	0.1774	0.04201
V134	0.24283	0.38483	0.07608	0.03147	0.20359	0.06121
V135	0.12612	0.04286	0.55074	0.01107	0.18573	0.08349
V136	0.20577	0.41654	0.1173	0.03625	0.17249	0.05164
V137	0.11688	0.13373	0.42428	0.02481	0.26219	0.03812
V138	0.18886	0.04483	0.06376	0.29268	0.22713	0.18275
V139	0.14393	0.0749	0.16507	0.02604	0.44095	0.1491
V140	0.42369	0.18435	0.09994	0.06887	0.14711	0.07604
V141	0.24935	0.20192	0.14079	0.18122	0.16567	0.06105
V142	0.22302	0.41693	0.08074	0.06217	0.14973	0.0674
V143	0.12772	0.07411	0.4737	0.06143	0.21136	0.05168
V144	0.23018	0.15768	0.07883	0.10881	0.17393	0.25057
V145	0.10353	0.03538	0.04481	0.61046	0.16005	0.04577
V146	0.1646	0.04905	0.10757	0.02632	0.58145	0.07101
V147	0.37887	0.09924	0.14831	0.05434	0.15255	0.16667
V148	0.10475	0.1425	0.55311	0.01135	0.14541	0.04289
V149	0.21348	0.32893	0.07068	0.0441	0.16107	0.18174
V150	0.10501	0.03521	0.03298	0.60617	0.18352	0.03711
V151	0.22234	0.28472	0.07137	0.03356	0.1808	0.2072
V152	0.1436	0.17913	0.343	0.03844	0.23255	0.06326
V153	0.08501	0.05821	0.47715	0.17487	0.16587	0.03889
V154	0.36751	0.18019	0.08185	0.02676	0.15731	0.18638
V155	0.15469	0.25259	0.11808	0.02076	0.39349	0.0604
V156	0.14029	0.31617	0.06642	0.02388	0.4127	0.04054
V157	0.19021	0.11756	0.08891	0.20592	0.17621	0.22118
V158	0.09677	0.06991	0.63118	0.01061	0.14777	0.04376
V159	0.18755	0.18243	0.27598	0.12447	0.17193	0.05763
V160	0.09519	0.03396	0.63838	0.01673	0.15058	0.06517
V161	0.14808	0.32618	0.05281	0.22096	0.21193	0.04004
V162	0.16162	0.34672	0.05935	0.09946	0.28184	0.05101
V163	0.09097	0.03335	0.67046	0.01093	0.15011	0.04419
V164	0.1277	0.24401	0.29855	0.08533	0.20039	0.04402
V165	0.11967	0.05265	0.08063	0.03376	0.6344	0.07891
V166	0.15249	0.04959	0.05538	0.12074	0.4652	0.1566
V167	0.09159	0.03372	0.33405	0.3335	0.16808	0.03908
V168	0.47116	0.06585	0.06952	0.17541	0.13886	0.0792
V169	0.09482	0.0396	0.52121	0.14327	0.15503	0.04608
V170	0.34189	0.07004	0.1251	0.20813	0.18997	0.06487
V171	0.237	0.3127	0.08325	0.02652	0.16973	0.17081
V172	0.13925	0.08291	0.41731	0.12727	0.1537	0.07956
V173	0.10278	0.04716	0.5885	0.01059	0.16365	0.08732
V174	0.43982	0.11702	0.07593	0.02883	0.26784	0.07055
V175	0.19072	0.39868	0.1482	0.0345	0.18156	0.04633
V176	0.07977	0.03261	0.66798	0.01708	0.16204	0.04052
V177	0.18405	0.09501	0.28121	0.03531	0.27119	0.13323
V178	0.1075	0.06317	0.08022	0.02214	0.6793	0.04766
V179	0.12242	0.03833	0.0712	0.43322	0.23384	0.10099
V180	0.24778	0.05182	0.18245	0.273	0.14761	0.09734
V181	0.38897	0.1231	0.11144	0.06452	0.19319	0.11878
V182	0.09772	0.08907	0.56418	0.05291	0.14704	0.04908
V183	0.11014	0.03533	0.03841	0.62004	0.15858	0.0375
V184	0.32672	0.2754	0.07485	0.04068	0.2193	0.06305
V185	0.20625	0.339	0.08408	0.02995	0.23873	0.10199
V186	0.08086	0.0327	0.46741	0.22699	0.15602	0.03601
V187	0.28415	0.31939	0.06894	0.03575	0.23571	0.05607
V188	0.22504	0.37085	0.07722	0.04337	0.15594	0.12757
V189	0.11506	0.08288	0.17917	0.03669	0.4985	0.08772
V190	0.13656	0.15252	0.06282	0.03384	0.5133	0.10096
V191	0.20552	0.37193	0.07172	0.03271	0.16809	0.15004
V192	0.39024	0.18381	0.12934	0.03923	0.18007	0.07732
V193	0.24789	0.12816	0.0826	0.03745	0.18579	0.31811
V194	0.10097	0.05085	0.07079	0.09649	0.63404	0.04685
V195	0.08482	0.03373	0.5403	0.07346	0.22754	0.04015
V196	0.09982	0.03499	0.05155	0.58441	0.18969	0.03953
V197	0.21241	0.04577	0.0761	0.02708	0.5844	0.05424
V198	0.18845	0.27448	0.08581	0.11232	0.28661	0.05233
V199	0.12482	0.17733	0.12582	0.08498	0.44359	0.04345
V200	0.126	0.04286	0.43877	0.16087	0.15528	0.07622
V201	0.11055	0.03576	0.03253	0.61266	0.15944	0.04905
V202	0.15118	0.07929	0.34938	0.04018	0.25231	0.12766
V203	0.41426	0.07418	0.06347	0.23751	0.14067	0.0699
V204	0.2407	0.08186	0.09757	0.13761	0.17583	0.26643
V205	0.08633	0.04468	0.6563	0.02256	0.14949	0.04064
V206	0.10378	0.06562	0.11804	0.49866	0.17763	0.03626
V207	0.3204	0.16094	0.08927	0.17382	0.16212	0.09344
V208	0.30454	0.09748	0.31938	0.04586	0.17377	0.05898
V209	0.28848	0.31588	0.071	0.04741	0.15647	0.12076
V210	0.14325	0.04858	0.60671	0.01042	0.14554	0.04551
V211	0.3857	0.0752	0.1387	0.02744	0.24963	0.12333
V212	0.12505	0.2009	0.18868	0.25328	0.18676	0.04533
V213	0.11803	0.08119	0.23994	0.03509	0.48385	0.04191
V214	0.52813	0.07483	0.09229	0.05926	0.1624	0.08309
V215	0.20788	0.39532	0.07089	0.04844	0.15562	0.12185
V216	0.20009	0.31873	0.25363	0.02498	0.15433	0.04824
V217	0.24199	0.04893	0.09438	0.08133	0.34824	0.18514
V218	0.15616	0.23382	0.05001	0.35616	0.16424	0.03961
V219	0.53485	0.06442	0.09149	0.02615	0.15185	0.13123
V220	0.15709	0.04512	0.04756	0.54874	0.1544	0.04709
V221	0.20846	0.42677	0.09031	0.07174	0.15351	0.04921
V222	0.16064	0.20869	0.08295	0.11525	0.37666	0.05582
V223	0.17823	0.22712	0.24078	0.02531	0.17033	0.15824
V224	0.08693	0.03607	0.33729	0.01635	0.48575	0.03761
V225	0.29302	0.06019	0.09182	0.03844	0.18166	0.33488
V226	0.24553	0.07682	0.19594	0.19605	0.218	0.06766
V227	0.44288	0.05848	0.06982	0.16722	0.14955	0.11205
V228	0.17758	0.18093	0.36176	0.05039	0.16571	0.06362
V229	0.18267	0.04775	0.3024	0.17518	0.23239	0.05962
V230	0.12142	0.13261	0.5335	0.01705	0.145	0.05042
V231	0.13036	0.04903	0.0407	0.56727	0.17349	0.03916
V232	0.33806	0.06023	0.05991	0.21264	0.16046	0.1687
V233	0.53244	0.0693	0.09241	0.06531	0.15177	0.08876
V234	0.35189	0.05388	0.06317	0.03353	0.43035	0.06719
V235	0.14585	0.03823	0.05323	0.54943	0.16687	0.04639
V236	0.13578	0.04114	0.19053	0.03131	0.48804	0.11321
V237	0.08471	0.03297	0.60207	0.07865	0.16125	0.04035
V238	0.43695	0.05924	0.10199	0.07967	0.17296	0.14918
V239	0.37973	0.0731	0.13831	0.10676	0.22002	0.08209
V240	0.11802	0.18634	0.05316	0.09818	0.50405	0.04025
V241	0.40056	0.15086	0.0697	0.13424	0.17053	0.07411
V242	0.28517	0.08328	0.09384	0.13947	0.21491	0.18334
V243	0.13438	0.26325	0.35213	0.0442	0.16406	0.04198
V244	0.19102	0.05887	0.06649	0.02265	0.52032	0.14065
V245	0.50308	0.06254	0.08518	0.02672	0.16265	0.15983
V246	0.09927	0.0668	0.20549	0.25766	0.32861	0.04217
V247	0.294	0.10324	0.07061	0.14752	0.1744	0.21023
V248	0.23986	0.06632	0.05299	0.16561	0.40773	0.06749
V249	0.23383	0.14408	0.31171	0.07019	0.14473	0.09545
V250	0.10801	0.04747	0.03857	0.60763	0.15839	0.03994
V251	0.15986	0.36072	0.15392	0.12912	0.15089	0.04548
V252	0.10023	0.04156	0.06497	0.56194	0.1888	0.04249
V253	0.16362	0.0819	0.05606	0.28719	0.24902	0.16221
V254	0.14276	0.198	0.10629	0.14037	0.35029	0.0623
V255	0.30994	0.22702	0.11424	0.06278	0.18649	0.09953
V256	0.18739	0.48308	0.07545	0.03504	0.16686	0.05218
V257	0.16017	0.28382	0.08262	0.03954	0.36828	0.06557
V258	0.12897	0.18291	0.1405	0.35455	0.14754	0.04553
V259	0.14856	0.35382	0.27259	0.0298	0.14525	0.04999
V260	0.16721	0.06819	0.06962	0.03359	0.57109	0.0903
V261	0.37376	0.06885	0.09124	0.0474	0.29028	0.12846
V262	0.12554	0.04155	0.58762	0.01692	0.18729	0.04107
V263	0.10036	0.07152	0.48008	0.14938	0.15298	0.04567
V264	0.41811	0.07061	0.14053	0.04658	0.18892	0.13525
V265	0.11307	0.03927	0.05592	0.04145	0.70744	0.04285
V266	0.28777	0.07934	0.09031	0.0375	0.18489	0.3202
V267	0.24293	0.41077	0.07053	0.07259	0.15269	0.05049
V268	0.57371	0.06612	0.08055	0.03221	0.14294	0.10448
V269	0.11498	0.0665	0.12511	0.48301	0.17045	0.03997
V270	0.28119	0.31985	0.08587	0.03542	0.21964	0.05803
V271	0.19246	0.12963	0.23967	0.03395	0.17482	0.22947
V272	0.10934	0.03961	0.05379	0.07881	0.64948	0.06897
V273	0.12457	0.04035	0.09105	0.07719	0.60579	0.06104
V274	0.21702	0.05532	0.18589	0.06508	0.18049	0.2962
V275	0.46469	0.16903	0.08158	0.03668	0.14931	0.09872
V276	0.21864	0.20872	0.12011	0.07782	0.18773	0.18698
V277	0.37543	0.06961	0.07857	0.0323	0.25062	0.19349
V278	0.17878	0.11768	0.11914	0.17448	0.35483	0.05509
V279	0.23706	0.08115	0.20806	0.06082	0.17526	0.23764
V280	0.16312	0.03943	0.04219	0.54429	0.1601	0.05089
V281	0.18639	0.47328	0.09336	0.04814	0.15146	0.04737
V282	0.10726	0.06308	0.0599	0.06537	0.65999	0.0444
V283	0.13943	0.29815	0.06024	0.02924	0.42751	0.04543
V284	0.1293	0.10225	0.26569	0.23524	0.17933	0.08818
V285	0.10838	0.0475	0.03283	0.60712	0.16412	0.04004
V286	0.44897	0.07632	0.12028	0.14258	0.13811	0.07374
V287	0.10525	0.04526	0.07806	0.07783	0.63426	0.05933
V288	0.22062	0.2202	0.08012	0.03161	0.24402	0.20343
V289	0.09026	0.08887	0.53732	0.0781	0.16342	0.04202
V290	0.09443	0.03466	0.19808	0.46663	0.16125	0.04494
V291	0.12002	0.05475	0.03355	0.58477	0.16302	0.04389
V292	0.18661	0.09667	0.05414	0.38938	0.22684	0.04635
V293	0.09738	0.06842	0.07978	0.02835	0.68263	0.04343
V294	0.3788	0.07478	0.06608	0.03464	0.33501	0.11071
V295	0.29764	0.05401	0.09241	0.03226	0.18798	0.33571
V296	0.15273	0.26741	0.11264	0.19212	0.1907	0.08441
V297	0.25546	0.09713	0.07782	0.03891	0.19036	0.34031
V298	0.17451	0.43964	0.16271	0.03061	0.14878	0.04375
V299	0.17135	0.0875	0.52854	0.01677	0.14892	0.04693
V300	0.47981	0.1253	0.10071	0.03081	0.14534	0.11802
V301	0.36677	0.27821	0.10671	0.03514	0.14878	0.06439
V302	0.13015	0.21232	0.09095	0.3376	0.18346	0.04553
V303	0.1696	0.41458	0.10925	0.03532	0.22342	0.04782
V304	0.10724	0.03868	0.0748	0.02313	0.71361	0.04255
V305	0.1337	0.04617	0.17271	0.30413	0.21986	0.12343
V306	0.36283	0.11911	0.07638	0.03499	0.1647	0.24199
V307	0.19514	0.05031	0.06361	0.03364	0.58063	0.07667
V308	0.10147	0.04077	0.03248	0.6228	0.16562	0.03685
V309	0.15263	0.34853	0.05835	0.24712	0.14879	0.04459
V310	0.18269	0.26809	0.23743	0.02561	0.16269	0.1235
V311	0.40994	0.05871	0.08448	0.03518	0.16406	0.24763
V312	0.17082	0.0483	0.04708	0.25596	0.42244	0.0554
V313	0.32632	0.06168	0.07591	0.06262	0.17428	0.29919
V314	0.24229	0.05028	0.04709	0.45775	0.15346	0.04913
V315	0.23403	0.41176	0.07824	0.02785	0.18408	0.06405
V316	0.29209	0.05931	0.08563	0.08076	0.18648	0.29573
V317	0.14508	0.0395	0.04534	0.47868	0.18907	0.10231
V318	0.10263	0.04173	0.0572	0.59375	0.15912	0.04558
V319	0.29424	0.15853	0.22309	0.10798	0.14666	0.0695
V320	0.23693	0.16283	0.27584	0.08914	0.14914	0.08611
V321	0.1647	0.39548	0.0585	0.18677	0.15362	0.04093
V322	0.12255	0.04051	0.12054	0.03268	0.59105	0.09267
V323	0.13898	0.21701	0.04765	0.25743	0.29776	0.04117
V324	0.15619	0.0686	0.08335	0.16246	0.41103	0.11837
V325	0.2131	0.46463	0.09085	0.03011	0.1511	0.05022
V326	0.24187	0.42864	0.08489	0.0287	0.16283	0.05306
V327	0.13085	0.03578	0.6315	0.01048	0.14674	0.04465
V328	0.20292	0.16593	0.17999	0.10882	0.29217	0.05017
V329	0.08896	0.0353	0.43895	0.01387	0.3766	0.04631
V330	0.08602	0.03309	0.65884	0.01694	0.16146	0.04364
V331	0.45852	0.10097	0.10791	0.07726	0.14859	0.10676
V332	0.16085	0.08904	0.16619	0.02621	0.40131	0.15639
V333	0.09626	0.04685	0.36171	0.23915	0.20461	0.05142
V334	0.12896	0.27855	0.31805	0.08968	0.14375	0.04102
V335	0.15636	0.05028	0.54912	0.017	0.14753	0.07972
V336	0.30826	0.36125	0.09129	0.02699	0.15155	0.06067
V337	0.14769	0.15471	0.09823	0.02653	0.53152	0.04132
V338	0.47729	0.06101	0.10237	0.02881	0.24148	0.08904
V339	0.1558	0.09722	0.31645	0.18074	0.16519	0.0846
V340	0.42686	0.20473	0.07286	0.053	0.15921	0.08333
V341	0.24222	0.0695	0.07476	0.38153	0.17714	0.05486
V342	0.14384	0.04599	0.05252	0.45324	0.19583	0.10859
V343	0.23981	0.15087	0.15362	0.04318	0.17574	0.23678
V344	0.17413	0.38792	0.06576	0.04137	0.24986	0.08097
V345	0.09717	0.03836	0.06234	0.03053	0.73238	0.03923
V346	0.18352	0.04824	0.05751	0.29646	0.35474	0.05953
V347	0.35578	0.13141	0.08079	0.07499	0.28967	0.06736
V348	0.15737	0.11828	0.47512	0.02355	0.17791	0.04777
V349	0.47996	0.10099	0.10049	0.08176	0.16218	0.07462
V350	0.33153	0.0773	0.14986	0.17303	0.14687	0.12141
V351	0.28811	0.09767	0.10612	0.04658	0.18311	0.27842
V352	0.17668	0.24323	0.06897	0.02363	0.33709	0.1504
V353	0.10343	0.14217	0.5578	0.01129	0.14528	0.04002
V354	0.19154	0.07688	0.22154	0.01809	0.35109	0.14085
V355	0.08594	0.0508	0.65971	0.01654	0.14927	0.03774
V356	0.37661	0.12721	0.08508	0.16801	0.15989	0.0832
V357	0.25359	0.05201	0.32947	0.02701	0.27726	0.06065
V358	0.24758	0.05071	0.12259	0.05597	0.18764	0.33551
V359	0.18603	0.09682	0.04717	0.41666	0.19789	0.05542
V360	0.36275	0.05413	0.0645	0.15307	0.28525	0.0803
V361	0.18783	0.49075	0.07586	0.03986	0.1579	0.04781
V362	0.15819	0.34923	0.07596	0.22387	0.15238	0.04037
V363	0.4822	0.09638	0.11042	0.02345	0.19844	0.08909
V364	0.22008	0.16969	0.08015	0.05099	0.23924	0.23986
V365	0.33333	0.27597	0.07186	0.11187	0.14392	0.06305
V366	0.15826	0.19009	0.35777	0.05594	0.18837	0.04957
V367	0.11148	0.03678	0.05179	0.40758	0.33987	0.0525
V368	0.19822	0.13704	0.12371	0.04929	0.2586	0.23314
V369	0.11718	0.05832	0.05456	0.06545	0.63521	0.06928
V370	0.10945	0.08577	0.47904	0.10586	0.15861	0.06126
V371	0.1626	0.20098	0.05214	0.33597	0.1514	0.0969
V372	0.18154	0.40648	0.06712	0.04164	0.23692	0.0663
V373	0.53172	0.07025	0.0805	0.0272	0.14876	0.14156
V374	0.19935	0.04788	0.21355	0.33146	0.16248	0.04528
V375	0.31401	0.05612	0.19734	0.05487	0.30849	0.06918
V376	0.21581	0.08186	0.08513	0.1125	0.22421	0.28049
V377	0.1181	0.04368	0.33538	0.01536	0.43906	0.04843
V378	0.22907	0.0942	0.20401	0.0238	0.19139	0.25754
V379	0.37396	0.06229	0.16707	0.02528	0.15921	0.21219
V380	0.09628	0.06214	0.07957	0.0348	0.68369	0.04352
V381	0.28068	0.06589	0.26173	0.19255	0.14593	0.05321
V382	0.10041	0.05609	0.05566	0.15777	0.58941	0.04066
V383	0.2022	0.06737	0.31909	0.20529	0.15447	0.05158
V384	0.10732	0.04624	0.60445	0.02278	0.17691	0.04229
V385	0.2746	0.05916	0.09976	0.03279	0.18454	0.34915
V386	0.41123	0.07427	0.23996	0.02436	0.17328	0.0769
V387	0.23114	0.04952	0.07822	0.44534	0.14766	0.04812
V388	0.50046	0.08472	0.17279	0.02175	0.14306	0.07722
V389	0.3366	0.10583	0.08318	0.02949	0.17573	0.26918
V390	0.13472	0.06309	0.04382	0.49755	0.18007	0.08074
V391	0.12009	0.044	0.05219	0.40272	0.32182	0.05918
V392	0.14446	0.06661	0.37974	0.09283	0.1567	0.15966
V393	0.14368	0.13527	0.31439	0.05916	0.23537	0.11212
V394	0.10398	0.03511	0.05842	0.56779	0.19484	0.03987
V395	0.08397	0.06896	0.64534	0.01635	0.14831	0.03706
V396	0.37212	0.08997	0.06094	0.2428	0.17146	0.06272
V397	0.23544	0.16369	0.09763	0.03411	0.20125	0.26788
V398	0.18083	0.40069	0.07728	0.04106	0.25011	0.05003
V399	0.08814	0.03327	0.62588	0.04136	0.16159	0.04976
V400	0.19058	0.06569	0.05364	0.29939	0.17363	0.21707
V401	0.1657	0.05163	0.48815	0.01769	0.21175	0.06508
V402	0.13862	0.04415	0.04049	0.57161	0.15637	0.04875
V403	0.18568	0.04666	0.07137	0.05197	0.41239	0.23194
V404	0.0843	0.03854	0.67758	0.01132	0.15019	0.03807
V405	0.30449	0.24866	0.12409	0.05552	0.20878	0.05846
V406	0.19971	0.08497	0.18782	0.08472	0.27228	0.17049
V407	0.12795	0.04916	0.54803	0.01099	0.15771	0.10617
V408	0.13257	0.1062	0.06148	0.47233	0.1533	0.07411
V409	0.57116	0.08291	0.08117	0.02683	0.14243	0.09551
V410	0.58082	0.07169	0.08059	0.02648	0.15172	0.0887
V411	0.2139	0.05435	0.06807	0.20791	0.17366	0.2821
V412	0.4035	0.16125	0.11031	0.05099	0.20775	0.06619
V413	0.11368	0.10836	0.05911	0.51006	0.16974	0.03905
V414	0.15978	0.08217	0.05309	0.40424	0.25352	0.04721
V415	0.11383	0.04295	0.27818	0.27042	0.22024	0.07439
V416	0.13085	0.13379	0.05539	0.18888	0.41027	0.08083
V417	0.26026	0.05053	0.12201	0.11233	0.17142	0.28346
V418	0.09783	0.08609	0.33187	0.10259	0.32745	0.05416
V419	0.26169	0.07202	0.07993	0.03422	0.19366	0.35849
V420	0.27018	0.05341	0.07986	0.04061	0.19404	0.3619
V421	0.11973	0.07002	0.09669	0.06988	0.59262	0.05107
V422	0.2313	0.21913	0.06184	0.0279	0.40805	0.05177
V423	0.13965	0.13875	0.03758	0.48661	0.15645	0.04096
V424	0.5129	0.11407	0.08658	0.06498	0.14054	0.08093
V425	0.10352	0.10497	0.06743	0.02249	0.6581	0.04349
V426	0.21933	0.07419	0.20098	0.03241	0.17924	0.29386
V427	0.35983	0.1263	0.15783	0.10573	0.15954	0.09077
V428	0.25851	0.05136	0.04201	0.45055	0.14684	0.05072
V429	0.09757	0.04774	0.11579	0.39867	0.29527	0.04494
V430	0.11593	0.08686	0.43241	0.14483	0.15843	0.06154
V431	0.07916	0.03823	0.66597	0.02867	0.15058	0.03739
V432	0.14037	0.30192	0.06473	0.29291	0.15862	0.04146
V433	0.10359	0.0351	0.06348	0.60243	0.15848	0.03693
V434	0.12195	0.21551	0.15939	0.31716	0.14737	0.03862
V435	0.12475	0.04147	0.06395	0.02283	0.63239	0.1146
V436	0.53679	0.11997	0.08425	0.03719	0.14105	0.08075
V437	0.22817	0.20631	0.24895	0.02937	0.21287	0.07433
V438	0.15223	0.27219	0.06317	0.06178	0.40441	0.04623
V439	0.09564	0.04369	0.13102	0.0216	0.6668	0.04124
V440	0.17194	0.07318	0.33704	0.05242	0.27816	0.08725
V441	0.13561	0.08451	0.37233	0.11764	0.16415	0.12576
V442	0.33939	0.12633	0.18003	0.06245	0.18036	0.11144
V443	0.10709	0.03535	0.07863	0.54852	0.18138	0.04903
V444	0.48048	0.07887	0.0971	0.04141	0.20135	0.10078
V445	0.58321	0.07168	0.0926	0.02604	0.14027	0.08619
V446	0.15591	0.35056	0.2397	0.03572	0.16212	0.05599
V447	0.21942	0.19137	0.05967	0.15308	0.19449	0.18198
V448	0.09513	0.04561	0.6203	0.01135	0.18905	0.03856
V449	0.41149	0.07488	0.07186	0.20903	0.14224	0.09049
V450	0.13307	0.04264	0.51327	0.01176	0.255	0.04425
V451	0.15406	0.06573	0.16072	0.11793	0.4567	0.04485
V452	0.17426	0.05627	0.07443	0.32354	0.20019	0.17129
V453	0.27456	0.0456	0.39264	0.08806	0.14555	0.0536
V454	0.21036	0.07938	0.11912	0.387	0.15245	0.05169
V455	0.21116	0.44982	0.09355	0.04297	0.15026	0.05224
V456	0.53158	0.06336	0.10101	0.03035	0.17048	0.10322
V457	0.23194	0.05672	0.07629	0.03421	0.3213	0.27953
V458	0.12113	0.03822	0.34219	0.02118	0.39662	0.08065
V459	0.09315	0.04588	0.44889	0.22725	0.1482	0.03662
V460	0.30326	0.0877	0.22421	0.10642	0.16843	0.10999
V461	0.25913	0.07189	0.05967	0.30837	0.23225	0.06869
V462	0.08446	0.03306	0.65058	0.02274	0.15672	0.05243
V463	0.09405	0.05602	0.0666	0.053	0.69225	0.03808
V464	0.20084	0.45741	0.07798	0.04319	0.17395	0.04663
V465	0.30009	0.10361	0.34048	0.01503	0.1694	0.07139
V466	0.14363	0.05046	0.04886	0.50212	0.20288	0.05205
V467	0.58937	0.0669	0.08715	0.02635	0.14057	0.08966
V468	0.29603	0.11171	0.11677	0.18022	0.23808	0.05719
V469	0.10503	0.11619	0.49016	0.07257	0.1527	0.06334
V470	0.42281	0.06415	0.09574	0.06956	0.27312	0.07462
V471	0.12894	0.16733	0.40216	0.05618	0.17407	0.07132
V472	0.17151	0.3326	0.06211	0.04595	0.32756	0.06026
V473	0.19247	0.49453	0.08203	0.03154	0.15324	0.04619
V474	0.12357	0.0356	0.30218	0.34249	0.15454	0.0416
V475	0.13677	0.13263	0.23647	0.1335	0.3099	0.05073
V476	0.37031	0.06838	0.06909	0.15708	0.18276	0.15239
V477	0.19135	0.36682	0.10345	0.08365	0.16614	0.08859
V478	0.09059	0.03969	0.62561	0.02281	0.15666	0.06464
V479	0.12044	0.11502	0.52981	0.01708	0.17308	0.04457
V480	0.12375	0.18825	0.0533	0.22366	0.37122	0.03983
V481	0.32183	0.10745	0.13618	0.06763	0.2937	0.07321
V482	0.42408	0.05911	0.09189	0.03506	0.16291	0.22696
V483	0.18065	0.47561	0.11359	0.03383	0.15152	0.0448
V484	0.52953	0.06325	0.12467	0.02335	0.1732	0.08601
V485	0.23801	0.11853	0.36884	0.0627	0.14684	0.06507
V486	0.20169	0.04103	0.49813	0.03632	0.14536	0.07747
V487	0.13415	0.24858	0.06345	0.02818	0.48059	0.04505
V488	0.28271	0.37974	0.08317	0.05222	0.14694	0.05521
V489	0.51002	0.07412	0.12971	0.0288	0.17325	0.0841
V490	0.26782	0.0786	0.07351	0.06911	0.19723	0.31373
V491	0.15454	0.20166	0.28291	0.01654	0.28966	0.05469
V492	0.1996	0.0665	0.21399	0.08052	0.2219	0.21749
V493	0.5201	0.13657	0.07737	0.04293	0.1415	0.08153
V494	0.18679	0.06532	0.29879	0.03957	0.16562	0.2439
V495	0.25323	0.32935	0.18595	0.03212	0.14884	0.05051
V496	0.21794	0.12165	0.25086	0.0168	0.28258	0.11017
V497	0.1183	0.15903	0.16529	0.04255	0.47395	0.04089
V498	0.14374	0.10116	0.28161	0.23127	0.18769	0.05452
V499	0.17328	0.39048	0.16281	0.0648	0.15692	0.05171
V500	0.35905	0.16076	0.10828	0.05669	0.2351	0.08013
V501	0.20404	0.46524	0.07443	0.04376	0.15636	0.05616
V502	0.10019	0.044	0.05452	0.19568	0.5622	0.04341
V503	0.18506	0.23648	0.06988	0.31456	0.15158	0.04244
V504	0.19532	0.46408	0.10457	0.02942	0.16038	0.04623
V505	0.0919	0.03479	0.37564	0.26575	0.17439	0.05752
V506	0.31413	0.05898	0.09055	0.1286	0.20495	0.20279
V507	0.26279	0.05286	0.08035	0.03454	0.20179	0.36767
V508	0.16846	0.35564	0.09432	0.07683	0.25802	0.04673
V509	0.11894	0.04237	0.04221	0.52986	0.22835	0.03828
V510	0.58123	0.06641	0.08035	0.02642	0.15671	0.08888
V511	0.24032	0.05564	0.06217	0.19367	0.17698	0.27122
V512	0.14096	0.16648	0.43389	0.03051	0.16143	0.06672
V513	0.09829	0.04895	0.21341	0.05498	0.54369	0.04068
V514	0.19111	0.44427	0.11395	0.02732	0.15205	0.0713
V515	0.17136	0.26733	0.05416	0.30181	0.14827	0.05709
V516	0.08554	0.06385	0.57197	0.01731	0.21866	0.04268
V517	0.08411	0.0348	0.32074	0.1671	0.35406	0.03918
V518	0.30145	0.2631	0.08832	0.09147	0.17395	0.0817
V519	0.2233	0.34572	0.07246	0.08076	0.15921	0.11856
V520	0.45748	0.11244	0.08831	0.09589	0.14277	0.10312
V521	0.14674	0.04179	0.06222	0.03446	0.66013	0.05466
V522	0.31864	0.16185	0.07817	0.04076	0.28066	0.11992
V523	0.32744	0.15735	0.10753	0.12015	0.15508	0.13245
V524	0.12932	0.04059	0.10269	0.1357	0.49965	0.09204
V525	0.37379	0.05631	0.1089	0.0402	0.16448	0.25632
V526	0.16958	0.42315	0.13101	0.0304	0.20249	0.04337
V527	0.28091	0.05244	0.42048	0.01911	0.16951	0.05755
V528	0.53443	0.06329	0.14961	0.02864	0.14334	0.0807
V529	0.1517	0.08688	0.05492	0.49234	0.16848	0.04568
V530	0.15663	0.17797	0.27484	0.09601	0.19544	0.09911
V531	0.58522	0.07192	0.08084	0.03202	0.1409	0.0891
V532	0.16308	0.03958	0.09	0.42893	0.23062	0.04778
V533	0.16471	0.04314	0.25095	0.03704	0.35115	0.15301
V534	0.14023	0.0405	0.04834	0.42349	0.22333	0.12411
V535	0.38254	0.07839	0.2036	0.11094	0.14517	0.07937
V536	0.0875	0.03365	0.53903	0.13155	0.15061	0.05767
V537	0.1667	0.37869	0.06298	0.18416	0.15431	0.05316
V538	0.19159	0.04601	0.06141	0.29602	0.17022	0.23476
V539	0.11098	0.03627	0.04879	0.50286	0.2544	0.0467
V540	0.26969	0.05346	0.28527	0.02832	0.28601	0.07726
V541	0.1327	0.19349	0.04681	0.40933	0.16666	0.05101
V542	0.15233	0.35532	0.07201	0.18565	0.19014	0.04456
V543	0.08188	0.03412	0.48286	0.03146	0.32692	0.04277
V544	0.25254	0.07106	0.08201	0.057	0.20155	0.33583
V545	0.15525	0.38091	0.11273	0.03919	0.26662	0.04531
V546	0.41669	0.092	0.0659	0.19386	0.15833	0.07322
V547	0.13929	0.09601	0.04528	0.29422	0.35049	0.0747
V548	0.26289	0.06539	0.08026	0.03442	0.19438	0.36266
V549	0.15544	0.03883	0.47433	0.07578	0.1665	0.08911
V550	0.09533	0.04225	0.29933	0.01702	0.5052	0.04087
V551	0.21582	0.08801	0.10269	0.11002	0.23164	0.25181
V552	0.1184	0.06332	0.15709	0.21662	0.38239	0.06218
V553	0.53947	0.06394	0.09947	0.04784	0.16225	0.08703
V554	0.19249	0.4673	0.08973	0.02957	0.15695	0.06396
V555	0.32686	0.05296	0.07929	0.20711	0.15622	0.17755
V556	0.12502	0.04205	0.36099	0.26427	0.15991	0.04775
V557	0.20252	0.42806	0.12827	0.03136	0.15369	0.05611
V558	0.34469	0.17027	0.07271	0.1094	0.15261	0.15032
V559	0.09372	0.03814	0.0522	0.12733	0.64764	0.04098
V560	0.48866	0.07953	0.08616	0.03609	0.20223	0.10733
V561	0.08025	0.0442	0.67658	0.01137	0.15006	0.03754
V562	0.38468	0.19069	0.10428	0.07499	0.1494	0.09597
V563	0.25631	0.05197	0.07533	0.08484	0.18453	0.34703
V564	0.20601	0.10006	0.06658	0.03278	0.34617	0.2484
V565	0.26269	0.05296	0.08697	0.03424	0.19544	0.3677
V566	0.24232	0.1156	0.08986	0.06638	0.19884	0.28701
V567	0.31026	0.22036	0.065	0.17372	0.16192	0.06874
V568	0.12612	0.03996	0.06742	0.04673	0.6786	0.04117
V569	0.50759	0.08664	0.07628	0.04984	0.15193	0.12772
V570	0.47337	0.14099	0.09616	0.06394	0.14614	0.0794
V571	0.10477	0.17178	0.49361	0.02374	0.16628	0.03982
V572	0.09055	0.0395	0.59766	0.02354	0.2078	0.04094
V573	0.2371	0.43522	0.08002	0.02914	0.16365	0.05487
V574	0.17273	0.04366	0.3354	0.05087	0.1877	0.20964
V575	0.17489	0.38944	0.11226	0.10307	0.15873	0.06162
V576	0.29378	0.11714	0.07372	0.02087	0.43683	0.05767
V577	0.30367	0.08263	0.06622	0.06378	0.40342	0.08028
V578	0.12475	0.04147	0.06395	0.02283	0.63239	0.1146
V579	0.11735	0.05647	0.17571	0.19433	0.41484	0.0413
V580	0.16964	0.05407	0.11011	0.28527	0.30788	0.07302
V581	0.46016	0.0833	0.12395	0.0751	0.18523	0.07226
V582	0.46011	0.06568	0.07677	0.15805	0.14679	0.09261
V583	0.15246	0.07465	0.2799	0.01753	0.30543	0.17002
V584	0.16307	0.05555	0.05527	0.26471	0.32986	0.13154
V585	0.16361	0.29773	0.22184	0.07607	0.15879	0.08195
V586	0.23327	0.42503	0.104	0.03257	0.15302	0.0521
V587	0.23042	0.04982	0.25213	0.26069	0.14982	0.05712
V588	0.11429	0.04204	0.06436	0.57851	0.16304	0.03776
V589	0.16439	0.21041	0.25284	0.07321	0.15896	0.14019
V590	0.17494	0.07033	0.32332	0.07017	0.16659	0.19464
V591	0.50506	0.06226	0.09317	0.11904	0.14359	0.07688
V592	0.15188	0.24013	0.11238	0.27804	0.17493	0.04264
V593	0.10619	0.04108	0.03841	0.61836	0.15884	0.03712
V594	0.16599	0.04121	0.06021	0.44485	0.16444	0.12331
V595	0.1605	0.21036	0.09272	0.10706	0.30484	0.12452
V596	0.11989	0.18064	0.06509	0.07425	0.52194	0.03818
V597	0.33263	0.05236	0.08023	0.02671	0.44835	0.05972
V598	0.5624	0.0884	0.08037	0.02668	0.14767	0.09449
V599	0.21671	0.05499	0.06384	0.14009	0.2446	0.27977
V600	0.35592	0.12417	0.07052	0.06265	0.20485	0.18188
V601	0.18148	0.13988	0.08931	0.27359	0.15812	0.15761
V602	0.12077	0.0531	0.1349	0.02635	0.55671	0.10817
V603	0.2098	0.2754	0.09539	0.06528	0.18056	0.17357
V604	0.14444	0.3075	0.06073	0.02929	0.4146	0.04343
V605	0.12863	0.05859	0.07446	0.02197	0.66386	0.0525
V606	0.37357	0.07306	0.23473	0.06154	0.14369	0.11342
V607	0.22394	0.07615	0.06962	0.04154	0.30237	0.28638
V608	0.20453	0.38471	0.07263	0.07383	0.16781	0.09649
V609	0.09743	0.03954	0.5183	0.15568	0.14862	0.04044
V610	0.12114	0.11927	0.37901	0.13279	0.1761	0.0717
V611	0.18227	0.48033	0.08331	0.04829	0.16103	0.04477
V612	0.11688	0.16074	0.04266	0.49259	0.1512	0.03594
V613	0.42665	0.14843	0.08347	0.02686	0.15411	0.16048
V614	0.13437	0.11532	0.41742	0.01944	0.19831	0.11514
V615	0.10241	0.07435	0.09828	0.02745	0.65375	0.04376
V616	0.3308	0.27842	0.0712	0.05307	0.16437	0.10216
V617	0.09921	0.04452	0.05669	0.0305	0.72726	0.04182
V618	0.19959	0.05386	0.48558	0.01776	0.16291	0.0803
V619	0.15665	0.38603	0.17393	0.04317	0.19242	0.0478
V620	0.20668	0.05416	0.26142	0.03542	0.17006	0.27226
V621	0.1052	0.03528	0.09189	0.54108	0.18063	0.04592
V622	0.37525	0.14883	0.07951	0.02269	0.30413	0.06959
V623	0.2388	0.41822	0.07911	0.02805	0.1594	0.07642
V624	0.16381	0.37723	0.05664	0.20563	0.14885	0.04785
V625	0.13702	0.11938	0.19072	0.32861	0.16537	0.05889
V626	0.13095	0.06714	0.0638	0.1564	0.46254	0.11916
V627	0.42529	0.05651	0.0571	0.24611	0.14077	0.07423
V628	0.17306	0.0823	0.28296	0.08179	0.2245	0.15539
V629	0.14162	0.30654	0.04823	0.30852	0.15356	0.04154
V630	0.42708	0.06522	0.09183	0.06262	0.17805	0.17519
V631	0.21854	0.04854	0.1125	0.12673	0.20621	0.28747
V632	0.11191	0.0564	0.14855	0.24073	0.39282	0.04958
V633	0.09734	0.14136	0.56257	0.01685	0.14506	0.03683
V634	0.49072	0.0672	0.07862	0.15001	0.13806	0.07538
V635	0.10003	0.06545	0.22456	0.41982	0.15132	0.03882
V636	0.17217	0.38604	0.06326	0.07234	0.23802	0.06817
V637	0.23753	0.08987	0.08109	0.03051	0.2475	0.31352
V638	0.12676	0.10502	0.08306	0.38832	0.25328	0.04356
V639	0.26297	0.08693	0.11668	0.04428	0.39519	0.09394
V640	0.13205	0.12664	0.38615	0.02577	0.23313	0.09626
V641	0.0893	0.0838	0.40833	0.03164	0.34759	0.03934
V642	0.24006	0.07206	0.27249	0.13267	0.1503	0.13242
V643	0.53236	0.06986	0.07293	0.08397	0.15207	0.0888
V644	0.50321	0.06852	0.0721	0.0915	0.15001	0.11466
V645	0.47026	0.07286	0.08463	0.08588	0.14699	0.13938
V646	0.09347	0.04191	0.3718	0.01506	0.43696	0.0408
V647	0.23378	0.05446	0.08217	0.2448	0.18157	0.20321
V648	0.20989	0.24469	0.16219	0.06283	0.1697	0.15069
V649	0.18173	0.04687	0.06204	0.49738	0.16291	0.04907
V650	0.23505	0.1606	0.20396	0.02357	0.32533	0.05149
V651	0.20739	0.25005	0.11844	0.04582	0.25164	0.12666
V652	0.1224	0.03645	0.12575	0.49915	0.17232	0.04393
V653	0.19568	0.30282	0.08826	0.04708	0.22121	0.14495
V654	0.52489	0.06873	0.13066	0.029	0.16126	0.08545
V655	0.25882	0.04986	0.08261	0.06885	0.35349	0.18636
V656	0.1475	0.08759	0.46604	0.04226	0.20924	0.04736
V657	0.3316	0.05981	0.06137	0.09779	0.32448	0.12496
V658	0.1041	0.08341	0.16303	0.46184	0.15169	0.03594
V659	0.18899	0.48103	0.08035	0.03504	0.15788	0.05672
V660	0.53467	0.07057	0.07899	0.03817	0.14679	0.13081
V661	0.19037	0.04587	0.17713	0.11585	0.25587	0.21491
V662	0.49689	0.06744	0.08292	0.1029	0.14759	0.10225
V663	0.1385	0.14312	0.06623	0.05091	0.55814	0.0431
V664	0.16338	0.07517	0.53361	0.0111	0.16112	0.05563
V665	0.09858	0.03853	0.05672	0.03062	0.73358	0.04197
V666	0.3351	0.23612	0.07193	0.09834	0.16844	0.09007
V667	0.24595	0.05091	0.10208	0.06363	0.19589	0.34155
V668	0.52201	0.1417	0.08439	0.03139	0.14121	0.07929
V669	0.23531	0.11917	0.05899	0.21314	0.16904	0.20435
V670	0.17533	0.26313	0.07039	0.23004	0.16351	0.0976
V671	0.28477	0.04726	0.04974	0.4195	0.14553	0.0532
V672	0.17218	0.36232	0.05588	0.21736	0.14819	0.04406
V673	0.20537	0.13646	0.2144	0.02929	0.1665	0.24799
V674	0.5066	0.06312	0.07876	0.0236	0.25053	0.07739
V675	0.2533	0.13439	0.08798	0.03027	0.19441	0.29965
V676	0.11103	0.03519	0.10403	0.55075	0.16161	0.03738
V677	0.23854	0.26974	0.17603	0.02193	0.1515	0.14226
V678	0.20781	0.09788	0.09873	0.02768	0.42704	0.14086
V679	0.23877	0.1151	0.10663	0.04821	0.18309	0.30819
V680	0.09821	0.037	0.31754	0.01619	0.46936	0.0617
V681	0.19991	0.43183	0.09355	0.03275	0.15305	0.08892
V682	0.1939	0.36113	0.06802	0.0367	0.21948	0.12078
V683	0.11331	0.03996	0.06256	0.02271	0.68277	0.07868
V684	0.21467	0.43238	0.06971	0.07703	0.15394	0.05226
V685	0.14887	0.37	0.23636	0.02058	0.18134	0.04284
V686	0.25458	0.05335	0.35595	0.02271	0.16295	0.15045
V687	0.17014	0.19411	0.24767	0.08601	0.15453	0.14754
V688	0.35602	0.05552	0.07285	0.02941	0.3494	0.1368
V689	0.12956	0.0489	0.50467	0.08723	0.16503	0.06461
V690	0.14526	0.04841	0.08217	0.04045	0.57015	0.11355
V691	0.17721	0.31131	0.19072	0.07058	0.17558	0.0746
V692	0.39928	0.0552	0.0565	0.22769	0.18995	0.07137
V693	0.50897	0.13125	0.08921	0.03687	0.14271	0.091
V694	0.50652	0.13087	0.08159	0.05367	0.14206	0.08529
V695	0.52143	0.06426	0.07483	0.0365	0.20064	0.10235
V696	0.18235	0.32215	0.09532	0.06118	0.2879	0.0511
V697	0.12016	0.04764	0.56226	0.04148	0.17053	0.05794
V698	0.18912	0.49278	0.07649	0.03562	0.1581	0.04789
V699	0.20901	0.05482	0.43102	0.03752	0.19288	0.07476
V700	0.18365	0.04968	0.05746	0.0278	0.62681	0.05459
V701	0.55341	0.06542	0.08651	0.02667	0.14571	0.12229
V702	0.22838	0.06175	0.11187	0.13887	0.17865	0.28048
V703	0.24888	0.32448	0.07848	0.02429	0.26881	0.05506
V704	0.32792	0.21507	0.20103	0.02	0.15394	0.08204
V705	0.1204	0.1061	0.24337	0.128	0.3555	0.04662
V706	0.17849	0.10314	0.28725	0.01806	0.23319	0.17987
V707	0.42688	0.07261	0.07929	0.02902	0.16952	0.22269
V708	0.12511	0.2653	0.39341	0.0264	0.14841	0.04136
V709	0.1041	0.03538	0.03476	0.56451	0.22399	0.03726
V710	0.33618	0.09014	0.14598	0.05656	0.2785	0.09263
V711	0.12838	0.17417	0.3347	0.13667	0.15223	0.07385
V712	0.12262	0.20903	0.06817	0.02788	0.52882	0.04348
V713	0.29172	0.33177	0.09329	0.04655	0.16255	0.07412
V714	0.13971	0.31481	0.3337	0.02277	0.14874	0.04026
V715	0.09794	0.0455	0.6524	0.01072	0.14891	0.04454
V716	0.18937	0.06545	0.05948	0.22798	0.28878	0.16895
V717	0.11418	0.04592	0.07455	0.0222	0.6856	0.05756
V718	0.1321	0.2784	0.06439	0.02316	0.46236	0.03958
V719	0.18626	0.46262	0.09324	0.03345	0.17009	0.05434
V720	0.24424	0.04582	0.21862	0.22612	0.1709	0.0943
V721	0.17876	0.21211	0.21762	0.01973	0.21551	0.15628
V722	0.09684	0.03844	0.0688	0.02418	0.73251	0.03923
V723	0.17048	0.40471	0.09884	0.03551	0.23501	0.05545
V724	0.15593	0.22243	0.30767	0.07975	0.1936	0.04063
V725	0.13071	0.07762	0.10273	0.10837	0.49889	0.08168
V726	0.09776	0.04839	0.42399	0.03227	0.33599	0.0616
V727	0.22165	0.0484	0.14029	0.12598	0.17891	0.28476
V728	0.11319	0.04267	0.03317	0.59674	0.15908	0.05515
V729	0.25198	0.32125	0.08324	0.04585	0.23756	0.06011
V730	0.18788	0.04437	0.11741	0.29893	0.16835	0.18306
V731	0.19129	0.0742	0.36022	0.01398	0.2648	0.09551
V732	0.18396	0.29204	0.07912	0.05179	0.30346	0.08964
V733	0.21808	0.04585	0.24759	0.14951	0.19089	0.14807
V734	0.22553	0.04885	0.24229	0.02382	0.18247	0.27703
V735	0.1222	0.09167	0.0481	0.51409	0.16023	0.06372
V736	0.19448	0.34628	0.10678	0.05165	0.16497	0.13584
V737	0.09217	0.03828	0.06254	0.03075	0.73742	0.03883
V738	0.30123	0.08093	0.10992	0.2618	0.15731	0.08881
V739	0.21105	0.22894	0.17695	0.04254	0.27169	0.06883
V740	0.12577	0.19424	0.31247	0.04566	0.27258	0.04928
V741	0.3368	0.14153	0.16807	0.07217	0.22149	0.05994
V742	0.2751	0.05351	0.07367	0.2976	0.2265	0.07362
V743	0.1113	0.10508	0.23251	0.23013	0.27558	0.04541
V744	0.3374	0.1175	0.07871	0.12533	0.15698	0.18408
V745	0.1659	0.34291	0.06711	0.05068	0.32872	0.04467
V746	0.53956	0.07606	0.08317	0.04328	0.15408	0.10385
V747	0.21348	0.05127	0.13993	0.04367	0.49456	0.05708
V748	0.19528	0.07909	0.22889	0.04034	0.24043	0.21596
V749	0.36587	0.06234	0.07045	0.12536	0.22024	0.15574
V750	0.11211	0.08997	0.03395	0.5662	0.16097	0.0368
V751	0.10922	0.04158	0.05828	0.5717	0.18176	0.03746
V752	0.22087	0.05145	0.08049	0.0698	0.5194	0.05799
V753	0.19752	0.04682	0.08647	0.08911	0.38578	0.1943
V754	0.17774	0.3014	0.14464	0.06688	0.18516	0.12419
V755	0.30027	0.07655	0.07372	0.03931	0.41249	0.09765
V756	0.25074	0.05817	0.08385	0.03883	0.22234	0.34607
V757	0.21017	0.3083	0.07414	0.04294	0.19704	0.16741
V758	0.30428	0.3824	0.07552	0.03306	0.14702	0.05771
V759	0.17761	0.05547	0.09124	0.11543	0.47971	0.08054
V760	0.25942	0.05256	0.08516	0.05305	0.18763	0.36217
V761	0.08341	0.04168	0.31718	0.02888	0.49177	0.03708
V762	0.12234	0.03584	0.57352	0.03523	0.16563	0.06744
V763	0.12141	0.13337	0.0552	0.4663	0.17539	0.04833
