CD19B	CD56NK	CD4MemoryT	CD14
V1	0.33712	0.08221	0.21798	0.36269
V2	0.00589	0.16465	0.09799	0.73147
V3	0	0.57296	0.05385	0.37319
V4	0.62687	0.15558	0.11856	0.09899
V5	0	0.48531	0.25505	0.25964
V6	0	0.81636	0.08524	0.0984
V7	0.00651	0.37802	0.13525	0.48022
V8	0.0678	0.10314	0.67659	0.15248
V9	0.07125	0.27352	0.10577	0.54946
V10	0	0.1068	0.72487	0.16833
V11	0.09637	0.39168	0.40789	0.10406
V12	0	0.56988	0.32958	0.10054
V13	0.0981	0.69983	0.09571	0.10635
V14	0	0.85142	0.0698	0.07878
V15	0	0.58284	0.16381	0.25335
V16	0.65985	0.08912	0.13857	0.11246
V17	0	0.81971	0.08017	0.10013
V18	0.36063	0.37235	0.14502	0.122
V19	0.01995	0.79278	0.09145	0.09582
V20	0.01556	0.46085	0.09367	0.42993
V21	0.06565	0.13099	0.65359	0.14977
V22	0	0.1539	0.17038	0.67572
V23	0.24486	0.11287	0.52813	0.11414
V24	0.69667	0.07443	0.14669	0.08221
V25	0.15322	0.27931	0.18397	0.3835
V26	0.18569	0.40938	0.10848	0.29645
V27	0	0.13288	0.0667	0.80042
V28	0	0.114	0.77047	0.11552
V29	0.28081	0.10432	0.47838	0.13649
V30	0	0.26128	0.25621	0.4825
V31	0.06358	0.24916	0.2862	0.40107
V32	0	0.11072	0.07003	0.81925
V33	0	0.49122	0.31519	0.19359
V34	0.06665	0.11459	0.66642	0.15234
V35	0.02758	0.70455	0.14905	0.11882
V36	0	0.11079	0.36438	0.52483
V37	0.31776	0.13646	0.16392	0.38186
V38	0.22123	0.08435	0.21005	0.48437
V39	0.02944	0.5618	0.1755	0.23326
V40	0	0.79084	0.13013	0.07903
V41	0	0.59974	0.07515	0.32511
V42	0.08296	0.11145	0.21496	0.59064
V43	0.04463	0.37088	0.44601	0.13848
V44	0	0.14583	0.57863	0.27554
V45	0	0.58237	0.23442	0.18321
V46	0.5813	0.11951	0.2098	0.08939
V47	0.27814	0.23548	0.33304	0.15334
V48	0.57753	0.20314	0.12226	0.09707
V49	0.49977	0.22207	0.10908	0.16908
V50	0	0.78755	0.1282	0.08425
V51	0.16079	0.43262	0.28043	0.12616
V52	0	0.17671	0.67452	0.14877
V53	0.52095	0.16723	0.22765	0.08417
V54	0.25916	0.24556	0.37373	0.12155
V55	0.06955	0.19567	0.24399	0.4908
V56	0	0.10198	0.09205	0.80597
V57	0	0.81562	0.09049	0.0939
V58	0.39778	0.07201	0.12953	0.40068
V59	0.23995	0.43295	0.18764	0.13946
V60	0.02279	0.21612	0.29398	0.46711
V61	0.55997	0.15005	0.12026	0.16972
V62	0.64378	0.08724	0.17273	0.09624
V63	0	0.76798	0.13711	0.0949
V64	0	0.76746	0.03644	0.1961
V65	0	0.0918	0.09309	0.81511
V66	0.05716	0.68041	0.10582	0.15661
V67	0.06062	0.36533	0.46017	0.11388
V68	0.0093	0.20676	0.0845	0.69945
V69	0	0.33958	0.50731	0.15311
V70	0.34096	0.20327	0.23439	0.22137
V71	0.04919	0.15073	0.33349	0.4666
V72	0.35911	0.2051	0.16838	0.2674
V73	0.02393	0.60726	0.18425	0.18456
V74	0.00568	0.26875	0.61812	0.10745
V75	0.49149	0.06804	0.25254	0.18794
V76	0	0.209	0.15468	0.63632
V77	0	0.29868	0.04101	0.66031
V78	0.13555	0.18122	0.2148	0.46843
V79	0	0.15931	0.64014	0.20055
V80	0.21465	0.10018	0.48844	0.19673
V81	0.01056	0.22097	0.65154	0.11693
V82	0	0.13669	0.74322	0.12009
V83	0.00164	0.23353	0.11949	0.64534
V84	0.1986	0.11818	0.20515	0.47807
V85	0.0141	0.35588	0.35608	0.27393
V86	0.00968	0.13069	0.697	0.16263
V87	0	0.76103	0.09874	0.14023
V88	0.04109	0.14368	0.25554	0.5597
V89	0	0.09917	0.16718	0.73365
V90	0	0.81811	0.09539	0.0865
V91	0	0.6976	0.18989	0.11251
V92	0.28791	0.10156	0.37217	0.23837
V93	0.63565	0.06919	0.10936	0.1858
V94	0	0.41767	0.05133	0.53101
V95	0.1036	0.44995	0.2037	0.24275
V96	0	0.16346	0.0672	0.76934
V97	0.48705	0.1577	0.264	0.09126
V98	0.47313	0.32856	0.11131	0.087
V99	0.58268	0.09749	0.22719	0.09264
V100	0.0297	0.11424	0.71504	0.14101
V101	0	0.10785	0.04101	0.85114
V102	0.68037	0.09524	0.13065	0.09375
V103	0	0.11917	0.09073	0.79011
V104	0	0.86774	0.05756	0.0747
V105	0	0.84952	0.07277	0.07771
V106	0.01481	0.52736	0.31685	0.14098
V107	0.08772	0.25709	0.49377	0.16142
V108	0.01966	0.73851	0.15717	0.08466
V109	0	0.2127	0.46604	0.32126
V110	0	0.81083	0.09265	0.09652
V111	0.67799	0.05719	0.17435	0.09048
V112	0.03339	0.14607	0.36329	0.45725
V113	0.0472	0.17903	0.1954	0.57836
V114	0.08406	0.12955	0.12588	0.6605
V115	0	0.7114	0.20493	0.08367
V116	0.03603	0.35615	0.33527	0.27255
V117	0.4558	0.28195	0.13945	0.12281
V118	0.01883	0.5665	0.10592	0.30874
V119	0	0.15592	0.09259	0.75149
V120	0.03112	0.14625	0.69278	0.12986
V121	0.37399	0.18171	0.16718	0.27711
V122	0.70896	0.06145	0.13522	0.09437
V123	0	0.46725	0.07529	0.45746
V124	0.43218	0.32278	0.10675	0.13829
V125	0.21454	0.44097	0.2332	0.1113
V126	0	0.19275	0.07535	0.7319
V127	0.04054	0.13182	0.25024	0.57741
V128	0	0.10154	0.10799	0.79048
V129	0.38025	0.26972	0.22953	0.1205
V130	0	0.62956	0.28693	0.08351
V131	0	0.80753	0.04666	0.14581
V132	0.68821	0.06317	0.14422	0.1044
V133	0.66964	0.07212	0.16259	0.09565
V134	0	0.40316	0.16577	0.43107
V135	0	0.11025	0.17283	0.71692
V136	0.07593	0.41232	0.09206	0.41969
V137	0.44633	0.10179	0.28994	0.16194
V138	0.06655	0.4217	0.21656	0.29519
V139	0.17279	0.25071	0.23791	0.33858
V140	0	0.15304	0.07265	0.77432
V141	0	0.21964	0.44614	0.33422
V142	0.5845	0.06503	0.26155	0.08891
V143	0.21907	0.30201	0.14877	0.33015
V144	0.03048	0.21718	0.19077	0.56156
V145	0	0.71576	0.20243	0.08182
V146	0	0.10336	0.06536	0.83129
V147	0.66626	0.07571	0.13731	0.12072
V148	0.04303	0.1531	0.48661	0.31726
V149	0.1194	0.53264	0.25148	0.09648
V150	0.01692	0.29091	0.50587	0.1863
V151	0.05333	0.61613	0.11229	0.21825
V152	0.08901	0.46456	0.24802	0.19841
V153	0	0.70887	0.08971	0.20142
V154	0.10908	0.47764	0.28894	0.12434
V155	0.29074	0.20179	0.30981	0.19767
V156	0	0.20711	0.55822	0.23467
V157	0.15252	0.21696	0.31091	0.31961
V158	0	0.09634	0.05126	0.8524
V159	0.64186	0.11209	0.11698	0.12907
V160	0.45413	0.07226	0.14807	0.32554
V161	0.05403	0.10483	0.08798	0.75316
V162	0	0.31973	0.11094	0.56933
V163	0	0.4878	0.19197	0.32023
V164	0.15235	0.34228	0.17523	0.33013
V165	0	0.27715	0.02775	0.6951
V166	0	0.15692	0.08097	0.7621
V167	0.14372	0.09101	0.0802	0.68507
V168	0.12208	0.57393	0.15845	0.14554
V169	0.0378	0.14348	0.09203	0.72668
V170	0.02009	0.11213	0.43693	0.43085
V171	0.05071	0.28913	0.50804	0.15211
V172	0.51839	0.06821	0.31556	0.09784
V173	0	0.19267	0.07049	0.73684
V174	0	0.20629	0.09066	0.70305
V175	0.01783	0.10065	0.63962	0.2419
V176	0	0.75646	0.1643	0.07923
V177	0	0.87345	0.04767	0.07889
V178	0	0.68771	0.03863	0.27366
V179	0.04935	0.10314	0.33547	0.51205
V180	0	0.82291	0.10744	0.06965
V181	0.06602	0.20009	0.46485	0.26905
V182	0.17128	0.23968	0.42451	0.16453
V183	0.03471	0.78469	0.09242	0.08818
V184	0.73489	0.05231	0.13166	0.08114
V185	0.36766	0.42803	0.1198	0.08451
V186	0.00895	0.49617	0.2655	0.22938
V187	0.70322	0.06183	0.14651	0.08845
V188	0	0.26056	0.0403	0.69914
V189	0.5605	0.07894	0.12239	0.23818
V190	0.47502	0.0793	0.34573	0.09995
V191	0.08693	0.26347	0.49919	0.1504
V192	0.1236	0.47579	0.12998	0.27062
V193	0.39632	0.10558	0.2768	0.22129
V194	0	0.84839	0.06068	0.09093
V195	0	0.11544	0.76246	0.1221
V196	0	0.1377	0.04478	0.81752
V197	0.19614	0.12686	0.10622	0.57078
V198	0	0.50788	0.33498	0.15714
V199	0.03235	0.11739	0.18865	0.66161
V200	0	0.54956	0.08764	0.3628
V201	0	0.54689	0.21073	0.24238
V202	0	0.10661	0.60772	0.28568
V203	0.05767	0.46064	0.36035	0.12134
V204	0	0.48714	0.03926	0.4736
V205	0	0.13624	0.73257	0.1312
V206	0.00971	0.17308	0.69613	0.12109
V207	0.00108	0.24567	0.10925	0.644
V208	0.15356	0.14341	0.57955	0.12349
V209	0.1258	0.47979	0.14344	0.25097
V210	0	0.72683	0.13895	0.13422
V211	0.20553	0.09815	0.1098	0.58652
V212	0.34827	0.11383	0.41803	0.11987
V213	0.40598	0.09519	0.18488	0.31395
V214	0.15141	0.21929	0.2073	0.422
V215	0.10901	0.17057	0.08702	0.6334
V216	0	0.09714	0.05493	0.84793
V217	0	0.48023	0.21618	0.30359
V218	0	0.44814	0.19285	0.35901
V219	0	0.60894	0.0738	0.31726
V220	0	0.74025	0.04176	0.21799
V221	0.55689	0.06152	0.10892	0.27266
V222	0.16614	0.20284	0.34795	0.28307
V223	0	0.20625	0.61141	0.18234
V224	0.72391	0.05332	0.14078	0.08199
V225	0	0.81449	0.10488	0.08063
V226	0.18928	0.15573	0.5347	0.12029
V227	0.57831	0.06427	0.25475	0.10267
V228	0.532	0.12278	0.16371	0.18151
V229	0	0.11248	0.74524	0.14228
V230	0	0.10671	0.05087	0.84242
V231	0	0.29574	0.11512	0.58914
V232	0	0.60228	0.03923	0.35848
V233	0.35295	0.15572	0.24732	0.24402
V234	0	0.83494	0.07877	0.08629
V235	0.23098	0.13991	0.49003	0.13908
V236	0.00284	0.1526	0.65059	0.19397
V237	0.01417	0.10686	0.08702	0.79195
V238	0.02033	0.56054	0.27313	0.146
V239	0	0.39611	0.06546	0.53843
V240	0.32388	0.11437	0.40715	0.1546
V241	0	0.10584	0.71065	0.18351
V242	0.00075	0.74176	0.15722	0.10027
V243	0.13592	0.12421	0.55089	0.18899
V244	0.11097	0.09891	0.58729	0.20284
V245	0.38067	0.32901	0.14814	0.14219
V246	0.00719	0.21989	0.63479	0.13813
V247	0.09474	0.11258	0.68021	0.11247
V248	0	0.11323	0.06881	0.81795
V249	0	0.12394	0.69718	0.17888
V250	0.56205	0.06741	0.27292	0.09763
V251	0.69547	0.08689	0.13152	0.08612
V252	0	0.7761	0.15349	0.0704
V253	0.17171	0.14959	0.20244	0.47626
V254	0	0.8428	0.08409	0.07311
V255	0	0.83196	0.05687	0.11118
V256	0.07662	0.26841	0.45506	0.19991
V257	0.2273	0.17201	0.26212	0.33857
V258	0.06586	0.31638	0.3842	0.23357
V259	0	0.33208	0.51956	0.14835
V260	0	0.32023	0.57326	0.1065
V261	0.40063	0.10001	0.24489	0.25447
V262	0	0.13809	0.06704	0.79488
V263	0	0.86179	0.0509	0.08732
V264	0.05584	0.1257	0.36765	0.45081
V265	0	0.09287	0.12567	0.78146
V266	0.43385	0.37427	0.11608	0.07579
V267	0	0.22142	0.22387	0.5547
V268	0.18237	0.10616	0.18943	0.52204
V269	0	0.53634	0.3271	0.13657
V270	0.43536	0.09624	0.28564	0.18276
V271	0.5545	0.11775	0.13911	0.18865
V272	0	0.75236	0.06647	0.18116
V273	0	0.109	0.0697	0.8213
V274	0.47934	0.06902	0.24405	0.2076
V275	0	0.11492	0.76413	0.12095
V276	0.28197	0.3648	0.10805	0.24518
V277	0	0.24308	0.15417	0.60275
V278	0	0.13993	0.2405	0.61957
V279	0.46084	0.11611	0.1851	0.23795
V280	0	0.09634	0.05126	0.8524
V281	0.32291	0.10103	0.20142	0.37464
V282	0.00936	0.15322	0.66192	0.17551
V283	0.05685	0.5691	0.13537	0.23868
V284	0	0.82842	0.09542	0.07616
V285	0.02632	0.10846	0.74636	0.11887
V286	0.08722	0.54889	0.16978	0.19411
V287	0	0.81586	0.08267	0.10147
V288	0	0.31009	0.33463	0.35528
V289	0.15521	0.27423	0.38684	0.18371
V290	0.59984	0.19293	0.12986	0.07737
V291	0.32561	0.14519	0.41546	0.11374
V292	0.68327	0.06093	0.11678	0.13902
V293	0.18127	0.10375	0.56283	0.15215
V294	0	0.37299	0.05249	0.57453
V295	0	0.22038	0.16805	0.61156
V296	0.08252	0.19139	0.52794	0.19814
V297	0	0.0964	0.09388	0.80972
V298	0.18055	0.17239	0.52673	0.12032
V299	0	0.29866	0.05541	0.64593
V300	0	0.11082	0.18256	0.70662
V301	0.04322	0.18518	0.54204	0.22956
V302	0.43442	0.36512	0.11057	0.08989
V303	0	0.56784	0.31744	0.11472
V304	0.00356	0.11571	0.59637	0.28437
V305	0.02527	0.22917	0.38866	0.3569
V306	0.56817	0.14465	0.15642	0.13076
V307	0	0.85629	0.06157	0.08214
V308	0.08389	0.27956	0.29341	0.34314
V309	0.13217	0.34513	0.10967	0.41302
V310	0	0.33686	0.1617	0.50144
V311	0.3175	0.48883	0.1091	0.08458
V312	0	0.70968	0.17933	0.11099
V313	0	0.15966	0.04902	0.79132
V314	0	0.44435	0.12187	0.43378
V315	0	0.59875	0.09854	0.30271
V316	0.15993	0.20429	0.35965	0.27613
V317	0	0.64976	0.10008	0.25016
V318	0	0.50699	0.05424	0.43877
V319	0.01374	0.14433	0.68814	0.15378
V320	0.01247	0.21595	0.53573	0.23585
V321	0.42635	0.38253	0.11521	0.07591
V322	0.03495	0.35072	0.13306	0.48128
V323	0	0.11187	0.10045	0.78768
V324	0.44249	0.28784	0.16595	0.10372
V325	0.13169	0.63479	0.144	0.08952
V326	0	0.50844	0.1019	0.38965
V327	0	0.19483	0.10913	0.69604
V328	0	0.11494	0.59218	0.29288
V329	0.03163	0.18705	0.18621	0.59511
V330	0.20933	0.09442	0.32824	0.368
V331	0.14016	0.16235	0.1127	0.58478
V332	0	0.12602	0.15308	0.72089
V333	0.24517	0.15512	0.37653	0.22319
V334	0.18854	0.09538	0.33686	0.37922
V335	0	0.35991	0.41747	0.22262
V336	0.02799	0.67394	0.09884	0.19923
V337	0.13836	0.43212	0.30315	0.12638
V338	0	0.87894	0.05028	0.07079
V339	0.06347	0.10791	0.70545	0.12317
V340	0	0.2745	0.43439	0.29111
V341	0	0.11405	0.07729	0.80866
V342	0.13067	0.09614	0.52769	0.2455
V343	0.71623	0.06657	0.1312	0.086
V344	0.47714	0.19247	0.2444	0.08599
V345	0	0.1152	0.76777	0.11702
V346	0.08512	0.18625	0.27399	0.45464
V347	0	0.09876	0.12474	0.7765
V348	0	0.61135	0.15941	0.22924
V349	0.18885	0.22962	0.36593	0.21561
V350	0	0.75246	0.17286	0.07468
V351	0	0.11501	0.30188	0.58311
V352	0.00696	0.11554	0.68126	0.19624
V353	0.62775	0.07847	0.14481	0.14897
V354	0	0.66005	0.21286	0.1271
V355	0.14311	0.15721	0.40583	0.29384
V356	0	0.10896	0.101	0.79004
V357	0.00245	0.36592	0.26341	0.36821
V358	0.30241	0.16443	0.13594	0.39722
V359	0.32649	0.11863	0.12065	0.43423
V360	0.33701	0.44545	0.12702	0.09052
V361	0	0.45371	0.453	0.09329
V362	0	0.87229	0.05693	0.07078
V363	0.06038	0.1923	0.40028	0.34705
V364	0.07148	0.14586	0.56897	0.21369
V365	0.08412	0.11271	0.07999	0.72318
V366	0	0.63434	0.12382	0.24184
V367	0.32782	0.19364	0.09217	0.38638
V368	0	0.68622	0.13102	0.18276
V369	0	0.41475	0.48579	0.09945
V370	0.16039	0.32423	0.38261	0.13278
V371	0.03449	0.69874	0.11178	0.15499
V372	0.01976	0.14709	0.14586	0.68728
V373	0	0.20773	0.38966	0.40261
V374	0.57023	0.07168	0.2682	0.08989
V375	0	0.12213	0.13617	0.7417
V376	0	0.1147	0.10083	0.78447
V377	0.52981	0.05681	0.11089	0.30249
V378	0	0.11634	0.30394	0.57972
V379	0.132	0.2449	0.09064	0.53247
V380	0.02149	0.15899	0.20037	0.61915
V381	0.48397	0.08094	0.17267	0.26242
V382	0.03141	0.12229	0.72381	0.12248
V383	0.57847	0.06298	0.15123	0.20733
V384	0.32355	0.14652	0.19574	0.33419
V385	0.60893	0.07354	0.1752	0.14233
V386	0.12238	0.10302	0.17755	0.59705
V387	0.37031	0.20211	0.24435	0.18324
V388	0.17425	0.36569	0.20451	0.25556
V389	0.20803	0.52834	0.1106	0.15303
V390	0.16505	0.3022	0.43093	0.10182
V391	0.18647	0.17503	0.09927	0.53922
V392	0.21796	0.26179	0.22396	0.29629
V393	0.13309	0.27886	0.33562	0.25242
V394	0	0.26716	0.13695	0.59589
V395	0.0692	0.41607	0.22703	0.2877
V396	0	0.86079	0.05297	0.08624
V397	0.53961	0.14292	0.19172	0.12575
V398	0.21848	0.19886	0.16403	0.41863
V399	0.05103	0.55198	0.19081	0.20618
V400	0	0.52188	0.08351	0.3946
V401	0	0.22816	0.5843	0.18755
V402	0.57012	0.20336	0.14846	0.07807
V403	0	0.10666	0.08231	0.81103
V404	0.01795	0.25436	0.5176	0.21009
V405	0.06627	0.12161	0.18561	0.62651
V406	0.40158	0.28529	0.12095	0.19218
V407	0	0.87894	0.05028	0.07079
V408	0	0.29634	0.34177	0.36189
V409	0	0.10046	0.04938	0.85016
V410	0	0.80556	0.09333	0.10111
V411	0.21049	0.09017	0.07883	0.62052
V412	0.05384	0.15924	0.42217	0.36475
V413	0	0.46696	0.18321	0.34982
V414	0	0.49715	0.28603	0.21681
V415	0.23086	0.11	0.26315	0.39599
V416	0	0.15368	0.7325	0.11382
V417	0.19091	0.61901	0.10339	0.08668
V418	0	0.17348	0.14662	0.6799
V419	0	0.09653	0.05607	0.84739
V420	0	0.79094	0.05143	0.15763
V421	0.07165	0.1261	0.56969	0.23256
V422	0	0.1318	0.05018	0.81801
V423	0.0297	0.11424	0.71504	0.14101
V424	0	0.12754	0.47144	0.40102
V425	0	0.2872	0.49698	0.21582
V426	0.0333	0.13471	0.64822	0.18377
V427	0	0.39946	0.19327	0.40727
V428	0	0.7163	0.11369	0.17001
V429	0	0.09572	0.06059	0.8437
V430	0.50532	0.2079	0.12903	0.15775
V431	0.06427	0.1164	0.38721	0.43211
V432	0	0.16686	0.09071	0.74243
V433	0	0.67397	0.04325	0.28279
V434	0.13385	0.15755	0.11665	0.59196
V435	0.275	0.09155	0.18191	0.45154
V436	0.17152	0.09998	0.16439	0.56411
V437	0.06085	0.27132	0.07563	0.5922
V438	0.36514	0.20835	0.12601	0.3005
V439	0	0.15706	0.04654	0.79639
V440	0.24569	0.11016	0.1172	0.52694
V441	0	0.20138	0.49172	0.3069
V442	0.13361	0.37208	0.19261	0.3017
V443	0.49355	0.06927	0.17449	0.26268
V444	0	0.1152	0.76777	0.11702
V445	0.42289	0.09177	0.35906	0.12628
V446	0	0.75257	0.09733	0.1501
V447	0.40572	0.15914	0.23323	0.20192
V448	0	0.14105	0.16199	0.69696
V449	0.35504	0.11488	0.32231	0.20777
V450	0.00373	0.82019	0.09411	0.08196
V451	0.6809	0.0943	0.12143	0.10338
V452	0	0.10373	0.08452	0.81174
V453	0.5601	0.13283	0.16627	0.1408
V454	0	0.83893	0.07968	0.08139
V455	0.40043	0.10415	0.33117	0.16425
V456	0.16727	0.19756	0.3593	0.27588
V457	0	0.10658	0.04444	0.84899
V458	0.08245	0.27156	0.08059	0.5654
V459	0	0.71637	0.11392	0.16971
V460	0.69626	0.063	0.14542	0.09532
V461	0	0.11582	0.05248	0.8317
V462	0.13644	0.2895	0.08074	0.49333
V463	0.09464	0.48868	0.20385	0.21283
V464	0.26106	0.1685	0.09051	0.47993
V465	0.18907	0.44269	0.11988	0.24835
V466	0.33899	0.23249	0.0987	0.32981
V467	0.13676	0.57229	0.16036	0.13059
V468	0.28381	0.42442	0.14707	0.14471
V469	0	0.22556	0.2301	0.54435
V470	0.3255	0.18678	0.23304	0.25468
V471	0.0879	0.17959	0.09931	0.6332
V472	0.11888	0.35976	0.08387	0.43749
V473	0	0.5597	0.32108	0.11923
V474	0	0.10145	0.13064	0.76791
V475	0.02706	0.41381	0.14276	0.41637
V476	0.01306	0.11359	0.10468	0.76868
V477	0.37596	0.10927	0.25223	0.26255
V478	0	0.56489	0.073	0.3621
V479	0	0.16175	0.63658	0.20167
V480	0	0.32584	0.08969	0.58447
V481	0.07745	0.11378	0.6799	0.12888
V482	0.46718	0.20725	0.19853	0.12705
V483	0	0.18503	0.11417	0.7008
V484	0	0.13868	0.05761	0.80371
V485	0	0.69764	0.07885	0.22351
V486	0.10017	0.30409	0.1777	0.41804
V487	0	0.13213	0.10631	0.76156
V488	0	0.09837	0.68238	0.21925
V489	0.11935	0.17627	0.58076	0.12362
V490	0.13944	0.34833	0.14232	0.36991
V491	0.23437	0.48175	0.13048	0.1534
V492	0	0.77172	0.14794	0.08035
V493	0	0.09577	0.04187	0.86236
V494	0.08149	0.22931	0.45371	0.23549
V495	0.07468	0.61875	0.19456	0.11201
V496	0.10012	0.67373	0.09006	0.13608
V497	0	0.10701	0.77015	0.12284
V498	0.11923	0.17929	0.11706	0.58442
V499	0.40435	0.29908	0.2073	0.08927
V500	0.03473	0.20378	0.60355	0.15794
V501	0	0.09597	0.05817	0.84585
V502	0.33657	0.32198	0.22107	0.12037
V503	0.04954	0.18014	0.20848	0.56184
V504	0.06638	0.67629	0.10034	0.15699
V505	0.05365	0.27277	0.25416	0.41941
V506	0.00459	0.31059	0.38111	0.30371
V507	0.37792	0.16655	0.18719	0.26834
V508	0.50831	0.20827	0.15101	0.13241
V509	0.10168	0.15307	0.43944	0.30581
V510	0.08742	0.53842	0.27493	0.09923
V511	0	0.39956	0.08549	0.51495
V512	0.07674	0.13747	0.12576	0.66002
V513	0	0.62462	0.21453	0.16085
V514	0	0.13272	0.0367	0.83057
V515	0.50913	0.12286	0.15019	0.21782
V516	0.66443	0.13205	0.12044	0.08308
V517	0	0.11504	0.20843	0.67653
V518	0.709	0.07958	0.12577	0.08565
V519	0	0.77327	0.05264	0.17409
V520	0	0.09	0.48073	0.42927
V521	0.37609	0.11682	0.3749	0.13219
V522	0	0.1918	0.44122	0.36697
V523	0.16873	0.20008	0.27457	0.35662
V524	0	0.71337	0.17897	0.10766
V525	0.0787	0.2592	0.09588	0.56622
V526	0.39403	0.14803	0.1554	0.30254
V527	0.07381	0.1166	0.35154	0.45804
V528	0	0.80353	0.06885	0.12762
V529	0	0.14735	0.1955	0.65715
V530	0	0.25503	0.53402	0.21094
V531	0	0.80093	0.1293	0.06977
V532	0.0144	0.35734	0.09354	0.53473
V533	0.10999	0.37906	0.18881	0.32214
V534	0	0.10102	0.5434	0.35558
V535	0.30921	0.06954	0.09533	0.52591
V536	0.06467	0.09427	0.32968	0.51138
V537	0.38097	0.2962	0.22657	0.09626
V538	0.2264	0.13121	0.15389	0.4885
V539	0.1036	0.44995	0.2037	0.24275
V540	0.04821	0.67444	0.1456	0.13175
V541	0	0.46452	0.09015	0.44533
V542	0.05098	0.20499	0.25021	0.49383
V543	0.62237	0.06032	0.12148	0.19583
V544	0	0.17071	0.17769	0.6516
V545	0.15459	0.21005	0.13631	0.49906
V546	0	0.81273	0.10717	0.08009
V547	0	0.62022	0.28255	0.09724
V548	0.01947	0.7379	0.15082	0.09182
V549	0.19985	0.11697	0.56076	0.12242
V550	0.33597	0.09556	0.0888	0.47967
V551	0.0283	0.70804	0.11781	0.14585
V552	0	0.47667	0.03467	0.48867
V553	0.11813	0.2205	0.53167	0.1297
V554	0	0.1549	0.0613	0.7838
V555	0	0.27982	0.29226	0.42792
V556	0	0.11806	0.73317	0.14876
V557	0.55407	0.08412	0.11488	0.24693
V558	0	0.71631	0.08291	0.20078
V559	0	0.74923	0.17853	0.07224
V560	0.46332	0.34538	0.10903	0.08228
V561	0	0.11492	0.76413	0.12095
V562	0.53655	0.069	0.19887	0.19558
V563	0.14704	0.09668	0.63665	0.11963
V564	0.01759	0.16439	0.68898	0.12904
V565	0.01979	0.31334	0.33218	0.33469
V566	0.43843	0.15471	0.10032	0.30655
V567	0.04904	0.45342	0.10104	0.3965
V568	0.07246	0.10157	0.10659	0.71937
V569	0.42183	0.09054	0.08884	0.39879
V570	0	0.33201	0.49834	0.16965
V571	0.56992	0.17224	0.11106	0.14679
V572	0.26781	0.09552	0.41992	0.21675
V573	0	0.21725	0.04652	0.73623
V574	0	0.72974	0.17842	0.09184
V575	0	0.15179	0.12	0.72821
V576	0.01303	0.77244	0.11692	0.0976
V577	0	0.12904	0.18077	0.6902
V578	0	0.15444	0.54575	0.29981
V579	0	0.79333	0.1151	0.09157
V580	0.01218	0.10898	0.14255	0.73629
V581	0	0.14885	0.04787	0.80328
V582	0.33418	0.20217	0.12254	0.34111
V583	0	0.12819	0.45024	0.42157
V584	0.31927	0.2185	0.32417	0.13806
V585	0	0.09941	0.33717	0.56342
V586	0.12878	0.10183	0.55702	0.21236
V587	0.16131	0.10519	0.59009	0.14341
V588	0.3714	0.10651	0.11951	0.40258
V589	0	0.74494	0.11089	0.14417
V590	0	0.71949	0.19343	0.08709
V591	0	0.11826	0.16224	0.7195
V592	0.0874	0.12618	0.67488	0.11153
V593	0.35853	0.07588	0.23005	0.33555
V594	0.17435	0.34061	0.33181	0.15323
V595	0	0.10778	0.05312	0.8391
V596	0	0.31104	0.19556	0.4934
V597	0	0.54772	0.2818	0.17048
V598	0	0.19606	0.677	0.12693
V599	0.39771	0.35347	0.13617	0.11265
V600	0.15492	0.48681	0.14046	0.21781
V601	0.0106	0.31751	0.13585	0.53605
V602	0	0.10746	0.04827	0.84427
V603	0	0.35524	0.04025	0.60451
V604	0.3244	0.18831	0.35614	0.13115
V605	0	0.36531	0.33812	0.29656
V606	0.47288	0.20109	0.11769	0.20835
V607	0.40353	0.08562	0.18039	0.33046
V608	0.08702	0.23041	0.34589	0.33667
V609	0	0.26821	0.20397	0.52781
V610	0.51394	0.08629	0.17813	0.22164
V611	0.10355	0.09879	0.10802	0.68964
V612	0	0.17297	0.64573	0.1813
V613	0	0.36679	0.48713	0.14608
V614	0.49929	0.12226	0.14682	0.23164
V615	0	0.14228	0.06379	0.79393
V616	0	0.64689	0.09574	0.25738
V617	0.30514	0.22269	0.37725	0.09492
V618	0.46347	0.06765	0.09048	0.37841
V619	0.20174	0.11385	0.31625	0.36816
V620	0	0.62956	0.28693	0.08351
V621	0.2133	0.21645	0.22511	0.34514
V622	0.19999	0.28222	0.38273	0.13506
V623	0	0.14642	0.12995	0.72363
V624	0.56114	0.22564	0.11598	0.09724
V625	0.0973	0.50154	0.16139	0.23977
V626	0.70849	0.07281	0.1252	0.0935
V627	0	0.10485	0.0782	0.81695
V628	0	0.24192	0.04057	0.7175
V629	0.00879	0.33899	0.26469	0.38753
V630	0	0.3672	0.47861	0.15418
V631	0	0.22736	0.11186	0.66079
V632	0.34925	0.07396	0.19751	0.37928
V633	0	0.12201	0.64372	0.23427
V634	0.2299	0.32029	0.35021	0.09961
V635	0	0.68098	0.04089	0.27813
V636	0.04256	0.18551	0.53432	0.2376
V637	0.118	0.25141	0.14778	0.48281
V638	0.1636	0.30104	0.14687	0.38849
V639	0.13086	0.45783	0.31916	0.09215
V640	0	0.22651	0.60956	0.16393
V641	0.63027	0.0911	0.1389	0.13974
V642	0.51973	0.2132	0.11114	0.15593
V643	0	0.23966	0.34361	0.41673
V644	0.65755	0.12596	0.12433	0.09216
V645	0.12409	0.44023	0.31865	0.11703
V646	0	0.87613	0.05232	0.07155
V647	0.0666	0.17268	0.58698	0.17374
V648	0.21598	0.45681	0.20777	0.11944
V649	0	0.1521	0.67363	0.17427
V650	0.00703	0.1761	0.63337	0.1835
V651	0.19549	0.09552	0.59114	0.11784
V652	0	0.17892	0.36247	0.45861
V653	0	0.63812	0.15237	0.20951
V654	0.45961	0.23623	0.16109	0.14306
V655	0	0.51771	0.06007	0.42222
V656	0.03835	0.3131	0.0814	0.56715
V657	0	0.13918	0.04425	0.81658
V658	0.36677	0.24634	0.15014	0.23674
V659	0.16272	0.17109	0.34337	0.32281
V660	0	0.85847	0.0519	0.08963
V661	0	0.40389	0.09496	0.50116
V662	0.24294	0.10738	0.43365	0.21604
V663	0.11719	0.15915	0.49516	0.2285
V664	0.10252	0.15462	0.57695	0.16591
V665	0.44137	0.22837	0.14656	0.1837
V666	0.34557	0.0745	0.16548	0.41445
V667	0.54927	0.12622	0.23891	0.0856
V668	0	0.77151	0.14645	0.08204
V669	0.08306	0.43781	0.26986	0.20927
V670	0	0.83691	0.06628	0.0968
V671	0.17991	0.33818	0.28445	0.19745
V672	0	0.12047	0.72784	0.15169
V673	0.07942	0.40163	0.25123	0.26772
V674	0.46415	0.19473	0.12398	0.21714
V675	0.0241	0.36639	0.2983	0.31121
V676	0	0.17539	0.11144	0.71316
V677	0.18355	0.42392	0.17355	0.21898
V678	0.31104	0.48956	0.11467	0.08473
V679	0	0.3539	0.52788	0.11823
V680	0.13648	0.55346	0.20184	0.10821
V681	0.64441	0.11186	0.13136	0.11238
V682	0.02809	0.34736	0.47399	0.15056
V683	0	0.87666	0.05938	0.06397
V684	0.46548	0.20841	0.18053	0.14557
V685	0.28264	0.37766	0.1996	0.1401
V686	0	0.23973	0.16168	0.59859
V687	0	0.10099	0.0536	0.84541
V688	0.16633	0.51833	0.09213	0.22321
V689	0.08032	0.09369	0.101	0.72499
V690	0.29758	0.12373	0.40547	0.17322
V691	0.08778	0.10378	0.68619	0.12225
V692	0.02154	0.22077	0.5773	0.1804
V693	0.0911	0.18923	0.33613	0.38355
V694	0	0.11135	0.22646	0.66219
V695	0.0834	0.10261	0.17482	0.63917
V696	0	0.15443	0.06172	0.78384
V697	0	0.12502	0.04512	0.82986
V698	0.55822	0.06135	0.11569	0.26474
V699	0.33088	0.32588	0.15722	0.18601
V700	0.05923	0.11551	0.07258	0.75268
V701	0	0.51	0.15325	0.33676
V702	0.29511	0.14702	0.09972	0.45815
V703	0.0359	0.14581	0.40662	0.41166
V704	0.56001	0.10027	0.13234	0.20738
V705	0.70137	0.05465	0.13257	0.11141
V706	0.02442	0.14237	0.62663	0.20658
V707	0	0.44272	0.41564	0.14164
V708	0	0.78208	0.06995	0.14797
V709	0.04554	0.32066	0.4499	0.1839
V710	0.36406	0.24551	0.14193	0.2485
V711	0	0.7462	0.14044	0.11336
V712	0.55559	0.105	0.1119	0.22751
V713	0.20541	0.33901	0.11792	0.33766
V714	0	0.58773	0.0529	0.35937
V715	0.14878	0.37459	0.31005	0.16658
V716	0	0.12023	0.06928	0.81049
V717	0	0.84438	0.06509	0.09053
V718	0.02056	0.55472	0.20783	0.21689
V719	0	0.63744	0.08262	0.27994
V720	0.48142	0.06954	0.27912	0.16992
V721	0.02284	0.23596	0.40509	0.33611
V722	0	0.35127	0.06238	0.58634
V723	0	0.15917	0.05851	0.78233
V724	0.33503	0.09825	0.15964	0.40708
V725	0	0.17616	0.67942	0.14442
V726	0	0.37402	0.133	0.49298
V727	0.1025	0.63999	0.16785	0.08966
V728	0	0.80063	0.12091	0.07846
V729	0.19694	0.09888	0.20079	0.50339
V730	0.64762	0.08567	0.15352	0.11319
V731	0	0.24843	0.31299	0.43858
V732	0.17981	0.15986	0.33869	0.32164
V733	0.39471	0.22902	0.13021	0.24607
V734	0.11667	0.35368	0.42599	0.10366
V735	0	0.10899	0.36969	0.52131
V736	0	0.1081	0.07253	0.81937
V737	0.15284	0.33738	0.26478	0.24501
V738	0	0.37044	0.38894	0.24062
V739	0	0.09489	0.45667	0.44844
V740	0.59495	0.13832	0.17073	0.096
V741	0.25457	0.17213	0.18533	0.38796
V742	0.21009	0.59936	0.1116	0.07895
V743	0.05899	0.21858	0.58616	0.13626
V744	0.31837	0.11878	0.34382	0.21903
V745	0	0.62937	0.17521	0.19541
V746	0.7343	0.0526	0.12553	0.08756
V747	0.00335	0.09974	0.56708	0.32983
V748	0.03565	0.18409	0.49168	0.28858
V749	0.09669	0.23322	0.12043	0.54966
V750	0.19451	0.4716	0.11772	0.21617
V751	0	0.78025	0.08765	0.1321
V752	0.24215	0.27465	0.19816	0.28504
V753	0	0.10116	0.0417	0.85714
V754	0	0.82593	0.04372	0.13035
V755	0.03206	0.25997	0.30704	0.40093
V756	0	0.10089	0.06801	0.8311
V757	0.14833	0.58473	0.15251	0.11443
V758	0	0.69651	0.14636	0.15713
V759	0.02418	0.15159	0.33969	0.48454
V760	0.12856	0.14514	0.27383	0.45248
V761	0	0.56257	0.25602	0.18141
V762	0	0.36061	0.03704	0.60235
V763	0.16823	0.38301	0.11169	0.33707
V764	0	0.81819	0.05067	0.13114
V765	0.40669	0.14917	0.08976	0.35438
V766	0	0.34658	0.34563	0.30779
V767	0.27607	0.19252	0.27258	0.25883
V768	0	0.82495	0.07969	0.09536
V769	0.0052	0.78807	0.10964	0.09709
V770	0	0.87613	0.05232	0.07155
V771	0.09232	0.10963	0.67016	0.12789
V772	0.06913	0.13556	0.67429	0.12102
V773	0.01995	0.79278	0.09145	0.09582
V774	0	0.10647	0.7415	0.15203
V775	0.00636	0.13636	0.25558	0.6017
V776	0.21292	0.43735	0.14202	0.20771
V777	0.02999	0.19199	0.16743	0.61059
V778	0.3037	0.31578	0.15619	0.22432
V779	0.06103	0.13272	0.42124	0.38501
V780	0	0.73969	0.17598	0.08433
V781	0	0.1151	0.06209	0.8228
V782	0	0.19849	0.62689	0.17463
V783	0.52234	0.08174	0.14556	0.25035
V784	0	0.82786	0.08633	0.08581
V785	0	0.83989	0.06866	0.09145
V786	0.48036	0.206	0.17796	0.13567
V787	0	0.7659	0.15602	0.07808
V788	0.29655	0.34346	0.21922	0.14077
V789	0	0.36479	0.07161	0.5636
V790	0.22754	0.10566	0.14315	0.52365
V791	0.02638	0.40799	0.30429	0.26133
V792	0	0.5231	0.06808	0.40882
V793	0	0.61632	0.10073	0.28295
V794	0.00144	0.16681	0.63869	0.19306
V795	0	0.13537	0.09846	0.76616
V796	0	0.17105	0.68757	0.14138
V797	0.54647	0.06911	0.28088	0.10354
V798	0.39687	0.33196	0.16788	0.10328
V799	0	0.72666	0.10755	0.16579
V800	0	0.11765	0.41712	0.46524
V801	0.02266	0.19913	0.29701	0.48119
V802	0	0.15967	0.22707	0.61327
V803	0.08874	0.53916	0.28173	0.09037
V804	0.33637	0.10019	0.38458	0.17887
V805	0	0.10575	0.77683	0.11742
V806	0	0.81652	0.07139	0.1121
V807	0.08059	0.21461	0.10207	0.60272
V808	0.42366	0.31107	0.14275	0.12252
V809	0.00855	0.12859	0.74464	0.11821
V810	0	0.88127	0.04736	0.07137
V811	0.21229	0.15701	0.23671	0.39399
V812	0.31026	0.30066	0.14076	0.24832
V813	0.38501	0.24084	0.25033	0.12381
V814	0.23343	0.53816	0.14079	0.08762
V815	0	0.82783	0.09869	0.07348
V816	0.69132	0.05586	0.16913	0.08368
V817	0	0.16099	0.70902	0.12999
V818	0	0.12233	0.05938	0.81829
V819	0.57423	0.13853	0.1563	0.13094
V820	0	0.17555	0.07635	0.74809
V821	0.08774	0.36671	0.36455	0.181
V822	0.0211	0.12299	0.71482	0.14109
V823	0	0.25155	0.54277	0.20567
V824	0.01402	0.41063	0.47551	0.09984
V825	0.07173	0.33994	0.25866	0.32967
V826	0.24029	0.4377	0.22137	0.10064
V827	0.18491	0.59353	0.10953	0.11204
V828	0.06044	0.22969	0.15534	0.55453
V829	0	0.26965	0.06938	0.66097
V830	0.0516	0.27506	0.09537	0.57797
V831	0.50727	0.14813	0.13694	0.20765
V832	0.10267	0.419	0.21351	0.26482
V833	0.01931	0.50409	0.21113	0.26547
V834	0.10546	0.16019	0.12996	0.6044
V835	0.16514	0.46618	0.18652	0.18215
V836	0	0.59583	0.03691	0.36726
V837	0.06826	0.40601	0.21914	0.30658
V838	0.6763	0.0899	0.14657	0.08722
V839	0.12883	0.60325	0.17639	0.09153
V840	0.11688	0.70576	0.09571	0.08165
V841	0	0.13144	0.69801	0.17056
V842	0.17164	0.23154	0.27776	0.31906
V843	0	0.11826	0.68826	0.19348
V844	0.01089	0.17605	0.32848	0.48458
V845	0.01454	0.1945	0.60891	0.18205
V846	0	0.09992	0.582	0.31808
V847	0	0.09521	0.04471	0.86008
V848	0	0.4932	0.18957	0.31724
V849	0	0.84951	0.04962	0.10087
V850	0.71661	0.05422	0.13513	0.09404
V851	0.15896	0.54472	0.20964	0.08669
V852	0	0.14355	0.14819	0.70827
V853	0.11118	0.28246	0.37243	0.23393
V854	0.36078	0.2217	0.17758	0.23993
V855	0	0.09521	0.04471	0.86008
V856	0	0.37229	0.29939	0.32832
V857	0.42318	0.22228	0.13434	0.2202
V858	0.38076	0.08872	0.42459	0.10592
V859	0.41402	0.26923	0.1234	0.19335
V860	0.0272	0.19374	0.10801	0.67104
V861	0.01531	0.39402	0.47637	0.1143
V862	0.0604	0.17425	0.5981	0.16725
V863	0.03669	0.14675	0.06302	0.75354
V864	0	0.12449	0.07985	0.79566
V865	0.00421	0.10765	0.24546	0.64269
V866	0.51524	0.08683	0.29343	0.10451
V867	0.51586	0.09281	0.29471	0.09662
V868	0.29176	0.32505	0.20283	0.18037
V869	0	0.87128	0.05531	0.07341
V870	0	0.3547	0.0728	0.5725
V871	0	0.84951	0.04962	0.10087
V872	0	0.10605	0.19643	0.69752
V873	0.63278	0.08706	0.15843	0.12173
V874	0.03992	0.7638	0.11462	0.08165
V875	0	0.2359	0.17471	0.58939
V876	0.0512	0.37264	0.36979	0.20637
V877	0	0.40504	0.25939	0.33557
V878	0	0.78132	0.1356	0.08308
V879	0.03847	0.65844	0.1258	0.17729
V880	0.11682	0.54529	0.09295	0.24494
V881	0.05421	0.13483	0.50257	0.30839
V882	0.55655	0.06189	0.20519	0.17637
V883	0.16181	0.25765	0.48204	0.09851
V884	0	0.28632	0.03001	0.68366
V885	0.48895	0.24976	0.17874	0.08255
V886	0	0.38273	0.37882	0.23845
V887	0.39425	0.13154	0.22391	0.2503
V888	0.03482	0.13734	0.61272	0.21512
V889	0.66213	0.0965	0.13898	0.10238
V890	0	0.21757	0.49458	0.28785
V891	0.41811	0.11818	0.31827	0.14543
V892	0.09225	0.23782	0.08581	0.58413
V893	0.35878	0.25621	0.2276	0.15741
V894	0.0013	0.35606	0.49019	0.15245
V895	0.3636	0.13595	0.24514	0.25531
V896	0	0.84839	0.06068	0.09093
V897	0.44904	0.28906	0.11429	0.14761
V898	0.23263	0.08138	0.08276	0.60323
V899	0	0.23192	0.14015	0.62793
V900	0	0.3425	0.30973	0.34777
V901	0	0.74446	0.05213	0.20341
V902	0	0.8252	0.09622	0.07858
V903	0	0.42704	0.42725	0.14571
V904	0	0.8766	0.05111	0.07229
V905	0.01846	0.10253	0.185	0.694
V906	0.18014	0.16896	0.16767	0.48323
V907	0.21749	0.52093	0.11995	0.14163
V908	0	0.12487	0.0789	0.79624
V909	0	0.76323	0.07348	0.16329
V910	0.01905	0.10214	0.1491	0.72971
V911	0.29106	0.41495	0.13133	0.16265
V912	0.18075	0.36452	0.19073	0.26399
V913	0	0.09939	0.06502	0.83558
V914	0.05344	0.50836	0.2981	0.14009
V915	0.05157	0.09748	0.07049	0.78046
V916	0.13828	0.14378	0.5555	0.16245
V917	0.47533	0.09839	0.22758	0.19871
V918	0	0.59179	0.22029	0.18792
V919	0.057	0.29307	0.28815	0.36178
V920	0.38041	0.24258	0.17899	0.19802
V921	0	0.20602	0.06204	0.73194
V922	0.00684	0.48034	0.3567	0.15613
V923	0	0.11203	0.07891	0.80907
V924	0	0.63571	0.24883	0.11546
V925	0.01816	0.12968	0.07391	0.77825
V926	0.04008	0.11886	0.08631	0.75475
V927	0	0.11941	0.07156	0.80903
V928	0	0.80133	0.05997	0.1387
V929	0	0.58752	0.15333	0.25915
V930	0.2779	0.39707	0.12939	0.19564
V931	0.04423	0.33099	0.44207	0.18271
V932	0	0.18611	0.48501	0.32888
V933	0.37623	0.413	0.12097	0.08979
V934	0	0.20833	0.2194	0.57227
V935	0.34727	0.22157	0.25769	0.17348
V936	0.28364	0.30984	0.11348	0.29305
V937	0.29588	0.1925	0.16669	0.34492
V938	0.19114	0.13088	0.31027	0.36771
V939	0.49243	0.08464	0.16084	0.26209
V940	0	0.72238	0.15955	0.11807
V941	0	0.1047	0.7741	0.12121
V942	0.49794	0.22937	0.17097	0.10172
V943	0.22659	0.20357	0.40353	0.16631
V944	0	0.28351	0.08341	0.63308
V945	0.32337	0.38422	0.11097	0.18143
V946	0.26126	0.31002	0.29023	0.13849
V947	0	0.14347	0.20973	0.6468
V948	0.20767	0.116	0.54902	0.12731
V949	0	0.17502	0.1642	0.66079
V950	0	0.50762	0.20863	0.28375
V951	0.59563	0.07838	0.23112	0.09487
V952	0	0.20292	0.23345	0.56364
V953	0	0.14218	0.70814	0.14968
V954	0	0.22873	0.14126	0.63002
V955	0	0.56643	0.09109	0.34249
V956	0	0.11268	0.40402	0.4833
V957	0.12319	0.10346	0.07391	0.69944
V958	0	0.09577	0.04187	0.86236
V959	0.1062	0.3177	0.39317	0.18293
V960	0.06433	0.31142	0.14208	0.48217
V961	0.02619	0.41799	0.3256	0.23022
V962	0.2005	0.23734	0.37674	0.18542
V963	0.36676	0.22392	0.22819	0.18112
V964	0.59127	0.08964	0.19213	0.12697
V965	0	0.47822	0.19084	0.33094
V966	0.70798	0.06711	0.13114	0.09378
V967	0	0.13276	0.42342	0.44382
V968	0	0.21941	0.60743	0.17316
V969	0	0.2936	0.06299	0.64342
V970	0	0.19374	0.33466	0.4716
V971	0.30154	0.16501	0.34404	0.18941
V972	0.26889	0.24755	0.1378	0.34576
V973	0.09533	0.42988	0.14547	0.32932
V974	0	0.69804	0.14038	0.16159
V975	0.02768	0.34047	0.51929	0.11257
V976	0.21864	0.29659	0.18281	0.30196
V977	0.16569	0.399	0.33516	0.10015
V978	0	0.16086	0.09624	0.7429
V979	0.57505	0.08115	0.24851	0.09529
V980	0.7343	0.0526	0.12553	0.08756
V981	0.1814	0.1211	0.39201	0.30549
V982	0.227	0.42251	0.16114	0.18934
V983	0.435	0.12103	0.10102	0.34294
V984	0	0.75693	0.12947	0.1136
V985	0	0.23633	0.04606	0.71762
V986	0.13237	0.52488	0.13404	0.20871
V987	0.07174	0.73326	0.08617	0.10882
V988	0.04736	0.10961	0.07601	0.76702
V989	0.23902	0.48778	0.16778	0.10543
V990	0	0.13369	0.61113	0.25518
V991	0.41809	0.38338	0.10907	0.08946
V992	0.08777	0.10222	0.44508	0.36493
V993	0	0.6791	0.18545	0.13546
V994	0.03414	0.75445	0.11325	0.09816
V995	0.47255	0.16241	0.13452	0.23051
V996	0.08491	0.19299	0.07991	0.64218
V997	0	0.11054	0.65111	0.23835
V998	0.61545	0.07297	0.17004	0.14154
V999	0	0.83708	0.07664	0.08629
V1000	0.10911	0.1091	0.07366	0.70814
