CD19B	CD56NK	CD4MemoryT	CD14
V1	0.43232	0.08047	0.18523	0.30198
V2	0.17829	0.15787	0.10086	0.56298
V3	0.09705	0.53677	0.0639	0.30228
V4	0.66532	0.14146	0.06058	0.13263
V5	0.133	0.43714	0.22113	0.20873
V6	0.10118	0.71451	0.06998	0.11434
V7	0.16372	0.35447	0.11417	0.36764
V8	0.15081	0.1094	0.60684	0.13295
V9	0.22481	0.26415	0.08707	0.42397
V10	0.07348	0.11976	0.66098	0.14578
V11	0.1949	0.3519	0.34721	0.10599
V12	0.07251	0.51615	0.30281	0.10852
V13	0.23047	0.59356	0.06003	0.11593
V14	0.09581	0.74287	0.06126	0.10006
V15	0.13839	0.51616	0.13875	0.20669
V16	0.69705	0.07728	0.08305	0.14262
V17	0.10893	0.71225	0.06479	0.11402
V18	0.43526	0.33572	0.09257	0.13645
V19	0.15855	0.67353	0.06122	0.1067
V20	0.17359	0.42296	0.07007	0.33339
V21	0.15055	0.13759	0.58016	0.13171
V22	0.09388	0.17172	0.19732	0.53708
V23	0.31337	0.11117	0.45964	0.11582
V24	0.7332	0.06024	0.0905	0.11606
V25	0.28275	0.26555	0.14819	0.3035
V26	0.31187	0.3702	0.07181	0.24612
V27	0.15196	0.12905	0.08247	0.63652
V28	0.06377	0.12925	0.70171	0.10527
V29	0.35282	0.09681	0.41266	0.1377
V30	0.13564	0.2593	0.23995	0.36512
V31	0.19957	0.24013	0.25327	0.30703
V32	0.13971	0.11199	0.09002	0.65827
V33	0.08711	0.45296	0.29028	0.16964
V34	0.15029	0.12338	0.59373	0.1326
V35	0.16203	0.60278	0.11425	0.12093
V36	0.07844	0.13361	0.37638	0.41157
V37	0.42248	0.13092	0.13199	0.31462
V38	0.35126	0.0804	0.18606	0.38228
V39	0.16643	0.494	0.14492	0.19465
V40	0.11611	0.67898	0.11009	0.09482
V41	0.06414	0.57478	0.08655	0.27453
V42	0.22325	0.11612	0.2045	0.45613
V43	0.14583	0.34013	0.3882	0.12584
V44	0.07516	0.16097	0.54314	0.22073
V45	0.12166	0.51308	0.2032	0.16206
V46	0.61185	0.112	0.15786	0.11829
V47	0.35088	0.22472	0.27834	0.14605
V48	0.61404	0.19087	0.06546	0.12963
V49	0.55674	0.20936	0.05876	0.17515
V50	0.09484	0.68832	0.11582	0.10102
V51	0.25872	0.38093	0.23325	0.1271
V52	0.08011	0.18184	0.60753	0.13053
V53	0.55937	0.15628	0.17469	0.10966
V54	0.33345	0.22746	0.31306	0.12603
V55	0.21111	0.19262	0.22048	0.37579
V56	0.11961	0.11003	0.12214	0.64821
V57	0.11574	0.70736	0.07008	0.10683
V58	0.49812	0.06983	0.09643	0.33562
V59	0.33576	0.38646	0.13544	0.14234
V60	0.15935	0.21402	0.27384	0.35279
V61	0.6113	0.1398	0.07012	0.17878
V62	0.67628	0.07269	0.12401	0.12702
V63	0.0622	0.6854	0.13846	0.11393
V64	0.05843	0.69991	0.05361	0.18805
V65	0.10039	0.10527	0.13048	0.66385
V66	0.19668	0.58409	0.07052	0.14871
V67	0.16064	0.3304	0.39728	0.11168
V68	0.18331	0.1975	0.08246	0.53673
V69	0.07701	0.32451	0.45932	0.13917
V70	0.41581	0.19352	0.19135	0.19933
V71	0.18275	0.1533	0.30878	0.35516
V72	0.44007	0.19543	0.13095	0.23355
V73	0.15818	0.52821	0.15151	0.1621
V74	0.09872	0.25965	0.54024	0.1014
V75	0.54547	0.06003	0.20727	0.18723
V76	0.07724	0.23053	0.18208	0.51015
V77	0.10242	0.30631	0.06656	0.5247
V78	0.26658	0.17808	0.19049	0.36484
V79	0.0641	0.1757	0.58995	0.17025
V80	0.29592	0.09763	0.43112	0.17533
V81	0.09972	0.21646	0.57449	0.10934
V82	0.06234	0.14785	0.67782	0.11199
V83	0.16663	0.22511	0.1143	0.49396
V84	0.32662	0.11873	0.1793	0.37535
V85	0.13528	0.32922	0.31852	0.21698
V86	0.09517	0.13756	0.62867	0.13861
V87	0.07462	0.68147	0.09647	0.14743
V88	0.18725	0.14351	0.2415	0.42773
V89	0.09948	0.11393	0.19894	0.58764
V90	0.06819	0.72632	0.09721	0.10828
V91	0.07502	0.62163	0.18099	0.12236
V92	0.36715	0.09785	0.32828	0.20672
V93	0.6852	0.05658	0.06374	0.19448
V94	0.08028	0.42141	0.07166	0.42666
V95	0.22453	0.40471	0.16535	0.20541
V96	0.13493	0.16635	0.08604	0.61267
V97	0.52464	0.14671	0.2132	0.11545
V98	0.52923	0.293	0.05879	0.11897
V99	0.61342	0.08924	0.17737	0.11997
V100	0.11593	0.12219	0.63581	0.12607
V101	0.10521	0.11533	0.07451	0.70496
V102	0.71849	0.08246	0.07033	0.12872
V103	0.09842	0.1302	0.12877	0.64262
V104	0.06967	0.76883	0.061	0.1005
V105	0.08639	0.7462	0.06654	0.10087
V106	0.13577	0.46259	0.27204	0.12959
V107	0.18493	0.24196	0.43067	0.14244
V108	0.15259	0.62885	0.12304	0.09551
V109	0.07587	0.22465	0.44164	0.25784
V110	0.08769	0.7144	0.08355	0.11436
V111	0.71228	0.04025	0.12502	0.12245
V112	0.16102	0.14952	0.34127	0.34819
V113	0.19964	0.17606	0.18398	0.44031
V114	0.24022	0.12436	0.12158	0.51384
V115	0.0556	0.63363	0.20902	0.10174
V116	0.15745	0.32623	0.29887	0.21746
V117	0.51248	0.26049	0.08571	0.14132
V118	0.1692	0.50617	0.07946	0.24517
V119	0.16105	0.15141	0.10158	0.58595
V120	0.11371	0.14977	0.61839	0.11813
V121	0.45544	0.1731	0.13092	0.24055
V122	0.75059	0.04223	0.07713	0.13004
V123	0.06992	0.46767	0.08851	0.3739
V124	0.50281	0.28844	0.05663	0.15212
V125	0.30713	0.3897	0.18249	0.12067
V126	0.10908	0.2067	0.10014	0.58408
V127	0.18737	0.13464	0.23627	0.44172
V128	0.10899	0.10953	0.14326	0.63822
V129	0.43853	0.24961	0.17834	0.13352
V130	0.05658	0.56511	0.27622	0.10209
V131	0.06771	0.72543	0.05391	0.15294
V132	0.72838	0.04441	0.09042	0.13678
V133	0.70459	0.05389	0.11318	0.12835
V134	0.1399	0.37949	0.14638	0.33423
V135	0.13893	0.11617	0.18601	0.55889
V136	0.2235	0.38168	0.06581	0.32902
V137	0.49901	0.09721	0.23942	0.16436
V138	0.19918	0.38704	0.17696	0.23683
V139	0.28934	0.2452	0.19483	0.27064
V140	0.10845	0.16479	0.1026	0.62415
V141	0.10899	0.222	0.4096	0.25941
V142	0.61522	0.05454	0.21713	0.11311
V143	0.33793	0.27962	0.11223	0.27022
V144	0.18532	0.2141	0.17588	0.4247
V145	0.04928	0.64108	0.20832	0.10132
V146	0.1267	0.10703	0.09221	0.67406
V147	0.70549	0.06191	0.08297	0.14963
V148	0.1547	0.15746	0.43982	0.24801
V149	0.22869	0.46139	0.20533	0.10459
V150	0.11959	0.27739	0.44225	0.16077
V151	0.19279	0.54076	0.07847	0.18798
V152	0.20975	0.41548	0.2018	0.17297
V153	0.1256	0.62542	0.06874	0.18024
V154	0.21536	0.42091	0.23854	0.12519
V155	0.36925	0.19164	0.25885	0.18025
V156	0.08771	0.2101	0.50857	0.19362
V157	0.26174	0.21283	0.26954	0.25589
V158	0.1053	0.10388	0.08479	0.70603
V159	0.68379	0.09918	0.06199	0.15503
V160	0.53304	0.06819	0.11562	0.28315
V161	0.22339	0.09738	0.09058	0.58865
V162	0.11703	0.31916	0.11771	0.44611
V163	0.12693	0.45013	0.17034	0.2526
V164	0.28039	0.31794	0.13455	0.26712
V165	0.08783	0.29266	0.06054	0.55896
V166	0.09509	0.17407	0.11349	0.61734
V167	0.30977	0.07937	0.07217	0.53869
V168	0.24177	0.50038	0.11515	0.14269
V169	0.20581	0.13256	0.09658	0.56504
V170	0.14546	0.11975	0.40623	0.32856
V171	0.14712	0.27445	0.44418	0.13424
V172	0.55486	0.06085	0.26408	0.12021
V173	0.1043	0.20617	0.09597	0.59356
V174	0.09492	0.22436	0.11622	0.56449
V175	0.11039	0.11329	0.57944	0.19687
V176	0.05429	0.67386	0.16994	0.10191
V177	0.05382	0.78235	0.05683	0.107
V178	0.06049	0.64078	0.05896	0.23977
V179	0.1858	0.10766	0.31656	0.38998
V180	0.06903	0.72633	0.10981	0.09483
V181	0.17423	0.19851	0.41261	0.21464
V182	0.25673	0.2274	0.36596	0.14991
V183	0.17361	0.66427	0.06089	0.10124
V184	0.77407	0.03495	0.07301	0.11797
V185	0.43839	0.38356	0.06851	0.10954
V186	0.13941	0.44218	0.22897	0.18944
V187	0.74307	0.0429	0.09047	0.12356
V188	0.12126	0.26819	0.06102	0.54953
V189	0.62483	0.07232	0.07654	0.22631
V190	0.51058	0.07481	0.29591	0.1187
V191	0.18423	0.24846	0.43149	0.13582
V192	0.25467	0.43061	0.0914	0.22332
V193	0.46518	0.10056	0.23181	0.20244
V194	0.07512	0.75003	0.06105	0.1138
V195	0.06815	0.12747	0.6921	0.11228
V196	0.10147	0.14907	0.07822	0.67125
V197	0.34542	0.11733	0.08738	0.44987
V198	0.09999	0.45897	0.29729	0.14376
V199	0.19073	0.11788	0.18571	0.50568
V200	0.14789	0.49929	0.06845	0.28437
V201	0.12438	0.49381	0.17996	0.20186
V202	0.07768	0.12428	0.56995	0.2281
V203	0.16665	0.404	0.31128	0.11807
V204	0.06965	0.48384	0.06166	0.38484
V205	0.07485	0.14627	0.65992	0.11897
V206	0.09443	0.1737	0.6217	0.11017
V207	0.16552	0.23905	0.10215	0.49328
V208	0.22826	0.14303	0.50941	0.11931
V209	0.25356	0.42825	0.1075	0.21069
V210	0.10851	0.63582	0.12111	0.13456
V211	0.35343	0.09058	0.09189	0.4641
V212	0.40066	0.11019	0.36058	0.12856
V213	0.48896	0.09265	0.14841	0.26998
V214	0.27863	0.21398	0.1766	0.33079
V215	0.26472	0.16396	0.07853	0.49279
V216	0.11758	0.10178	0.0847	0.69595
V217	0.08956	0.4555	0.20762	0.24732
V218	0.12815	0.42029	0.17062	0.28094
V219	0.13016	0.54986	0.06368	0.2563
V220	0.05908	0.6816	0.05835	0.20098
V221	0.62519	0.05617	0.06737	0.25127
V222	0.26846	0.19669	0.30418	0.23067
V223	0.06406	0.21267	0.56049	0.16279
V224	0.76442	0.03485	0.08335	0.11739
V225	0.08751	0.71318	0.09884	0.10046
V226	0.26388	0.15377	0.46321	0.11913
V227	0.60861	0.05483	0.20854	0.12802
V228	0.58441	0.11254	0.1175	0.18554
V229	0.07539	0.12667	0.67248	0.12547
V230	0.10413	0.1165	0.08496	0.69441
V231	0.08726	0.30655	0.13768	0.46852
V232	0.08952	0.56295	0.05295	0.29458
V233	0.43361	0.14798	0.20427	0.21414
V234	0.07456	0.7394	0.07768	0.10837
V235	0.30643	0.13294	0.42458	0.13605
V236	0.09461	0.15817	0.58276	0.16446
V237	0.19003	0.09956	0.09476	0.61565
V238	0.14487	0.49115	0.22809	0.13588
V239	0.11558	0.39007	0.07183	0.42252
V240	0.38581	0.10993	0.35532	0.14893
V241	0.07416	0.11951	0.6485	0.15783
V242	0.1387	0.63208	0.12265	0.10657
V243	0.2233	0.12795	0.48302	0.16574
V244	0.20382	0.10191	0.5215	0.17277
V245	0.45232	0.29732	0.09958	0.15079
V246	0.09855	0.21652	0.56211	0.12282
V247	0.1729	0.11466	0.60707	0.10537
V248	0.10758	0.12213	0.1009	0.66939
V249	0.06072	0.14098	0.64025	0.15805
V250	0.59259	0.05736	0.22852	0.12153
V251	0.73312	0.07375	0.07121	0.12191
V252	0.0544	0.69356	0.15807	0.09396
V253	0.30391	0.14416	0.17758	0.37436
V254	0.0534	0.75274	0.09348	0.10038
V255	0.08127	0.7379	0.05406	0.12677
V256	0.17833	0.25574	0.39698	0.16895
V257	0.3361	0.16647	0.2238	0.27362
V258	0.1791	0.2946	0.33322	0.19309
V259	0.08303	0.31597	0.46692	0.13408
V260	0.05839	0.31291	0.5231	0.1056
V261	0.47325	0.09754	0.20587	0.22333
V262	0.15138	0.13585	0.0823	0.63047
V263	0.06257	0.76809	0.05634	0.113
V264	0.18238	0.13209	0.34269	0.34285
V265	0.11042	0.10432	0.15954	0.62572
V266	0.4977	0.33318	0.06384	0.10528
V267	0.07309	0.24227	0.24494	0.43971
V268	0.32084	0.10389	0.1677	0.40756
V269	0.05757	0.49688	0.30873	0.13682
V270	0.49242	0.09117	0.23901	0.1774
V271	0.60868	0.10944	0.08914	0.19274
V272	0.08926	0.67491	0.06293	0.1729
V273	0.12623	0.11337	0.09662	0.66378
V274	0.53926	0.06088	0.2011	0.19876
V275	0.06304	0.12864	0.69628	0.11204
V276	0.38698	0.33234	0.06604	0.21464
V277	0.09961	0.25883	0.16829	0.47327
V278	0.10344	0.15073	0.25616	0.48967
V279	0.52279	0.11293	0.14751	0.21677
V280	0.1053	0.10388	0.08479	0.70603
V281	0.42277	0.0992	0.16864	0.30939
V282	0.10077	0.15821	0.59004	0.15098
V283	0.19361	0.5048	0.10011	0.20148
V284	0.06878	0.73257	0.09737	0.10127
V285	0.10949	0.1158	0.66949	0.10522
V286	0.21375	0.48167	0.13352	0.17106
V287	0.11514	0.70662	0.06507	0.11318
V288	0.07405	0.31225	0.33104	0.28267
V289	0.24244	0.2584	0.3355	0.16366
V290	0.63498	0.18084	0.07267	0.11151
V291	0.38383	0.13443	0.3604	0.12134
V292	0.72626	0.04472	0.06632	0.1627
V293	0.259	0.10251	0.49757	0.14092
V294	0.13041	0.36254	0.05812	0.44893
V295	0.08825	0.23799	0.18803	0.48573
V296	0.17969	0.19082	0.45899	0.1705
V297	0.13881	0.10159	0.11574	0.64386
V298	0.2562	0.16897	0.45608	0.11874
V299	0.12301	0.2985	0.07102	0.50746
V300	0.08472	0.12798	0.21887	0.56843
V301	0.14494	0.18816	0.47858	0.18833
V302	0.49862	0.32448	0.05955	0.11735
V303	0.05164	0.52374	0.30131	0.12331
V304	0.10447	0.12841	0.54457	0.22255
V305	0.14836	0.22522	0.3535	0.27292
V306	0.61004	0.1336	0.10426	0.1521
V307	0.06247	0.76222	0.06771	0.1076
V308	0.21175	0.26806	0.25368	0.26651
V309	0.27433	0.32104	0.0767	0.32792
V310	0.11994	0.33185	0.15933	0.38888
V311	0.39927	0.43104	0.06097	0.10872
V312	0.11535	0.61779	0.15201	0.11485
V313	0.09364	0.17778	0.08223	0.64635
V314	0.07366	0.44324	0.13179	0.35132
V315	0.13748	0.5388	0.07865	0.24507
V316	0.26068	0.19767	0.3176	0.22404
V317	0.11249	0.58972	0.08531	0.21248
V318	0.08721	0.49303	0.06452	0.35524
V319	0.10033	0.15092	0.61713	0.13162
V320	0.1164	0.21296	0.47713	0.19351
V321	0.49012	0.3411	0.06363	0.10516
V322	0.19212	0.32912	0.10891	0.36985
V323	0.12429	0.11515	0.12863	0.63193
V324	0.49773	0.26371	0.11302	0.12554
V325	0.25291	0.54569	0.09724	0.10416
V326	0.06013	0.49963	0.11906	0.32118
V327	0.09424	0.20878	0.13687	0.5601
V328	0.09781	0.12844	0.54488	0.22887
V329	0.18719	0.18348	0.17606	0.45327
V330	0.31739	0.09393	0.29427	0.29441
V331	0.29135	0.15361	0.09818	0.45686
V332	0.09122	0.14223	0.18621	0.58033
V333	0.33229	0.14549	0.32803	0.19418
V334	0.2952	0.09711	0.30615	0.30154
V335	0.07695	0.34794	0.38539	0.18972
V336	0.17098	0.5856	0.07009	0.17333
V337	0.23796	0.38293	0.25272	0.12638
V338	0.0485	0.78892	0.06279	0.0998
V339	0.14492	0.11139	0.63104	0.11266
V340	0.10072	0.27335	0.39441	0.23152
V341	0.10611	0.12385	0.1108	0.65925
V342	0.22617	0.09831	0.47036	0.20516
V343	0.75635	0.04861	0.07218	0.12286
V344	0.51524	0.18355	0.19285	0.10836
V345	0.06831	0.1277	0.69847	0.10552
V346	0.21653	0.18579	0.24778	0.3499
V347	0.11595	0.10921	0.15458	0.62027
V348	0.09063	0.55803	0.15106	0.20029
V349	0.27959	0.21912	0.31747	0.18381
V350	0.06825	0.66655	0.16971	0.0955
V351	0.08865	0.13324	0.32115	0.45696
V352	0.09556	0.12367	0.61513	0.16565
V353	0.67069	0.06701	0.09342	0.16888
V354	0.08441	0.5845	0.20259	0.1285
V355	0.24131	0.1548	0.36743	0.23646
V356	0.10965	0.11644	0.1345	0.6394
V357	0.13875	0.34269	0.23575	0.28281
V358	0.41206	0.15892	0.10275	0.32627
V359	0.43873	0.11804	0.08933	0.3539
V360	0.41646	0.39392	0.07452	0.1151
V361	0.05388	0.42575	0.41736	0.10301
V362	0.04857	0.78377	0.06787	0.09979
V363	0.17785	0.19102	0.36399	0.26714
V364	0.16703	0.14957	0.50594	0.17746
V365	0.24903	0.10781	0.07752	0.56565
V366	0.10495	0.57487	0.11384	0.20634
V367	0.43409	0.18381	0.06366	0.31843
V368	0.10971	0.60735	0.11502	0.16792
V369	0.06759	0.38856	0.4394	0.10445
V370	0.24605	0.29525	0.32843	0.13027
V371	0.1767	0.60091	0.07434	0.14805
V372	0.18444	0.14023	0.14667	0.52866
V373	0.12017	0.21251	0.36128	0.30604
V374	0.59991	0.06473	0.22234	0.11303
V375	0.11283	0.1308	0.16431	0.59206
V376	0.10873	0.12337	0.13413	0.63377
V377	0.60418	0.05113	0.07363	0.27106
V378	0.08237	0.1335	0.32772	0.45642
V379	0.27958	0.23633	0.07048	0.41362
V380	0.17469	0.1569	0.19552	0.47289
V381	0.55295	0.07206	0.13763	0.23736
V382	0.11434	0.12884	0.64471	0.11211
V383	0.63137	0.05516	0.10643	0.20705
V384	0.42057	0.13931	0.15943	0.2807
V385	0.65008	0.05967	0.12971	0.16054
V386	0.26631	0.10215	0.16764	0.46391
V387	0.43682	0.19113	0.19766	0.17438
V388	0.29045	0.33239	0.16184	0.21532
V389	0.31841	0.46255	0.06546	0.15358
V390	0.247	0.27935	0.36561	0.10804
V391	0.33264	0.16464	0.07884	0.42388
V392	0.32363	0.25395	0.17817	0.24425
V393	0.23725	0.26574	0.2878	0.20921
V394	0.13512	0.26755	0.13619	0.46115
V395	0.19922	0.37997	0.19027	0.23054
V396	0.05531	0.77064	0.06086	0.11319
V397	0.58259	0.13036	0.14187	0.14517
V398	0.34342	0.18958	0.13219	0.33481
V399	0.17966	0.48562	0.15825	0.17647
V400	0.06065	0.51242	0.09949	0.32744
V401	0.08512	0.22493	0.52799	0.16197
V402	0.60702	0.19324	0.08945	0.11029
V403	0.10608	0.11773	0.11622	0.65997
V404	0.12094	0.24728	0.45663	0.17515
V405	0.21607	0.12243	0.17938	0.48212
V406	0.4777	0.26227	0.07475	0.18528
V407	0.0485	0.78892	0.06279	0.0998
V408	0.12466	0.28473	0.3132	0.27741
V409	0.09922	0.11109	0.08503	0.70466
V410	0.10974	0.70032	0.07595	0.11399
V411	0.35981	0.07917	0.06665	0.49437
V412	0.17179	0.16197	0.38535	0.2809
V413	0.0967	0.44713	0.17522	0.28094
V414	0.08108	0.45975	0.27103	0.18814
V415	0.34677	0.11027	0.22659	0.31637
V416	0.06814	0.1627	0.66437	0.1048
V417	0.30063	0.53358	0.06021	0.10558
V418	0.12906	0.17915	0.16094	0.53084
V419	0.10459	0.10277	0.09235	0.70028
V420	0.05069	0.72039	0.06466	0.16427
V421	0.16854	0.13441	0.50721	0.18984
V422	0.11976	0.14008	0.07736	0.6628
V423	0.11593	0.12219	0.63581	0.12607
V424	0.06759	0.151	0.46394	0.31747
V425	0.09691	0.28022	0.44278	0.18009
V426	0.1232	0.14036	0.57809	0.15835
V427	0.10774	0.38848	0.18104	0.32274
V428	0.10943	0.63279	0.09688	0.1609
V429	0.10423	0.10384	0.09663	0.6953
V430	0.55786	0.19553	0.07701	0.1696
V431	0.18858	0.12107	0.36026	0.33008
V432	0.15311	0.16685	0.10083	0.57921
V433	0.0933	0.6116	0.05341	0.24169
V434	0.28524	0.14826	0.10321	0.46329
V435	0.39507	0.08761	0.15532	0.362
V436	0.31578	0.09523	0.14964	0.43934
V437	0.21925	0.26148	0.06423	0.45504
V438	0.456	0.20039	0.08636	0.25725
V439	0.11074	0.16804	0.07693	0.64429
V440	0.38039	0.10847	0.09191	0.41923
V441	0.10872	0.20752	0.44397	0.23979
V442	0.25772	0.34382	0.15246	0.246
V443	0.56062	0.06242	0.13866	0.23831
V444	0.06831	0.1277	0.69847	0.10552
V445	0.46765	0.08635	0.3086	0.1374
V446	0.07457	0.6753	0.09666	0.15346
V447	0.46884	0.15158	0.19049	0.18909
V448	0.09641	0.15694	0.19026	0.55639
V449	0.42508	0.1103	0.27528	0.18934
V450	0.14391	0.69488	0.06576	0.09545
V451	0.71876	0.08334	0.06221	0.13569
V452	0.11222	0.1115	0.11562	0.66067
V453	0.6048	0.12008	0.11701	0.1581
V454	0.04793	0.75162	0.09339	0.10706
V455	0.45434	0.10137	0.28121	0.16307
V456	0.26804	0.18963	0.31782	0.22451
V457	0.09925	0.11639	0.0799	0.70445
V458	0.23847	0.26096	0.06378	0.43679
V459	0.06302	0.64963	0.12107	0.16628
V460	0.73554	0.044	0.0903	0.13016
V461	0.12684	0.11966	0.07858	0.67492
V462	0.28343	0.27145	0.05813	0.38699
V463	0.21629	0.43422	0.16485	0.18463
V464	0.39264	0.15866	0.06461	0.38409
V465	0.30973	0.40122	0.07578	0.21327
V466	0.43862	0.22193	0.06295	0.2765
V467	0.25483	0.49851	0.11594	0.13072
V468	0.37449	0.37897	0.09789	0.14864
V469	0.08556	0.24173	0.24516	0.42755
V470	0.40891	0.17982	0.19169	0.21958
V471	0.24305	0.17419	0.09028	0.49248
V472	0.26672	0.33231	0.0555	0.34547
V473	0.12061	0.48413	0.27849	0.11677
V474	0.16173	0.09875	0.13847	0.60106
V475	0.18114	0.38314	0.11327	0.32245
V476	0.18847	0.10843	0.10813	0.59497
V477	0.45147	0.10608	0.21419	0.22826
V478	0.1458	0.51179	0.05786	0.28455
V479	0.07303	0.17514	0.58224	0.16959
V480	0.12594	0.32511	0.09045	0.4585
V481	0.15864	0.11644	0.60592	0.119
V482	0.51582	0.19702	0.14556	0.1416
V483	0.16361	0.18237	0.11599	0.53803
V484	0.1057	0.14963	0.08875	0.65592
V485	0.13448	0.61115	0.06219	0.19218
V486	0.23477	0.29179	0.14635	0.3271
V487	0.13567	0.13411	0.12553	0.60469
V488	0.06088	0.12012	0.63624	0.18275
V489	0.19905	0.17527	0.50798	0.1177
V490	0.2732	0.32323	0.1095	0.29407
V491	0.33764	0.42672	0.08198	0.15365
V492	0.06801	0.68432	0.14613	0.10154
V493	0.10598	0.10267	0.0763	0.71506
V494	0.1877	0.22024	0.39788	0.19418
V495	0.19783	0.533	0.15263	0.11654
V496	0.23159	0.57921	0.05406	0.13514
V497	0.06823	0.12087	0.6987	0.1122
V498	0.27004	0.17265	0.10261	0.4547
V499	0.45936	0.27801	0.15104	0.11159
V500	0.12734	0.19979	0.53594	0.13693
V501	0.09881	0.10408	0.09678	0.70033
V502	0.40714	0.29077	0.17038	0.13171
V503	0.19953	0.17726	0.19537	0.42784
V504	0.20337	0.58314	0.06442	0.14907
V505	0.19303	0.26331	0.22393	0.31972
V506	0.1223	0.29376	0.34614	0.2378
V507	0.4568	0.15843	0.1515	0.23326
V508	0.55911	0.19725	0.09432	0.14931
V509	0.2122	0.15043	0.39408	0.24329
V510	0.19959	0.4657	0.23004	0.10467
V511	0.09966	0.40109	0.08925	0.41
V512	0.23119	0.13292	0.12203	0.51385
V513	0.10417	0.54995	0.19545	0.15043
V514	0.10287	0.1403	0.07455	0.68228
V515	0.57186	0.11315	0.10436	0.21063
V516	0.70313	0.11591	0.06098	0.11997
V517	0.10806	0.12729	0.23103	0.53362
V518	0.74835	0.06335	0.06608	0.12222
V519	0.07	0.69998	0.05881	0.17121
V520	0.08951	0.11165	0.46574	0.3331
V521	0.42897	0.11046	0.32295	0.13763
V522	0.06978	0.2113	0.42763	0.2913
V523	0.28562	0.19483	0.23539	0.28416
V524	0.05415	0.64177	0.18218	0.1219
V525	0.23211	0.24964	0.07964	0.43861
V526	0.47911	0.13973	0.12065	0.26051
V527	0.20429	0.12109	0.32365	0.35097
V528	0.1154	0.69731	0.05352	0.13377
V529	0.12123	0.15585	0.20904	0.51389
V530	0.06268	0.26145	0.49572	0.18015
V531	0.06158	0.71228	0.13244	0.09369
V532	0.18048	0.33486	0.07811	0.40655
V533	0.23771	0.3519	0.1523	0.25809
V534	0.07241	0.12338	0.52494	0.27927
V535	0.43377	0.06798	0.07289	0.42537
V536	0.19974	0.1001	0.30921	0.39095
V537	0.43886	0.27262	0.17207	0.11645
V538	0.35817	0.12876	0.12678	0.3863
V539	0.22453	0.40471	0.16535	0.20541
V540	0.18313	0.57982	0.10877	0.12828
V541	0.07508	0.46134	0.101	0.36258
V542	0.1967	0.20173	0.22634	0.37523
V543	0.67414	0.05063	0.07369	0.20154
V544	0.1485	0.17259	0.17654	0.50237
V545	0.2951	0.2007	0.11295	0.39125
V546	0.08094	0.7141	0.10406	0.10091
V547	0.07698	0.54917	0.2652	0.10865
V548	0.15269	0.62906	0.11698	0.10126
V549	0.27201	0.11598	0.49169	0.12032
V550	0.45345	0.09252	0.06177	0.39226
V551	0.17015	0.60876	0.07919	0.1419
V552	0.06502	0.47683	0.06148	0.39667
V553	0.20474	0.21099	0.4606	0.12366
V554	0.12267	0.1611	0.08747	0.62876
V555	0.12626	0.27632	0.27242	0.325
V556	0.06174	0.1342	0.6713	0.13277
V557	0.61801	0.07882	0.07127	0.2319
V558	0.09714	0.64336	0.07366	0.18584
V559	0.05378	0.66838	0.18246	0.09538
V560	0.52031	0.30768	0.05949	0.11253
V561	0.06304	0.12864	0.69628	0.11204
V562	0.58768	0.05968	0.15916	0.19348
V563	0.2226	0.10153	0.56266	0.11322
V564	0.10039	0.16621	0.61531	0.11808
V565	0.14529	0.29716	0.29949	0.25806
V566	0.52128	0.14573	0.06528	0.26771
V567	0.20122	0.41554	0.07516	0.30808
V568	0.23501	0.0976	0.10612	0.56127
V569	0.5174	0.08568	0.06181	0.33512
V570	0.07676	0.31644	0.45356	0.15324
V571	0.61597	0.15915	0.05955	0.16533
V572	0.34787	0.09097	0.37148	0.18969
V573	0.12301	0.22478	0.07063	0.58157
V574	0.07595	0.64662	0.16944	0.10799
V575	0.09735	0.16848	0.14918	0.58499
V576	0.15419	0.65905	0.0807	0.10606
V577	0.10853	0.14149	0.20401	0.54597
V578	0.10337	0.16274	0.49966	0.23422
V579	0.05587	0.70849	0.12192	0.11372
V580	0.18117	0.10246	0.14549	0.57088
V581	0.13015	0.15219	0.07183	0.64583
V582	0.4339	0.19372	0.08706	0.28532
V583	0.07422	0.15048	0.44368	0.33162
V584	0.38817	0.20428	0.2667	0.14085
V585	0.0815	0.1185	0.35624	0.44376
V586	0.21657	0.10684	0.49635	0.18025
V587	0.23795	0.10659	0.52155	0.13391
V588	0.47521	0.1052	0.08459	0.33501
V589	0.08726	0.66091	0.10353	0.1483
V590	0.08232	0.6334	0.18217	0.10212
V591	0.08603	0.13637	0.19747	0.58012
V592	0.16602	0.12928	0.59979	0.10491
V593	0.44787	0.07177	0.19774	0.28262
V594	0.26715	0.30794	0.28083	0.14407
V595	0.10928	0.11604	0.08481	0.68987
V596	0.09374	0.31366	0.20403	0.38857
V597	0.04948	0.51135	0.27705	0.16212
V598	0.07354	0.19752	0.61188	0.11706
V599	0.46553	0.31876	0.08446	0.13125
V600	0.28098	0.43246	0.09566	0.1909
V601	0.1738	0.30032	0.11716	0.40872
V602	0.10972	0.11508	0.08017	0.69503
V603	0.08034	0.36691	0.0692	0.48354
V604	0.38903	0.17588	0.29937	0.13572
V605	0.10703	0.34625	0.31145	0.23527
V606	0.53873	0.18876	0.07186	0.20065
V607	0.49052	0.08032	0.14691	0.28225
V608	0.20507	0.22576	0.30804	0.26114
V609	0.09022	0.28471	0.21079	0.41428
V610	0.57383	0.07714	0.13849	0.21054
V611	0.26243	0.09392	0.10574	0.53791
V612	0.08117	0.18149	0.58134	0.156
V613	0.08221	0.34484	0.43943	0.13352
V614	0.56474	0.11339	0.10428	0.21759
V615	0.17081	0.13316	0.07589	0.62014
V616	0.10618	0.59	0.08547	0.21835
V617	0.36619	0.20993	0.31883	0.10505
V618	0.55244	0.06328	0.06177	0.32251
V619	0.30896	0.11535	0.28193	0.29376
V620	0.05658	0.56511	0.27622	0.10209
V621	0.32768	0.21072	0.18316	0.27844
V622	0.2825	0.26203	0.32319	0.13228
V623	0.09698	0.1619	0.16183	0.57929
V624	0.59825	0.21471	0.05889	0.12815
V625	0.22425	0.44523	0.12682	0.2037
V626	0.74807	0.05592	0.06663	0.12938
V627	0.09553	0.11891	0.11669	0.66887
V628	0.08332	0.26196	0.07769	0.57704
V629	0.14722	0.31822	0.23752	0.29704
V630	0.0826	0.34552	0.43284	0.13904
V631	0.09139	0.24647	0.13337	0.52878
V632	0.44683	0.0696	0.16771	0.31585
V633	0.06062	0.1396	0.60411	0.19566
V634	0.3097	0.28867	0.29098	0.11065
V635	0.0743	0.62678	0.0587	0.24021
V636	0.14515	0.18808	0.472	0.19476
V637	0.25763	0.24255	0.12398	0.37584
V638	0.29558	0.28236	0.11259	0.30948
V639	0.22882	0.4034	0.26825	0.09953
V640	0.08519	0.22519	0.54644	0.14317
V641	0.67234	0.08079	0.08595	0.16092
V642	0.57137	0.20059	0.0587	0.16934
V643	0.0715	0.25424	0.34478	0.32948
V644	0.69576	0.1086	0.0679	0.12773
V645	0.22256	0.39048	0.26778	0.11918
V646	0.05417	0.78425	0.06172	0.09985
V647	0.15755	0.17352	0.51889	0.15004
V648	0.31338	0.4037	0.15478	0.12813
V649	0.08017	0.16089	0.60875	0.15018
V650	0.09991	0.17994	0.56324	0.15691
V651	0.26537	0.09594	0.52366	0.11503
V652	0.1299	0.18237	0.34071	0.34702
V653	0.1358	0.55867	0.12468	0.18084
V654	0.51451	0.22523	0.10638	0.15388
V655	0.08624	0.50196	0.06922	0.34258
V656	0.20209	0.29406	0.06852	0.43533
V657	0.10732	0.14908	0.07734	0.66626
V658	0.44356	0.23865	0.10587	0.21192
V659	0.27055	0.1683	0.30322	0.25794
V660	0.06791	0.76341	0.05506	0.11362
V661	0.10491	0.40093	0.09624	0.39792
V662	0.32504	0.10142	0.38465	0.18889
V663	0.21647	0.15864	0.43382	0.19108
V664	0.19391	0.15393	0.50727	0.14489
V665	0.50878	0.21768	0.09286	0.18068
V666	0.44721	0.06948	0.14119	0.34212
V667	0.58269	0.11654	0.18962	0.11115
V668	0.12945	0.65848	0.11682	0.09525
V669	0.20306	0.39373	0.22463	0.17858
V670	0.10177	0.72886	0.05572	0.11365
V671	0.28291	0.30556	0.23487	0.17666
V672	0.07417	0.13269	0.66051	0.13262
V673	0.20662	0.36476	0.21102	0.2176
V674	0.53248	0.18349	0.07712	0.20691
V675	0.15197	0.34086	0.26425	0.24292
V676	0.10133	0.18856	0.13664	0.57347
V677	0.29492	0.38223	0.12858	0.19427
V678	0.39196	0.43332	0.06563	0.10909
V679	0.08942	0.33098	0.46772	0.11188
V680	0.2491	0.48109	0.15334	0.11647
V681	0.68404	0.10013	0.07388	0.14195
V682	0.1323	0.31911	0.41559	0.133
V683	0.05419	0.7829	0.06847	0.09444
V684	0.51681	0.19807	0.13089	0.15424
V685	0.36926	0.3403	0.14724	0.1432
V686	0.13633	0.24008	0.16162	0.46197
V687	0.1097	0.11008	0.08422	0.696
V688	0.29234	0.45534	0.05511	0.1972
V689	0.24344	0.08773	0.10255	0.56628
V690	0.36381	0.12061	0.35439	0.16119
V691	0.16626	0.1081	0.61332	0.11232
V692	0.11392	0.21473	0.51545	0.1559
V693	0.2143	0.18801	0.30072	0.29697
V694	0.08759	0.12982	0.25705	0.52555
V695	0.23237	0.09878	0.17366	0.49519
V696	0.13635	0.15942	0.08012	0.62412
V697	0.10294	0.13385	0.07955	0.68366
V698	0.62566	0.05626	0.07278	0.2453
V699	0.41612	0.29521	0.11106	0.17762
V700	0.22938	0.10895	0.07311	0.58855
V701	0.13444	0.46931	0.13076	0.26549
V702	0.41387	0.13949	0.07377	0.37287
V703	0.1588	0.1492	0.37726	0.31473
V704	0.61662	0.09289	0.085	0.20549
V705	0.74343	0.03691	0.07694	0.14272
V706	0.11572	0.1484	0.56441	0.17147
V707	0.08142	0.40897	0.37726	0.13235
V708	0.07535	0.70208	0.06959	0.15298
V709	0.14832	0.29663	0.39487	0.16018
V710	0.44441	0.23888	0.09874	0.21797
V711	0.10855	0.6475	0.12251	0.12144
V712	0.61673	0.09901	0.06554	0.21872
V713	0.33034	0.311	0.08346	0.2752
V714	0.06425	0.56657	0.06897	0.30022
V715	0.24677	0.33937	0.25918	0.15468
V716	0.11252	0.12803	0.10064	0.65881
V717	0.10164	0.73451	0.05548	0.10836
V718	0.15294	0.49002	0.17469	0.18236
V719	0.09448	0.58932	0.07929	0.2369
V720	0.53022	0.06328	0.23357	0.17293
V721	0.14668	0.23163	0.36243	0.25926
V722	0.13164	0.34288	0.06773	0.45774
V723	0.15552	0.1574	0.07412	0.61296
V724	0.43991	0.09637	0.12799	0.33573
V725	0.06027	0.18365	0.62473	0.13136
V726	0.09202	0.37484	0.14127	0.39187
V727	0.22547	0.54827	0.12308	0.10318
V728	0.06839	0.70784	0.12174	0.10203
V729	0.3285	0.09569	0.18057	0.39524
V730	0.68267	0.07245	0.1028	0.14208
V731	0.08587	0.25924	0.31175	0.34313
V732	0.28471	0.15856	0.29851	0.25823
V733	0.47454	0.22161	0.08517	0.21868
V734	0.20903	0.32028	0.36403	0.10666
V735	0.08553	0.13309	0.37619	0.40519
V736	0.17912	0.10052	0.07724	0.64313
V737	0.26408	0.30786	0.2192	0.20886
V738	0.11403	0.34456	0.34384	0.19757
V739	0.06967	0.12053	0.45776	0.35204
V740	0.63027	0.12367	0.12005	0.12601
V741	0.36883	0.1671	0.14992	0.31415
V742	0.31439	0.51865	0.06634	0.10062
V743	0.14856	0.21123	0.51676	0.12344
V744	0.39634	0.11407	0.2951	0.1945
V745	0.06284	0.58166	0.17408	0.18143
V746	0.77322	0.03415	0.06866	0.12397
V747	0.10625	0.1128	0.52602	0.25493
V748	0.14661	0.18773	0.43813	0.22753
V749	0.24616	0.22608	0.10095	0.42682
V750	0.31497	0.42116	0.07131	0.19256
V751	0.08116	0.69646	0.08228	0.1401
V752	0.34577	0.26084	0.15519	0.2382
V753	0.10563	0.1092	0.07471	0.71046
V754	0.05717	0.74336	0.05441	0.14507
V755	0.16315	0.25132	0.27907	0.30645
V756	0.10842	0.11082	0.10051	0.68025
V757	0.26857	0.50241	0.10454	0.12447
V758	0.0814	0.62415	0.13914	0.15531
V759	0.15578	0.15624	0.32048	0.36749
V760	0.25355	0.14449	0.24942	0.35254
V761	0.09906	0.50349	0.23468	0.16277
V762	0.07436	0.37447	0.06868	0.48248
V763	0.29968	0.35003	0.07739	0.2729
V764	0.05719	0.73837	0.05923	0.14521
V765	0.50126	0.13907	0.05942	0.30025
V766	0.07338	0.34216	0.3377	0.24676
V767	0.36453	0.18583	0.22956	0.22007
V768	0.08664	0.72755	0.07101	0.11481
V769	0.14527	0.67282	0.07551	0.1064
V770	0.05417	0.78425	0.06172	0.09985
V771	0.17239	0.11478	0.59416	0.11866
V772	0.15082	0.13808	0.59901	0.11208
V773	0.15855	0.67353	0.06122	0.1067
V774	0.07486	0.12001	0.6723	0.13282
V775	0.15443	0.13912	0.24783	0.45861
V776	0.32313	0.39282	0.09699	0.18705
V777	0.18692	0.18989	0.15678	0.46641
V778	0.39668	0.28953	0.11107	0.20272
V779	0.17995	0.13891	0.38529	0.29585
V780	0.12469	0.63479	0.14482	0.0957
V781	0.12069	0.12031	0.09001	0.66898
V782	0.0646	0.20547	0.57393	0.156
V783	0.58859	0.07565	0.10447	0.23129
V784	0.12168	0.71262	0.06497	0.10072
V785	0.07521	0.74457	0.06633	0.11389
V786	0.53064	0.19483	0.12553	0.149
V787	0.04939	0.68691	0.16273	0.10096
V788	0.37722	0.30836	0.17046	0.14396
V789	0.11831	0.36119	0.07789	0.44261
V790	0.35966	0.10472	0.12179	0.41383
V791	0.14955	0.37049	0.26992	0.21004
V792	0.14966	0.47399	0.05817	0.31817
V793	0.13675	0.55305	0.07887	0.23133
V794	0.09403	0.17282	0.56924	0.16391
V795	0.15564	0.13146	0.10798	0.60493
V796	0.08038	0.17451	0.62107	0.12404
V797	0.57848	0.06045	0.23399	0.12708
V798	0.45932	0.2998	0.11758	0.12331
V799	0.14045	0.63045	0.07435	0.15475
V800	0.11662	0.13188	0.39688	0.35462
V801	0.16134	0.1987	0.27361	0.36635
V802	0.10309	0.17407	0.23982	0.48303
V803	0.19904	0.46489	0.23793	0.09814
V804	0.40227	0.09374	0.33501	0.16897
V805	0.06854	0.12207	0.70391	0.10547
V806	0.08149	0.72562	0.06609	0.1268
V807	0.23392	0.20995	0.09034	0.4658
V808	0.48884	0.27841	0.09288	0.13988
V809	0.08832	0.13909	0.66749	0.1051
V810	0.05412	0.78922	0.05688	0.09978
V811	0.33031	0.15115	0.20401	0.31453
V812	0.4049	0.27907	0.09966	0.21637
V813	0.44019	0.23007	0.19565	0.1341
V814	0.3337	0.46836	0.09165	0.10629
V815	0.04836	0.74172	0.10952	0.1004
V816	0.72757	0.03789	0.11855	0.11598
V817	0.08066	0.16812	0.633	0.11822
V818	0.0954	0.13597	0.09589	0.67274
V819	0.61738	0.12588	0.10455	0.15219
V820	0.1666	0.1701	0.08534	0.57796
V821	0.19707	0.32903	0.31389	0.16001
V822	0.10842	0.12943	0.63687	0.12529
V823	0.07914	0.25282	0.49405	0.17399
V824	0.11626	0.3714	0.41415	0.09819
V825	0.20374	0.31425	0.22309	0.25893
V826	0.32823	0.38719	0.17078	0.1138
V827	0.29576	0.5142	0.06472	0.12533
V828	0.21104	0.22541	0.13617	0.42738
V829	0.10361	0.27947	0.0887	0.52822
V830	0.21122	0.26519	0.08049	0.4431
V831	0.57137	0.13734	0.08864	0.20265
V832	0.2263	0.38428	0.17106	0.21835
V833	0.15443	0.45564	0.17511	0.21482
V834	0.25724	0.15308	0.12082	0.46886
V835	0.28037	0.41339	0.13952	0.16671
V836	0.06457	0.57133	0.0585	0.30561
V837	0.19981	0.37317	0.18221	0.24482
V838	0.71227	0.07607	0.09009	0.12157
V839	0.24688	0.52006	0.12905	0.10401
V840	0.24304	0.59855	0.0607	0.09771
V841	0.06041	0.14743	0.64138	0.15078
V842	0.28326	0.22537	0.23486	0.25651
V843	0.07285	0.13162	0.63008	0.16546
V844	0.1462	0.17903	0.30791	0.36686
V845	0.10613	0.19457	0.54254	0.15676
V846	0.06542	0.126	0.55582	0.25276
V847	0.10026	0.10359	0.08045	0.7157
V848	0.11869	0.45845	0.17033	0.25253
V849	0.04896	0.76445	0.06077	0.12582
V850	0.7568	0.0359	0.07736	0.12995
V851	0.26935	0.47223	0.1597	0.09872
V852	0.15221	0.14106	0.15652	0.5502
V853	0.21479	0.26871	0.32179	0.19471
V854	0.43785	0.21345	0.13609	0.21261
V855	0.10026	0.10359	0.08045	0.7157
V856	0.09268	0.36073	0.28528	0.26131
V857	0.49716	0.21189	0.08516	0.20579
V858	0.42876	0.08307	0.37171	0.11646
V859	0.48519	0.25431	0.07504	0.18546
V860	0.19562	0.18523	0.10392	0.51523
V861	0.11725	0.35761	0.41404	0.1111
V862	0.14956	0.17466	0.53172	0.14405
V863	0.20906	0.13687	0.06815	0.58592
V864	0.13146	0.12668	0.10481	0.63705
V865	0.15662	0.10975	0.242	0.49163
V866	0.54833	0.07935	0.24608	0.12624
V867	0.54822	0.08708	0.24594	0.11875
V868	0.3795	0.29481	0.15369	0.17201
V869	0.06216	0.77664	0.06076	0.10044
V870	0.1399	0.34333	0.07252	0.44424
V871	0.04896	0.76445	0.06077	0.12582
V872	0.09099	0.12295	0.22971	0.55634
V873	0.66909	0.07268	0.10987	0.14836
V874	0.18149	0.64687	0.07574	0.0959
V875	0.0868	0.25326	0.19319	0.46675
V876	0.16288	0.33981	0.32518	0.17213
V877	0.0925	0.39112	0.24889	0.26749
V878	0.13744	0.66352	0.10373	0.09531
V879	0.178	0.57478	0.0858	0.16142
V880	0.25073	0.48141	0.059	0.20886
V881	0.1635	0.14177	0.45288	0.24185
V882	0.60179	0.05242	0.16506	0.18073
V883	0.23966	0.24275	0.41372	0.10387
V884	0.09248	0.29971	0.06027	0.54753
V885	0.53332	0.23262	0.12555	0.10851
V886	0.06838	0.36972	0.3593	0.2026
V887	0.47107	0.12789	0.17858	0.22245
V888	0.13043	0.14667	0.54516	0.17774
V889	0.69872	0.08458	0.08228	0.13441
V890	0.08876	0.22289	0.45645	0.2319
V891	0.46802	0.11481	0.26828	0.14889
V892	0.24639	0.23116	0.07125	0.4512
V893	0.42632	0.24425	0.17093	0.1585
V894	0.10207	0.33015	0.43455	0.13323
V895	0.44209	0.13272	0.20425	0.22094
V896	0.07512	0.75003	0.06105	0.1138
V897	0.51119	0.26418	0.06497	0.15966
V898	0.37522	0.07259	0.06993	0.48226
V899	0.09439	0.24954	0.15708	0.49899
V900	0.11637	0.3223	0.29162	0.26971
V901	0.07779	0.67434	0.05819	0.18969
V902	0.0805	0.72629	0.0924	0.1008
V903	0.05807	0.40472	0.39925	0.13795
V904	0.06214	0.78109	0.0565	0.10027
V905	0.17989	0.09746	0.18584	0.5368
V906	0.31746	0.16395	0.13778	0.3808
V907	0.32625	0.4558	0.07218	0.14576
V908	0.09939	0.13785	0.11491	0.64785
V909	0.13916	0.65417	0.0525	0.15416
V910	0.18755	0.09559	0.15124	0.56562
V911	0.38316	0.37119	0.08296	0.16269
V912	0.29851	0.3325	0.14714	0.22184
V913	0.16127	0.09604	0.07865	0.66405
V914	0.17327	0.4448	0.25168	0.13024
V915	0.22536	0.08844	0.07446	0.61174
V916	0.22189	0.14364	0.4891	0.14537
V917	0.5288	0.09111	0.18766	0.19244
V918	0.08485	0.53874	0.20826	0.16814
V919	0.19118	0.27747	0.25294	0.27841
V920	0.44996	0.23345	0.13045	0.18613
V921	0.10384	0.22051	0.08831	0.58734
V922	0.12102	0.42933	0.31218	0.13747
V923	0.13882	0.11267	0.10028	0.64823
V924	0.07618	0.56387	0.23715	0.12279
V925	0.19567	0.11885	0.08001	0.60547
V926	0.21022	0.11177	0.0902	0.5878
V927	0.10631	0.12898	0.1055	0.65921
V928	0.08068	0.71455	0.05882	0.14595
V929	0.09276	0.54406	0.14322	0.21996
V930	0.37678	0.35762	0.08352	0.18208
V931	0.14834	0.30428	0.3874	0.15998
V932	0.09016	0.20055	0.4503	0.25899
V933	0.44663	0.36872	0.06921	0.11545
V934	0.08039	0.22575	0.2401	0.45376
V935	0.41328	0.2105	0.20928	0.16694
V936	0.39111	0.28789	0.07266	0.24834
V937	0.40481	0.18349	0.12601	0.2857
V938	0.30073	0.13159	0.27457	0.29311
V939	0.56103	0.07851	0.12216	0.23829
V940	0.06826	0.64528	0.15817	0.12828
V941	0.06332	0.12148	0.70302	0.11217
V942	0.54304	0.21531	0.11373	0.12793
V943	0.30763	0.19259	0.34721	0.15257
V944	0.08849	0.29607	0.1067	0.50875
V945	0.41345	0.34442	0.06612	0.17602
V946	0.33997	0.28464	0.23651	0.13888
V947	0.13529	0.14787	0.21479	0.50205
V948	0.27919	0.11582	0.47782	0.12716
V949	0.07924	0.19512	0.1966	0.52904
V950	0.09497	0.47668	0.1948	0.23355
V951	0.62753	0.06523	0.18582	0.12142
V952	0.12113	0.20818	0.23334	0.43735
V953	0.07343	0.1547	0.63952	0.13236
V954	0.10088	0.24213	0.157	0.49999
V955	0.1388	0.5158	0.07433	0.27107
V956	0.09657	0.1323	0.39772	0.37342
V957	0.28919	0.09499	0.06643	0.54938
V958	0.10598	0.10267	0.0763	0.71506
V959	0.20538	0.29147	0.34142	0.16173
V960	0.21237	0.29724	0.11789	0.3725
V961	0.14719	0.37686	0.28518	0.19077
V962	0.28482	0.22584	0.32408	0.16525
V963	0.4353	0.21404	0.17743	0.17323
V964	0.62745	0.08052	0.1447	0.14733
V965	0.09651	0.45575	0.18054	0.26721
V966	0.74971	0.04893	0.0715	0.12987
V967	0.10864	0.14628	0.40434	0.34074
V968	0.05725	0.22735	0.5592	0.1562
V969	0.08378	0.31035	0.08711	0.51876
V970	0.09555	0.20744	0.33259	0.36442
V971	0.37704	0.15482	0.29349	0.17466
V972	0.38002	0.23823	0.09805	0.2837
V973	0.22828	0.39512	0.11332	0.26328
V974	0.05666	0.6384	0.14504	0.15989
V975	0.12541	0.31332	0.45517	0.1061
V976	0.33075	0.27701	0.14242	0.24982
V977	0.25867	0.35243	0.28219	0.10671
V978	0.12654	0.17139	0.11225	0.58982
V979	0.60635	0.07173	0.2005	0.12142
V980	0.77322	0.03415	0.06866	0.12397
V981	0.27818	0.12177	0.35433	0.24571
V982	0.32915	0.37794	0.11738	0.17552
V983	0.52416	0.116	0.06548	0.29436
V984	0.06263	0.67811	0.13201	0.12725
V985	0.12846	0.24026	0.06763	0.56365
V986	0.25976	0.46326	0.09373	0.18325
V987	0.20909	0.62095	0.05473	0.11523
V988	0.21722	0.10424	0.07887	0.59966
V989	0.33604	0.42791	0.11659	0.11946
V990	0.0604	0.15363	0.57727	0.2087
V991	0.48339	0.34138	0.05872	0.11651
V992	0.20102	0.10633	0.40909	0.28357
V993	0.0947	0.60073	0.16928	0.13529
V994	0.17537	0.64179	0.07565	0.10719
V995	0.54122	0.15513	0.08835	0.21529
V996	0.24275	0.18668	0.07318	0.49739
V997	0.07599	0.12522	0.60245	0.19634
V998	0.65763	0.05929	0.12253	0.16055
V999	0.12837	0.71616	0.05467	0.10081
V1000	0.27647	0.10283	0.06618	0.55452
