Neutrophils	T_cells_.gamma.delta.	Monocytes_CD14.CD16.	Macrophage	T_cells_.CD4..	Fibroblasts	Endothelial_cells	Keratinocytes	CD34.	Platelets
V1	0.01245	0.01379	0.04732	0.00832	0.12303	0.00339	0.03774	0	0.02543	0.72853
V2	0.60166	0.00531	0.0361	0.00976	0.05124	0.22767	0.05945	0	0.00881	0
V3	0.11037	0.06593	0.11921	0.02626	0.34905	0.0173	0.13252	0.11779	0.0418	0.01977
V4	0.00106	0.08681	0.05329	0.00893	0.06655	0.07118	0.03268	0.00904	0.45257	0.21789
V5	0.00056	0.0996	0.04364	0.06014	0.02091	0.05642	0.03182	0	0.01989	0.66702
V6	0.0066	0.0869	0.22334	0.03668	0.48711	0.03256	0.04031	0.05383	0.03267	0
V7	0.00021	0.52015	0.03976	0.01571	0.23035	0.01587	0.0862	0.05691	0.02816	0.00668
V8	0.00237	0.55092	0.06684	0.00955	0.04457	0.02794	0.02842	0.21277	0.03524	0.02137
V9	0.00437	0.00815	0.10494	0.12204	0.07061	0.02936	0.24274	0.36563	0.04476	0.00742
V10	0.00015	0.0965	0.04653	0.01486	0.55883	0.07315	0.05287	0.12146	0.03565	0
V11	0.0105	0.54062	0.02966	0.00588	0.04457	0.04995	0.0279	0.19419	0.06363	0.0331
V12	0	0.02825	0.19211	0.40304	0.05556	0.009	0.1201	0.00557	0.01971	0.16667
V13	0.083	0.01859	0.13286	0.02432	0.08013	0.10958	0.42391	0.00327	0.11316	0.01118
V14	0.06673	0.42832	0.14795	0.06176	0.06297	0.04887	0.14286	0.00725	0.02649	0.00681
V15	0.21666	0.01121	0.16028	0.45793	0.04613	0.02304	0.05988	0.00571	0.01916	0
V16	0	0.06046	0.23474	0.46383	0.05881	0.04819	0.03214	0	0.09432	0.00751
V17	0.01682	0.10922	0.01798	0.00878	0.02986	0.06289	0.05351	0.00236	0.02875	0.66984
V18	0.05244	0.06934	0.07843	0.22775	0.01255	0.01172	0.02888	0	0.01883	0.50006
V19	0.0013	0	0.0305	0.05077	0	0.06507	0.02936	0.00322	0.02016	0.79962
V20	0.00261	0.20664	0.04455	0.02195	0.05181	0.01392	0.50411	0.0278	0.02512	0.1015
V21	0.09228	0.41784	0.0388	0.00869	0.04446	0.2974	0.03429	0.02129	0.02789	0.01705
V22	0.00286	0	0.01586	0.00415	0.01063	0.01594	0.0358	0.18293	0.05531	0.67651
V23	0.243	0.02768	0.45986	0.04539	0.03851	0.00699	0.02857	0	0.01568	0.13432
V24	0.0225	0.5878	0.06692	0.00979	0.05286	0.00737	0.09333	0.05423	0.09375	0.01145
V25	0.01844	0.10335	0.03984	0.02372	0.06896	0.10253	0.04693	0	0.13533	0.46089
V26	0.01078	0.0056	0.08519	0.01825	0.0711	0.03513	0.07095	0.66518	0.02939	0.00842
V27	0.00196	0.05045	0.02987	0.00883	0.27406	0.00451	0.05375	0	0.02968	0.54688
V28	0.22967	0	0.02315	0.00449	0	0.01758	0.04887	0.01523	0.01522	0.64579
V29	0.00806	0.64305	0.02895	0.01068	0.03949	0.09145	0.0245	0.01271	0.02168	0.11943
V30	0.00179	0.01918	0.12392	0.02927	0.06838	0.24973	0.28729	0	0.20693	0.01351
V31	0.0077	0.34892	0.20439	0.02335	0.08648	0.01335	0.0329	0.23451	0.03059	0.01779
V32	0.46898	0.03269	0.05172	0.01127	0.22235	0.03779	0.06817	0	0.09037	0.01668
V33	0.023	0.02264	0.24186	0.41095	0.05403	0.00962	0.21842	0	0.01949	0
V34	0.00256	0.04141	0.02511	0.00616	0.15449	0.004	0.03828	0.00796	0.0552	0.66484
V35	0.01242	0.79815	0.0386	0.00664	0.04327	0.01373	0.03146	0.01264	0.02615	0.01693
V36	0.04857	0.02549	0.05707	0.02281	0.07731	0.01546	0.70986	0.01637	0.02707	0
V37	0.00176	0.50867	0.0402	0.01147	0.06104	0.00679	0.29839	0.0202	0.03086	0.02061
V38	0.11005	0.00869	0.09142	0.14857	0.06464	0.00725	0.54039	0	0.02897	0
V39	0.0678	0.01268	0.09823	0.1458	0.08741	0.00778	0.53224	0.01048	0.02994	0.00763
V40	0.10542	0.03433	0.61121	0.06189	0.11989	0.00176	0.03027	0	0.01989	0.01534
V41	0.57191	0.05621	0.06283	0.00989	0.04272	0.00218	0.03903	0.00034	0.19442	0.02047
V42	0.00136	0.60001	0.03937	0.0089	0.22786	0.00652	0.02512	0.00132	0.02992	0.05961
V43	0.12167	0.03933	0.13412	0.08218	0.18665	0.03834	0.24954	0.01675	0.13142	0
V44	0.02082	0.01055	0.51551	0.05276	0.05592	0.01287	0.03898	0.26274	0.02835	0.0015
V45	0.00328	0.01534	0.06808	0.02258	0.07213	0.00745	0.28988	0	0.46208	0.05918
V46	0.14162	0.08131	0.07503	0.17963	0.03353	0.00514	0.02937	0.00829	0.0183	0.42778
V47	0.00785	0.00956	0.06305	0.02582	0.07051	0.01689	0.76558	0	0.03022	0.01052
V48	0.01191	0.01153	0.0239	0.00449	0.0055	0.00308	0.03599	0	0.08067	0.82292
V49	0.19493	0.0012	0.02964	0.0173	0.05709	0.02751	0.05548	0.59182	0.02504	0
V50	0.28959	0.16886	0.04056	0.01099	0.05523	0.39079	0.02536	0	0.01863	0
V51	0.14737	0.01864	0.51784	0.05108	0.09805	0.00332	0.03753	0.04306	0.05778	0.02532
V52	0.0043	0.01221	0.20681	0.28109	0.05926	0.00896	0.39416	0.00499	0.02823	0
V53	0.3866	0.0046	0.10817	0.08288	0.03382	0.00582	0.04001	0.09714	0.01573	0.22523
V54	0	0.03776	0.04573	0.01693	0.1935	0.65281	0.03175	0.00165	0.01985	0
V55	0	0.02394	0.18583	0.58502	0.08859	0.01958	0.06257	0.00148	0.01836	0.01463
V56	0.13065	0.0258	0.47933	0.06638	0.10199	0.12646	0.02819	0	0.01763	0.02357
V57	0.01545	0.01488	0.5108	0.21107	0.05327	0.01246	0.03684	0.02038	0.08742	0.03742
V58	0.00656	0.18571	0.10813	0.13374	0.05966	0.44377	0.03944	0.00018	0.0228	0
V59	0.02758	0.0592	0.05848	0.02342	0.06748	0.01539	0.7203	0	0.02814	0
V60	0.6929	0.00814	0.04911	0.00936	0.08189	0.00174	0.03525	0	0.11594	0.00567
V61	0	0.00795	0.07559	0.03894	0.07104	0.74884	0.03115	0.0026	0.015	0.00888
V62	0.02091	0	0.03647	0.02296	0.03757	0.0044	0.38486	0.00282	0.04888	0.44112
V63	0	0.23566	0.05403	0.01355	0.16203	0.45003	0.03334	0	0.02616	0.02519
V64	0.06096	0.00779	0.29799	0.23271	0.04638	0.02069	0.03826	0.20506	0.02086	0.06931
V65	0.05535	0.02616	0.12691	0.30455	0.05154	0.01557	0.09741	0.19076	0.09955	0.03218
V66	0.00019	0.09949	0.04988	0.01277	0.47459	0.02982	0.06086	0.01711	0.05163	0.20366
V67	0.01276	0.16835	0.43231	0.0813	0.05639	0.03985	0.10216	0.00664	0.05911	0.04113
V68	0.01654	0.02619	0.05824	0.01181	0.08591	0.01804	0.04592	0.26728	0.46793	0.00214
V69	0.02944	0.02787	0.73596	0.08726	0.0621	0.00159	0.02917	0	0.01989	0.00673
V70	0.66871	0.00609	0.11223	0.01459	0.03869	0.02539	0.06225	0.00031	0.07176	0
V71	0.03183	0.00386	0.0348	0.02003	0.06818	0.03552	0.06359	0.67815	0.02966	0.03438
V72	0.20492	0.02162	0.08558	0.21469	0.14079	0.00628	0.03447	0.00394	0.02627	0.26143
V73	0.02571	0.13348	0.0643	0.02358	0.63068	0.02445	0.04983	0.00423	0.03704	0.0067
V74	0.00895	0	0.0606	0.14186	0.00192	0.03296	0.02971	0.00375	0.01951	0.70074
V75	0.00233	0.08095	0.24543	0.38878	0.06772	0.01737	0.03244	0.00505	0.15994	0
V76	0	0.01636	0.05167	0.0197	0.06964	0.78969	0.03345	0.00303	0.01647	0
V77	0	0.00997	0.10743	0.26203	0.05959	0.23701	0.29631	0.00106	0.02009	0.00651
V78	0.00228	0.42097	0.06533	0.01369	0.06129	0.01203	0.30793	0	0.02429	0.09219
V79	0	0.03016	0.1175	0.2552	0.05931	0.24793	0.03936	9e-05	0.21395	0.0365
V80	0.34215	0	0.02591	0.01028	0.01086	0.00158	0.05605	0	0.0548	0.49835
V81	0	0.03497	0.07594	0.14903	0.16601	0.5221	0.03121	0.00179	0.01895	0
V82	0.05053	0.47109	0.0931	0.21674	0.04711	0.02334	0.02508	0.04765	0.02013	0.00524
V83	0.02098	0.05714	0.15839	0.41552	0.06714	0.0178	0.04031	0.20186	0.02087	0
V84	0.01797	0.01879	0.06217	0.044	0.13651	0.48007	0.21948	8e-04	0.0202	0
V85	0.18013	0.00187	0.37037	0.04319	0.02679	0.0012	0.02942	0	0.0184	0.32864
V86	0.25977	0.01181	0.30874	0.30563	0.04713	0.01276	0.03297	0	0.01467	0.0065
V87	0.0035	0.04754	0.08138	0.02151	0.10841	0.00847	0.03711	0	0.68522	0.00686
V88	0	0.30689	0.15668	0.42431	0.04723	0.01028	0.03458	0	0.01989	0.00015
V89	0.00615	0.00898	0.06391	0.04959	0.07365	0.01103	0.69398	0.06439	0.02832	0
V90	0.01191	0.05406	0.31375	0.03609	0.01636	0.0197	0.02645	0	0.01971	0.50197
V91	0.03853	0.01955	0.7234	0.07903	0.06606	0.00162	0.02928	0	0.02489	0.01764
V92	0.00692	0.01834	0.06333	0.02481	0.0711	0.01653	0.73329	0	0.06568	0
V93	0.00501	0.05492	0.11689	0.01983	0.08003	0.00757	0.2676	0.00935	0.43453	0.00428
V94	0.77254	0	0.06439	0.0096	0.03409	0.02427	0.05142	0.02061	0.0111	0.01198
V95	0.0062	0.01649	0.04946	0.02033	0.07787	0.017	0.54482	0.23259	0.03526	0
V96	0.01727	0.11553	0.36209	0.34833	0.05026	0.02207	0.02928	0.0098	0.03458	0.01078
V97	0.00596	0.0057	0.05431	0.02228	0.05942	0.00729	0.68952	0	0.03394	0.12158
V98	0	0.26933	0.04827	0.05405	0.15837	0.02381	0.0674	0.07469	0.15019	0.1539
V99	0.5472	0.0035	0.05738	0.01055	0.05115	0.00253	0.10605	0.00073	0.21242	0.00849
V100	0.17772	0.01797	0.09599	0.18657	0.0693	0.27861	0.04486	0	0.10953	0.01944
V101	0.00149	0	0.01982	0.00605	0.00503	0.06369	0.15687	0.0234	0.02098	0.70266
V102	0.04042	0.21274	0.03638	0.01185	0.11179	0.2858	0.15672	0.09208	0.02788	0.02435
V103	0.07709	0.0298	0.07673	0.0199	0.0777	0.00773	0.03678	0.00165	0.65239	0.02021
V104	0.03934	0.01885	0.73052	0.07465	0.05765	0.00144	0.02925	0	0.04154	0.00676
V105	0.32816	0	0.113	0.02274	0.04959	0.1392	0.03974	0.28481	0.02275	0
V106	0.01684	0.61542	0.21136	0.02237	0.04255	0.02516	0.01846	0	0.02263	0.0252
V107	0.26145	0.20785	0.05351	0.01697	0.23833	0.02074	0.04071	0.0282	0.13224	0
V108	0	0	0.05527	0.12573	0.03126	0.33667	0.02868	0.01713	0.0225	0.38275
V109	0	0.03346	0.05077	0.0246	0.07249	0.7562	0.03848	0.00252	0.02148	0
V110	0.00207	0.13187	0.0601	0.0164	0.62518	0.01008	0.04466	0.06443	0.0383	0.00692
V111	0.00595	0.01963	0.06119	0.03029	0.12918	0.00809	0.70597	0	0.03006	0.00964
V112	0.00417	0.0105	0.04704	0.01802	0.04886	0.00591	0.56552	0	0.06503	0.23495
V113	0.013	0.01213	0.05851	0.0097	0.05946	0.05595	0.04972	0.01607	0.52027	0.20518
V114	0.01636	0.03221	0.08805	0.01413	0.08196	0.00827	0.03718	0.0017	0.69843	0.0217
V115	0.00286	0.78779	0.04716	0.00771	0.04349	0.00603	0.03804	0	0.03796	0.02897
V116	0.43157	0.07597	0.04017	0.00918	0.04299	0.01981	0.05195	0.31157	0.01679	0
V117	0.01879	0.00958	0.06329	0.02589	0.07072	0.00906	0.77242	0	0.03025	0
V118	0.01656	0.00656	0.05026	0.01841	0.0674	0.77744	0.0393	0.00906	0.01501	0
V119	0	0.03197	0.15835	0.45044	0.05985	0.17003	0.05302	0.00129	0.07506	0
V120	0.59774	0.00075	0.21521	0.0241	0.03947	0.07577	0.03193	0	0.0092	0.00583
V121	0.03917	0.09362	0.24514	0.03745	0.06469	0.10475	0.3169	0.00847	0.02721	0.0626
V122	0.00523	0.03649	0.16021	0.02208	0.07846	0.05729	0.16306	0	0.4585	0.01868
V123	0.015	0.05747	0.04048	0.0202	0.35235	0.02169	0.05212	0.38122	0.05949	0
V124	0.66657	0.0377	0.03388	0.00775	0.03356	0.00699	0.0431	0.16043	0.01001	0
V125	0.00379	0.16388	0.116	0.03688	0.06575	0.13523	0.05654	0.39135	0.03057	0
V126	0.00192	0.17423	0.06087	0.016	0.58259	0.00945	0.04233	0.04845	0.06416	0
V127	0.01841	0.02086	0.5022	0.0536	0.05924	0.003	0.23042	0	0.09647	0.0158
V128	0.01232	0.19059	0.39646	0.04202	0.24938	0.04998	0.02969	0.00099	0.02531	0.00324
V129	0.01263	0.08363	0.13173	0.20285	0.11852	0.01689	0.03429	0	0.37101	0.02845
V130	0.01875	0.01731	0.43581	0.04611	0.05644	0.01695	0.04251	0.3418	0.02378	0.00053
V131	0.03236	0.35512	0.38017	0.09339	0.04727	0.01074	0.02924	0	0.04234	0.00937
V132	0.10309	0.01245	0.05782	0.02067	0.10579	0.00837	0.602	0.0636	0.02621	0
V133	7e-04	0.03281	0.07336	0.17367	0.06214	0.13066	0.10656	0.39653	0.02357	0
V134	0.01614	0.05533	0.20403	0.06277	0.19159	0.00493	0.18965	0.0024	0.03714	0.23603
V135	0.00733	0.191	0.19785	0.02338	0.07462	0.00602	0.0458	0	0.44481	0.00918
V136	0	0.53196	0.05772	0.1293	0.03321	0.00606	0.02116	0	0.02227	0.19832
V137	0.00101	0.01896	0.0645	0.02775	0.08493	0.29062	0.44725	0	0.065	0
V138	0.01317	0.02558	0.04876	0.01633	0.05264	0.00509	0.49999	0	0.05253	0.28592
V139	0.56217	0.01686	0.05496	0.01551	0.08914	0.0707	0.03326	0	0.1574	0
V140	0.02629	0.01925	0.3515	0.40426	0.07177	0.05205	0.03833	0	0.01756	0.01899
V141	0.00701	0.01819	0.19	0.60421	0.05424	0.03421	0.03446	0.00182	0.01702	0.03882
V142	0.00333	0.01014	0.10367	0.19293	0.06207	0.00892	0.57317	0	0.02556	0.0202
V143	0.00165	0.75031	0.05097	0.05078	0.04949	0.01394	0.01872	0	0.04854	0.0156
V144	0.00185	0.00721	0.05743	0.02868	0.06814	0.30097	0.49966	0.01245	0.02362	0
V145	0.02939	0.08951	0.14792	0.43466	0.05434	0.03793	0.03672	0.14484	0.02469	0
V146	0.01417	0.00208	0.40039	0.03933	0.03629	0.01821	0.0675	0.08721	0.02548	0.30935
V147	0.00232	0.02743	0.05697	0.01681	0.14783	0.00703	0.03651	0.01595	0.43248	0.25667
V148	0.01451	0.04002	0.07508	0.01295	0.07991	0.05193	0.06843	0	0.65101	0.00616
V149	0	0.02475	0.16218	0.49085	0.05454	0.01439	0.03707	0.08196	0.12862	0.00563
V150	0.06054	0.00119	0.02155	0.00473	0.06459	0.00842	0.03616	0.00251	0.04439	0.75592
V151	0.01075	0	0.03652	0.00557	0	0.05736	0.02987	0	0.02178	0.83814
V152	0.0067	0.00156	0.02639	0.01084	0.06066	0.03007	0.06419	0.60502	0.02927	0.1653
V153	0.0022	0.12038	0.05926	0.01661	0.61871	0.01116	0.04565	0.08764	0.03838	0
V154	0.06705	0.02451	0.52158	0.26675	0.05291	0.01922	0.03046	0	0.01733	0.00021
V155	0.04975	0.00609	0.04043	0.01126	0.06298	0.11686	0.04979	0.43798	0.21429	0.01057
V156	0.10098	0.0303	0.1825	0.03662	0.05641	0.41766	0.04928	0.03042	0.0853	0.01051
V157	0	0.42018	0.05479	0.04909	0.18238	0.21107	0.02486	0	0.0407	0.01694
V158	0.27494	0.51122	0.03999	0.01267	0.07193	0.00451	0.03591	0.02317	0.01826	0.00738
V159	0.02775	0.06761	0.23793	0.05847	0.25595	0.02892	0.04221	0.07088	0.02665	0.18364
V160	0.02298	0.80074	0.03978	0.00723	0.04287	0.00631	0.01829	0	0.0326	0.0292
V161	0	0.02091	0.20007	0.63049	0.0587	0.02067	0.03551	0.00186	0.02896	0.00283
V162	0.0059	0	0.03198	0.00626	0.00157	0.00362	0.03385	0	0.02704	0.88979
V163	0.10515	0.02123	0.65912	0.06487	0.05136	0.01512	0.02855	0.01087	0.01652	0.0272
V164	0.02763	0.01696	0.72417	0.07847	0.05528	0.01511	0.04109	0	0.02388	0.01741
V165	0.01081	0	0.24541	0.02561	0.02282	0.00254	0.02929	0.00626	0.02581	0.63146
V166	0.0389	0.09697	0.14824	0.45865	0.04567	0.01899	0.04647	0.05176	0.05147	0.04288
V167	0.78843	0.00105	0.05494	0.01457	0.04381	0.00125	0.03663	0	0.05932	0
V168	0.05681	0.02249	0.03893	0.01129	0.05947	0.27276	0.04864	0.29923	0.16715	0.02323
V169	0	0	0.05573	0.1236	0.01303	0.14655	0.02893	0.00949	0.01824	0.60442
V170	0.01642	0.02366	0.08243	0.01417	0.08506	0.00849	0.03775	0	0.7247	0.00732
V171	0.00292	0.01151	0.24299	0.08273	0.07712	0.36317	0.06651	0.03877	0.10307	0.0112
V172	0.00409	0.026	0.06571	0.02329	0.07409	0.13699	0.61573	0.00467	0.04942	0
V173	0.01247	0	0.0387	0.01466	0.03595	0.01793	0.46941	0	0.0455	0.36538
V174	0.00275	0.083	0.26235	0.32529	0.11953	0.02936	0.03795	0.01054	0.02099	0.10824
V175	0.73529	0.00175	0.13902	0.01721	0.04417	0.00083	0.05304	3e-04	0.00839	0
V176	0.17648	0.00368	0.04081	0.01385	0.06088	0.62208	0.02833	0.00074	0.04591	0.00724
V177	0.60939	0	0.05627	0.08197	0.02862	0.00219	0.03328	0.00611	0.01579	0.16636
V178	0.18705	0.00693	0.04173	0.03564	0.08409	0.52995	0.03458	0.00046	0.01456	0.06502
V179	0.17726	0.0977	0.06155	0.02288	0.55219	0.00646	0.04237	0	0.03357	0.00602
V180	0.42178	0.10572	0.10334	0.25814	0.04367	0.01196	0.03737	0	0.01804	0
V181	0.01943	0.15602	0.55772	0.05539	0.06665	0.00864	0.0986	0	0.01981	0.01775
V182	0.00238	0.04821	0.04535	0.04072	0.30319	0.04665	0.0508	0.37858	0.07764	0.00648
V183	0.00725	0.15139	0.15159	0.45925	0.04993	0.01797	0.14355	0.00017	0.01891	0
V184	0.17057	0.00415	0.0315	0.02114	0.0374	0.48214	0.02732	0.02247	0.01383	0.18947
V185	0.5587	0.002	0.07958	0.15303	0.04346	0.00583	0.03605	0.06058	0.05739	0.00338
V186	0.73241	0.00762	0.06904	0.08687	0.04159	0.00208	0.04696	0.00121	0.01223	0
V187	0.66892	0	0.13018	0.02086	0.03615	0.00085	0.03951	0.00023	0.05699	0.04631
V188	0.0818	0.18769	0.06246	0.07507	0.46372	0.00717	0.05288	0.01032	0.03781	0.02107
V189	0.75325	0	0.06332	0.06425	0.03533	0.01307	0.0358	0.00104	0.01205	0.02188
V190	0.00138	0.03867	0.07271	0.01319	0.13001	0.09798	0.03584	0	0.60535	0.00487
V191	0.01077	0.05766	0.16258	0.31973	0.30668	0.0099	0.08248	0.01917	0.02641	0.00462
V192	0.00348	0.01429	0.03536	0.00686	0.1288	0.00957	0.0326	0.00792	0.0254	0.73572
V193	0.0813	0.03255	0.2271	0.26643	0.13231	0.00922	0.15944	0.05155	0.03354	0.00655
V194	0	0.00683	0.05271	0.02599	0.06769	0.64155	0.17967	0.00822	0.01734	0
V195	0.03461	0.04876	0.05852	0.02001	0.11479	0.12029	0.53195	0.03072	0.03107	0.00928
V196	0.66558	0.00912	0.0841	0.15244	0.03776	0.00325	0.03542	0	0.00937	0.00296
V197	0.01359	0.02159	0.08492	0.17938	0.07316	0.02124	0.06191	0.33594	0.20828	0
V198	0	0.08636	0.06789	0.0237	0.44614	0.23988	0.06037	0	0.07566	0
V199	0.021	0.039	0.07317	0.02375	0.17551	0.01046	0.15537	0	0.03087	0.47086
V200	2e-05	0.05773	0.05541	0.01739	0.35673	0.11363	0.28035	0.08063	0.0313	0.0068
V201	0.21868	0.04625	0.05782	0.01123	0.06	0.00541	0.13212	0.00154	0.41148	0.05547
V202	0.02396	0.27409	0.41875	0.06711	0.05111	0.00346	0.09949	0	0.05403	0.008
V203	0.00998	0.07597	0.36032	0.15857	0.06333	0.01304	0.12445	0	0.16655	0.0278
V204	0.00404	0.19053	0.29091	0.2583	0.0556	0.08517	0.02874	0.04993	0.03606	0.00072
V205	0.05904	0.05963	0.06082	0.01976	0.07048	0.02305	0.57265	0.0436	0.09097	0
V206	0.27339	0.01157	0.49639	0.05014	0.05965	0.00082	0.03629	0	0.01585	0.05591
V207	0.01068	0.11981	0.04834	0.05609	0.0431	0.00441	0.03475	0	0.15896	0.52387
V208	0	0.00837	0.06689	0.06251	0.07035	0.68209	0.03025	0.00204	0.06852	0.00899
V209	0.0401	0.11521	0.13838	0.02318	0.58319	0.01496	0.04107	0	0.03611	0.00781
V210	0.06225	0.0908	0.10434	0.0182	0.47315	0.0181	0.05047	0.1103	0.05209	0.0203
V211	0.02032	0.07172	0.58575	0.05746	0.0598	0.00989	0.0893	0.02457	0.06435	0.01684
V212	0.09985	0.08513	0.04652	0.01	0.0627	0.01729	0.05105	0.29993	0.32647	0.00106
V213	0.11428	0.02011	0.04314	0.02596	0.15476	0.55615	0.04329	0.00668	0.01757	0.01806
V214	0.00211	0.04322	0.04898	0.01864	0.22536	0.03699	0.49498	0	0.02951	0.10023
V215	0.00814	0.01017	0.06405	0.02637	0.07161	0.01736	0.77144	0	0.03087	0
V216	0.002	0.6591	0.04831	0.00917	0.18429	0.00665	0.03004	0.00744	0.029	0.024
V217	0.01761	0.20099	0.0744	0.08243	0.15423	0.23248	0.02949	0.03773	0.03957	0.13107
V218	0.02756	0.00482	0.04605	0.01703	0.06525	0.54385	0.21914	0.00103	0.01742	0.05785
V219	0.0072	0.00578	0.04963	0.07064	0.06957	0.03307	0.13031	0.60527	0.02852	0
V220	0	0.02783	0.1326	0.31504	0.06599	0.01213	0.03687	0.04765	0.36189	0
V221	0.14436	0.09227	0.29064	0.03601	0.05035	0.00519	0.05714	0.05994	0.14754	0.11656
V222	0.03116	0.0135	0.63906	0.06439	0.05481	0.14888	0.02673	0	0.01701	0.00446
V223	0.02284	0.01484	0.65911	0.06605	0.06055	0.06622	0.08739	0	0.01825	0.00475
V224	0.02005	0.02357	0.57275	0.1015	0.05784	0.01238	0.03062	0.05232	0.12502	0.00396
V225	0.00889	0.01216	0.35296	0.30247	0.0528	0.02865	0.03772	0.17579	0.02042	0.00813
V226	0.01204	0.69552	0.03278	0.00629	0.05396	0.01049	0.03047	0.11989	0.02547	0.01308
V227	0.02318	0.04173	0.60209	0.0691	0.19621	0.00265	0.03139	0	0.03015	0.00351
V228	0.02333	0.57337	0.08697	0.01695	0.0495	0.00935	0.03152	0.11743	0.06894	0.02263
V229	0.62897	0.00203	0.03587	0.00925	0.03651	0.21914	0.04794	0.01264	0.00764	0
V230	0	9e-05	0.0931	0.26877	0.02174	0.0134	0.13053	0	0.03053	0.44183
V231	0.02349	0.24256	0.06082	0.02352	0.06523	0.10074	0.02924	0.00209	0.43089	0.02143
V232	0.02361	0.35263	0.39931	0.03912	0.05101	0.01193	0.02409	0.05679	0.02071	0.02079
V233	0.00133	0.09085	0.06887	0.04481	0.48937	0.01666	0.041	0	0.2366	0.0105
V234	0.01482	0.03884	0.04728	0.01597	0.20742	0.01959	0.28073	0.33635	0.03211	0.0069
V235	0.02681	0.02343	0.38651	0.04065	0.05347	0.0168	0.05573	0.3483	0.02368	0.02463
V236	0.00143	0.02008	0.26179	0.23515	0.0619	0.34944	0.03634	2e-04	0.03369	0
V237	0.03277	0.05274	0.3982	0.16241	0.23213	0.03669	0.03343	0.02207	0.02955	0
V238	0.01423	0.05219	0.32367	0.03597	0.07097	0.01911	0.05113	0.39555	0.02524	0.01193
V239	0.01626	0.13978	0.13186	0.40345	0.06017	0.03011	0.06275	0	0.02444	0.13117
V240	0.06516	0.00554	0.05789	0.02021	0.06727	0.23086	0.49231	0	0.02765	0.03309
V241	0.17647	0.01389	0.15917	0.48524	0.05683	0.03856	0.03449	0.0182	0.01512	0.00203
V242	0.01566	0.02261	0.09602	0.05172	0.08124	0.01718	0.03661	0	0.67296	0.006
V243	0.01137	0.01365	0.08448	0.11752	0.06091	0.07334	0.07948	0	0.43066	0.12857
V244	0.0348	0.00925	0.33656	0.04887	0.06155	0.0059	0.44043	0.02711	0.03499	0.00055
V245	0.1529	0.12993	0.17474	0.02298	0.05043	0.40658	0.03214	0.01574	0.01456	1e-05
V246	0.00478	0.19457	0.05404	0.02016	0.06873	0.00719	0.59676	0	0.05127	0.00252
V247	0.02931	0.03378	0.7337	0.07442	0.05563	0.00129	0.02833	0	0.02501	0.01853
V248	0.48617	0.05396	0.0543	0.01161	0.05516	0.01978	0.17355	0.12543	0.02004	0
V249	0.0319	0.02056	0.58807	0.0586	0.09458	0.00167	0.0289	0	0.03182	0.14389
V250	0.00683	0.05201	0.09495	0.25739	0.06362	0.26015	0.05062	0.17627	0.01975	0.01842
V251	0.5605	0.14929	0.04294	0.02922	0.08501	0.00368	0.03187	0.04111	0.04891	0.00747
V252	0.05934	0.48738	0.03947	0.04368	0.04291	0.22133	0.0281	0.04136	0.01828	0.01816
V253	0.01093	0.01777	0.3291	0.04265	0.06964	0.07979	0.03926	0	0.40529	0.00557
V254	0.00099	0.11302	0.06783	0.05759	0.57656	0.01558	0.04136	0	0.03661	0.09046
V255	0.00275	0.12602	0.0584	0.01775	0.68819	0.00865	0.05274	0.0048	0.04069	0
V256	0	0.02692	0.19511	0.62028	0.05202	0.05018	0.03438	0.00188	0.01662	0.0026
V257	0.37124	0.00454	0.34936	0.059	0.04555	0.11734	0.04119	0	0.01178	0
V258	0.00129	0.09698	0.0475	0.02072	0.54835	0.00668	0.05605	0	0.03662	0.18581
V259	0.07125	0.02226	0.05439	0.10026	0.16004	0.02367	0.08055	0.45439	0.02839	0.0048
V260	0.00648	0.20865	0.03918	0.01171	0.05739	0.02915	0.05204	0.56031	0.0351	0
V261	0.20127	0.01988	0.04594	0.01572	0.06214	0.23846	0.33279	0	0.06341	0.02038
V262	0	0.415	0.1082	0.02073	0.04988	0.3038	0.02073	0.00896	0.01856	0.05413
V263	0.41605	0.36053	0.02898	0.00625	0.04446	0.00812	0.06516	0	0.01432	0.05613
V264	0.008	0.04473	0.15525	0.46278	0.21814	0.02644	0.05779	0.00067	0.02298	0.00322
V265	0.01748	0.26286	0.0881	0.23097	0.03824	0.02798	0.15742	0	0.02593	0.15102
V266	0.01503	0.65398	0.12919	0.0149	0.04634	0.00571	0.02657	0.0124	0.08139	0.01449
V267	0.00222	0.15019	0.02518	0.01741	0	0.01358	0.0256	0	0.02105	0.74477
V268	0	0.32945	0.07943	0.12291	0.31702	0.0079	0.04679	0.00994	0.06016	0.02641
V269	0.02615	0.01957	0.33229	0.48494	0.05838	0.01018	0.03377	0.00571	0.02901	0
V270	0.02691	0.12248	0.05673	0.01707	0.67291	0.00821	0.04431	0.00456	0.03992	0.0069
V271	0.03166	0.03305	0.20749	0.0251	0.0981	0.01452	0.06587	0	0.51832	0.00589
V272	0.0116	0.16904	0.08773	0.01954	0.05745	0.15333	0.05422	0.14232	0.19269	0.11208
V273	0	0.016	0.09185	0.18145	0.10209	0.55991	0.03032	0.00222	0.01617	0
V274	0.06317	0.00486	0.06707	0.02395	0.01672	0.12556	0.02873	0.02948	0.0364	0.60407
V275	0	0.16436	0.04283	0.01098	0.3871	0.05847	0.03503	0.00328	0.03075	0.2672
V276	0.00843	0.10308	0.11723	0.31966	0.07574	0.00933	0.15623	0.01144	0.09881	0.10005
V277	0.02179	0.20849	0.41887	0.23717	0.05492	0.00595	0.02702	0.00193	0.01995	0.0039
V278	0.09742	0.01303	0.04602	0.00668	0	0.00216	0.03423	0	0.02002	0.78044
V279	0.0096	0.16395	0.10058	0.2384	0.18991	0.01661	0.25508	0	0.02586	0
V280	0.09016	0.02811	0.06556	0.06937	0.14672	0.21332	0.28814	0.06227	0.02954	0.00681
V281	0	0.03552	0.05238	0.02031	0.06052	0.61694	0.0406	0.00698	0.02097	0.14578
V282	0	0.02744	0.19602	0.6172	0.05269	0.01347	0.03545	0.02028	0.03452	0.00293
V283	0.07353	0.06671	0.08746	0.07252	0.37324	0.05011	0.03916	0.01823	0.21904	0
V284	0.0084	0	0.16055	0.01751	0.0032	0.00249	0.03468	0.00192	0.02214	0.74912
V285	0.01055	0.11038	0.02294	0.00558	0.01633	0.01086	0.08901	0.20628	0.04256	0.48551
V286	0.01579	0	0.07352	0.04429	0.03211	0.34696	0.03304	0	0.01698	0.43732
V287	0.02072	0.00294	0.03243	0.01223	0.0315	0.01653	0.39778	0	0.02855	0.45732
V288	0.01399	0.02951	0.05828	0.01506	0.0604	0.27223	0.05655	0.46466	0.02933	0
V289	0.02046	0.17582	0.56235	0.0553	0.08407	0.00206	0.0256	0	0.02083	0.05351
V290	0.00558	0.02364	0.17016	0.03609	0.06401	0.18286	0.48026	0.0041	0.02259	0.01072
V291	0.68775	0.0014	0.09683	0.06384	0.04971	0.04989	0.03939	0	0.00812	0.00307
V292	0.02348	0.01113	0.47581	0.05092	0.06158	0.33195	0.02673	0	0.01674	0.00165
V293	0.04674	0.01574	0.69794	0.06896	0.05754	0.00233	0.02931	0.023	0.01868	0.03977
V294	0.04062	0.22709	0.18668	0.04239	0.06804	0.0058	0.09723	0.00107	0.32347	0.00762
V295	0.03001	0.06466	0.58329	0.06119	0.04496	0.02315	0.0332	0.0421	0.01839	0.09905
V296	0.00198	0.06245	0.13937	0.14416	0.2302	0.01929	0.06242	0.08054	0.25959	0
V297	0.17727	0.04021	0.02434	0.00546	0.03164	0.00212	0.07659	0.00157	0.0176	0.62321
V298	0	0.02696	0.21456	0.60253	0.05242	0.02	0.04828	0.0075	0.02775	0
V299	0.31432	0.012	0.03704	0.01754	0.1189	0.42854	0.02971	0	0.01435	0.02759
V300	0.00115	0.02956	0.09271	0.21449	0.18092	0.02966	0.07	0.34913	0.02774	0.00463
V301	0.0109	0.00483	0.04878	0.02336	0.06933	0.0472	0.06741	0.69815	0.03004	0
V302	0.25055	0.00819	0.11824	0.0178	0.04776	0.02762	0.04798	0.46024	0.02161	0
V303	0.00065	0.50117	0.1311	0.01655	0.04593	0.2394	0.01929	0	0.02479	0.02111
V304	0.14272	0.00112	0.03017	0.01154	0.05571	0.03691	0.07096	0.60702	0.04385	0
V305	0.03178	0.05557	0.35261	0.04441	0.27068	0.06427	0.03284	0.00177	0.03122	0.11485
V306	0	0.01741	0.1073	0.28171	0.05676	0.40525	0.04593	0.0408	0.04484	0
V307	0.00255	0.24259	0.06178	0.01654	0.57925	0.00789	0.03981	0	0.03833	0.01125
V308	0.00132	0.74813	0.05514	0.02568	0.04189	0.02763	0.03105	0.01279	0.02971	0.02665
V309	0.00181	0.27029	0.0544	0.02167	0.52415	0.00765	0.0379	0	0.06967	0.01246
V310	0.24674	0.09935	0.04608	0.01739	0.34526	0.03575	0.03801	0.05698	0.03154	0.08289
V311	0.81647	0	0.05317	0.01405	0.03799	0.00231	0.03843	0.03052	0.00706	0
V312	0.01326	0.00278	0.09138	0.01065	0.0045	0.01778	0.04249	0.10287	0.03865	0.67563
V313	0	0.00194	0.03562	0.01367	0.05674	0.48131	0.04761	0.27069	0.02064	0.07179
V314	0.11357	0.34433	0.18749	0.05924	0.19648	0.02599	0.03394	0	0.02307	0.01588
V315	0.02631	0.01918	0.41527	0.04865	0.06035	0.00402	0.39564	0	0.02844	0.00214
V316	0.00637	0.00462	0.04445	0.01621	0.06379	0.70588	0.03388	0.08832	0.01578	0.02069
V317	0.00306	0.00877	0.07055	0.05069	0.0266	0.00926	0.1644	0	0.02161	0.64506
V318	0.00886	0.47915	0.27805	0.02937	0.05561	0.01053	0.09407	0	0.02169	0.02267
V319	0.01319	0.00328	0.04415	0.01742	0.06054	0.02598	0.55263	0	0.02575	0.25706
V320	0.03435	0.018	0.48953	0.31311	0.05916	0.00647	0.05839	0.0031	0.01789	0
V321	0.03121	0.02042	0.05674	0.0143	0.06944	0.45573	0.03162	0	0.31965	0.00088
V322	0.00307	0	0.11794	0.06934	0.00842	0.07643	0.06723	0	0.02381	0.63374
V323	0	0.01298	0.16516	0.50168	0.05051	0.12431	0.03274	0.01967	0.01655	0.07641
V324	0.28461	0.00675	0.05531	0.01211	0.06771	0.27439	0.03944	0.0231	0.23659	0
V325	0.01716	0.00938	0.06479	0.04344	0.07405	0.009	0.72522	0.01705	0.03991	0
V326	0.03352	0.01926	0.63649	0.19771	0.05585	0.00391	0.03056	0	0.0193	0.0034
V327	0	0.04007	0.04531	0.01654	0.11368	0.70207	0.03816	0.02762	0.01656	0
V328	0.07475	0.11739	0.16141	0.02136	0.05086	0.0219	0.04602	0.46993	0.02551	0.01087
V329	0.00195	0.75151	0.03972	0.0136	0.04426	0.00643	0.09457	0.0066	0.02598	0.01538
V330	0.01566	0.00511	0.0586	0.11057	0.06045	0.08779	0.05563	0.54951	0.05668	0
V331	0.00294	0.00075	0.01971	0.00478	0.02248	0.01032	0.03652	0.18082	0.10959	0.61209
V332	0.03462	0.10509	0.07085	0.10137	0.53702	0.0425	0.04147	0.03374	0.03334	0
V333	0.05137	0.09829	0.18455	0.03199	0.45858	0.0388	0.05342	0.03113	0.03096	0.02091
V334	0.00156	0.02526	0.09148	0.12971	0.06888	0.00844	0.221	0	0.41063	0.04305
V335	0.06009	0.15849	0.1655	0.065	0.01648	0.01507	0.04259	0	0.03862	0.43816
V336	8e-05	0.01969	0.09302	0.11713	0.07967	0.10588	0.0351	0.00377	0.52871	0.01695
V337	0	0.01104	0.15658	0.46252	0.0436	0.01035	0.15768	0.00646	0.02446	0.12731
V338	0.31216	0.00443	0.14513	0.01883	0.05028	0.0033	0.12117	0.00675	0.21385	0.1241
V339	0.12165	0.04144	0.08329	0.09753	0.16295	0.04021	0.03621	0	0.40292	0.0138
V340	0.00705	0.01297	0.03821	0.02163	0.06588	0.14496	0.06094	0.62052	0.02784	0
V341	0.16827	0.13052	0.04609	0.01968	0.43975	0.0074	0.1073	0.04505	0.03594	0
V342	0.00205	0.05195	0.03362	0.01554	0.32037	0.00514	0.03677	0	0.03149	0.50306
V343	0.06086	0.01522	0.12897	0.0318	0.09063	0.01303	0.19409	0	0.31221	0.15317
V344	0.7732	0.00769	0.09167	0.01805	0.04011	0.00117	0.03681	0	0.03129	0
V345	0.01282	0.75428	0.05381	0.00814	0.05508	0.0069	0.01959	0.01896	0.0543	0.01612
V346	0.05387	0.02238	0.0735	0.02828	0.04912	0.02999	0.04172	0.36674	0.02971	0.30468
V347	0.02425	0	0.01735	0.00406	0	0.10489	0.02856	0	0.01979	0.8011
V348	0	0.09002	0.04797	0.0155	0.52403	0.22314	0.04733	0.01977	0.03223	0
V349	0.00213	0.65489	0.04698	0.01014	0.04655	0.00601	0.18867	0	0.03144	0.01318
V350	0.02536	0.01176	0.12198	0.1523	0.06597	0.01593	0.43574	0.00409	0.16688	0
V351	0.01608	0.00907	0.17158	0.05332	0.07445	0.09765	0.46381	0	0.04073	0.07331
V352	0.01737	0.02007	0.04324	0.02682	0.11056	0.25284	0.03053	0	0.1157	0.38288
V353	0	0.00123	0.04025	0.01313	0.05717	0.4376	0.07256	0.22751	0.02628	0.12428
V354	0	0.04636	0.06955	0.02034	0.0761	0.19767	0.04969	0	0.53556	0.00473
V355	0.75274	0	0.04529	0.00878	0.03414	0.00109	0.03589	0	0.01392	0.10815
V356	0.00424	0.01298	0.0694	0.04917	0.07556	0.02905	0.07142	0.33456	0.35362	0
V357	0.01567	0.01929	0.04772	0.02289	0.14093	0.69749	0.03088	0.00821	0.01693	0
V358	0.03112	0.01154	0.62027	0.06709	0.0532	0.0923	0.02893	0.05713	0.02321	0.0152
V359	0.28322	0.00564	0.06095	0.03617	0.05786	0.21764	0.03235	0.00962	0.24805	0.0485
V360	0.00209	0.15216	0.08696	0.02464	0.57452	0.01517	0.05548	0.00368	0.04897	0.03633
V361	0	0.00798	0.05222	0.02009	0.06997	0.78884	0.04107	0.00307	0.01675	0
V362	0.01453	0.03909	0.04574	0.01252	0.26117	0.02144	0.05078	0.42144	0.03223	0.10106
V363	0.29703	0.06795	0.04027	0.01501	0.03871	0.26712	0.02988	0.08822	0.01532	0.14049
V364	0.01167	0.73444	0.03469	0.01188	0.04166	0.00904	0.02145	0.08428	0.02503	0.02585
V365	0.00266	0.00387	0.04598	0.01573	0.07005	0.04653	0.46306	0.00343	0.02507	0.32362
V366	0.08108	0.01934	0.57364	0.0563	0.04713	0.00813	0.02789	0	0.07744	0.10903
V367	0.45223	0.00171	0.04769	0.08404	0.02792	0.1189	0.03251	0.06847	0.01316	0.15336
V368	0.11069	0.00697	0.01838	0.00898	0.03696	0.05932	0.03396	0.00246	0.01828	0.704
V369	0.23718	0.08901	0.05186	0.01689	0.05711	0.19511	0.03093	0	0.30766	0.01425
V370	0.02283	0.24024	0.0445	0.02136	0.09745	0.00658	0.45621	0.02143	0.02576	0.06365
V371	0	0.01686	0.18358	0.5811	0.04817	0.01218	0.03444	0.00733	0.05188	0.06446
V372	0.43787	0.07504	0.05531	0.01374	0.35152	0.00435	0.03898	0	0.0232	0
V373	0.42398	0	0.02395	0.00993	0.00658	0.00752	0.05664	0.03029	0.013	0.42812
V374	0.01364	0.24865	0.44392	0.04332	0.05507	0.07195	0.0254	0.06597	0.02522	0.00687
V375	0	0.28704	0.12663	0.28786	0.03178	0.02094	0.02581	0.00371	0.01968	0.19655
V376	0.05206	0.77787	0.04429	0.00743	0.0407	0.00578	0.01824	0	0.02548	0.02814
V377	0.0492	0.08882	0.04912	0.01216	0.02507	0.01335	0.03152	0.10876	0.10901	0.51299
V378	0.30779	0.23166	0.10746	0.07647	0.08599	0.02298	0.04583	0.0067	0.02207	0.09305
V379	0	0.30748	0.03548	0.00928	0.04422	0.39652	0.02183	0.00406	0.01766	0.16347
V380	0.2783	0.01246	0.04785	0.057	0.03642	0.03615	0.31991	0	0.02343	0.18848
V381	0.12379	0.00591	0.05229	0.02717	0.07309	0.61751	0.06261	0.01292	0.02471	0
V382	0.06913	0.00766	0.13243	0.01637	0.04415	0.01188	0.03263	0	0.37721	0.30852
V383	0.11041	0.0119	0.05755	0.04593	0.05804	0.6597	0.04179	0.00155	0.01311	0
V384	0.00954	0	0.01807	0.00612	0.00836	0.06221	0.1515	0.08997	0.02097	0.63325
V385	0.0099	0.02702	0.13909	0.34285	0.10004	0.02029	0.2496	0.08345	0.02272	0.00504
V386	0.32887	0.00649	0.35026	0.09491	0.0509	0.00651	0.03508	0.11173	0.01526	0
V387	0.00569	0.03343	0.06588	0.02363	0.06712	0.0461	0.69002	0	0.04475	0.02338
V388	0.13966	0.00447	0.18706	0.13779	0.05287	0.03183	0.0567	0.33673	0.0221	0.03079
V389	0.01912	0	0.28834	0.03417	0.01395	0.04948	0.02772	0	0.01934	0.54788
V390	0.09055	0.01546	0.05416	0.01945	0.06723	0.00574	0.59264	0	0.1071	0.04768
V391	0.02708	0.01832	0.05943	0.02932	0.0833	0.01584	0.71277	0.01677	0.02766	0.0095
V392	0.06857	0.00907	0.11628	0.01908	0.04735	0.54967	0.03323	0.00021	0.02572	0.13083
V393	3e-04	0	0.01831	0.00717	0.02371	0.17395	0.03899	0.29569	0.02751	0.41436
V394	0.00828	0.01546	0.16634	0.50329	0.05403	0.01175	0.22051	0.00104	0.01929	0
V395	0.00841	0.0866	0.2642	0.0336	0.47688	0.02162	0.06056	0	0.03859	0.00954
V396	0.01494	0.12006	0.07933	0.04098	0.65353	0.00833	0.04361	0	0.03922	0
V397	0.00457	0.00283	0.046	0.03847	0.05312	0.67207	0.02884	0.00211	0.02084	0.13116
V398	0.01436	0.02283	0.4755	0.23711	0.08491	0.00566	0.03812	0	0.12051	0.001
V399	0.00262	0.0228	0.03956	0.00729	0.11634	0.00474	0.03955	0.01391	0.1869	0.5663
V400	0.00525	0.01478	0.05284	0.05804	0.06905	0.0217	0.39665	0.35307	0.02862	0
V401	0.01871	0.03376	0.18876	0.02297	0.04417	0.05578	0.05036	0.41673	0.0301	0.13867
V402	0.02414	0.02039	0.64022	0.06332	0.05418	0.0131	0.04511	0.11604	0.01944	0.00405
V403	0.00619	0.02221	0.20072	0.0747	0.09578	0.01532	0.11449	0.00224	0.45067	0.01768
V404	0.00664	0.04496	0.34872	0.41814	0.11228	0.00902	0.04008	0	0.02015	0
V405	0.76408	0	0.04617	0.00967	0.03547	0.00636	0.13067	0	0.00758	0
V406	0.0113	0.01953	0.44148	0.40155	0.05454	0.00827	0.03948	0	0.02385	0
V407	0.40287	0.11013	0.12533	0.08053	0.09432	0.00981	0.08213	0	0.07501	0.01988
V408	0.00031	0.50599	0.03262	0.00776	0.03785	0.01192	0.18802	0.00085	0.05649	0.15818
V409	0.00317	0	0.06709	0.01381	9e-05	0.05942	0.08178	0	0.02048	0.75416
V410	0.00321	0.01976	0.03822	0.01498	0.00653	0.01005	0.03029	0.0285	0.12664	0.72183
V411	0	0.05338	0.16142	0.51457	0.0444	0.05426	0.06528	0.00687	0.02241	0.07741
V412	0.22374	0.00538	0.05369	0.03782	0.05812	0.3164	0.06047	0.03109	0.2133	0
V413	0.01626	0.02472	0.09822	0.02463	0.11563	0.00619	0.61463	0	0.03944	0.06029
V414	0.12918	0.02436	0.06633	0.03003	0.13057	0.01359	0.35549	0.22362	0.02682	0
V415	0.0212	0.02173	0.04271	0.01425	0.06449	0.03626	0.0641	0.68371	0.02954	0.02201
V416	0	0.21967	0.17402	0.49251	0.0481	0.01132	0.02988	0.00593	0.01858	0
V417	0.00547	0	0.04379	0.02038	0.00407	0.00331	0.03711	0	0.02504	0.86083
V418	0.01925	0.00899	0.03234	0.01924	0.02917	0.0205	0.02983	0.00749	0.08596	0.74723
V419	0.00858	0.62391	0.22905	0.02465	0.0446	0.0048	0.02583	0	0.02385	0.01474
V420	0.65482	0.02259	0.10998	0.0141	0.05747	0.00658	0.03316	0.00028	0.015	0.08602
V421	0.04849	0.20004	0.15179	0.02536	0.05521	0.00505	0.4619	0.00172	0.02382	0.02663
V422	0.00231	0.03923	0.05677	0.02338	0.18183	0.0067	0.38664	0	0.20873	0.0944
V423	0.01382	0.02001	0.30229	0.54566	0.05357	0.01146	0.03475	0.00063	0.0178	0
V424	0.00121	0.76876	0.03932	0.01274	0.04369	0.04291	0.03797	0.00679	0.03069	0.01591
V425	0.61201	0.09867	0.04063	0.00764	0.03757	0.00363	0.03872	0.05279	0.10835	0
V426	0	0.11252	0.06257	0.05165	0.57305	0.07757	0.04064	0	0.07506	0.00694
V427	0	0.23288	0.0429	0.01988	0.05741	0.59044	0.03178	0.00026	0.0225	0.00194
V428	0.14467	0.24821	0.04226	0.01771	0.05543	0.007	0.31227	0.07645	0.0221	0.07391
V429	0.82029	0.00186	0.07053	0.01151	0.04202	0.00168	0.03919	0	0.01292	0
V430	0.0525	0.0168	0.17938	0.47881	0.05491	0.01083	0.06971	4e-05	0.13703	0
V431	0	0.04397	0.12093	0.35006	0.08905	0.0193	0.0501	0.24248	0.08411	0
V432	0.80703	0	0.05233	0.00972	0.04189	0.00076	0.08102	0	0.00725	0
V433	0.00297	0.08107	0.07185	0.02014	0.06733	0.00708	0.18712	0.00211	0.47024	0.0901
V434	0.75846	0.00898	0.12713	0.01679	0.04113	0.0013	0.03731	0	0.00889	0
V435	0.27878	0.01812	0.14434	0.03021	0.05405	0.01149	0.03343	0	0.35174	0.07784
V436	0.41357	0	0.05065	0.04759	0.04737	0.15751	0.24524	0.00318	0.02964	0.00526
V437	0.00443	0	0.03517	0.01001	0.00223	0.02484	0.03161	0.00303	0.02394	0.86474
V438	0	0.02833	0.20178	0.63944	0.05306	0.01353	0.03564	0.00806	0.0174	0.00278
V439	0.03949	0.00547	0.1412	0.34023	0.03962	0.0332	0.04886	0.12526	0.01968	0.20699
V440	0.00421	0.05281	0.02196	0.00866	0	0.003	0.03507	0	0.0239	0.8504
V441	0.36135	0.03062	0.11115	0.28413	0.13558	0.02025	0.04128	0	0.01563	0
V442	0.42091	0	0.07253	0.02008	0.04916	0.3978	0.02897	0	0.01055	0
V443	0.01545	0.00421	0.0509	0.02101	0.05506	0.00659	0.66209	0	0.02741	0.15728
V444	0.47703	0	0.18265	0.04154	0.03105	0.00693	0.11296	0	0.01296	0.13489
V445	0	0.38017	0.10797	0.28879	0.04512	0.00859	0.03896	0	0.09029	0.0401
V446	0.01135	0.65252	0.04477	0.00908	0.08799	0.00556	0.13906	0	0.0258	0.02388
V447	0.03109	0.044	0.04733	0.01426	0.2877	0.32751	0.04737	0.16903	0.03171	0
V448	0.00292	0.68597	0.07442	0.01146	0.04534	0.00558	0.12952	0	0.03064	0.01414
V449	0.00108	0.12362	0.05856	0.03753	0.63201	0.01745	0.05136	0.03437	0.03786	0.00615
V450	0.36569	0	0.05181	0.01918	0.04695	0.47716	0.02864	0	0.01058	0
V451	0.10324	0.00338	0.04681	0.02431	0.06104	0.05831	0.50211	0.17596	0.02483	0
V452	0.17709	0.00342	0.04942	0.10079	0.06371	0.01689	0.0501	0.34973	0.04469	0.14415
V453	0.54441	0.04887	0.0721	0.13578	0.06547	0.00901	0.05536	0	0.01239	0.05662
V454	0	0.04901	0.0802	0.13734	0.28859	0.04858	0.35402	0	0.03565	0.00661
V455	0.2227	0.06908	0.0416	0.0121	0.41557	0.01205	0.0389	0	0.02837	0.15963
V456	0.75598	0.01316	0.11301	0.01428	0.03838	0.00645	0.04659	0.00028	0.00763	0.00425
V457	0	0.14284	0.18349	0.55455	0.04974	0.0193	0.03151	0.00079	0.01779	0
V458	0	0.02487	0.18257	0.57644	0.05169	0.11081	0.0332	0.00194	0.0159	0.00259
V459	0.01391	0.08418	0.05549	0.01866	0.22872	0.00693	0.46201	0	0.11891	0.0112
V460	0.00355	0	0.02809	0.02065	0.0394	0.02904	0.08894	0.44644	0.08338	0.26051
V461	0.01616	0.04967	0.06388	0.02268	0.06649	0.03114	0.67763	0.02326	0.03839	0.01071
V462	0.02322	0.01376	0.15569	0.02391	0.0616	0.03075	0.05781	0.60542	0.02784	0
V463	0.00667	0	0.11458	0.01771	0.00101	0.00264	0.05543	0.00221	0.02195	0.77779
V464	0.00408	0.76743	0.08622	0.02377	0.04399	0.00635	0.01865	0	0.03229	0.01723
V465	0.01777	0.38606	0.08732	0.2062	0.05379	0.1176	0.04509	0.00376	0.07832	0.0041
V466	0.09449	0.03713	0.02652	0.00752	0.21153	0.00385	0.03411	0.00258	0.03086	0.5514
V467	0.01853	0.04054	0.05134	0.05517	0.06187	0.05797	0.0593	0.62778	0.02748	0
V468	0.00645	0.00653	0.05023	0.0174	0.06742	0.68419	0.08992	0.01457	0.06329	0
V469	0.07643	0.05834	0.04866	0.11371	0.07396	0.01383	0.03284	0.08956	0.0262	0.46646
V470	0	0.09117	0.12196	0.06491	0.05931	0.61358	0.02696	0.00704	0.01508	0
V471	0.01436	0.01466	0.3906	0.03857	0.06038	0.01165	0.03102	0.08031	0.037	0.32146
V472	0	0.08159	0.07724	0.13913	0.46538	0.08756	0.04876	0.05762	0.03829	0.00443
V473	0.02021	0.00747	0.56353	0.05446	0.03829	0.04076	0.02695	0	0.02384	0.22449
V474	0.00421	0	0.02346	0.00469	0	0.03019	0.03693	0	0.0242	0.87632
V475	0.00477	0.23597	0.11875	0.02922	0.14984	0.00617	0.42523	0	0.02743	0.00262
V476	0.15602	0.06423	0.28042	0.03385	0.36205	0.00401	0.05045	0	0.02722	0.02175
V477	0.01921	0.25394	0.0335	0.01675	0.05252	0.32106	0.05386	0.22699	0.02106	0.0011
V478	0.03397	0.05763	0.64195	0.07569	0.06774	0.00169	0.02776	0	0.05246	0.0411
V479	0	0.06166	0.23339	0.52454	0.05875	0.01144	0.03332	0.00642	0.07046	0
V480	0.18742	0.14683	0.06256	0.07002	0.25771	0.00619	0.03523	0.00259	0.1683	0.06315
V481	0.03652	0.01654	0.07183	0.08032	0.06552	0.00788	0.64647	0.00398	0.06126	0.00967
V482	0.01259	0.01129	0.0521	0.01471	0.05984	0.27956	0.12828	0.37947	0.04125	0.02092
V483	0.00458	0.34778	0.03818	0.01607	0.05149	0.02345	0.04316	0.44454	0.02738	0.00337
V484	0.00918	0.01277	0.06829	0.09241	0.09387	0.27607	0.25126	0.07981	0.11634	0
V485	0.01398	0.25495	0.05177	0.01681	0.0611	0.00652	0.48046	0	0.10996	0.00444
V486	0.0089	0.0151	0.05323	0.01937	0.06737	0.49043	0.29603	0.00061	0.04895	0
V487	0.42175	0.03788	0.20252	0.0367	0.23038	0.00954	0.03563	0	0.01903	0.00658
V488	0.01536	0.01065	0.4056	0.05633	0.02702	0.00805	0.02776	0	0.05503	0.39419
V489	0.10777	0.0456	0.04509	0.04376	0.05389	0.02726	0.06062	0.56496	0.04386	0.00719
V490	0	0.49624	0.04229	0.01964	0.0724	0.07016	0.03121	0.04251	0.17768	0.04786
V491	0.01105	0	0.01487	0.00392	0.00108	0.00781	0.06068	0.13433	0.03085	0.73542
V492	0.01175	0.07563	0.05731	0.02388	0.05855	0.08838	0.11619	0	0.40859	0.15973
V493	0.14237	0.14149	0.35007	0.11246	0.15893	0.01867	0.03027	0.00732	0.03751	0.00091
V494	0.00981	0.02518	0.25113	0.04191	0.06153	0.03924	0.07729	0.30638	0.13546	0.05207
V495	0	0.10804	0.06014	0.05466	0.41739	0.18264	0.04494	0.04103	0.03002	0.06114
V496	0.01848	0.13767	0.49939	0.0491	0.05174	0.00909	0.03843	0.17076	0.02095	0.0044
V497	0.00418	0.00352	0.02425	0.01018	0.06726	0.00362	0.03277	0.00313	0.02572	0.82537
V498	0	0.0178	0.19631	0.54946	0.06231	0.01544	0.03787	0.09915	0.01873	0.00294
V499	0.18437	0	0.0203	0.00457	0.00394	0.00218	0.03516	0.00187	0.01834	0.72927
V500	0.36837	0.00884	0.13223	0.01932	0.0564	0.14514	0.16833	0	0.02526	0.07611
V501	0.00833	0.00308	0.1836	0.02623	0.02339	0.01246	0.03763	0.26124	0.03348	0.41055
V502	0	0.01408	0.16224	0.51186	0.05173	0.02414	0.05986	0.13692	0.03609	0.00308
V503	0.02827	0.00451	0.0451	0.01192	0.05986	0.03419	0.08348	0.51362	0.16813	0.05092
V504	0.08999	0	0.03503	0.01916	0.04982	0.08475	0.29241	0.30038	0.03091	0.09754
V505	0.05118	0.02606	0.28791	0.0334	0.12703	0.18009	0.11976	0.10436	0.02218	0.04804
