CD19B	CD56NK	CD4MemoryT	CD14
V1	0.40948	0.10278	0.19623	0.29151
V2	0.14877	0.17035	0.11893	0.56195
V3	0.08507	0.52784	0.07292	0.31417
V4	0.62561	0.17732	0.08413	0.11295
V5	0.12847	0.43506	0.22008	0.21639
V6	0.09925	0.70651	0.07295	0.12129
V7	0.14659	0.35296	0.12618	0.37427
V8	0.16392	0.12044	0.58398	0.13166
V9	0.20056	0.27004	0.10474	0.42466
V10	0.08769	0.12864	0.63681	0.14687
V11	0.19865	0.35968	0.3361	0.10558
V12	0.07728	0.51527	0.29256	0.11489
V13	0.22433	0.59066	0.06664	0.11838
V14	0.09389	0.73592	0.06295	0.10724
V15	0.13148	0.51286	0.14072	0.21493
V16	0.65428	0.11953	0.10419	0.12201
V17	0.10689	0.70494	0.06715	0.12103
V18	0.4183	0.34867	0.10436	0.12867
V19	0.15582	0.66805	0.06454	0.11159
V20	0.15671	0.41905	0.08431	0.33993
V21	0.1627	0.1498	0.5568	0.1307
V22	0.07299	0.17797	0.20583	0.54321
V23	0.31853	0.13368	0.44097	0.10682
V24	0.68771	0.1068	0.111	0.09449
V25	0.2667	0.27422	0.15692	0.30216
V26	0.29439	0.37523	0.08619	0.24418
V27	0.11894	0.145	0.10307	0.63298
V28	0.07936	0.13694	0.6789	0.1048
V29	0.35259	0.12124	0.39775	0.12842
V30	0.12368	0.26281	0.24099	0.37252
V31	0.18841	0.24758	0.25283	0.31118
V32	0.10512	0.12811	0.11088	0.6559
V33	0.08856	0.45174	0.28269	0.17701
V34	0.16263	0.13546	0.57043	0.13149
V35	0.15871	0.59986	0.115	0.12643
V36	0.07074	0.13947	0.36851	0.42127
V37	0.39628	0.15415	0.14489	0.30469
V38	0.32816	0.09956	0.19677	0.37551
V39	0.16062	0.49146	0.14681	0.20111
V40	0.11608	0.67502	0.10822	0.10068
V41	0.05515	0.56431	0.09286	0.28768
V42	0.20197	0.12812	0.21367	0.45623
V43	0.15284	0.34717	0.3711	0.12889
V44	0.08241	0.16922	0.52236	0.22601
V45	0.12026	0.5112	0.1991	0.16943
V46	0.58497	0.14793	0.16749	0.09961
V47	0.34587	0.24239	0.27243	0.13931
V48	0.58073	0.2213	0.08584	0.11214
V49	0.52377	0.23647	0.07826	0.1615
V50	0.09532	0.6826	0.11409	0.10798
V51	0.25665	0.38724	0.22977	0.12634
V52	0.09311	0.18903	0.58504	0.13283
V53	0.53777	0.18777	0.18034	0.09412
V54	0.33125	0.2454	0.3053	0.11805
V55	0.19393	0.20221	0.22565	0.37821
V56	0.08823	0.12233	0.14089	0.64854
V57	0.11372	0.69919	0.07324	0.11385
V58	0.46362	0.09581	0.11891	0.32166
V59	0.32675	0.39378	0.14136	0.13811
V60	0.14942	0.22054	0.27188	0.35815
V61	0.57411	0.17198	0.09209	0.16182
V62	0.63856	0.11644	0.13749	0.10751
V63	0.06354	0.67816	0.13583	0.12247
V64	0.05329	0.68804	0.05732	0.20135
V65	0.07059	0.11794	0.14808	0.6634
V66	0.18852	0.58047	0.07632	0.15469
V67	0.16793	0.33952	0.37965	0.11291
V68	0.15335	0.20808	0.10149	0.53708
V69	0.08558	0.32993	0.44127	0.14321
V70	0.39989	0.21261	0.19637	0.19113
V71	0.17174	0.16283	0.30685	0.35858
V72	0.41807	0.21651	0.14195	0.22346
V73	0.15463	0.52586	0.1516	0.1679
V74	0.10972	0.26963	0.51876	0.10188
V75	0.52188	0.09318	0.21269	0.17225
V76	0.05843	0.23342	0.19032	0.51782
V77	0.07756	0.30576	0.08609	0.5306
V78	0.24862	0.19107	0.19796	0.36236
V79	0.07613	0.18292	0.56762	0.17333
V80	0.29646	0.11749	0.41629	0.16975
V81	0.11261	0.22592	0.55279	0.10868
V82	0.07741	0.15651	0.65443	0.11165
V83	0.14156	0.23285	0.12931	0.49628
V84	0.30513	0.13519	0.18963	0.37005
V85	0.13346	0.33185	0.31169	0.22299
V86	0.10909	0.14641	0.60544	0.13906
V87	0.07303	0.67247	0.09704	0.15746
V88	0.16947	0.15461	0.24428	0.43164
V89	0.07572	0.12411	0.20918	0.59099
V90	0.06809	0.71907	0.09643	0.11641
V91	0.07751	0.61672	0.17643	0.12935
V92	0.35834	0.11969	0.32192	0.20006
V93	0.63794	0.09824	0.08992	0.17391
V94	0.06297	0.41297	0.0862	0.43786
V95	0.21665	0.40529	0.17003	0.20803
V96	0.10327	0.17938	0.10544	0.61192
V97	0.50763	0.17607	0.21578	0.10052
V98	0.50318	0.31344	0.07817	0.1052
V99	0.58748	0.12602	0.18521	0.10129
V100	0.12859	0.13324	0.6129	0.12527
V101	0.07104	0.13078	0.0993	0.69888
V102	0.6727	0.12478	0.09491	0.1076
V103	0.06892	0.14299	0.14508	0.64301
V104	0.06774	0.76246	0.06178	0.10802
V105	0.08549	0.73878	0.06784	0.10788
V106	0.13804	0.46304	0.26436	0.13456
V107	0.18955	0.25369	0.41405	0.1427
V108	0.15259	0.62563	0.12164	0.10013
V109	0.0782	0.22974	0.42668	0.26538
V110	0.08675	0.70659	0.08504	0.12162
V111	0.67036	0.08796	0.14002	0.10166
V112	0.15295	0.15831	0.33643	0.35231
V113	0.17778	0.18623	0.19328	0.44271
V114	0.21112	0.14053	0.13923	0.50912
V115	0.05888	0.63115	0.2012	0.10877
V116	0.15552	0.32929	0.29329	0.2219
V117	0.48864	0.28185	0.10041	0.1291
V118	0.15787	0.5015	0.08749	0.25314
V119	0.13097	0.16495	0.12008	0.584
V120	0.12767	0.16152	0.59354	0.11727
V121	0.43145	0.19653	0.14232	0.22969
V122	0.69763	0.09382	0.10078	0.10777
V123	0.05622	0.45765	0.10037	0.38576
V124	0.47694	0.30754	0.07466	0.14086
V125	0.30212	0.39677	0.1841	0.11702
V126	0.08197	0.21407	0.11782	0.58615
V127	0.16907	0.1441	0.24133	0.4455
V128	0.07976	0.12255	0.15938	0.63831
V129	0.42544	0.26861	0.18196	0.12399
V130	0.06208	0.56303	0.2668	0.10809
V131	0.06407	0.71527	0.05644	0.16421
V132	0.67882	0.09421	0.11179	0.11518
V133	0.66231	0.10118	0.12886	0.10765
V134	0.12615	0.37793	0.1533	0.34262
V135	0.11393	0.12629	0.19766	0.56212
V136	0.20444	0.38207	0.08169	0.33179
V137	0.48216	0.12517	0.24103	0.15164
V138	0.18975	0.3876	0.1814	0.24124
V139	0.27663	0.25611	0.1994	0.26786
V140	0.0783	0.17608	0.12098	0.62465
V141	0.10991	0.22846	0.39587	0.26576
V142	0.59061	0.09403	0.22038	0.09498
V143	0.31973	0.29094	0.12435	0.26498
V144	0.16489	0.22064	0.18536	0.42911
V145	0.05458	0.63657	0.20028	0.10858
V146	0.09256	0.12393	0.11268	0.67083
V147	0.66019	0.1061	0.10497	0.12874
V148	0.1555	0.16885	0.42462	0.25104
V149	0.22727	0.46483	0.20301	0.10489
V150	0.12563	0.28553	0.4245	0.16434
V151	0.18346	0.53635	0.08595	0.19424
V152	0.20471	0.41712	0.20214	0.17604
V153	0.1188	0.61792	0.0742	0.18909
V154	0.21444	0.4248	0.23414	0.12661
V155	0.36046	0.21091	0.25522	0.17341
V156	0.09428	0.21862	0.48939	0.19772
V157	0.25381	0.22419	0.26729	0.25471
V158	0.07138	0.12021	0.10783	0.70058
V159	0.6386	0.14005	0.08714	0.1342
V160	0.50019	0.09671	0.13521	0.26788
V161	0.19025	0.11293	0.11386	0.58296
V162	0.09678	0.31828	0.13014	0.4548
V163	0.11894	0.44561	0.17361	0.26183
V164	0.26599	0.32409	0.14356	0.26636
V165	0.06233	0.29231	0.08106	0.5643
V166	0.06627	0.18327	0.13041	0.62005
V167	0.2734	0.10099	0.0975	0.52811
V168	0.23536	0.50093	0.11868	0.14502
V169	0.17384	0.14889	0.11659	0.56068
V170	0.14018	0.13054	0.39529	0.33399
V171	0.15499	0.28437	0.42436	0.13627
V172	0.53858	0.09644	0.26204	0.10294
V173	0.07697	0.21356	0.11408	0.59539
V174	0.06936	0.23008	0.13119	0.56937
V175	0.1183	0.12089	0.56152	0.19929
V176	0.058	0.66842	0.16451	0.10906
V177	0.05366	0.77199	0.05778	0.11657
V178	0.05259	0.62991	0.06417	0.25332
V179	0.17343	0.11719	0.31584	0.39354
V180	0.06851	0.7209	0.10797	0.10262
V181	0.17523	0.20838	0.39922	0.21717
V182	0.25752	0.24227	0.35323	0.14698
V183	0.16854	0.66113	0.06469	0.10564
V184	0.7203	0.08715	0.09809	0.09446
V185	0.42256	0.39496	0.08161	0.10087
V186	0.13602	0.4413	0.22651	0.19617
V187	0.69256	0.09412	0.11234	0.10097
V188	0.09332	0.27135	0.08183	0.5535
V189	0.58314	0.10807	0.10124	0.20755
V190	0.49972	0.10552	0.29122	0.10355
V191	0.18935	0.26046	0.41457	0.13561
V192	0.24217	0.43009	0.10218	0.22556
V193	0.44784	0.12638	0.23437	0.19142
V194	0.07277	0.74209	0.06288	0.12226
V195	0.08347	0.13689	0.66806	0.11158
V196	0.06896	0.16262	0.09961	0.66881
V197	0.31157	0.13959	0.10812	0.44072
V198	0.10361	0.45875	0.2881	0.14954
V199	0.16634	0.13004	0.19682	0.50679
V200	0.13425	0.49219	0.08002	0.29355
V201	0.11972	0.49049	0.17979	0.21001
V202	0.08417	0.13093	0.55181	0.23309
V203	0.16998	0.40751	0.30231	0.1202
V204	0.05431	0.4741	0.07482	0.39677
V205	0.08864	0.15576	0.63623	0.11937
V206	0.10833	0.18327	0.59924	0.10916
V207	0.14114	0.24521	0.11779	0.49586
V208	0.23675	0.16082	0.48805	0.11438
V209	0.24153	0.4292	0.11661	0.21266
V210	0.10833	0.62885	0.12098	0.14184
V211	0.32038	0.11117	0.11375	0.4547
V212	0.39746	0.13443	0.35019	0.11792
V213	0.46305	0.11838	0.16094	0.25763
V214	0.26179	0.22491	0.18458	0.32871
V215	0.23435	0.17889	0.09956	0.4872
V216	0.0823	0.11919	0.10778	0.69072
V217	0.08544	0.45004	0.20765	0.25687
V218	0.1187	0.41609	0.17499	0.29022
V219	0.11928	0.54252	0.07231	0.26589
V220	0.05347	0.66991	0.06231	0.21431
V221	0.58279	0.09108	0.09307	0.23306
V222	0.26267	0.21036	0.29873	0.22824
V223	0.07503	0.21964	0.53938	0.16595
V224	0.71061	0.08758	0.10707	0.09474
V225	0.08724	0.70751	0.09766	0.10759
V226	0.27025	0.17274	0.44378	0.11323
V227	0.5839	0.09265	0.21431	0.10914
V228	0.55207	0.14714	0.13135	0.16943
V229	0.08975	0.1349	0.64887	0.12648
V230	0.07077	0.13102	0.10721	0.691
V231	0.06792	0.30568	0.14765	0.47875
V232	0.07771	0.55328	0.06293	0.30609
V233	0.41585	0.17046	0.20889	0.2048
V234	0.07328	0.7318	0.0787	0.11621
V235	0.30875	0.15415	0.40844	0.12866
V236	0.10575	0.16851	0.55959	0.16615
V237	0.15686	0.11367	0.11743	0.61204
V238	0.14521	0.49007	0.22393	0.14079
V239	0.09496	0.38562	0.08729	0.43213
V240	0.38198	0.13278	0.34546	0.13977
V241	0.08785	0.12772	0.62455	0.15988
V242	0.13996	0.62612	0.12182	0.1121
V243	0.22851	0.14412	0.46344	0.16394
V244	0.20872	0.11661	0.50251	0.17217
V245	0.43307	0.31298	0.1119	0.14205
V246	0.1109	0.22506	0.53999	0.12405
V247	0.18559	0.12897	0.58399	0.10144
V248	0.07529	0.13658	0.12108	0.66705
V249	0.07435	0.14834	0.6172	0.16012
V250	0.57085	0.09464	0.23147	0.10303
V251	0.68558	0.11851	0.09569	0.10022
V252	0.05798	0.6853	0.15455	0.10217
V253	0.28332	0.16082	0.1868	0.36907
V254	0.05478	0.7446	0.09158	0.10904
V255	0.0783	0.7298	0.05597	0.13593
V256	0.18118	0.26679	0.38192	0.17012
V257	0.3215	0.18337	0.22735	0.26778
V258	0.17813	0.30117	0.32502	0.19567
V259	0.09207	0.32229	0.44782	0.13783
V260	0.06994	0.32006	0.50169	0.10831
V261	0.45249	0.12367	0.21221	0.21164
V262	0.11895	0.15055	0.10263	0.62787
V263	0.06047	0.7591	0.05842	0.12201
V264	0.17381	0.14071	0.33927	0.34621
V265	0.08198	0.1167	0.17344	0.62788
V266	0.47709	0.34906	0.08013	0.09372
V267	0.05971	0.24407	0.245	0.45122
V268	0.29597	0.12219	0.17993	0.40191
V269	0.06207	0.49592	0.29798	0.14403
V270	0.47541	0.11847	0.24067	0.16545
V271	0.57172	0.14424	0.10866	0.17538
V272	0.08386	0.66571	0.06738	0.18305
V273	0.09265	0.12903	0.11823	0.66009
V274	0.51504	0.09327	0.20773	0.18395
V275	0.07858	0.13669	0.67309	0.11164
V276	0.36641	0.34191	0.08228	0.20939
V277	0.08044	0.25972	0.17794	0.4819
V278	0.08633	0.15925	0.25769	0.49673
V279	0.49669	0.14044	0.15947	0.2034
V280	0.07138	0.12021	0.10783	0.70058
V281	0.39982	0.12023	0.18043	0.29952
V282	0.11214	0.169	0.56752	0.15135
V283	0.18419	0.50229	0.1062	0.20732
V284	0.06869	0.72645	0.09644	0.10841
V285	0.12487	0.12769	0.64436	0.10308
V286	0.20765	0.48276	0.13499	0.1746
V287	0.11292	0.69877	0.06755	0.12076
V288	0.07125	0.31267	0.32376	0.29232
V289	0.24248	0.26948	0.32584	0.1622
V290	0.60125	0.21346	0.09226	0.09303
V291	0.38175	0.15847	0.34915	0.11064
V292	0.67513	0.09288	0.09121	0.14079
V293	0.26497	0.12406	0.47527	0.13571
V294	0.107	0.36019	0.07729	0.45552
V295	0.06961	0.24105	0.1951	0.49424
V296	0.18462	0.20266	0.44188	0.17085
V297	0.10688	0.11424	0.13616	0.64273
V298	0.26264	0.18668	0.43719	0.11349
V299	0.09765	0.29968	0.08978	0.51289
V300	0.06357	0.13706	0.22575	0.57362
V301	0.15047	0.19821	0.46039	0.19093
V302	0.47673	0.34198	0.07543	0.10587
V303	0.05799	0.5213	0.29095	0.12976
V304	0.11124	0.13688	0.52524	0.22664
V305	0.14407	0.23123	0.34667	0.27803
V306	0.57787	0.16649	0.1207	0.13494
V307	0.06043	0.75499	0.06846	0.11612
V308	0.20214	0.27547	0.25236	0.27003
V309	0.254	0.32651	0.09346	0.32603
V310	0.10497	0.33017	0.16715	0.39772
V311	0.38527	0.43907	0.07409	0.10157
V312	0.11596	0.61289	0.14982	0.12133
V313	0.06273	0.18848	0.10222	0.64657
V314	0.06272	0.43551	0.13923	0.36254
V315	0.12802	0.53146	0.08637	0.25416
V316	0.25536	0.2109	0.31184	0.22189
V317	0.10589	0.58113	0.0913	0.22168
V318	0.07296	0.48359	0.07712	0.36633
V319	0.11409	0.16092	0.59249	0.1325
V320	0.12195	0.2227	0.45809	0.19725
V321	0.47	0.35648	0.07961	0.09391
V322	0.17283	0.3309	0.12182	0.37445
V323	0.09386	0.13007	0.14554	0.63054
V324	0.47801	0.28449	0.12349	0.114
V325	0.24861	0.54634	0.10102	0.10403
V326	0.05057	0.48932	0.12578	0.33433
V327	0.06998	0.21601	0.14964	0.56437
V328	0.10445	0.13703	0.52517	0.23334
V329	0.16522	0.19375	0.18606	0.45496
V330	0.30624	0.10982	0.29373	0.2902
V331	0.26288	0.16974	0.11686	0.45052
V332	0.06786	0.15172	0.19634	0.58409
V333	0.32578	0.16582	0.3204	0.188
V334	0.2845	0.11314	0.3038	0.29855
V335	0.0815	0.35051	0.3708	0.19719
V336	0.16262	0.58096	0.07602	0.18041
V337	0.23762	0.38855	0.24735	0.12648
V338	0.04827	0.77936	0.06347	0.1089
V339	0.15841	0.12439	0.60746	0.10974
V340	0.10296	0.27862	0.38095	0.23748
V341	0.07496	0.13748	0.12983	0.65772
V342	0.2284	0.11418	0.45379	0.20363
V343	0.70341	0.09945	0.09712	0.10002
V344	0.49838	0.21042	0.1965	0.0947
V345	0.08382	0.13716	0.67423	0.10479
V346	0.20181	0.19593	0.24983	0.35243
V347	0.08729	0.12101	0.16905	0.62265
V348	0.08746	0.55181	0.15127	0.20946
V349	0.27625	0.23241	0.31028	0.18106
V350	0.07075	0.66182	0.16484	0.10259
V351	0.07558	0.13855	0.31926	0.4666
V352	0.1077	0.13301	0.59235	0.16694
V353	0.62864	0.10792	0.11432	0.14911
V354	0.08645	0.58115	0.19695	0.13545
V355	0.23735	0.17012	0.35729	0.23524
V356	0.07986	0.13114	0.15038	0.63862
V357	0.13113	0.34269	0.23588	0.29029
V358	0.38429	0.18012	0.11921	0.31637
V359	0.40624	0.14131	0.11064	0.34181
V360	0.40226	0.40427	0.08635	0.10713
V361	0.06268	0.42874	0.40076	0.10783
V362	0.04854	0.77486	0.06784	0.10875
V363	0.17405	0.20017	0.35517	0.27062
V364	0.17376	0.16303	0.4855	0.17771
V365	0.21574	0.1244	0.10113	0.55873
V366	0.09937	0.56888	0.11623	0.21552
V367	0.4027	0.20499	0.08497	0.30734
V368	0.10636	0.60233	0.11535	0.17596
V369	0.07633	0.39265	0.42284	0.10818
V370	0.24796	0.30601	0.31858	0.12746
V371	0.16989	0.59691	0.07905	0.15414
V372	0.15782	0.1531	0.16066	0.52842
V373	0.11602	0.21893	0.35261	0.31244
V374	0.57895	0.10016	0.22571	0.09517
V375	0.0859	0.1439	0.17542	0.59477
V376	0.07943	0.1376	0.15004	0.63293
V377	0.56242	0.08539	0.09945	0.25274
V378	0.0702	0.13898	0.32484	0.46598
V379	0.25321	0.24611	0.09023	0.41044
V380	0.15351	0.16775	0.20405	0.47469
V381	0.52158	0.1049	0.15088	0.22264
V382	0.12925	0.13894	0.62133	0.11047
V383	0.59358	0.09148	0.12656	0.18838
V384	0.39696	0.16198	0.17084	0.27022
V385	0.61349	0.10139	0.1438	0.14132
V386	0.24065	0.11923	0.17981	0.46031
V387	0.4216	0.21203	0.20141	0.16496
V388	0.2798	0.33988	0.16716	0.21316
V389	0.30573	0.46476	0.07736	0.15215
V390	0.2516	0.29309	0.35233	0.10297
V391	0.30243	0.18166	0.09869	0.41723
V392	0.30966	0.267	0.18381	0.23954
V393	0.2334	0.27576	0.28177	0.20907
V394	0.11395	0.27031	0.14825	0.46748
V395	0.19073	0.38078	0.19379	0.2347
V396	0.05384	0.76188	0.06187	0.12241
V397	0.55463	0.16291	0.15285	0.12961
V398	0.32135	0.20732	0.14404	0.32729
V399	0.17422	0.48517	0.15876	0.18184
V400	0.05019	0.50071	0.1083	0.3408
V401	0.09494	0.23309	0.50632	0.16564
V402	0.57677	0.2242	0.10633	0.0927
V403	0.07526	0.1314	0.13435	0.65899
V404	0.12657	0.25695	0.43837	0.17811
V405	0.19119	0.13499	0.19159	0.48224
V406	0.4524	0.28077	0.09142	0.1754
V407	0.04827	0.77936	0.06347	0.1089
V408	0.12027	0.28824	0.30754	0.28395
V409	0.06555	0.12643	0.10758	0.70043
V410	0.10762	0.69349	0.0779	0.12099
V411	0.32239	0.10343	0.09215	0.48203
V412	0.16816	0.17312	0.37469	0.28404
V413	0.09008	0.44007	0.17901	0.29084
V414	0.08115	0.45796	0.26419	0.1967
V415	0.3303	0.12728	0.23199	0.31043
V416	0.08274	0.17188	0.64163	0.10376
V417	0.29189	0.53447	0.07053	0.10311
V418	0.10465	0.18894	0.17117	0.53524
V419	0.07092	0.12005	0.11442	0.69461
V420	0.04815	0.70847	0.06731	0.17608
V421	0.17449	0.14692	0.48811	0.19048
V422	0.0859	0.15416	0.09971	0.66023
V423	0.12859	0.13324	0.6129	0.12527
V424	0.06817	0.15716	0.44821	0.32646
V425	0.10381	0.28677	0.42464	0.18477
V426	0.13349	0.15017	0.55762	0.15872
V427	0.0977	0.38368	0.18654	0.33209
V428	0.10552	0.62636	0.09858	0.16953
V429	0.07084	0.11996	0.11837	0.69083
V430	0.52695	0.2226	0.09549	0.15497
V431	0.18108	0.13133	0.35398	0.33361
V432	0.12399	0.17925	0.11896	0.5778
V433	0.0835	0.60206	0.06121	0.25323
V434	0.25658	0.16481	0.1212	0.45741
V435	0.36877	0.10975	0.16894	0.35253
V436	0.28863	0.11371	0.16355	0.43411
V437	0.19234	0.26804	0.08442	0.4552
V438	0.42802	0.22105	0.10381	0.24713
V439	0.07898	0.18002	0.0972	0.6438
V440	0.34741	0.12994	0.11331	0.40934
V441	0.11178	0.21486	0.4285	0.24486
V442	0.24589	0.34864	0.15894	0.24652
V443	0.5291	0.09498	0.1531	0.22282
V444	0.08382	0.13716	0.67423	0.10479
V445	0.45764	0.11659	0.30095	0.12481
V446	0.07279	0.66603	0.09751	0.16367
V447	0.44982	0.17552	0.19628	0.17838
V448	0.0738	0.16514	0.20006	0.56101
V449	0.41308	0.13489	0.27167	0.18036
V450	0.14299	0.68908	0.06734	0.1006
V451	0.67227	0.12491	0.0878	0.11502
V452	0.08075	0.12558	0.13434	0.65933
V453	0.57319	0.15408	0.13157	0.14116
V454	0.04868	0.74332	0.09114	0.11685
V455	0.44315	0.12747	0.27709	0.15228
V456	0.26252	0.2039	0.31191	0.22167
V457	0.06545	0.13064	0.10385	0.70006
V458	0.21127	0.268	0.08433	0.4364
V459	0.06122	0.64255	0.11968	0.17654
V460	0.6861	0.09417	0.11188	0.10785
V461	0.09268	0.13551	0.1015	0.6703
V462	0.25803	0.2797	0.07929	0.38298
V463	0.21025	0.43424	0.16804	0.18746
V464	0.35965	0.1787	0.0877	0.37395
V465	0.29465	0.40336	0.09034	0.21165
V466	0.40908	0.24063	0.08322	0.26707
V467	0.24879	0.50013	0.11896	0.13212
V468	0.36094	0.3872	0.10806	0.1438
V469	0.07191	0.24362	0.24591	0.43856
V470	0.39152	0.20052	0.19641	0.21155
V471	0.2146	0.18748	0.11011	0.4878
V472	0.24423	0.33601	0.07573	0.34403
V473	0.12384	0.48434	0.26998	0.12185
V474	0.13307	0.11153	0.15553	0.59987
V475	0.16535	0.38149	0.12519	0.32797
V476	0.15709	0.12245	0.12916	0.59131
V477	0.43243	0.13142	0.21788	0.21826
V478	0.13335	0.5045	0.06913	0.29303
V479	0.08484	0.18267	0.55963	0.17286
V480	0.10403	0.32394	0.10637	0.46566
V481	0.17135	0.12953	0.58276	0.11635
V482	0.49417	0.22184	0.15457	0.12943
V483	0.13623	0.19232	0.1321	0.53935
V484	0.07392	0.1625	0.10911	0.65447
V485	0.12633	0.60409	0.06827	0.2013
V486	0.21838	0.297	0.15517	0.32944
V487	0.10616	0.14708	0.14254	0.60422
V488	0.07407	0.12514	0.6142	0.18659
V489	0.20767	0.18971	0.48791	0.1147
V490	0.25631	0.32907	0.12043	0.29419
V491	0.32465	0.43071	0.093	0.15164
V492	0.06904	0.67877	0.14297	0.10921
V493	0.07136	0.11956	0.10119	0.7079
V494	0.18865	0.23138	0.38405	0.19591
V495	0.19417	0.53318	0.15252	0.12013
V496	0.22401	0.57687	0.06068	0.13843
V497	0.08374	0.13036	0.67424	0.11165
V498	0.24228	0.18641	0.12011	0.4512
V499	0.44504	0.29586	0.15777	0.10134
V500	0.13692	0.20913	0.51606	0.1379
V501	0.06524	0.12057	0.11842	0.69577
V502	0.3956	0.30574	0.17516	0.1235
V503	0.17892	0.18743	0.20354	0.43011
V504	0.19621	0.57852	0.07111	0.15415
V505	0.18053	0.2678	0.22661	0.32505
V506	0.12161	0.29736	0.33761	0.24342
V507	0.43365	0.1814	0.16177	0.22318
V508	0.53018	0.22441	0.1106	0.13481
V509	0.20893	0.16583	0.38197	0.24326
V510	0.19931	0.46853	0.22636	0.1058
V511	0.08121	0.39463	0.10346	0.4207
V512	0.20281	0.1491	0.13906	0.50903
V513	0.10523	0.54651	0.19095	0.15731
V514	0.06959	0.15588	0.09689	0.67764
V515	0.53798	0.14634	0.12145	0.19422
V516	0.6591	0.15591	0.08607	0.09892
V517	0.08696	0.13524	0.23657	0.54123
V518	0.69654	0.11209	0.09147	0.0999
V519	0.06557	0.68985	0.06142	0.18316
V520	0.08789	0.11711	0.45312	0.34188
V521	0.42156	0.1379	0.31387	0.12667
V522	0.0697	0.21609	0.4143	0.29991
V523	0.27325	0.20879	0.23636	0.2816
V524	0.05684	0.63676	0.17691	0.12949
V525	0.2065	0.25654	0.09799	0.43897
V526	0.45153	0.16456	0.13557	0.24834
V527	0.19354	0.13052	0.32209	0.35384
V528	0.11208	0.68923	0.05688	0.14182
V529	0.10028	0.16383	0.21649	0.51941
V530	0.07171	0.26794	0.47526	0.18509
V531	0.06367	0.70513	0.12905	0.10215
V532	0.15812	0.33537	0.09348	0.41302
V533	0.22523	0.356	0.1581	0.26067
V534	0.07561	0.12955	0.50804	0.2868
V535	0.39655	0.09096	0.09896	0.41353
V536	0.18616	0.10947	0.31011	0.39426
V537	0.42638	0.2904	0.17659	0.10663
V538	0.33086	0.14883	0.14176	0.37854
V539	0.21665	0.40529	0.17003	0.20803
V540	0.17786	0.57745	0.11142	0.13327
V541	0.062	0.4521	0.11191	0.37399
V542	0.18074	0.21012	0.23017	0.37897
V543	0.62897	0.09045	0.0991	0.18147
V544	0.12556	0.18137	0.18737	0.5057
V545	0.27119	0.2143	0.12768	0.38683
V546	0.08023	0.70913	0.10229	0.10835
V547	0.08156	0.54694	0.25688	0.11462
V548	0.15233	0.62614	0.11505	0.10647
V549	0.27966	0.13619	0.47022	0.11393
V550	0.41538	0.11756	0.08872	0.37833
V551	0.1643	0.60461	0.08333	0.14775
V552	0.04914	0.46701	0.07488	0.40897
V553	0.21107	0.22617	0.44131	0.12146
V554	0.09149	0.17443	0.10677	0.6273
V555	0.11758	0.27907	0.27072	0.33262
V556	0.07614	0.14166	0.64888	0.13332
V557	0.57632	0.11329	0.09676	0.21363
V558	0.09175	0.63391	0.0784	0.19594
V559	0.05844	0.66263	0.17602	0.10292
V560	0.49654	0.3264	0.07744	0.09962
V561	0.07858	0.13669	0.67309	0.11164
V562	0.55763	0.09452	0.17066	0.17719
V563	0.2319	0.11818	0.54174	0.10818
V564	0.11431	0.17634	0.59117	0.11818
V565	0.14063	0.30042	0.29524	0.26371
V566	0.48588	0.17327	0.08761	0.25325
V567	0.18366	0.41331	0.0889	0.31412
V568	0.20373	0.11339	0.12669	0.55618
V569	0.47899	0.11328	0.08801	0.31971
V570	0.08512	0.32219	0.43395	0.15874
V571	0.57724	0.19223	0.08291	0.14762
V572	0.34399	0.11253	0.36118	0.18231
V573	0.09434	0.23181	0.09103	0.58283
V574	0.07754	0.64208	0.16499	0.11539
V575	0.07133	0.17757	0.16182	0.58928
V576	0.15193	0.65288	0.08322	0.11197
V577	0.08584	0.15128	0.21217	0.55072
V578	0.10738	0.17293	0.48103	0.23866
V579	0.056	0.70227	0.11886	0.12288
V580	0.15247	0.11801	0.16094	0.56859
V581	0.09655	0.16669	0.09421	0.64255
V582	0.40631	0.21411	0.10475	0.27484
V583	0.0729	0.15719	0.42931	0.3406
V584	0.38165	0.22411	0.26192	0.13232
V585	0.07101	0.12671	0.34985	0.45243
V586	0.22259	0.12185	0.47734	0.17823
V587	0.24483	0.12564	0.49972	0.12981
V588	0.44096	0.13057	0.10724	0.32123
V589	0.08489	0.65387	0.10379	0.15744
V590	0.08523	0.62917	0.17677	0.10883
V591	0.06359	0.14588	0.20627	0.58426
V592	0.17904	0.14244	0.57725	0.10128
V593	0.42514	0.09575	0.20743	0.27167
V594	0.26698	0.31831	0.27356	0.14116
V595	0.07576	0.13067	0.10726	0.68631
V596	0.08098	0.31198	0.20808	0.39896
V597	0.05522	0.50815	0.26591	0.17072
V598	0.0858	0.20691	0.58889	0.1184
V599	0.44758	0.3333	0.09679	0.12233
V600	0.26889	0.43445	0.1048	0.19186
V601	0.15336	0.30228	0.13052	0.41384
V602	0.07591	0.13016	0.10372	0.69021
V603	0.05809	0.36254	0.0861	0.49328
V604	0.38384	0.19802	0.29143	0.12671
V605	0.1051	0.34706	0.30469	0.24315
V606	0.50619	0.21554	0.09159	0.18668
V607	0.46266	0.10753	0.16042	0.26938
V608	0.19784	0.23407	0.30442	0.26368
V609	0.0764	0.28348	0.21507	0.42505
V610	0.54294	0.1102	0.15194	0.19492
V611	0.23047	0.1106	0.12638	0.53254
V612	0.09217	0.18865	0.56033	0.15885
V613	0.09052	0.35037	0.42126	0.13786
V614	0.5309	0.14611	0.12138	0.20162
V615	0.1372	0.14969	0.09744	0.61567
V616	0.099	0.58134	0.09144	0.22822
V617	0.3645	0.22916	0.31087	0.09547
V618	0.51191	0.0939	0.08889	0.3053
V619	0.29781	0.13117	0.28068	0.29033
V620	0.06208	0.56303	0.2668	0.10809
V621	0.31212	0.22431	0.18963	0.27394
V622	0.28287	0.27552	0.31406	0.12756
V623	0.07186	0.17053	0.17365	0.58395
V624	0.56547	0.24284	0.07998	0.11172
V625	0.21572	0.44593	0.13086	0.20749
V626	0.69569	0.10485	0.09196	0.1075
V627	0.06477	0.13168	0.1349	0.66865
V628	0.05713	0.26531	0.09557	0.58199
V629	0.13842	0.31958	0.23768	0.30432
V630	0.09052	0.3506	0.41535	0.14353
V631	0.06882	0.24969	0.14643	0.53505
V632	0.42037	0.09429	0.18056	0.30477
V633	0.0719	0.14506	0.58314	0.19989
V634	0.30927	0.30328	0.28365	0.10379
V635	0.06522	0.61676	0.06497	0.25305
V636	0.14986	0.19775	0.45459	0.19779
V637	0.23691	0.25171	0.13706	0.37432
V638	0.27709	0.29181	0.12397	0.30713
V639	0.23075	0.41022	0.26084	0.0982
V640	0.0957	0.23246	0.52663	0.14521
V641	0.63134	0.12058	0.10712	0.14096
V642	0.53835	0.22803	0.07891	0.15471
V643	0.06754	0.25541	0.33766	0.3394
V644	0.6538	0.14874	0.09021	0.10725
V645	0.22346	0.39651	0.26055	0.11948
V646	0.05452	0.77472	0.06193	0.10882
V647	0.16642	0.18566	0.4978	0.15013
V648	0.3062	0.40947	0.15891	0.12543
V649	0.09287	0.16984	0.58528	0.15201
V650	0.11091	0.18784	0.54279	0.15846
V651	0.27369	0.11674	0.50154	0.10803
V652	0.12296	0.18834	0.33577	0.35294
V653	0.13112	0.55414	0.12621	0.18853
V654	0.48967	0.24893	0.12001	0.14139
V655	0.07297	0.49231	0.08058	0.35415
V656	0.17653	0.29813	0.08724	0.4381
V657	0.07443	0.16236	0.09929	0.66392
V658	0.42065	0.25713	0.11952	0.2027
V659	0.26314	0.18138	0.29955	0.25593
V660	0.06581	0.75398	0.05771	0.12249
V661	0.08698	0.39536	0.10959	0.40807
V662	0.3218	0.1236	0.37216	0.18244
V663	0.2169	0.17386	0.4193	0.18995
V664	0.20012	0.16994	0.4864	0.14354
V665	0.48191	0.24027	0.10863	0.16919
V666	0.41856	0.09382	0.15682	0.3308
V667	0.5598	0.15025	0.19519	0.09475
V668	0.12922	0.65532	0.11517	0.10029
V669	0.19847	0.39643	0.22316	0.18194
V670	0.0991	0.72131	0.05854	0.12104
V671	0.27815	0.31452	0.23278	0.17455
V672	0.08857	0.14079	0.63721	0.13342
V673	0.1991	0.36767	0.21193	0.22129
V674	0.50039	0.20988	0.09642	0.19332
V675	0.14786	0.34315	0.26047	0.24852
V676	0.07653	0.19704	0.15041	0.57602
V677	0.28432	0.38708	0.13631	0.1923
V678	0.37901	0.44068	0.07827	0.10204
V679	0.09981	0.33739	0.44846	0.11434
V680	0.24493	0.48272	0.1552	0.11716
V681	0.64149	0.14068	0.09602	0.12181
V682	0.13865	0.32571	0.39914	0.13651
V683	0.05449	0.77451	0.06817	0.10283
V684	0.49367	0.22209	0.14202	0.14221
V685	0.35833	0.35051	0.15288	0.13828
V686	0.11587	0.24532	0.17038	0.46843
V687	0.076	0.12488	0.10757	0.69154
V688	0.27806	0.45745	0.06694	0.19755
V689	0.21129	0.10477	0.12323	0.56071
V690	0.36003	0.14167	0.34496	0.15334
V691	0.17932	0.12117	0.59022	0.10928
V692	0.12292	0.22443	0.4949	0.15776
V693	0.20472	0.19702	0.29917	0.29909
V694	0.06928	0.13582	0.26127	0.53362
V695	0.20652	0.1136	0.18613	0.49374
V696	0.10387	0.1735	0.10054	0.6221
V697	0.07005	0.14869	0.10132	0.67994
V698	0.58336	0.09122	0.09851	0.2269
V699	0.39818	0.30879	0.12174	0.17129
V700	0.19519	0.12613	0.09744	0.58124
V701	0.12367	0.46432	0.13692	0.27509
V702	0.38025	0.16371	0.09475	0.3613
V703	0.15362	0.15943	0.36798	0.31896
V704	0.57872	0.12634	0.10692	0.18802
V705	0.69098	0.08697	0.10113	0.12092
V706	0.12486	0.15936	0.54321	0.17257
V707	0.0882	0.41174	0.36259	0.13746
V708	0.0726	0.6918	0.07173	0.16388
V709	0.15288	0.30473	0.37904	0.16334
V710	0.42072	0.2571	0.1131	0.20908
V711	0.10838	0.64229	0.12127	0.12807
V712	0.57521	0.13233	0.09172	0.20074
V713	0.31106	0.31891	0.0989	0.27114
V714	0.05386	0.55602	0.07559	0.31453
V715	0.24514	0.34667	0.25429	0.15391
V716	0.08038	0.14297	0.12024	0.65641
V717	0.09916	0.72752	0.05796	0.11536
V718	0.14928	0.48795	0.17408	0.1887
V719	0.08613	0.58056	0.08497	0.24834
V720	0.5107	0.09448	0.23637	0.15845
V721	0.14375	0.23907	0.35293	0.26425
V722	0.10814	0.3418	0.08608	0.46398
V723	0.1234	0.17176	0.09564	0.6092
V724	0.41183	0.1199	0.14394	0.32433
V725	0.07363	0.19127	0.60236	0.13274
V726	0.0768	0.37179	0.14836	0.40305
V727	0.2221	0.54966	0.12351	0.10473
V728	0.06882	0.70312	0.11905	0.10901
V729	0.30507	0.11446	0.19097	0.3895
V730	0.64241	0.11491	0.12102	0.12166
V731	0.07927	0.26037	0.30755	0.35282
V732	0.27634	0.17402	0.29472	0.25492
V733	0.44764	0.24182	0.10219	0.20835
V734	0.21431	0.33076	0.35041	0.10452
V735	0.07806	0.13882	0.36872	0.41441
V736	0.14409	0.116	0.10169	0.63822
V737	0.25672	0.31542	0.21975	0.20811
V738	0.11488	0.34714	0.33411	0.20386
V739	0.0683	0.12672	0.44373	0.36124
V740	0.59852	0.16024	0.13368	0.10757
V741	0.3464	0.186	0.16148	0.30611
V742	0.30601	0.52101	0.07608	0.0969
V743	0.15986	0.22224	0.49491	0.12299
V744	0.38687	0.13635	0.28997	0.18681
V745	0.06291	0.57386	0.17214	0.19109
V746	0.71852	0.08656	0.09424	0.10068
V747	0.11049	0.12025	0.50925	0.26001
V748	0.14818	0.19657	0.42433	0.23092
V749	0.22174	0.23549	0.11727	0.4255
V750	0.30006	0.42399	0.08464	0.19131
V751	0.0791	0.68723	0.08429	0.14939
V752	0.33083	0.27336	0.16267	0.23315
V753	0.07105	0.12534	0.09997	0.70364
V754	0.05392	0.73327	0.05637	0.15644
V755	0.15511	0.25672	0.27678	0.31139
V756	0.0758	0.12503	0.12136	0.67782
V757	0.26146	0.50462	0.10939	0.12453
V758	0.08097	0.61728	0.1379	0.16385
V759	0.14583	0.1645	0.31733	0.37235
V760	0.23934	0.15806	0.25109	0.35151
V761	0.10005	0.50183	0.22782	0.17029
V762	0.0526	0.36943	0.08517	0.4928
V763	0.28168	0.35437	0.09306	0.27088
V764	0.05435	0.72708	0.06246	0.15611
V765	0.46497	0.16682	0.08236	0.28585
V766	0.07189	0.34256	0.32911	0.25644
V767	0.35244	0.20378	0.23038	0.21339
V768	0.08502	0.71948	0.0734	0.1221
V769	0.14432	0.66559	0.07808	0.112
V770	0.05452	0.77472	0.06193	0.10882
V771	0.18439	0.12835	0.57118	0.11607
V772	0.16391	0.15102	0.57603	0.10903
V773	0.15582	0.66805	0.06454	0.11159
V774	0.08942	0.12878	0.64847	0.13334
V775	0.13693	0.14754	0.25073	0.4648
V776	0.31	0.3976	0.10693	0.18547
V777	0.1641	0.2002	0.16793	0.46777
V778	0.37838	0.30293	0.1222	0.19649
V779	0.17557	0.14967	0.37574	0.29902
V780	0.12521	0.63088	0.1432	0.10071
V781	0.08639	0.13545	0.11137	0.66679
V782	0.07606	0.21273	0.55222	0.159
V783	0.55209	0.10954	0.12392	0.21445
V784	0.11964	0.7061	0.06725	0.10701
V785	0.07318	0.73664	0.06779	0.1224
V786	0.50589	0.22084	0.13741	0.13586
V787	0.05298	0.67903	0.15875	0.10924
V788	0.3664	0.32129	0.17474	0.13757
V789	0.09641	0.35824	0.09366	0.45169
V790	0.33007	0.12527	0.13937	0.40529
V791	0.14709	0.37144	0.26561	0.21586
V792	0.13367	0.46813	0.07235	0.32585
V793	0.12796	0.54607	0.08574	0.24023
V794	0.10485	0.18154	0.54775	0.16586
V795	0.12553	0.14565	0.12668	0.60214
V796	0.09373	0.1831	0.59763	0.12555
V797	0.55844	0.0958	0.23626	0.1095
V798	0.44336	0.31592	0.12735	0.11336
V799	0.13565	0.62422	0.0781	0.16203
V800	0.11145	0.13969	0.38725	0.36161
V801	0.14965	0.20655	0.27164	0.37216
V802	0.08593	0.17967	0.24309	0.49131
V803	0.19967	0.46849	0.23295	0.09889
V804	0.39428	0.11911	0.32681	0.1598
V805	0.0842	0.13061	0.68023	0.10496
V806	0.07885	0.7175	0.06798	0.13568
V807	0.20707	0.22045	0.10902	0.46347
V808	0.4676	0.29687	0.10646	0.12907
V809	0.10412	0.14787	0.64421	0.1038
V810	0.05434	0.77932	0.05768	0.10866
V811	0.31242	0.16803	0.21049	0.30906
V812	0.38461	0.29322	0.11211	0.21005
V813	0.42722	0.25022	0.19801	0.12456
V814	0.32465	0.47332	0.09975	0.10228
V815	0.04974	0.73369	0.10741	0.10916
V816	0.68257	0.08808	0.13463	0.09472
V817	0.09445	0.17681	0.60963	0.1191
V818	0.06409	0.14931	0.11651	0.67009
V819	0.58376	0.16042	0.12096	0.13487
V820	0.13589	0.18339	0.10418	0.57654
V821	0.19587	0.33542	0.30605	0.16267
V822	0.12274	0.13918	0.61274	0.12533
V823	0.08815	0.25995	0.4736	0.17829
V824	0.12519	0.37727	0.39749	0.10006
V825	0.19377	0.31876	0.22447	0.263
V826	0.32178	0.39486	0.1743	0.10905
V827	0.28602	0.51444	0.07554	0.124
V828	0.18812	0.23357	0.14961	0.4287
V829	0.07907	0.28142	0.10599	0.53352
V830	0.18467	0.27108	0.09837	0.44588
V831	0.53714	0.16731	0.10799	0.18756
V832	0.21764	0.38585	0.17588	0.22063
V833	0.14894	0.4518	0.17803	0.22123
V834	0.23057	0.16712	0.13712	0.46518
V835	0.27203	0.41696	0.14401	0.167
V836	0.05325	0.55983	0.067	0.31992
V837	0.19051	0.37375	0.18727	0.24846
V838	0.66915	0.11964	0.11073	0.10048
V839	0.24291	0.52128	0.13185	0.10397
V840	0.23791	0.59754	0.0664	0.09815
V841	0.07402	0.15595	0.61755	0.15248
V842	0.27357	0.23675	0.23549	0.2542
V843	0.08627	0.13928	0.60662	0.16784
V844	0.13507	0.18617	0.30588	0.37288
V845	0.11605	0.20256	0.52328	0.15812
V846	0.07095	0.13085	0.53925	0.25895
V847	0.06653	0.12009	0.10447	0.7089
V848	0.11053	0.45379	0.17342	0.26226
V849	0.04729	0.7547	0.06223	0.13579
V850	0.7036	0.08732	0.10138	0.1077
V851	0.26647	0.47479	0.16172	0.09702
V852	0.12551	0.15314	0.16902	0.55233
V853	0.21153	0.27767	0.31533	0.19547
V854	0.41789	0.2322	0.14574	0.20417
V855	0.06653	0.12009	0.10447	0.7089
V856	0.08821	0.36034	0.28053	0.27092
V857	0.46875	0.23404	0.1028	0.19442
V858	0.42534	0.11122	0.35958	0.10387
V859	0.45917	0.27374	0.0919	0.17518
V860	0.16722	0.19635	0.12128	0.51515
V861	0.12481	0.36342	0.39824	0.11353
V862	0.16042	0.18647	0.50873	0.14438
V863	0.17439	0.15281	0.09213	0.58067
V864	0.09955	0.14112	0.12386	0.63547
V865	0.13746	0.11966	0.24653	0.49635
V866	0.53254	0.1107	0.24684	0.10993
V867	0.53326	0.11761	0.24698	0.10215
V868	0.3663	0.30755	0.15982	0.16633
V869	0.06074	0.76937	0.06181	0.10808
V870	0.11711	0.34174	0.08998	0.45117
V871	0.04729	0.7547	0.06223	0.13579
V872	0.07031	0.1294	0.23593	0.56436
V873	0.62963	0.11511	0.12656	0.1287
V874	0.17739	0.64505	0.07794	0.09962
V875	0.06976	0.25497	0.19962	0.47565
V876	0.16394	0.3442	0.31614	0.17572
V877	0.08724	0.38841	0.24641	0.27793
V878	0.13815	0.6582	0.10349	0.10016
V879	0.17066	0.57022	0.09157	0.16755
V880	0.23754	0.48093	0.06973	0.2118
V881	0.16519	0.15178	0.4384	0.24463
V882	0.57176	0.08856	0.17584	0.16383
V883	0.2462	0.2576	0.39729	0.0989
V884	0.06701	0.29881	0.08059	0.55359
V885	0.51292	0.2571	0.13562	0.09436
V886	0.0715	0.37012	0.34703	0.21135
V887	0.44836	0.15551	0.18563	0.21051
V888	0.13833	0.15625	0.52635	0.17907
V889	0.65648	0.12575	0.10366	0.11411
V890	0.0919	0.22975	0.44039	0.23796
V891	0.45535	0.14196	0.2653	0.13739
V892	0.21864	0.24019	0.09151	0.44966
V893	0.41185	0.26205	0.17625	0.14984
V894	0.11036	0.3362	0.41598	0.13747
V895	0.42269	0.15702	0.20883	0.21146
V896	0.07277	0.74209	0.06288	0.12226
V897	0.4839	0.28497	0.08316	0.14798
V898	0.33816	0.09635	0.09528	0.47021
V899	0.07361	0.25216	0.16653	0.5077
V900	0.11224	0.32362	0.28717	0.27697
V901	0.07116	0.66454	0.06248	0.20182
V902	0.07997	0.71933	0.09257	0.10813
V903	0.06625	0.40759	0.38239	0.14378
V904	0.06056	0.77372	0.05797	0.10774
V905	0.15474	0.1104	0.1972	0.53767
V906	0.29373	0.18004	0.15173	0.3745
V907	0.31414	0.45912	0.08333	0.14341
V908	0.06891	0.15046	0.13288	0.64775
V909	0.13359	0.64724	0.05755	0.16162
V910	0.15935	0.10973	0.16651	0.56441
V911	0.36733	0.37921	0.09548	0.15798
V912	0.2871	0.34017	0.15317	0.21956
V913	0.12633	0.11105	0.10291	0.65971
V914	0.1732	0.44781	0.24522	0.13378
V915	0.18943	0.10607	0.10021	0.60428
V916	0.22817	0.16102	0.46792	0.14289
V917	0.50606	0.12069	0.19476	0.17849
V918	0.08563	0.53433	0.20317	0.17687
V919	0.18169	0.28358	0.25146	0.28326
V920	0.43011	0.25295	0.13987	0.17707
V921	0.07571	0.22801	0.10612	0.59016
V922	0.12485	0.42982	0.3024	0.14294
V923	0.10549	0.12839	0.12083	0.64529
V924	0.08026	0.56117	0.2293	0.12927
V925	0.16158	0.13645	0.10168	0.60029
V926	0.1759	0.12894	0.11274	0.58241
V927	0.07485	0.14275	0.12459	0.6578
V928	0.07793	0.7039	0.06228	0.1559
V929	0.08762	0.53804	0.14494	0.22939
V930	0.35995	0.36581	0.09653	0.17771
V931	0.15276	0.31193	0.372	0.16331
V932	0.09244	0.20714	0.43454	0.26588
V933	0.42968	0.38131	0.08291	0.1061
V934	0.06563	0.22856	0.24121	0.4646
V935	0.40085	0.22879	0.21135	0.15901
V936	0.36842	0.2998	0.09067	0.2411
V937	0.38096	0.20456	0.13788	0.2766
V938	0.28905	0.14827	0.27345	0.28922
V939	0.52837	0.11032	0.13865	0.22266
V940	0.06931	0.63921	0.15562	0.13586
V941	0.07899	0.13062	0.67857	0.11183
V942	0.51831	0.24193	0.12607	0.11369
V943	0.30631	0.20925	0.33735	0.14709
V944	0.06714	0.29624	0.12138	0.51524
V945	0.39312	0.35454	0.08234	0.16999
V946	0.3348	0.29886	0.2336	0.13274
V947	0.11407	0.15646	0.22181	0.50766
V948	0.2856	0.13599	0.45795	0.12046
V949	0.05965	0.20044	0.20395	0.53596
V950	0.09095	0.47065	0.19612	0.24229
V951	0.59935	0.10641	0.19177	0.10247
V952	0.10543	0.21329	0.23579	0.44549
V953	0.08713	0.16304	0.61675	0.13308
V954	0.07987	0.24635	0.16631	0.50746
V955	0.12723	0.50838	0.08451	0.27988
V956	0.09112	0.13908	0.38778	0.38201
V957	0.25313	0.11468	0.09324	0.53895
V958	0.07136	0.11956	0.10119	0.7079
V959	0.20515	0.30004	0.33196	0.16286
V960	0.1928	0.30159	0.13034	0.37527
V961	0.14642	0.37865	0.27914	0.19579
V962	0.28309	0.23935	0.31599	0.16157
V963	0.41914	0.23363	0.18279	0.16444
V964	0.59632	0.1167	0.15703	0.12995
V965	0.09022	0.44872	0.18408	0.27698
V966	0.69653	0.09937	0.09653	0.10757
V967	0.10457	0.15341	0.39391	0.34811
V968	0.06904	0.23285	0.53871	0.1594
V969	0.06086	0.30846	0.10486	0.52583
V970	0.0875	0.21156	0.32755	0.37338
V971	0.36918	0.1765	0.28738	0.16694
V972	0.35724	0.25281	0.11332	0.27663
V973	0.21492	0.39491	0.12399	0.26618
V974	0.05663	0.63087	0.14243	0.17007
V975	0.13361	0.32183	0.43718	0.10738
V976	0.31536	0.28788	0.15082	0.24593
V977	0.26051	0.36162	0.27407	0.1038
V978	0.09756	0.18133	0.12941	0.5917
V979	0.58195	0.10934	0.20616	0.10255
V980	0.71852	0.08656	0.09424	0.10068
V981	0.27267	0.13811	0.34667	0.24255
V982	0.31721	0.38436	0.12569	0.17273
V983	0.4865	0.14464	0.0896	0.27925
V984	0.06303	0.67101	0.12961	0.13635
V985	0.09984	0.24513	0.08862	0.56641
V986	0.24892	0.46442	0.10085	0.18581
V987	0.20298	0.61835	0.05964	0.11903
V988	0.18335	0.12009	0.1027	0.59385
V989	0.32718	0.43367	0.12336	0.11579
V990	0.06992	0.16062	0.55625	0.21322
V991	0.46281	0.35692	0.07416	0.10611
V992	0.19714	0.11755	0.39924	0.28607
V993	0.09639	0.59479	0.16685	0.14197
V994	0.17088	0.63879	0.07839	0.11193
V995	0.50964	0.18162	0.10741	0.20132
V996	0.21287	0.19971	0.09406	0.49336
V997	0.08544	0.13227	0.58276	0.19953
V998	0.61994	0.10116	0.13771	0.14119
V999	0.12627	0.70859	0.05834	0.1068
V1000	0.24134	0.12075	0.09296	0.54495
