CD19B	CD56NK	CD4MemoryT	CD14
V1	0.44881	0.07265	0.18205	0.29649
V2	0.17496	0.15605	0.08699	0.58199
V3	0.09241	0.5646	0.03896	0.30403
V4	0.70043	0.15226	0.03661	0.1107
V5	0.12995	0.44903	0.21897	0.20205
V6	0.09822	0.76154	0.03986	0.10038
V7	0.16161	0.36558	0.10023	0.37259
V8	0.15154	0.07923	0.65237	0.11686
V9	0.22655	0.27169	0.07028	0.43148
V10	0.06548	0.08623	0.71624	0.13206
V11	0.19913	0.35499	0.35751	0.08837
V12	0.0649	0.53457	0.30649	0.09404
V13	0.23763	0.63225	0.02941	0.10071
V14	0.09214	0.79462	0.02807	0.08516
V15	0.13611	0.54039	0.12336	0.20014
V16	0.73366	0.08426	0.06162	0.12045
V17	0.10599	0.76	0.0339	0.10011
V18	0.45593	0.35436	0.07047	0.11924
V19	0.16022	0.71892	0.02904	0.09182
V20	0.17308	0.44275	0.04862	0.33555
V21	0.15099	0.11195	0.62135	0.11571
V22	0.08398	0.16247	0.19718	0.55637
V23	0.32982	0.09225	0.483	0.09493
V24	0.77277	0.06565	0.07009	0.09149
V25	0.29122	0.27006	0.13888	0.29984
V26	0.32389	0.38831	0.04882	0.23899
V27	0.14461	0.12669	0.06618	0.66252
V28	0.05471	0.09473	0.7633	0.08726
V29	0.37071	0.07989	0.43103	0.11836
V30	0.13186	0.25596	0.24243	0.36976
V31	0.20057	0.2362	0.25687	0.30636
V32	0.13112	0.10674	0.07514	0.687
V33	0.08147	0.4649	0.29371	0.15992
V34	0.15084	0.09514	0.63744	0.11658
V35	0.16295	0.63814	0.092	0.10691
V36	0.06874	0.11335	0.39594	0.42196
V37	0.43841	0.12992	0.12179	0.30988
V38	0.36247	0.07057	0.18376	0.38319
V39	0.16705	0.51595	0.13049	0.18651
V40	0.11415	0.72245	0.08485	0.07855
V41	0.05496	0.60472	0.06513	0.27518
V42	0.22425	0.10511	0.20488	0.46576
V43	0.14556	0.34074	0.403	0.1107
V44	0.06682	0.13625	0.58181	0.21512
V45	0.11894	0.53404	0.19538	0.15164
V46	0.64438	0.11473	0.14556	0.09533
V47	0.36668	0.22348	0.281	0.12884
V48	0.6464	0.20371	0.04117	0.10873
V49	0.5846	0.22301	0.03368	0.15872
V50	0.09131	0.73162	0.09148	0.08559
V51	0.26793	0.39172	0.22958	0.11077
V52	0.07312	0.15776	0.65349	0.11563
V53	0.58871	0.16008	0.16426	0.08695
V54	0.34985	0.22402	0.31958	0.10655
V55	0.21225	0.18609	0.2222	0.37946
V56	0.10894	0.10141	0.11334	0.6763
V57	0.11366	0.7536	0.04012	0.09262
V58	0.51786	0.06837	0.08236	0.33142
V59	0.35181	0.4033	0.11923	0.12566
V60	0.15686	0.20598	0.28076	0.3564
V61	0.64173	0.14856	0.04874	0.16097
V62	0.71279	0.0771	0.106	0.10411
V63	0.0544	0.72706	0.11808	0.10046
V64	0.04959	0.74566	0.0221	0.18265
V65	0.08869	0.09587	0.1216	0.69385
V66	0.20089	0.62027	0.04246	0.13637
V67	0.16137	0.33148	0.41182	0.09533
V68	0.1807	0.20058	0.06465	0.55407
V69	0.07007	0.32058	0.48335	0.12599
V70	0.43387	0.19428	0.18551	0.18634
V71	0.18175	0.13913	0.32081	0.35832
V72	0.45822	0.20049	0.11859	0.22271
V73	0.15823	0.55363	0.1368	0.15134
V74	0.09445	0.24644	0.57553	0.08358
V75	0.57128	0.05396	0.20485	0.16991
V76	0.06656	0.22692	0.17914	0.52739
V77	0.09453	0.31596	0.04664	0.54288
V78	0.27266	0.17379	0.18727	0.36628
V79	0.05551	0.15154	0.63354	0.15941
V80	0.30895	0.07776	0.45285	0.16045
V81	0.09583	0.19774	0.61508	0.09135
V82	0.05301	0.11783	0.73481	0.09434
V83	0.16282	0.22769	0.10174	0.50775
V84	0.33711	0.11176	0.1754	0.37572
V85	0.13248	0.3287	0.32811	0.21071
V86	0.09019	0.10822	0.67779	0.12379
V87	0.06891	0.72467	0.06999	0.13643
V88	0.18545	0.13182	0.2463	0.43644
V89	0.08914	0.10101	0.19927	0.61058
V90	0.06156	0.77489	0.0696	0.09394
V91	0.06969	0.65257	0.16925	0.10849
V92	0.38234	0.08288	0.33968	0.1951
V93	0.71957	0.06134	0.04196	0.17713
V94	0.07149	0.43895	0.05128	0.43827
V95	0.23017	0.41891	0.15482	0.1961
V96	0.12617	0.16567	0.07048	0.63769
V97	0.55155	0.14632	0.2086	0.09352
V98	0.55688	0.31323	0.0313	0.09859
V99	0.646	0.09013	0.16751	0.09636
V100	0.11323	0.09097	0.68606	0.10974
V101	0.09325	0.11057	0.05775	0.73843
V102	0.75607	0.09108	0.04744	0.10541
V103	0.08649	0.12342	0.1197	0.67038
V104	0.0627	0.82423	0.02726	0.0858
V105	0.08237	0.79784	0.03391	0.08588
V106	0.13441	0.47765	0.27182	0.11612
V107	0.18778	0.2326	0.45203	0.12758
V108	0.1534	0.66798	0.09985	0.07877
V109	0.06743	0.20977	0.46688	0.25592
V110	0.08369	0.7608	0.05503	0.10049
V111	0.75101	0.04273	0.10767	0.09859
V112	0.15824	0.13267	0.35793	0.35116
V113	0.19934	0.17033	0.18086	0.44947
V114	0.24166	0.11932	0.11251	0.52651
V115	0.04725	0.66684	0.19923	0.08668
V116	0.15687	0.32705	0.30545	0.21063
V117	0.53754	0.27596	0.06425	0.12225
V118	0.16884	0.5318	0.05735	0.24202
V119	0.15547	0.14916	0.08817	0.60721
V120	0.11114	0.12325	0.66454	0.10108
V121	0.47448	0.17633	0.11904	0.23015
V122	0.79057	0.0479	0.0551	0.10644
V123	0.06066	0.48758	0.0697	0.38206
V124	0.5274	0.30756	0.03025	0.1348
V125	0.32092	0.40465	0.17152	0.10291
V126	0.10067	0.2075	0.08587	0.60596
V127	0.18573	0.12304	0.24014	0.45109
V128	0.09919	0.10069	0.13467	0.66544
V129	0.45975	0.25747	0.1684	0.11438
V130	0.04821	0.59001	0.27504	0.08674
V131	0.06087	0.77455	0.02142	0.14316
V132	0.76634	0.04877	0.07085	0.11403
V133	0.74288	0.05887	0.09289	0.10536
V134	0.13647	0.39095	0.13558	0.33701
V135	0.1313	0.10484	0.18501	0.57885
V136	0.22702	0.39999	0.04297	0.33001
V137	0.52267	0.09029	0.24024	0.14681
V138	0.20163	0.3975	0.16988	0.23098
V139	0.29878	0.24572	0.19103	0.26446
V140	0.09815	0.16202	0.08962	0.65022
V141	0.10487	0.20816	0.43041	0.25655
V142	0.64787	0.04861	0.214	0.08952
V143	0.3516	0.29001	0.09499	0.2634
V144	0.18341	0.21159	0.17145	0.43355
V145	0.04055	0.67488	0.1982	0.08637
V146	0.1176	0.10082	0.07699	0.70458
V147	0.74184	0.06749	0.06249	0.12818
V148	0.15396	0.13871	0.46399	0.24334
V149	0.23526	0.48063	0.19696	0.08716
V150	0.11631	0.26993	0.46498	0.14877
V151	0.19582	0.56999	0.05527	0.17892
V152	0.21397	0.42841	0.19668	0.16094
V153	0.12374	0.66342	0.04133	0.17151
V154	0.22076	0.43406	0.23549	0.1097
V155	0.38539	0.1888	0.26017	0.16564
V156	0.08103	0.19186	0.54178	0.18532
V157	0.26911	0.2072	0.27388	0.24981
V158	0.09336	0.09663	0.07028	0.73973
V159	0.71863	0.10807	0.03919	0.13412
V160	0.55628	0.06624	0.10277	0.2747
V161	0.22198	0.09213	0.07678	0.6091
V162	0.11128	0.32686	0.10428	0.45758
V163	0.12348	0.46506	0.16142	0.25004
V164	0.28902	0.3276	0.12167	0.26171
V165	0.07705	0.30127	0.04078	0.58089
V166	0.08388	0.17008	0.10258	0.64346
V167	0.31665	0.07589	0.05509	0.55238
V168	0.24931	0.52717	0.09432	0.1292
V169	0.20463	0.1304	0.08185	0.58312
V170	0.14277	0.0987	0.42803	0.33051
V171	0.14738	0.26752	0.46575	0.11936
V172	0.5848	0.05293	0.26532	0.09695
V173	0.09507	0.20729	0.08063	0.61701
V174	0.08476	0.22474	0.10448	0.58602
V175	0.10681	0.08303	0.62219	0.18796
V176	0.04636	0.71223	0.1547	0.08671
V177	0.04611	0.83862	0.02159	0.09368
V178	0.05127	0.67916	0.03058	0.23899
V179	0.18465	0.08896	0.33063	0.39576
V180	0.06236	0.77461	0.084	0.07903
V181	0.17511	0.18524	0.43272	0.20693
V182	0.26579	0.22059	0.37901	0.13461
V183	0.17587	0.71019	0.0285	0.08545
V184	0.8168	0.03993	0.05038	0.09289
V185	0.46011	0.40843	0.04165	0.08981
V186	0.13746	0.4552	0.22642	0.18092
V187	0.78249	0.0479	0.07037	0.09925
V188	0.11291	0.27542	0.04163	0.57004
V189	0.65375	0.07543	0.05869	0.21214
V190	0.53796	0.06413	0.3017	0.09622
V191	0.18728	0.24034	0.4521	0.12028
V192	0.26164	0.45012	0.07217	0.21607
V193	0.48539	0.09285	0.23309	0.18867
V194	0.06925	0.80253	0.02773	0.10049
V195	0.06015	0.09384	0.7514	0.09461
V196	0.08938	0.14687	0.06132	0.70243
V197	0.35408	0.11821	0.07089	0.45683
V198	0.0958	0.47186	0.30105	0.1313
V199	0.18872	0.10773	0.18397	0.51958
V200	0.14617	0.52398	0.04561	0.28424
V201	0.121	0.51241	0.17225	0.19434
V202	0.06908	0.09423	0.61348	0.22321
V203	0.16771	0.41247	0.31724	0.10257
V204	0.06057	0.50781	0.03751	0.39411
V205	0.06692	0.11671	0.71387	0.1025
V206	0.0898	0.14899	0.66896	0.09225
V207	0.16217	0.24326	0.08755	0.50702
V208	0.23654	0.1232	0.53954	0.10072
V209	0.26076	0.44776	0.08929	0.20218
V210	0.10638	0.67253	0.09944	0.12165
V211	0.36267	0.08773	0.07785	0.47176
V212	0.41969	0.09563	0.37577	0.1089
V213	0.50932	0.09085	0.13898	0.26084
V214	0.28611	0.21369	0.17074	0.32947
V215	0.26906	0.16555	0.06181	0.50357
V216	0.1064	0.09554	0.06953	0.72853
V217	0.08409	0.4682	0.20352	0.24419
V218	0.12483	0.43288	0.16242	0.27987
V219	0.12816	0.57938	0.03784	0.25463
V220	0.05017	0.72479	0.02836	0.19668
V221	0.65404	0.0583	0.04815	0.2395
V222	0.27681	0.18874	0.31238	0.22207
V223	0.05528	0.19256	0.60097	0.15118
V224	0.80595	0.04003	0.06182	0.0922
V225	0.08374	0.76018	0.07086	0.08522
V226	0.27499	0.13766	0.48716	0.1002
V227	0.64001	0.04965	0.20538	0.10497
V228	0.61322	0.11651	0.10157	0.1687
V229	0.06741	0.09348	0.7291	0.11001
V230	0.09228	0.11054	0.06996	0.72723
V231	0.07786	0.31177	0.12717	0.4832
V232	0.08393	0.59451	0.02476	0.29679
V233	0.45219	0.14487	0.20128	0.20167
V234	0.06858	0.78924	0.04797	0.09421
V235	0.32137	0.11765	0.4439	0.11708
V236	0.08937	0.133	0.62556	0.15206
V237	0.18642	0.094	0.08021	0.63938
V238	0.14327	0.50959	0.22426	0.12288
V239	0.10936	0.40584	0.05168	0.43313
V240	0.40384	0.09561	0.36934	0.13121
V241	0.06629	0.08642	0.70149	0.1458
V242	0.13859	0.67001	0.09991	0.09149
V243	0.23011	0.10718	0.51094	0.15176
V244	0.2084	0.0756	0.55628	0.15972
V245	0.47393	0.31306	0.07908	0.13393
V246	0.09438	0.19771	0.60087	0.10705
V247	0.17591	0.08565	0.65235	0.08608
V248	0.09601	0.11669	0.08785	0.69945
V249	0.0515	0.11096	0.69171	0.14583
V250	0.62402	0.05052	0.22758	0.09788
V251	0.77217	0.08193	0.04789	0.098
V252	0.04658	0.73498	0.13989	0.07855
V253	0.31268	0.13901	0.17327	0.37504
V254	0.04598	0.80413	0.06379	0.0861
V255	0.07613	0.78868	0.02086	0.11433
V256	0.18019	0.24912	0.41406	0.15663
V257	0.34876	0.1609	0.22375	0.26659
V258	0.17997	0.29203	0.34441	0.18359
V259	0.07733	0.31128	0.49145	0.11995
V260	0.04907	0.30499	0.55658	0.08937
V261	0.49357	0.09184	0.20376	0.21083
V262	0.14415	0.13415	0.06581	0.65589
V263	0.05486	0.82352	0.02151	0.10012
V264	0.18168	0.1137	0.35959	0.34503
V265	0.10013	0.09314	0.15438	0.65235
V266	0.52379	0.35577	0.03647	0.08396
V267	0.06172	0.23604	0.24952	0.45272
V268	0.33034	0.09648	0.16221	0.41097
V269	0.04846	0.51286	0.31411	0.12458
V270	0.51547	0.08331	0.24028	0.16094
V271	0.63785	0.11485	0.07129	0.17601
V272	0.08503	0.71697	0.03396	0.16404
V273	0.11697	0.1076	0.08247	0.69296
V274	0.56423	0.0551	0.19753	0.18314
V275	0.05402	0.09459	0.75693	0.09445
V276	0.40329	0.35021	0.04219	0.20431
V277	0.09147	0.25735	0.16405	0.48712
V278	0.09523	0.13781	0.26229	0.50467
V279	0.5464	0.11297	0.13727	0.20336
V280	0.09336	0.09663	0.07028	0.73973
V281	0.43935	0.09513	0.1616	0.30392
V282	0.09659	0.13298	0.63313	0.13731
V283	0.19676	0.53014	0.07956	0.19353
V284	0.06225	0.78178	0.06966	0.08631
V285	0.10637	0.08294	0.72421	0.08649
V286	0.21898	0.50507	0.11649	0.15947
V287	0.11317	0.75305	0.03439	0.09938
V288	0.06533	0.30847	0.34351	0.2827
V289	0.24959	0.25429	0.34656	0.14955
V290	0.66897	0.19325	0.04937	0.08841
V291	0.4024	0.12207	0.37476	0.10078
V292	0.76517	0.04934	0.04348	0.14201
V293	0.26933	0.07926	0.52751	0.1239
V294	0.1256	0.37856	0.03489	0.46096
V295	0.07887	0.23439	0.18591	0.50083
V296	0.18215	0.17578	0.48408	0.15799
V297	0.13049	0.09249	0.10639	0.67063
V298	0.26669	0.15427	0.47919	0.09985
V299	0.1159	0.30783	0.05228	0.52399
V300	0.07258	0.11576	0.22081	0.59085
V301	0.1441	0.17079	0.50654	0.17856
V302	0.52424	0.34672	0.03137	0.09767
V303	0.04239	0.54287	0.30488	0.10986
V304	0.09957	0.10029	0.58388	0.21626
V305	0.146	0.2137	0.36982	0.27048
V306	0.64191	0.14024	0.08572	0.13213
V307	0.0546	0.81665	0.03496	0.09378
V308	0.21431	0.26716	0.25608	0.26245
V309	0.28181	0.33419	0.05765	0.32635
V310	0.11483	0.33759	0.15194	0.39564
V311	0.41879	0.45837	0.03324	0.0896
V312	0.11403	0.65151	0.13436	0.10011
V313	0.08066	0.17785	0.06513	0.67636
V314	0.06584	0.45842	0.11907	0.35667
V315	0.1358	0.56597	0.05629	0.24193
V316	0.26869	0.18893	0.32747	0.21491
V317	0.11024	0.62063	0.06256	0.20657
V318	0.08061	0.51722	0.04092	0.36125
V319	0.09625	0.12401	0.66363	0.1161
V320	0.11252	0.19767	0.50481	0.185
V321	0.51578	0.3643	0.03596	0.08396
V322	0.19221	0.33923	0.09438	0.37418
V323	0.11463	0.10731	0.11962	0.65844
V324	0.52229	0.27758	0.09409	0.10605
V325	0.26204	0.57836	0.07273	0.08687
V326	0.05016	0.52035	0.10385	0.32565
V327	0.08438	0.20749	0.12718	0.58096
V328	0.09198	0.10047	0.58425	0.2233
V329	0.18504	0.17906	0.17252	0.46338
V330	0.32878	0.07897	0.30258	0.28968
V331	0.29841	0.15462	0.08282	0.46415
V332	0.08048	0.13192	0.18488	0.60272
V333	0.34686	0.13406	0.33826	0.18082
V334	0.30479	0.08095	0.31682	0.29744
V335	0.06977	0.34691	0.40125	0.18208
V336	0.17202	0.62131	0.04259	0.16407
V337	0.24506	0.39315	0.25141	0.11037
V338	0.0393	0.84636	0.02838	0.08596
V339	0.14525	0.08043	0.68023	0.09409
V340	0.09566	0.26494	0.41279	0.22661
V341	0.09476	0.11679	0.10022	0.68822
V342	0.2325	0.075	0.49742	0.19507
V343	0.79704	0.05539	0.04896	0.09861
V344	0.54174	0.18719	0.18489	0.08618
V345	0.0602	0.09347	0.75901	0.08732
V346	0.21871	0.17781	0.25184	0.35164
V347	0.10635	0.09952	0.14779	0.64634
V348	0.0867	0.58363	0.13613	0.19355
V349	0.28984	0.21267	0.32628	0.17121
V350	0.06189	0.70456	0.15431	0.07924
V351	0.07932	0.11429	0.33581	0.47058
V352	0.09025	0.09263	0.66362	0.15349
V353	0.70479	0.07066	0.07518	0.14937
V354	0.07937	0.61204	0.19325	0.11534
V355	0.24746	0.14088	0.38246	0.2292
V356	0.09949	0.10821	0.12616	0.66615
V357	0.13573	0.34525	0.23739	0.28163
V358	0.42795	0.1626	0.08651	0.32294
V359	0.45462	0.12	0.07323	0.35215
V360	0.43691	0.41868	0.0483	0.09611
V361	0.04419	0.43318	0.43512	0.08751
V362	0.03946	0.84033	0.03434	0.08586
V363	0.17768	0.17833	0.38014	0.26385
V364	0.1681	0.12809	0.53799	0.16582
V365	0.25046	0.10535	0.06113	0.58306
V366	0.10179	0.60463	0.09345	0.20013
V367	0.45073	0.1921	0.0427	0.31447
V368	0.10784	0.64116	0.09302	0.15798
V369	0.05982	0.39215	0.45973	0.0883
V370	0.25467	0.29482	0.33734	0.11317
V371	0.17848	0.63783	0.04762	0.13607
V372	0.18209	0.13328	0.14	0.54463
V373	0.11562	0.20002	0.37779	0.30657
V374	0.63164	0.05853	0.22019	0.08964
V375	0.10394	0.12188	0.15919	0.61499
V376	0.0988	0.11564	0.12597	0.6596
V377	0.63163	0.05217	0.05531	0.2609
V378	0.07209	0.11427	0.34325	0.47039
V379	0.28645	0.24376	0.05054	0.41925
V380	0.17123	0.14883	0.19517	0.48476
V381	0.5784	0.07068	0.12554	0.22539
V382	0.11223	0.09837	0.69542	0.09398
V383	0.66189	0.05638	0.09042	0.19132
V384	0.43738	0.13804	0.15085	0.27373
V385	0.68372	0.06211	0.11343	0.14073
V386	0.27102	0.09312	0.16298	0.47288
V387	0.45655	0.19216	0.19256	0.15873
V388	0.30132	0.34246	0.15107	0.20516
V389	0.3331	0.48971	0.0383	0.13889
V390	0.2562	0.27768	0.37712	0.08899
V391	0.34293	0.16824	0.06009	0.42874
V392	0.33634	0.25833	0.16974	0.23559
V393	0.24309	0.2643	0.29333	0.19928
V394	0.12961	0.27039	0.12687	0.47312
V395	0.20162	0.38967	0.18444	0.22427
V396	0.04695	0.82549	0.02734	0.10021
V397	0.61221	0.13386	0.12888	0.12505
V398	0.35633	0.19158	0.12076	0.33134
V399	0.18168	0.50729	0.14482	0.16621
V400	0.05057	0.53565	0.0814	0.33239
V401	0.07906	0.2074	0.56326	0.15028
V402	0.63928	0.20488	0.06853	0.0873
V403	0.09474	0.10985	0.10645	0.68896
V404	0.1181	0.23678	0.481	0.16412
V405	0.21701	0.11322	0.17652	0.49325
V406	0.4994	0.27807	0.05141	0.17111
V407	0.0393	0.84636	0.02838	0.08596
V408	0.1205	0.28024	0.32326	0.27599
V409	0.08685	0.10444	0.07024	0.73846
V410	0.10649	0.7462	0.04715	0.10016
V411	0.36961	0.0782	0.04741	0.50478
V412	0.17114	0.1463	0.40371	0.27885
V413	0.09237	0.45999	0.16783	0.27982
V414	0.07449	0.47325	0.27174	0.18052
V415	0.35961	0.10099	0.22746	0.31193
V416	0.05986	0.13461	0.71912	0.0864
V417	0.31429	0.56809	0.03018	0.08745
V418	0.12118	0.17453	0.15526	0.54903
V419	0.09295	0.09572	0.07751	0.73382
V420	0.04123	0.76835	0.03445	0.15598
V421	0.16937	0.11136	0.53969	0.17958
V422	0.10953	0.13771	0.06058	0.69217
V423	0.11323	0.09097	0.68606	0.10974
V424	0.05742	0.12847	0.493	0.32112
V425	0.09253	0.27194	0.46526	0.17026
V426	0.12076	0.11425	0.61974	0.14524
V427	0.10287	0.39634	0.17639	0.3244
V428	0.10732	0.6706	0.07159	0.15049
V429	0.09209	0.09613	0.08329	0.72848
V430	0.58572	0.2072	0.0548	0.15228
V431	0.18898	0.10341	0.37665	0.33096
V432	0.14713	0.16516	0.0876	0.60012
V433	0.08893	0.64755	0.024	0.23952
V434	0.29154	0.14791	0.08931	0.47124
V435	0.40899	0.08256	0.14741	0.36104
V436	0.32431	0.08876	0.14164	0.44529
V437	0.22015	0.27042	0.04423	0.4652
V438	0.47444	0.20859	0.06757	0.24941
V439	0.10007	0.16786	0.05922	0.67285
V440	0.39235	0.10836	0.07628	0.423
V441	0.10485	0.19155	0.4683	0.23531
V442	0.26451	0.35353	0.14239	0.23957
V443	0.58622	0.06111	0.12657	0.2261
V444	0.0602	0.09347	0.75901	0.08732
V445	0.49126	0.07507	0.31604	0.11764
V446	0.06888	0.71744	0.07047	0.14321
V447	0.49008	0.15032	0.18564	0.17395
V448	0.08572	0.14744	0.18971	0.57713
V449	0.44447	0.1012	0.2795	0.17484
V450	0.14396	0.74206	0.03477	0.0792
V451	0.75613	0.0916	0.03911	0.11316
V452	0.10167	0.10297	0.10591	0.68945
V453	0.63605	0.1246	0.10058	0.13877
V454	0.03898	0.80337	0.06393	0.09372
V455	0.47571	0.09191	0.28613	0.14625
V456	0.27663	0.1803	0.32783	0.21523
V457	0.08678	0.11114	0.06386	0.73822
V458	0.24151	0.27002	0.04337	0.4451
V459	0.05513	0.6878	0.0997	0.15737
V460	0.77417	0.0485	0.07068	0.10665
V461	0.11766	0.11537	0.06235	0.70462
V462	0.29168	0.28305	0.035	0.39027
V463	0.22119	0.45074	0.15382	0.17425
V464	0.40553	0.16363	0.04524	0.3856
V465	0.32219	0.42116	0.05333	0.20332
V466	0.45649	0.23245	0.04073	0.27033
V467	0.26402	0.52565	0.09465	0.11569
V468	0.39178	0.39908	0.07639	0.13276
V469	0.07579	0.2355	0.24969	0.43902
V470	0.42652	0.17936	0.18584	0.20829
V471	0.24625	0.17493	0.07501	0.50381
V472	0.27384	0.34846	0.03135	0.34635
V473	0.11818	0.50131	0.27848	0.10203
V474	0.15603	0.08896	0.13177	0.62324
V475	0.18119	0.39684	0.09854	0.32342
V476	0.18511	0.10228	0.09656	0.61604
V477	0.47014	0.10036	0.21241	0.21709
V478	0.14498	0.53836	0.03255	0.28412
V479	0.0652	0.151	0.6251	0.1587
V480	0.12	0.33429	0.0748	0.47091
V481	0.1597	0.08709	0.6517	0.1015
V482	0.54127	0.2036	0.13257	0.12256
V483	0.15928	0.17999	0.10517	0.55555
V484	0.09439	0.14658	0.0737	0.68533
V485	0.133	0.64743	0.03487	0.18469
V486	0.23834	0.29769	0.13707	0.32689
V487	0.12707	0.12774	0.11729	0.62789
V488	0.05137	0.0873	0.68759	0.17375
V489	0.20439	0.15784	0.53822	0.09955
V490	0.28136	0.33448	0.09357	0.2906
V491	0.35188	0.45025	0.05888	0.13898
V492	0.06168	0.72613	0.12604	0.08615
V493	0.0942	0.0967	0.05934	0.74977
V494	0.18991	0.20954	0.41585	0.18469
V495	0.2025	0.56009	0.13637	0.10103
V496	0.23857	0.61708	0.02285	0.12151
V497	0.06029	0.08645	0.75873	0.09453
V498	0.2756	0.1732	0.08824	0.46295
V499	0.48233	0.28919	0.13745	0.09103
V500	0.12561	0.18043	0.57204	0.12191
V501	0.08619	0.09637	0.08346	0.73398
V502	0.42673	0.30054	0.15932	0.11342
V503	0.19926	0.17081	0.194	0.43593
V504	0.20822	0.61942	0.03571	0.13665
V505	0.1928	0.26141	0.22569	0.3201
V506	0.11865	0.28835	0.35986	0.23314
V507	0.4756	0.15983	0.14206	0.22251
V508	0.58697	0.20795	0.07484	0.13024
V509	0.21615	0.13439	0.41264	0.23682
V510	0.20422	0.4828	0.22574	0.08724
V511	0.09305	0.41618	0.07126	0.41951
V512	0.23281	0.12828	0.1124	0.52651
V513	0.10088	0.57448	0.18628	0.13836
V514	0.09092	0.13816	0.05679	0.71413
V515	0.59895	0.1178	0.08711	0.19613
V516	0.73995	0.12546	0.03774	0.09686
V517	0.099	0.11388	0.23473	0.55239
V518	0.78823	0.07192	0.04151	0.09834
V519	0.06316	0.74568	0.02802	0.16315
V520	0.08159	0.08624	0.49518	0.337
V521	0.45014	0.10006	0.33163	0.11817
V522	0.0604	0.19518	0.4522	0.29222
V523	0.29403	0.18921	0.23724	0.27952
V524	0.04588	0.67554	0.16999	0.10859
V525	0.23431	0.25588	0.06317	0.44664
V526	0.4993	0.14211	0.10703	0.25157
V527	0.20549	0.1037	0.33786	0.35295
V528	0.11358	0.7439	0.0211	0.12142
V529	0.11339	0.14516	0.21076	0.5307
V530	0.05422	0.24926	0.52575	0.17077
V531	0.05402	0.75664	0.11086	0.07848
V532	0.17892	0.34677	0.0598	0.41451
V533	0.24229	0.36254	0.14189	0.25329
V534	0.06298	0.09509	0.56232	0.27961
V535	0.44792	0.06597	0.05647	0.42964
V536	0.20007	0.08102	0.32275	0.39616
V537	0.46038	0.28293	0.1601	0.09659
V538	0.36893	0.12658	0.11653	0.38796
V539	0.23017	0.41891	0.15482	0.1961
V540	0.18604	0.61318	0.0863	0.11449
V541	0.06686	0.48004	0.08374	0.36936
V542	0.19646	0.19514	0.22913	0.37927
V543	0.70696	0.05421	0.05417	0.18465
V544	0.14266	0.16618	0.17403	0.51713
V545	0.30349	0.20355	0.0992	0.39376
V546	0.07595	0.76106	0.0771	0.0859
V547	0.07142	0.57329	0.26152	0.09377
V548	0.15338	0.66814	0.09287	0.08561
V549	0.28408	0.09491	0.51988	0.10112
V550	0.46963	0.09504	0.04178	0.39355
V551	0.17126	0.64594	0.05352	0.12928
V552	0.05457	0.50021	0.03775	0.40747
V553	0.21067	0.1987	0.48412	0.10651
V554	0.11324	0.15974	0.07186	0.65516
V555	0.12202	0.27287	0.27829	0.32681
V556	0.05231	0.10173	0.72833	0.11762
V557	0.64622	0.08319	0.05208	0.21851
V558	0.09348	0.68111	0.04743	0.17797
V559	0.04602	0.70529	0.16898	0.07971
V560	0.54769	0.32886	0.03174	0.09172
V561	0.05402	0.09459	0.75693	0.09445
V562	0.61606	0.05788	0.14895	0.17711
V563	0.23041	0.07453	0.60139	0.09367
V564	0.09628	0.14088	0.66142	0.10142
V565	0.1434	0.29501	0.30702	0.25457
V566	0.54401	0.15391	0.04351	0.25857
V567	0.20274	0.43477	0.05445	0.30804
V568	0.23542	0.09119	0.09477	0.57862
V569	0.53875	0.08965	0.04083	0.33077
V570	0.06984	0.31201	0.47684	0.14131
V571	0.64718	0.17089	0.03534	0.14658
V572	0.36447	0.07429	0.38593	0.1753
V573	0.11528	0.22907	0.05167	0.60398
V574	0.0703	0.68203	0.15438	0.09329
V575	0.08754	0.16213	0.14287	0.60746
V576	0.15397	0.70095	0.0538	0.09128
V577	0.09943	0.13036	0.20522	0.565
V578	0.09836	0.1413	0.53104	0.22931
V579	0.04718	0.75461	0.09789	0.10032
V580	0.17743	0.09399	0.13764	0.59094
V581	0.12116	0.1512	0.05377	0.67387
V582	0.45081	0.20124	0.06876	0.27919
V583	0.0647	0.12874	0.47058	0.33598
V584	0.40689	0.20342	0.26725	0.12245
V585	0.07186	0.09783	0.37351	0.4568
V586	0.22257	0.08257	0.52733	0.16754
V587	0.24607	0.08184	0.55547	0.11661
V588	0.49352	0.1077	0.06775	0.33102
V589	0.08335	0.70143	0.07826	0.13696
V590	0.07785	0.66611	0.16964	0.0864
V591	0.07433	0.12473	0.19838	0.60256
V592	0.16814	0.10256	0.64362	0.08568
V593	0.46513	0.06295	0.19667	0.27526
V594	0.27766	0.31089	0.28378	0.12767
V595	0.09849	0.1103	0.06934	0.72186
V596	0.08615	0.31514	0.20276	0.39595
V597	0.04093	0.52922	0.27737	0.15247
V598	0.06535	0.1748	0.65876	0.10108
V599	0.4881	0.33672	0.06238	0.1128
V600	0.29097	0.45451	0.07396	0.18056
V601	0.17197	0.30796	0.10369	0.41638
V602	0.09899	0.10977	0.06391	0.72734
V603	0.06998	0.38103	0.04908	0.49991
V604	0.4077	0.17109	0.30473	0.11647
V605	0.10223	0.34635	0.3201	0.23132
V606	0.56437	0.20002	0.04896	0.18666
V607	0.51073	0.07665	0.13816	0.27446
V608	0.20751	0.21817	0.31785	0.25648
V609	0.08149	0.28286	0.21153	0.42413
V610	0.60096	0.07696	0.12564	0.19644
V611	0.26531	0.08753	0.09425	0.55291
V612	0.07391	0.15813	0.62397	0.14399
V613	0.07622	0.34366	0.4606	0.11952
V614	0.59136	0.11803	0.08703	0.20359
V615	0.16486	0.13206	0.05861	0.64447
V616	0.10276	0.62079	0.06306	0.21339
V617	0.38358	0.20562	0.32655	0.08425
V618	0.57644	0.06504	0.04166	0.31686
V619	0.31984	0.10311	0.28799	0.28906
V620	0.04821	0.59001	0.27504	0.08674
V621	0.33975	0.21044	0.17765	0.27216
V622	0.29432	0.25994	0.33145	0.11429
V623	0.08699	0.15463	0.15681	0.60156
V624	0.62966	0.22915	0.03344	0.10776
V625	0.22936	0.46578	0.11005	0.1948
V626	0.78833	0.06365	0.04191	0.1061
V627	0.08265	0.11069	0.10726	0.69939
V628	0.0717	0.26879	0.0587	0.6008
V629	0.14442	0.32023	0.23883	0.29652
V630	0.0766	0.34427	0.45336	0.12578
V631	0.08194	0.24786	0.12353	0.54667
V632	0.46427	0.06317	0.16156	0.31099
V633	0.05106	0.11071	0.6504	0.18782
V634	0.32444	0.29108	0.29375	0.09074
V635	0.06672	0.66389	0.0305	0.23889
V636	0.14415	0.17092	0.49921	0.18572
V637	0.26313	0.24711	0.11179	0.37797
V638	0.30527	0.29209	0.09631	0.30633
V639	0.23611	0.41598	0.2671	0.08081
V640	0.07932	0.20713	0.58434	0.12921
V641	0.70587	0.08652	0.06679	0.14082
V642	0.60003	0.21384	0.03397	0.15216
V643	0.0619	0.24424	0.36032	0.33354
V644	0.73254	0.1169	0.04572	0.10483
V645	0.22917	0.40105	0.26683	0.10295
V646	0.0465	0.84021	0.02753	0.08576
V647	0.15867	0.15338	0.55207	0.13588
V648	0.32789	0.42056	0.14083	0.11072
V649	0.07343	0.13457	0.65488	0.13712
V650	0.09554	0.15721	0.60298	0.14427
V651	0.27695	0.07108	0.55722	0.09475
V652	0.12555	0.16722	0.35684	0.35039
V653	0.13419	0.58682	0.10691	0.17208
V654	0.53979	0.23646	0.08774	0.13601
V655	0.07974	0.52586	0.0467	0.3477
V656	0.20272	0.30451	0.04873	0.44404
V657	0.09599	0.14697	0.06044	0.6966
V658	0.46296	0.24932	0.08806	0.19966
V659	0.27855	0.15755	0.3126	0.2513
V660	0.06118	0.81736	0.02097	0.10049
V661	0.09911	0.41574	0.07905	0.40609
V662	0.33994	0.08386	0.40127	0.17493
V663	0.2218	0.14184	0.45664	0.17973
V664	0.19821	0.13396	0.53817	0.12966
V665	0.53288	0.22883	0.07316	0.16514
V666	0.46408	0.06384	0.13274	0.33935
V667	0.61348	0.11722	0.18102	0.08828
V668	0.12862	0.70055	0.09212	0.07871
V669	0.207	0.40393	0.22133	0.16774
V670	0.09829	0.77969	0.02185	0.10016
V671	0.29375	0.30994	0.23292	0.16338
V672	0.06619	0.10087	0.71541	0.11753
V673	0.20959	0.37291	0.20745	0.21004
V674	0.55755	0.19336	0.05556	0.19352
V675	0.15002	0.34403	0.26723	0.23872
V676	0.09249	0.185	0.12789	0.59461
V677	0.30673	0.39805	0.11239	0.18283
V678	0.41114	0.46012	0.03892	0.08981
V679	0.08449	0.32778	0.4917	0.09602
V680	0.25766	0.50417	0.13796	0.10021
V681	0.71914	0.1083	0.05248	0.12008
V682	0.13041	0.31692	0.4339	0.11876
V683	0.04638	0.83966	0.03453	0.07943
V684	0.5419	0.20441	0.11742	0.13627
V685	0.3862	0.35346	0.13413	0.12622
V686	0.13088	0.23901	0.1562	0.47391
V687	0.09898	0.10349	0.06936	0.72817
V688	0.30394	0.48245	0.02639	0.18723
V689	0.24427	0.08108	0.09033	0.58432
V690	0.37999	0.10689	0.36822	0.1449
V691	0.16833	0.07816	0.65978	0.09373
V692	0.11019	0.19738	0.54914	0.1433
V693	0.21704	0.17748	0.3113	0.29418
V694	0.07717	0.11498	0.26334	0.54451
V695	0.23393	0.08814	0.17069	0.50725
V696	0.1277	0.15867	0.06376	0.64987
V697	0.09101	0.13094	0.0628	0.71526
V698	0.65439	0.05827	0.05448	0.23286
V699	0.43538	0.30865	0.09281	0.16316
V700	0.22899	0.10634	0.05613	0.60855
V701	0.13097	0.48774	0.11701	0.26428
V702	0.42878	0.14467	0.05377	0.37277
V703	0.15679	0.13149	0.39622	0.3155
V704	0.64555	0.09835	0.06618	0.18992
V705	0.78279	0.04198	0.05471	0.12052
V706	0.11221	0.12328	0.60491	0.1596
V707	0.07533	0.41553	0.39064	0.1185
V708	0.06923	0.7476	0.04024	0.14292
V709	0.14806	0.2926	0.41143	0.1479
V710	0.46333	0.24966	0.0804	0.20661
V711	0.10639	0.68677	0.09933	0.10751
V712	0.64536	0.10598	0.04457	0.20409
V713	0.34292	0.32373	0.06407	0.26928
V714	0.0554	0.5965	0.04471	0.30339
V715	0.2545	0.34497	0.26012	0.14041
V716	0.10197	0.1227	0.08774	0.68759
V717	0.09816	0.78642	0.0214	0.09402
V718	0.15197	0.50979	0.16505	0.17319
V719	0.08969	0.6205	0.05599	0.23382
V720	0.55568	0.055	0.23421	0.1551
V721	0.14488	0.2214	0.37787	0.25585
V722	0.12669	0.35581	0.04774	0.46976
V723	0.14922	0.15685	0.05691	0.63702
V724	0.45581	0.09465	0.11752	0.33202
V725	0.05064	0.15894	0.67382	0.11659
V726	0.08484	0.38504	0.13025	0.39987
V727	0.23206	0.58037	0.10122	0.08635
V728	0.06204	0.75405	0.09736	0.08655
V729	0.33831	0.08744	0.17702	0.39724
V730	0.71925	0.07746	0.0832	0.12009
V731	0.07781	0.2513	0.32322	0.34766
V732	0.29402	0.14823	0.30617	0.25158
V733	0.49533	0.23158	0.06598	0.20711
V734	0.21527	0.32131	0.37488	0.08854
V735	0.07667	0.11288	0.39573	0.41472
V736	0.17437	0.09631	0.06034	0.66898
V737	0.27218	0.31211	0.21707	0.19865
V738	0.10942	0.34432	0.35668	0.18958
V739	0.05928	0.09584	0.4868	0.35807
V740	0.66438	0.13003	0.10204	0.10354
V741	0.38203	0.16668	0.14159	0.3097
V742	0.32961	0.55185	0.0373	0.08124
V743	0.14881	0.19456	0.54957	0.10706
V744	0.41352	0.10316	0.30213	0.18119
V745	0.05562	0.60818	0.16334	0.17286
V746	0.81649	0.03986	0.04422	0.09944
V747	0.1011	0.08401	0.56291	0.25199
V748	0.14533	0.17146	0.46199	0.22122
V749	0.24993	0.23098	0.08527	0.43382
V750	0.32824	0.44412	0.04632	0.18132
V751	0.07594	0.74035	0.05474	0.12897
V752	0.36007	0.26628	0.1453	0.22836
V753	0.09362	0.10381	0.05799	0.74459
V754	0.04831	0.79515	0.02125	0.13529
V755	0.16159	0.24644	0.28586	0.30611
V756	0.09709	0.10353	0.08794	0.71144
V757	0.2788	0.5317	0.08083	0.10866
V758	0.07668	0.65802	0.1208	0.1445
V759	0.15195	0.14111	0.3346	0.37234
V760	0.25845	0.13405	0.25413	0.35337
V761	0.09491	0.52093	0.23195	0.15221
V762	0.06303	0.38883	0.04894	0.49921
V763	0.31001	0.36538	0.05668	0.26793
V764	0.04821	0.78891	0.02736	0.13552
V765	0.52213	0.14688	0.03707	0.29392
V766	0.0645	0.34037	0.35019	0.24494
V767	0.37905	0.18235	0.22977	0.20882
V768	0.08229	0.77615	0.04052	0.10104
V769	0.1453	0.71621	0.04691	0.09158
V770	0.0465	0.84021	0.02753	0.08576
V771	0.17508	0.08607	0.63765	0.1012
V772	0.15178	0.11202	0.64278	0.09343
V773	0.16022	0.71892	0.02904	0.09182
V774	0.06697	0.08602	0.72932	0.11769
V775	0.14913	0.12615	0.25396	0.47076
V776	0.33723	0.41199	0.07566	0.17512
V777	0.18515	0.18668	0.15119	0.47698
V778	0.41351	0.30198	0.09357	0.19095
V779	0.18004	0.12109	0.40453	0.29433
V780	0.12283	0.67157	0.12654	0.07905
V781	0.11034	0.11561	0.07516	0.69888
V782	0.0557	0.18416	0.61596	0.14419
V783	0.61604	0.07722	0.08849	0.21826
V784	0.12038	0.76038	0.03396	0.08528
V785	0.06937	0.79601	0.03416	0.10047
V786	0.55675	0.20281	0.11072	0.12972
V787	0.04035	0.72783	0.14585	0.08597
V788	0.39483	0.31906	0.15916	0.12695
V789	0.11151	0.37422	0.05955	0.45473
V790	0.37023	0.10157	0.11127	0.41693
V791	0.14791	0.37631	0.2729	0.20288
V792	0.14767	0.49854	0.03374	0.32005
V793	0.13511	0.58163	0.05576	0.22751
V794	0.08863	0.14961	0.61002	0.15174
V795	0.14949	0.12659	0.09646	0.62746
V796	0.07349	0.14949	0.66857	0.10846
V797	0.60851	0.05259	0.23433	0.10457
V798	0.48184	0.3138	0.09995	0.10441
V799	0.13969	0.66936	0.04733	0.14362
V800	0.11163	0.11062	0.41864	0.35911
V801	0.15823	0.18947	0.28123	0.37107
V802	0.09433	0.16279	0.24518	0.4977
V803	0.20378	0.48243	0.23377	0.08001
V804	0.42078	0.07952	0.34672	0.15297
V805	0.06055	0.08667	0.7655	0.08728
V806	0.07625	0.77488	0.03463	0.11424
V807	0.23657	0.21401	0.07385	0.47556
V808	0.51292	0.29386	0.0718	0.12143
V809	0.08285	0.10834	0.72239	0.08642
V810	0.04651	0.84638	0.02149	0.08562
V811	0.34211	0.14528	0.20212	0.31049
V812	0.42188	0.29224	0.08019	0.20569
V813	0.46138	0.23403	0.1897	0.11489
V814	0.34884	0.49649	0.06682	0.08784
V815	0.03932	0.79051	0.08409	0.08608
V816	0.76739	0.04148	0.09974	0.09139
V817	0.07395	0.14189	0.68234	0.10182
V818	0.08254	0.13197	0.08158	0.70392
V819	0.64961	0.1319	0.08628	0.1322
V820	0.16158	0.17053	0.06892	0.59897
V821	0.20087	0.33115	0.32082	0.14717
V822	0.10511	0.09873	0.68692	0.10924
V823	0.07232	0.24006	0.52388	0.16374
V824	0.11397	0.37434	0.43089	0.08079
V825	0.20519	0.31706	0.2233	0.25444
V826	0.3442	0.40367	0.15723	0.09491
V827	0.30846	0.54564	0.03678	0.10912
V828	0.21229	0.22638	0.12696	0.43437
V829	0.09512	0.28592	0.07324	0.54572
V830	0.21176	0.27244	0.06361	0.45219
V831	0.59831	0.1436	0.06998	0.18811
V832	0.23164	0.39576	0.16237	0.21023
V833	0.15345	0.47168	0.16664	0.20823
V834	0.26155	0.1506	0.11015	0.4777
V835	0.29044	0.43093	0.12513	0.15349
V836	0.05566	0.6026	0.03228	0.30946
V837	0.20221	0.38196	0.17662	0.23921
V838	0.74988	0.08289	0.06939	0.09785
V839	0.25558	0.54899	0.10893	0.0865
V840	0.2518	0.63902	0.02935	0.07983
V841	0.05098	0.11849	0.6926	0.13793
V842	0.29206	0.22217	0.23592	0.24984
V843	0.06481	0.10079	0.68052	0.15387
V844	0.14246	0.16603	0.3198	0.37171
V845	0.10234	0.17367	0.57989	0.14409
V846	0.05485	0.09635	0.59777	0.25102
V847	0.08795	0.09711	0.06483	0.75011
V848	0.11496	0.47388	0.16103	0.25013
V849	0.03904	0.81885	0.0278	0.11431
V850	0.79727	0.04106	0.05526	0.10641
V851	0.28007	0.49484	0.14546	0.07964
V852	0.14661	0.13424	0.14985	0.5693
V853	0.21927	0.2653	0.33119	0.18424
V854	0.45677	0.21856	0.12435	0.20032
V855	0.08795	0.09711	0.06483	0.75011
V856	0.08649	0.36342	0.29039	0.25969
V857	0.51948	0.22198	0.06562	0.19293
V858	0.45107	0.06811	0.38593	0.09488
V859	0.50745	0.26959	0.05186	0.1711
V860	0.19463	0.18535	0.09023	0.52979
V861	0.11467	0.35875	0.43131	0.09528
V862	0.14988	0.15384	0.56695	0.12933
V863	0.20669	0.13684	0.04988	0.60659
V864	0.12182	0.12157	0.09259	0.66402
V865	0.15146	0.09465	0.24793	0.50596
V866	0.57686	0.07135	0.24795	0.10385
V867	0.57696	0.07931	0.24766	0.09608
V868	0.39631	0.30394	0.14292	0.15683
V869	0.05437	0.83285	0.02705	0.08573
V870	0.13495	0.35614	0.05334	0.45556
V871	0.03904	0.81885	0.0278	0.11431
V872	0.07953	0.10859	0.23397	0.5779
V873	0.70467	0.07761	0.0904	0.12732
V874	0.18412	0.68954	0.04744	0.07889
V875	0.07743	0.25042	0.19197	0.48019
V876	0.16291	0.3413	0.33457	0.16122
V877	0.08607	0.39693	0.2506	0.2664
V878	0.13741	0.70628	0.07755	0.07877
V879	0.17956	0.60789	0.06205	0.1505
V880	0.25858	0.50907	0.03164	0.2007
V881	0.16286	0.12118	0.47938	0.23658
V882	0.63167	0.04936	0.15598	0.16298
V883	0.24841	0.23633	0.43104	0.08421
V884	0.08246	0.30888	0.04027	0.56839
V885	0.56132	0.24296	0.10941	0.0863
V886	0.06034	0.37136	0.37203	0.19627
V887	0.49186	0.12625	0.17196	0.20993
V888	0.12867	0.12197	0.58304	0.16632
V889	0.73456	0.09233	0.06089	0.11222
V890	0.08225	0.2082	0.48213	0.22742
V891	0.49093	0.10779	0.27059	0.1307
V892	0.25014	0.23742	0.05197	0.46046
V893	0.44595	0.25112	0.16074	0.14219
V894	0.09867	0.32756	0.4547	0.11907
V895	0.46068	0.12815	0.20194	0.20924
V896	0.06925	0.80253	0.02773	0.10049
V897	0.5361	0.28198	0.03923	0.14269
V898	0.38568	0.07027	0.05269	0.49136
V899	0.0861	0.24887	0.15056	0.51447
V900	0.11151	0.32196	0.29855	0.26798
V901	0.07128	0.71687	0.02837	0.18348
V902	0.07581	0.77495	0.06347	0.08577
V903	0.0495	0.41011	0.41507	0.12532
V904	0.05449	0.83868	0.02121	0.08562
V905	0.17646	0.08494	0.18486	0.55374
V906	0.32756	0.1627	0.12835	0.3814
V907	0.34126	0.48196	0.04593	0.13084
V908	0.08712	0.13197	0.10482	0.67609
V909	0.13875	0.69688	0.02122	0.14316
V910	0.18439	0.08566	0.14484	0.58512
V911	0.40013	0.39125	0.06086	0.14777
V912	0.30949	0.34286	0.13557	0.21209
V913	0.15438	0.09074	0.06227	0.69261
V914	0.17481	0.46003	0.24916	0.116
V915	0.22376	0.08401	0.05813	0.6341
V916	0.2289	0.12417	0.51716	0.12976
V917	0.55382	0.088	0.18203	0.17615
V918	0.07972	0.56034	0.20142	0.15852
V919	0.19148	0.27677	0.25571	0.27603
V920	0.47024	0.24121	0.11682	0.17173
V921	0.09434	0.22295	0.07219	0.61052
V922	0.11859	0.43948	0.31771	0.12422
V923	0.13046	0.10667	0.08731	0.67557
V924	0.07057	0.58925	0.23116	0.10902
V925	0.19258	0.11613	0.06398	0.62731
V926	0.20783	0.1078	0.07607	0.60831
V927	0.09481	0.12332	0.09374	0.68813
V928	0.07555	0.7615	0.02743	0.13553
V929	0.08844	0.56782	0.12891	0.21483
V930	0.39351	0.37603	0.06149	0.16897
V931	0.14798	0.30084	0.40332	0.14786
V932	0.08379	0.18374	0.47577	0.2567
V933	0.46891	0.39253	0.04228	0.09628
V934	0.06999	0.21887	0.24381	0.46734
V935	0.43199	0.2115	0.2057	0.1508
V936	0.40656	0.30208	0.05093	0.24042
V937	0.42033	0.18713	0.113	0.27953
V938	0.31117	0.12092	0.27934	0.28857
V939	0.5864	0.07856	0.10919	0.22585
V940	0.06189	0.68141	0.14149	0.11522
V941	0.05425	0.08678	0.76434	0.09462
V942	0.57058	0.22598	0.09598	0.10745
V943	0.32101	0.18437	0.35858	0.13605
V944	0.07935	0.30311	0.09251	0.52503
V945	0.43219	0.36407	0.04161	0.16212
V946	0.35571	0.28919	0.23399	0.12111
V947	0.12817	0.13657	0.2176	0.51766
V948	0.29171	0.09494	0.50494	0.10842
V949	0.06855	0.18753	0.19596	0.54796
V950	0.09019	0.49167	0.18851	0.22964
V951	0.66101	0.06432	0.17709	0.09758
V952	0.11465	0.20073	0.23658	0.44805
V953	0.06546	0.12642	0.6909	0.11722
V954	0.09327	0.24084	0.15076	0.51513
V955	0.13683	0.5412	0.05192	0.27005
V956	0.0893	0.11148	0.41912	0.38009
V957	0.29434	0.0931	0.04822	0.56434
V958	0.0942	0.0967	0.05934	0.74977
V959	0.20961	0.28901	0.35295	0.14842
V960	0.21479	0.30566	0.10376	0.37579
V961	0.1465	0.38284	0.28877	0.18188
V962	0.29617	0.21995	0.33355	0.15033
V963	0.45524	0.2177	0.16919	0.15787
V964	0.66008	0.08162	0.13188	0.12643
V965	0.09184	0.46877	0.17396	0.26543
V966	0.78959	0.05587	0.04812	0.10642
V967	0.10273	0.12682	0.42609	0.34437
V968	0.04781	0.20846	0.59955	0.14418
V969	0.07333	0.31867	0.07122	0.53678
V970	0.08787	0.19408	0.34772	0.37033
V971	0.39387	0.14781	0.29896	0.15937
V972	0.39419	0.24691	0.08088	0.27802
V973	0.23265	0.41061	0.09746	0.25929
V974	0.0477	0.67434	0.12741	0.15055
V975	0.12366	0.30965	0.47759	0.0891
V976	0.34358	0.28381	0.13087	0.24174
V977	0.26884	0.35969	0.28335	0.08812
V978	0.11772	0.16784	0.10155	0.6129
V979	0.63851	0.06799	0.19589	0.09761
V980	0.81649	0.03986	0.04422	0.09944
V981	0.28718	0.10531	0.36955	0.23796
V982	0.34455	0.39531	0.09843	0.16171
V983	0.546	0.12154	0.04509	0.28737
V984	0.05489	0.71882	0.11143	0.11486
V985	0.12091	0.24476	0.04953	0.5848
V986	0.2675	0.48699	0.07256	0.17295
V987	0.21439	0.66322	0.02209	0.1003
V988	0.2153	0.10046	0.06321	0.62103
V989	0.35101	0.45033	0.09675	0.10191
V990	0.05062	0.12706	0.62048	0.20184
V991	0.5081	0.36446	0.03036	0.09708
V992	0.20336	0.08513	0.43043	0.28109
V993	0.0918	0.63007	0.15581	0.12231
V994	0.17735	0.68294	0.04774	0.09198
V995	0.56635	0.16208	0.06971	0.20187
V996	0.24566	0.18979	0.05503	0.50952
V997	0.06757	0.0945	0.64971	0.18822
V998	0.69154	0.062	0.1057	0.14076
V999	0.128	0.76577	0.02095	0.08528
V1000	0.28021	0.10165	0.04799	0.57015
