CD19B	CD56NK	CD4MemoryT	CD14
V1	0.41277	0.06472	0.22353	0.29897
V2	0.15125	0.13682	0.13509	0.57684
V3	0.08181	0.52226	0.08207	0.31386
V4	0.63502	0.1521	0.09429	0.11859
V5	0.12386	0.41548	0.24492	0.21574
V6	0.09431	0.70612	0.07995	0.11962
V7	0.14564	0.33538	0.14108	0.3779
V8	0.15734	0.06776	0.6397	0.1352
V9	0.20215	0.24729	0.11817	0.43238
V10	0.08148	0.0749	0.69344	0.15019
V11	0.1918	0.32999	0.3715	0.10672
V12	0.07181	0.49362	0.32003	0.11454
V13	0.21984	0.58751	0.07464	0.11801
V14	0.08904	0.73703	0.06822	0.10571
V15	0.12749	0.50078	0.15784	0.21389
V16	0.66442	0.08803	0.11896	0.1286
V17	0.10174	0.70478	0.07415	0.11933
V18	0.41771	0.33318	0.11741	0.13169
V19	0.15	0.66758	0.07158	0.11084
V20	0.15543	0.40901	0.09309	0.34247
V21	0.15611	0.09939	0.61074	0.13376
V22	0.07213	0.14048	0.23288	0.55451
V23	0.31213	0.08555	0.49197	0.11035
V24	0.70079	0.07098	0.12819	0.10004
V25	0.26635	0.24962	0.17749	0.30653
V26	0.2941	0.36267	0.09626	0.24697
V27	0.12177	0.10924	0.11595	0.65304
V28	0.07274	0.08307	0.73628	0.10791
V29	0.3481	0.07452	0.44496	0.13242
V30	0.12093	0.23228	0.27136	0.37543
V31	0.18557	0.21544	0.28519	0.3138
V32	0.10765	0.09027	0.12477	0.67731
V33	0.08358	0.42911	0.31108	0.17622
V34	0.15623	0.08401	0.62507	0.13469
V35	0.15377	0.5922	0.12838	0.12565
V36	0.06694	0.09301	0.41448	0.42557
V37	0.4005	0.12136	0.16578	0.31236
V38	0.33083	0.06063	0.22429	0.38425
V39	0.15625	0.47808	0.16503	0.20064
V40	0.1102	0.67068	0.11977	0.09935
V41	0.05161	0.55878	0.10351	0.2861
V42	0.2025	0.08855	0.24305	0.46589
V43	0.14616	0.31409	0.41007	0.12968
V44	0.07665	0.11921	0.57676	0.22738
V45	0.11516	0.4944	0.22211	0.16832
V46	0.58894	0.11553	0.1907	0.10482
V47	0.34088	0.21037	0.30629	0.14245
V48	0.58759	0.19852	0.09668	0.11722
V49	0.53028	0.2142	0.0884	0.16712
V50	0.08978	0.67756	0.12609	0.10657
V51	0.25088	0.36543	0.25628	0.12741
V52	0.08665	0.14217	0.63603	0.13516
V53	0.54011	0.15685	0.20455	0.09849
V54	0.32615	0.21207	0.34056	0.12121
V55	0.193	0.16789	0.25533	0.38378
V56	0.0898	0.08246	0.15977	0.66797
V57	0.10846	0.69893	0.08041	0.11221
V58	0.47203	0.06072	0.13527	0.33198
V59	0.32356	0.3781	0.15812	0.14022
V60	0.14614	0.18539	0.30689	0.36158
V61	0.58251	0.14455	0.10472	0.16822
V62	0.64664	0.08222	0.15764	0.11351
V63	0.05836	0.67093	0.15013	0.12058
V64	0.04969	0.68878	0.06278	0.19875
V65	0.07179	0.0769	0.16756	0.68375
V66	0.1842	0.5761	0.08563	0.15407
V67	0.16079	0.30559	0.41938	0.11424
V68	0.15585	0.17965	0.11395	0.55054
V69	0.07926	0.29335	0.48285	0.14454
V70	0.39987	0.18252	0.22206	0.19555
V71	0.16933	0.12258	0.34485	0.36323
V72	0.42057	0.1888	0.16172	0.22891
V73	0.1497	0.51328	0.16979	0.16724
V74	0.10347	0.22723	0.56563	0.10367
V75	0.52553	0.05238	0.2439	0.17819
V76	0.05736	0.20241	0.21418	0.52606
V77	0.07766	0.28631	0.0951	0.54093
V78	0.24904	0.15733	0.2242	0.36943
V79	0.07041	0.1355	0.61888	0.17521
V80	0.29191	0.0685	0.46618	0.17341
V81	0.10577	0.18143	0.6018	0.111
V82	0.07106	0.10481	0.7096	0.11452
V83	0.14301	0.20508	0.14536	0.50655
V84	0.30742	0.09869	0.21581	0.37808
V85	0.12838	0.30193	0.34616	0.22353
V86	0.10266	0.09433	0.66083	0.14218
V87	0.06842	0.66897	0.10725	0.15536
V88	0.16863	0.11542	0.27723	0.43872
V89	0.0758	0.08183	0.23741	0.60496
V90	0.06325	0.71652	0.10597	0.11427
V91	0.07164	0.60463	0.19587	0.12785
V92	0.35679	0.07501	0.36359	0.20461
V93	0.65125	0.06498	0.10193	0.18184
V94	0.06067	0.40205	0.09485	0.44244
V95	0.21288	0.38879	0.18947	0.20885
V96	0.10549	0.14636	0.11863	0.62952
V97	0.50793	0.14256	0.24437	0.10514
V98	0.50595	0.29792	0.08712	0.109
V99	0.59241	0.08947	0.21122	0.10689
V100	0.12199	0.08044	0.66929	0.12828
V101	0.07315	0.09295	0.11009	0.72381
V102	0.68431	0.09487	0.10655	0.11427
V103	0.0701	0.10442	0.16386	0.66162
V104	0.0634	0.76359	0.06681	0.10619
V105	0.08071	0.73917	0.07391	0.10621
V106	0.13206	0.4415	0.29162	0.13482
V107	0.18244	0.21542	0.45732	0.14483
V108	0.14731	0.61821	0.13537	0.09912
V109	0.07263	0.18888	0.47268	0.26581
V110	0.08183	0.70516	0.09318	0.11983
V111	0.68228	0.04828	0.16178	0.10766
V112	0.14997	0.11548	0.37829	0.35626
V113	0.17847	0.15118	0.21875	0.45159
V114	0.21436	0.10528	0.15781	0.52255
V115	0.05301	0.61734	0.22215	0.1075
V116	0.15061	0.30048	0.32609	0.22281
V117	0.49068	0.26217	0.11397	0.13319
V118	0.15503	0.49316	0.09885	0.25296
V119	0.13345	0.13044	0.13555	0.60056
V120	0.12097	0.11067	0.64811	0.12024
V121	0.43473	0.16714	0.16267	0.23546
V122	0.71347	0.05627	0.11572	0.11454
V123	0.05347	0.44828	0.11028	0.38797
V124	0.47976	0.29122	0.08351	0.14551
V125	0.2974	0.37907	0.2052	0.11833
V126	0.08278	0.18412	0.13187	0.60124
V127	0.16851	0.10389	0.27398	0.45362
V128	0.081	0.08115	0.18072	0.65713
V129	0.42401	0.24344	0.20511	0.12743
V130	0.05572	0.54533	0.29144	0.10752
V131	0.06002	0.71668	0.06164	0.16166
V132	0.69407	0.05583	0.12831	0.12179
V133	0.67358	0.06382	0.14867	0.11393
V134	0.12385	0.36009	0.17147	0.34458
V135	0.11457	0.08567	0.22403	0.57573
V136	0.20409	0.37019	0.09026	0.33546
V137	0.48254	0.08623	0.27418	0.15706
V138	0.18622	0.36903	0.20279	0.24196
V139	0.27508	0.22819	0.22521	0.27153
V140	0.07999	0.14171	0.13571	0.64259
V141	0.10428	0.1881	0.44107	0.26655
V142	0.59576	0.05136	0.25326	0.09962
V143	0.32007	0.27006	0.14072	0.26914
V144	0.165	0.1896	0.20908	0.43632
V145	0.0488	0.62297	0.221	0.10724
V146	0.09499	0.08538	0.12599	0.69363
V147	0.67281	0.07177	0.11947	0.13595
V148	0.15023	0.12364	0.47312	0.25302
V149	0.22171	0.4474	0.22551	0.10538
V150	0.11932	0.24745	0.46795	0.16528
V151	0.1797	0.52973	0.09682	0.19374
V152	0.19979	0.39783	0.22603	0.17635
V153	0.11415	0.61532	0.08302	0.18751
V154	0.20878	0.40372	0.26026	0.12725
V155	0.35758	0.17726	0.2882	0.17696
V156	0.08852	0.17412	0.53869	0.19867
V157	0.25024	0.1908	0.30133	0.25763
V158	0.07358	0.08077	0.11978	0.72587
V159	0.6505	0.11041	0.09741	0.14168
V160	0.50781	0.06093	0.15458	0.27668
V161	0.19446	0.07605	0.12843	0.60106
V162	0.09599	0.29773	0.14547	0.46081
V163	0.11553	0.43008	0.19292	0.26147
V164	0.26508	0.3041	0.16133	0.2695
V165	0.06246	0.27196	0.08896	0.57662
V166	0.06756	0.14898	0.14649	0.63697
V167	0.2809	0.06348	0.10947	0.54616
V168	0.23063	0.49011	0.13318	0.14608
V169	0.17729	0.11311	0.13231	0.5773
V170	0.13602	0.08266	0.44399	0.33732
V171	0.14802	0.24624	0.46787	0.13787
V172	0.53976	0.05282	0.29934	0.10808
V173	0.07774	0.18368	0.12745	0.61113
V174	0.06962	0.20124	0.14689	0.58224
V175	0.11228	0.06829	0.61748	0.20196
V176	0.05251	0.65834	0.1818	0.10736
V177	0.04965	0.77408	0.06205	0.11422
V178	0.04917	0.6286	0.07112	0.25112
V179	0.17125	0.07385	0.35544	0.39945
V180	0.06348	0.71725	0.11855	0.10072
V181	0.16969	0.16816	0.44339	0.21876
V182	0.25126	0.20546	0.39334	0.14995
V183	0.16388	0.65955	0.07195	0.10461
V184	0.73786	0.04864	0.11286	0.10064
V185	0.4217	0.38382	0.09134	0.10314
V186	0.13105	0.42143	0.25177	0.19575
V187	0.70784	0.05608	0.12873	0.10734
V188	0.09433	0.24895	0.09043	0.56629
V189	0.59464	0.07548	0.11398	0.2159
V190	0.49854	0.0626	0.3307	0.10816
V191	0.18217	0.22247	0.45775	0.13761
V192	0.23986	0.41938	0.11389	0.22686
V193	0.44892	0.08681	0.26755	0.19671
V194	0.06839	0.74334	0.06796	0.12031
V195	0.07702	0.08302	0.72514	0.11482
V196	0.07095	0.12735	0.11071	0.69098
V197	0.31758	0.10652	0.12247	0.45343
V198	0.09798	0.43543	0.31683	0.14975
V199	0.16748	0.09015	0.22355	0.51882
V200	0.13239	0.4856	0.08802	0.29399
V201	0.11532	0.47448	0.20146	0.20874
V202	0.07885	0.07817	0.60779	0.23519
V203	0.16353	0.38218	0.33349	0.12081
V204	0.05184	0.46744	0.08149	0.39923
V205	0.08227	0.10383	0.69156	0.12234
V206	0.10177	0.13438	0.65224	0.11161
V207	0.14194	0.2191	0.13281	0.50615
V208	0.22962	0.11257	0.54029	0.11751
V209	0.23922	0.41684	0.13044	0.21351
V210	0.10269	0.6219	0.13438	0.14103
V211	0.32688	0.07548	0.12922	0.46842
V212	0.39372	0.08927	0.39475	0.12226
V213	0.46688	0.08457	0.18409	0.26446
V214	0.26171	0.19549	0.20849	0.3343
V215	0.2386	0.14803	0.11249	0.50089
V216	0.08474	0.08026	0.11965	0.71536
V217	0.08029	0.43263	0.23087	0.25621
V218	0.11553	0.39926	0.19487	0.29034
V219	0.11557	0.53786	0.08096	0.26562
V220	0.04989	0.66982	0.06848	0.21181
V221	0.59506	0.05664	0.1059	0.2424
V222	0.25845	0.17497	0.33567	0.23091
V223	0.06941	0.17487	0.58801	0.16771
V224	0.72827	0.04777	0.12353	0.10043
V225	0.08204	0.70475	0.10715	0.10606
V226	0.26274	0.12857	0.49229	0.1164
V227	0.58789	0.05202	0.24547	0.11462
V228	0.55867	0.11509	0.15042	0.17582
V229	0.08327	0.0822	0.70518	0.12935
V230	0.0727	0.09314	0.11934	0.71481
V231	0.06673	0.28254	0.16548	0.48524
V232	0.07459	0.55007	0.06969	0.30565
V233	0.41698	0.13597	0.23716	0.20989
V234	0.06859	0.73128	0.08603	0.1141
V235	0.30335	0.10848	0.4562	0.13197
V236	0.09977	0.11843	0.61346	0.16834
V237	0.1602	0.07657	0.1326	0.63062
V238	0.13936	0.47208	0.24765	0.14091
V239	0.0943	0.37256	0.09638	0.43677
V240	0.37841	0.08783	0.38953	0.14423
V241	0.0817	0.07462	0.68087	0.16281
V242	0.13346	0.61983	0.13524	0.11147
V243	0.22184	0.09546	0.51611	0.1666
V244	0.20257	0.06364	0.55847	0.17531
V245	0.43308	0.29432	0.12656	0.14605
V246	0.10454	0.18092	0.58847	0.12608
V247	0.17886	0.07747	0.63908	0.10459
V248	0.07705	0.09869	0.13598	0.68829
V249	0.06838	0.09574	0.67306	0.16282
V250	0.57428	0.05221	0.26515	0.10836
V251	0.69866	0.08691	0.10793	0.10649
V252	0.05258	0.67723	0.16968	0.10051
V253	0.28485	0.12625	0.21203	0.37686
V254	0.05024	0.74242	0.10018	0.10715
V255	0.07385	0.73092	0.06115	0.13409
V256	0.17465	0.22942	0.42453	0.17141
V257	0.32153	0.1482	0.25737	0.27291
V258	0.17292	0.26885	0.36162	0.19661
V259	0.08554	0.28494	0.49048	0.13903
V260	0.06323	0.28007	0.547	0.1097
V261	0.45465	0.08616	0.24192	0.21727
V262	0.12166	0.11577	0.11529	0.64729
V263	0.05632	0.761	0.06274	0.11995
V264	0.1707	0.09681	0.38182	0.35067
V265	0.08287	0.07524	0.19671	0.64518
V266	0.47803	0.3361	0.0895	0.09636
V267	0.05699	0.21098	0.27654	0.4555
V268	0.2993	0.08412	0.20491	0.41167
V269	0.05712	0.47269	0.32666	0.14353
V270	0.47628	0.07843	0.27495	0.17033
V271	0.58011	0.11351	0.12421	0.18218
V272	0.07956	0.66483	0.07487	0.18074
V273	0.09486	0.09093	0.13234	0.68187
V274	0.51936	0.05243	0.23832	0.18989
V275	0.07209	0.08286	0.73015	0.11489
V276	0.36764	0.32731	0.09224	0.21281
V277	0.07951	0.23142	0.20035	0.48871
V278	0.08447	0.11829	0.29207	0.50517
V279	0.50076	0.10667	0.18281	0.20975
V280	0.07358	0.08077	0.11978	0.72587
V281	0.40252	0.08615	0.20468	0.30664
V282	0.10601	0.1194	0.62036	0.15422
V283	0.18031	0.49249	0.12019	0.207
V284	0.06376	0.72381	0.10575	0.10667
V285	0.11831	0.07446	0.70086	0.10636
V286	0.20322	0.47025	0.15207	0.17446
V287	0.10764	0.69852	0.07471	0.11912
V288	0.06681	0.28071	0.36009	0.2924
V289	0.23661	0.23623	0.36279	0.16437
V290	0.60808	0.18993	0.10417	0.09782
V291	0.37662	0.11751	0.39136	0.1145
V292	0.69062	0.05566	0.10488	0.14885
V293	0.25814	0.07273	0.52995	0.13917
V294	0.10685	0.346	0.08514	0.46201
V295	0.06841	0.2101	0.21987	0.50162
V296	0.17748	0.1611	0.48884	0.17257
V297	0.10897	0.07462	0.15391	0.66251
V298	0.25527	0.14299	0.4853	0.11644
V299	0.09824	0.27919	0.09988	0.5227
V300	0.06299	0.09576	0.25574	0.5855
V301	0.14364	0.15488	0.50945	0.19204
V302	0.47813	0.32835	0.0843	0.10922
V303	0.05152	0.50094	0.31832	0.12922
V304	0.10517	0.08448	0.58202	0.22833
V305	0.1398	0.19379	0.38682	0.27958
V306	0.584	0.13703	0.13776	0.1412
V307	0.05618	0.75567	0.07426	0.11389
V308	0.19865	0.24523	0.28428	0.27184
V309	0.25492	0.30984	0.10451	0.33073
V310	0.10303	0.30823	0.18772	0.40102
V311	0.38362	0.43062	0.08241	0.10334
V312	0.1098	0.60358	0.1664	0.12023
V313	0.06436	0.15565	0.11372	0.66627
V314	0.05935	0.42183	0.15505	0.36377
V315	0.12388	0.52512	0.09744	0.25356
V316	0.2513	0.17496	0.34911	0.22464
V317	0.10149	0.57613	0.1022	0.22017
V318	0.07038	0.47701	0.0847	0.3679
V319	0.1076	0.11038	0.64686	0.13516
V320	0.1156	0.1793	0.50711	0.19799
V321	0.47078	0.34399	0.08876	0.09646
V322	0.17219	0.31215	0.13673	0.37893
V323	0.09554	0.09048	0.16488	0.64909
V324	0.47883	0.26366	0.14008	0.11743
V325	0.24326	0.53891	0.11361	0.10422
V326	0.04716	0.47943	0.1391	0.33431
V327	0.06995	0.18442	0.16837	0.57726
V328	0.09856	0.08437	0.58221	0.23486
V329	0.16604	0.15949	0.21035	0.46412
V330	0.30453	0.0679	0.33246	0.2951
V331	0.26685	0.13818	0.13267	0.4623
V332	0.06798	0.11237	0.22232	0.59734
V333	0.32286	0.12508	0.36054	0.19153
V334	0.28288	0.06903	0.34445	0.30364
V335	0.07555	0.31776	0.40993	0.19676
V336	0.15884	0.57659	0.08537	0.1792
V337	0.23158	0.36545	0.27554	0.12744
V338	0.04418	0.78067	0.06836	0.10679
V339	0.15177	0.07197	0.6631	0.11315
V340	0.09731	0.24173	0.42333	0.23764
V341	0.07657	0.09882	0.14645	0.67815
V342	0.22271	0.06334	0.50732	0.20663
V343	0.71951	0.06317	0.11107	0.10625
V344	0.49859	0.18031	0.22252	0.09858
V345	0.07737	0.08284	0.73204	0.10775
V346	0.20016	0.15953	0.28303	0.35728
V347	0.08826	0.08054	0.1915	0.6397
V348	0.08241	0.54078	0.16898	0.20784
V349	0.27152	0.19816	0.34676	0.18356
V350	0.0649	0.65172	0.18235	0.10103
V351	0.07295	0.09353	0.35978	0.47373
V352	0.10156	0.08036	0.64827	0.1698
V353	0.63939	0.07328	0.13089	0.15645
V354	0.08015	0.56705	0.21825	0.13456
V355	0.23305	0.12811	0.40045	0.23839
V356	0.08126	0.09132	0.17018	0.65725
V357	0.12717	0.31707	0.26472	0.29103
V358	0.38905	0.15074	0.1357	0.32451
V359	0.41305	0.10952	0.12557	0.35186
V360	0.40077	0.39335	0.09646	0.10941
V361	0.0563	0.39805	0.43769	0.10796
V362	0.04443	0.77553	0.07335	0.10669
V363	0.16951	0.16015	0.39764	0.2727
V364	0.16711	0.11553	0.53721	0.18015
V365	0.22091	0.08869	0.11361	0.57679
V366	0.09462	0.56155	0.12981	0.21403
V367	0.40927	0.17913	0.09561	0.31599
V368	0.10125	0.59568	0.12876	0.17432
V369	0.0702	0.36078	0.46012	0.10891
V370	0.24171	0.2745	0.35441	0.12937
V371	0.16558	0.59258	0.08885	0.15298
V372	0.15967	0.11625	0.18251	0.54157
V373	0.11147	0.18005	0.39416	0.31432
V374	0.58259	0.05873	0.25865	0.10002
V375	0.08676	0.1041	0.1992	0.60994
V376	0.0808	0.09817	0.16979	0.65124
V377	0.5746	0.04957	0.1132	0.26264
V378	0.06747	0.09336	0.36607	0.4731
V379	0.25619	0.22318	0.10104	0.41959
V380	0.15377	0.13089	0.23134	0.484
V381	0.52758	0.06916	0.17356	0.2297
V382	0.12255	0.0864	0.6774	0.11365
V383	0.60307	0.05622	0.14461	0.19609
V384	0.40036	0.12884	0.19383	0.27697
V385	0.6218	0.06408	0.16569	0.14843
V386	0.24336	0.07979	0.20478	0.47207
V387	0.4212	0.18189	0.22767	0.16924
V388	0.27778	0.31931	0.18755	0.21536
V389	0.3036	0.45708	0.08575	0.15357
V390	0.24422	0.25957	0.39101	0.1052
V391	0.30749	0.15213	0.11202	0.42836
V392	0.30876	0.24075	0.20722	0.24327
V393	0.22841	0.24435	0.31653	0.21071
V394	0.11355	0.24505	0.16673	0.47467
V395	0.18693	0.36088	0.21674	0.23545
V396	0.04981	0.76308	0.06689	0.12022
V397	0.55875	0.13175	0.17414	0.13536
V398	0.32394	0.17741	0.1642	0.33446
V399	0.16931	0.47082	0.17845	0.18142
V400	0.04698	0.49304	0.11906	0.34092
V401	0.08873	0.18809	0.55631	0.16688
V402	0.58213	0.20024	0.12033	0.0973
V403	0.07672	0.09267	0.15171	0.67889
V404	0.12024	0.21697	0.48392	0.17887
V405	0.19265	0.09567	0.21794	0.49374
V406	0.45525	0.26179	0.10323	0.17972
V407	0.04418	0.78067	0.06836	0.10679
V408	0.11605	0.25612	0.3428	0.28503
V409	0.06745	0.08757	0.11998	0.725
V410	0.1024	0.69264	0.08557	0.11939
V411	0.33092	0.06667	0.10354	0.49888
V412	0.16366	0.13021	0.41958	0.28656
V413	0.08557	0.4245	0.19901	0.29091
V414	0.0765	0.43625	0.29152	0.19572
V415	0.33059	0.08951	0.26337	0.31653
V416	0.07633	0.12181	0.69579	0.10607
V417	0.28855	0.53048	0.07732	0.10365
V418	0.10543	0.15397	0.19378	0.54682
V419	0.07288	0.0805	0.12761	0.71901
V420	0.04432	0.70909	0.07333	0.17325
V421	0.16825	0.09687	0.5422	0.19268
V422	0.08813	0.11883	0.11132	0.68171
V423	0.12199	0.08044	0.66929	0.12828
V424	0.06285	0.10992	0.49889	0.32834
V425	0.0974	0.24885	0.46845	0.1853
V426	0.12713	0.09914	0.61214	0.16159
V427	0.09488	0.36393	0.20843	0.33275
V428	0.10057	0.62204	0.10947	0.16792
V429	0.07279	0.08061	0.13205	0.71455
V430	0.53224	0.19902	0.10817	0.16057
V431	0.17748	0.087	0.39791	0.33761
V432	0.12628	0.14619	0.13402	0.59351
V433	0.07988	0.60067	0.06779	0.25165
V434	0.26051	0.13216	0.13783	0.46949
V435	0.37242	0.07393	0.19226	0.36139
V436	0.29222	0.07658	0.18649	0.4447
V437	0.19487	0.24618	0.09408	0.46486
V438	0.4329	0.19572	0.11779	0.2536
V439	0.08099	0.14713	0.10877	0.66311
V440	0.35383	0.0958	0.12905	0.42132
V441	0.10584	0.17287	0.47536	0.24593
V442	0.24393	0.3288	0.1788	0.24847
V443	0.53521	0.05855	0.17585	0.23039
V444	0.07737	0.08284	0.73204	0.10775
V445	0.45642	0.07206	0.34213	0.12939
V446	0.06827	0.66236	0.10777	0.1616
V447	0.45125	0.14283	0.2227	0.18322
V448	0.07386	0.1264	0.22658	0.57316
V449	0.41202	0.09402	0.30898	0.18499
V450	0.13708	0.68873	0.07482	0.09937
V451	0.6846	0.09522	0.09865	0.12152
V452	0.08238	0.08635	0.15195	0.67932
V453	0.57893	0.12327	0.15002	0.14778
V454	0.04441	0.74111	0.09998	0.1145
V455	0.4422	0.08516	0.31562	0.15702
V456	0.25869	0.16688	0.34981	0.22462
V457	0.06739	0.09276	0.11483	0.72502
V458	0.21398	0.24617	0.09407	0.44577
V459	0.05662	0.63635	0.13282	0.17421
V460	0.70119	0.0561	0.12812	0.11458
V461	0.09522	0.09832	0.11337	0.69309
V462	0.26081	0.26032	0.08794	0.39093
V463	0.20608	0.41913	0.18705	0.18774
V464	0.36644	0.15013	0.09867	0.38476
V465	0.29349	0.39221	0.10075	0.21355
V466	0.41455	0.2178	0.09373	0.27392
V467	0.24404	0.48947	0.13356	0.13293
V468	0.35864	0.37375	0.12099	0.14662
V469	0.06952	0.2105	0.27747	0.44251
V470	0.3921	0.1692	0.22243	0.21627
V471	0.21793	0.1567	0.12471	0.50066
V472	0.24558	0.32157	0.08345	0.3494
V473	0.11785	0.46329	0.29718	0.12168
V474	0.13485	0.07239	0.1763	0.61646
V475	0.16396	0.36592	0.13964	0.33047
V476	0.16004	0.08471	0.14636	0.60889
V477	0.43391	0.09348	0.24865	0.22397
V478	0.13015	0.49937	0.07661	0.29388
V479	0.07886	0.13506	0.61141	0.17467
V480	0.10366	0.30493	0.11878	0.47263
V481	0.16458	0.07773	0.63782	0.11988
V482	0.49517	0.19517	0.17565	0.13401
V483	0.13822	0.15995	0.14923	0.55261
V484	0.07577	0.12721	0.1217	0.67532
V485	0.12179	0.60179	0.07642	0.19999
V486	0.21767	0.27444	0.17459	0.3333
V487	0.10798	0.10926	0.16141	0.62135
V488	0.06816	0.07143	0.67133	0.18908
V489	0.19995	0.14459	0.53803	0.11743
V490	0.25603	0.31034	0.13593	0.29771
V491	0.32235	0.42067	0.10365	0.15334
V492	0.06355	0.67097	0.15781	0.10768
V493	0.07359	0.08064	0.11161	0.73415
V494	0.18246	0.19246	0.42755	0.19754
V495	0.18857	0.52087	0.17072	0.11984
V496	0.21979	0.57372	0.06782	0.13867
V497	0.07726	0.07606	0.73194	0.11474
V498	0.24559	0.15557	0.13608	0.46275
V499	0.44419	0.27421	0.17715	0.10444
V500	0.1302	0.1652	0.56444	0.14016
V501	0.06703	0.08081	0.13222	0.71994
V502	0.39367	0.28319	0.19667	0.12648
V503	0.1792	0.15189	0.23067	0.43824
V504	0.19194	0.57473	0.07968	0.15365
V505	0.17824	0.23866	0.25557	0.32754
V506	0.11656	0.2635	0.37591	0.24402
V507	0.43603	0.15063	0.18469	0.22865
V508	0.53453	0.20005	0.12509	0.14033
V509	0.20404	0.12149	0.42838	0.24609
V510	0.19299	0.44976	0.25108	0.10617
V511	0.0802	0.38137	0.11405	0.42438
V512	0.20602	0.11306	0.15783	0.52309
V513	0.09904	0.53205	0.2127	0.15621
V514	0.07161	0.12015	0.10783	0.70041
V515	0.54497	0.11506	0.13871	0.20125
V516	0.67149	0.1275	0.09592	0.10509
V517	0.08631	0.09324	0.26877	0.55168
V518	0.71093	0.07956	0.10319	0.10632
V519	0.0617	0.69004	0.06778	0.18048
V520	0.08312	0.06736	0.5052	0.34432
V521	0.41944	0.09346	0.35595	0.13114
V522	0.06476	0.17451	0.45993	0.3008
V523	0.2718	0.17457	0.26772	0.28591
V524	0.05135	0.62499	0.19583	0.12784
V525	0.20873	0.23287	0.11053	0.44787
V526	0.45657	0.13348	0.15475	0.2552
V527	0.19096	0.08752	0.36252	0.359
V528	0.10713	0.68964	0.06261	0.14062
V529	0.10011	0.12534	0.24508	0.52947
V530	0.06566	0.22636	0.52214	0.18584
V531	0.05846	0.69884	0.14235	0.10035
V532	0.15833	0.3183	0.10454	0.41883
V533	0.22331	0.33625	0.17788	0.26257
V534	0.0706	0.0767	0.56411	0.28859
V535	0.40604	0.05453	0.11201	0.42742
V536	0.18449	0.06442	0.35025	0.40084
V537	0.42444	0.26712	0.19848	0.10996
V538	0.33499	0.11536	0.16172	0.38794
V539	0.21288	0.38879	0.18947	0.20885
V540	0.17281	0.56999	0.12431	0.13289
V541	0.05903	0.44189	0.12337	0.37571
V542	0.1795	0.17598	0.26055	0.38396
V543	0.64185	0.0556	0.11297	0.18959
V544	0.12616	0.14545	0.2122	0.51619
V545	0.27377	0.18563	0.145	0.3956
V546	0.07513	0.70569	0.11244	0.10674
V547	0.07484	0.52987	0.281	0.11429
V548	0.14709	0.61937	0.12795	0.10559
V549	0.27233	0.08694	0.52353	0.1172
V550	0.42463	0.08571	0.09903	0.39062
V551	0.15999	0.60011	0.09325	0.14665
V552	0.04671	0.45981	0.08156	0.41192
V553	0.20367	0.18435	0.48847	0.12351
V554	0.09353	0.14059	0.11998	0.64591
V555	0.11429	0.24797	0.30311	0.33463
V556	0.07	0.08842	0.70528	0.13631
V557	0.58761	0.08134	0.10893	0.22212
V558	0.0875	0.63147	0.08693	0.1941
V559	0.05271	0.65152	0.1945	0.10127
V560	0.49859	0.31208	0.08635	0.10298
V561	0.07209	0.08286	0.73015	0.11489
V562	0.56398	0.05612	0.19623	0.18366
V563	0.22578	0.06647	0.59603	0.11171
V564	0.10763	0.12745	0.64414	0.12077
V565	0.13626	0.27012	0.32886	0.26477
V566	0.49403	0.14618	0.09843	0.26136
V567	0.18245	0.40264	0.09861	0.31629
V568	0.20748	0.07657	0.14383	0.57213
V569	0.48907	0.08154	0.09889	0.3305
V570	0.07855	0.28494	0.47729	0.15921
V571	0.58591	0.16714	0.09288	0.15407
V572	0.34088	0.06546	0.40728	0.18639
V573	0.09568	0.20482	0.10116	0.59834
V574	0.07174	0.6317	0.18284	0.11372
V575	0.07201	0.14179	0.18299	0.60321
V576	0.14735	0.64955	0.0921	0.111
V577	0.08574	0.11166	0.24053	0.56207
V578	0.102	0.12532	0.53243	0.24024
V579	0.05118	0.69681	0.1312	0.12081
V580	0.15463	0.07821	0.18253	0.58463
V581	0.09915	0.13247	0.10505	0.66332
V582	0.41115	0.18791	0.11889	0.28205
V583	0.06799	0.1106	0.47867	0.34273
V584	0.3774	0.19177	0.29505	0.13577
V585	0.06794	0.07821	0.39472	0.45914
V586	0.21599	0.0704	0.53248	0.18114
V587	0.23813	0.0742	0.55454	0.13314
V588	0.44893	0.09847	0.12143	0.33117
V589	0.08005	0.64925	0.11502	0.15568
V590	0.07902	0.61746	0.19592	0.1076
V591	0.06345	0.10513	0.23408	0.59734
V592	0.17211	0.09158	0.632	0.1043
V593	0.42828	0.05585	0.23712	0.27876
V594	0.26094	0.28921	0.30658	0.14327
V595	0.07782	0.09283	0.1194	0.70995
V596	0.07846	0.2858	0.23427	0.40147
V597	0.04908	0.48719	0.29429	0.16944
V598	0.07936	0.16028	0.63959	0.12077
V599	0.44741	0.31756	0.10964	0.12539
V600	0.26663	0.42361	0.11668	0.19308
V601	0.15312	0.281	0.14606	0.41981
V602	0.07813	0.09226	0.11504	0.71457
V603	0.05759	0.34784	0.09431	0.50027
V604	0.37948	0.16287	0.32752	0.13012
V605	0.1002	0.31852	0.33807	0.24321
V606	0.51248	0.19111	0.1037	0.19271
V607	0.46765	0.0718	0.18358	0.27697
V608	0.19405	0.19944	0.34054	0.26597
V609	0.07398	0.25511	0.24222	0.42868
V610	0.54826	0.07622	0.17378	0.20174
V611	0.23498	0.07342	0.14343	0.54816
V612	0.08591	0.1417	0.61156	0.16082
V613	0.08391	0.31525	0.4623	0.13854
V614	0.53786	0.11475	0.13881	0.20858
V615	0.14045	0.11503	0.10934	0.63518
V616	0.09469	0.57654	0.10217	0.2266
V617	0.35929	0.19526	0.34723	0.09821
V618	0.52287	0.06043	0.10035	0.31634
V619	0.29627	0.0902	0.3184	0.29513
V620	0.05572	0.54533	0.29144	0.10752
V621	0.31188	0.1949	0.21441	0.27881
V622	0.27702	0.24344	0.34954	0.13
V623	0.07237	0.13344	0.1967	0.59748
V624	0.57145	0.22216	0.08994	0.11644
V625	0.21192	0.43237	0.14788	0.20782
V626	0.71017	0.07145	0.104	0.11439
V627	0.06598	0.09304	0.1521	0.68888
V628	0.05746	0.24117	0.10617	0.5952
V629	0.13484	0.29308	0.26659	0.30549
V630	0.08404	0.31584	0.45579	0.14433
V631	0.06852	0.22198	0.16432	0.54518
V632	0.42515	0.05529	0.20637	0.31318
V633	0.06638	0.0926	0.63895	0.20207
V634	0.30332	0.27371	0.31702	0.10594
V635	0.06168	0.61508	0.07225	0.25099
V636	0.14318	0.15492	0.50293	0.19898
V637	0.23771	0.22657	0.15508	0.38064
V638	0.27718	0.27092	0.14031	0.31159
V639	0.22417	0.38686	0.29001	0.09895
V640	0.0897	0.18861	0.5743	0.1474
V641	0.64093	0.08853	0.12222	0.14832
V642	0.54488	0.20596	0.08862	0.16055
V643	0.06317	0.2198	0.37651	0.34052
V644	0.66475	0.1192	0.10239	0.11366
V645	0.2172	0.3727	0.28992	0.12018
V646	0.05039	0.77605	0.06679	0.10677
V647	0.15922	0.13934	0.54847	0.15296
V648	0.30221	0.39338	0.17746	0.12695
V649	0.0868	0.11989	0.63849	0.15482
V650	0.10473	0.14175	0.59289	0.16062
V651	0.26688	0.06432	0.55724	0.11156
V652	0.11919	0.1479	0.37655	0.35636
V653	0.12571	0.54567	0.14115	0.18748
V654	0.49201	0.22547	0.13603	0.1465
V655	0.07019	0.48588	0.08874	0.35519
V656	0.17758	0.27886	0.0975	0.44607
V657	0.07656	0.12716	0.11046	0.68581
V658	0.42286	0.23422	0.13559	0.20732
V659	0.25985	0.14316	0.33776	0.25923
V660	0.06161	0.75587	0.06209	0.12042
V661	0.08586	0.3816	0.12118	0.41137
V662	0.31808	0.07592	0.41978	0.18622
V663	0.21113	0.12986	0.46671	0.1923
V664	0.19343	0.12132	0.53884	0.14641
V665	0.48554	0.21753	0.12293	0.17401
V666	0.42416	0.05565	0.18025	0.33994
V667	0.56218	0.11697	0.22133	0.09953
V668	0.12302	0.6499	0.12787	0.09921
V669	0.1933	0.37543	0.24892	0.18235
V670	0.09421	0.7226	0.06395	0.11924
V671	0.27364	0.28861	0.26147	0.17628
V672	0.08221	0.08775	0.69367	0.13637
V673	0.19485	0.34556	0.23736	0.22224
V674	0.50661	0.18473	0.10913	0.19953
V675	0.14323	0.31634	0.29148	0.24896
V676	0.07688	0.16321	0.16965	0.59026
V677	0.28192	0.3717	0.1524	0.19397
V678	0.37699	0.43234	0.08684	0.10383
V679	0.09291	0.30134	0.49011	0.11564
V680	0.24026	0.46951	0.17278	0.11745
V681	0.6517	0.11123	0.1088	0.12826
V682	0.1323	0.29083	0.43918	0.13769
V683	0.05026	0.77519	0.07383	0.10072
V684	0.49552	0.1961	0.1609	0.14748
V685	0.35559	0.33158	0.17186	0.14097
V686	0.1153	0.21639	0.19231	0.47601
V687	0.0782	0.08662	0.11931	0.71587
V688	0.27622	0.44895	0.07594	0.19889
V689	0.21572	0.0667	0.14001	0.57757
V690	0.35655	0.09731	0.38898	0.15716
V691	0.1727	0.06819	0.6464	0.11271
V692	0.11635	0.1799	0.54424	0.1595
V693	0.20181	0.15975	0.3358	0.30264
V694	0.06823	0.09351	0.29473	0.54353
V695	0.20854	0.07407	0.21174	0.50566
V696	0.10634	0.13969	0.11293	0.64104
V697	0.07197	0.11244	0.11292	0.70267
V698	0.5954	0.05653	0.11201	0.23606
V699	0.39825	0.28942	0.13776	0.17457
V700	0.20025	0.08949	0.10953	0.60074
V701	0.12088	0.45201	0.1521	0.275
V702	0.3873	0.13343	0.10714	0.37213
V703	0.14969	0.11555	0.41274	0.32203
V704	0.58763	0.09508	0.12218	0.19511
V705	0.70709	0.04833	0.11647	0.12811
V706	0.11886	0.10915	0.59713	0.17486
V707	0.08164	0.38184	0.39892	0.1376
V708	0.06836	0.69129	0.07873	0.16162
V709	0.14654	0.26931	0.41993	0.16422
V710	0.4232	0.23461	0.12841	0.21378
V711	0.10266	0.6357	0.13474	0.1269
V712	0.58648	0.10163	0.10286	0.20904
V713	0.31177	0.30141	0.11145	0.27537
V714	0.05065	0.55129	0.08477	0.31329
V715	0.23957	0.32062	0.28453	0.15528
V716	0.08232	0.10534	0.13489	0.67744
V717	0.09427	0.72887	0.06345	0.11341
V718	0.1444	0.47265	0.19521	0.18774
V719	0.08214	0.57629	0.09494	0.24663
V720	0.51264	0.05291	0.27035	0.16409
V721	0.13925	0.2014	0.39375	0.2656
V722	0.10807	0.32545	0.09534	0.47114
V723	0.1265	0.13853	0.10667	0.62829
V724	0.4164	0.08602	0.16485	0.33272
V725	0.06748	0.1431	0.65433	0.1351
V726	0.07508	0.35322	0.16605	0.40565
V727	0.21651	0.54053	0.13828	0.10468
V728	0.06363	0.69774	0.13127	0.10736
V729	0.30749	0.0771	0.21733	0.39808
V730	0.65175	0.08159	0.13854	0.12812
V731	0.07537	0.22683	0.34328	0.35452
V732	0.27369	0.13511	0.33243	0.25877
V733	0.45168	0.21906	0.11577	0.21349
V734	0.20718	0.2987	0.38809	0.10602
V735	0.07421	0.09232	0.41465	0.41882
V736	0.14781	0.07885	0.11431	0.65903
V737	0.25303	0.29016	0.24687	0.20995
V738	0.10941	0.3165	0.37027	0.20383
V739	0.06325	0.07744	0.49535	0.36396
V740	0.60452	0.12963	0.15255	0.1133
V741	0.34925	0.15374	0.18385	0.31316
V742	0.30259	0.51627	0.0837	0.09744
V743	0.1523	0.17931	0.54343	0.12496
V744	0.38528	0.09487	0.32861	0.19125
V745	0.05781	0.56163	0.1917	0.18886
V746	0.73608	0.04852	0.10819	0.10721
V747	0.10508	0.06645	0.5662	0.26227
V748	0.1424	0.15459	0.47074	0.23226
V749	0.22359	0.20996	0.13237	0.43408
V750	0.29866	0.41422	0.09398	0.19313
V751	0.07453	0.68533	0.09262	0.14752
V752	0.33076	0.24879	0.18369	0.23676
V753	0.07333	0.08674	0.11029	0.72964
V754	0.0501	0.73516	0.06101	0.15372
V755	0.15156	0.22429	0.31025	0.31391
V756	0.07764	0.08646	0.13591	0.69999
V757	0.2573	0.49495	0.1226	0.12515
V758	0.07584	0.6088	0.15331	0.16204
V759	0.14323	0.12356	0.35658	0.37664
V760	0.23835	0.11893	0.2852	0.35753
V761	0.09492	0.48196	0.25421	0.1689
V762	0.05205	0.35507	0.09349	0.49939
V763	0.28169	0.33984	0.10416	0.27432
V764	0.05039	0.72866	0.06747	0.15349
V765	0.47367	0.1389	0.09249	0.29495
V766	0.06704	0.31193	0.36502	0.256
V767	0.35106	0.17102	0.26065	0.21726
V768	0.08026	0.71939	0.08013	0.12021
V769	0.13861	0.66397	0.08628	0.11115
V770	0.05039	0.77605	0.06679	0.10677
V771	0.1778	0.07722	0.62541	0.11958
V772	0.15718	0.10018	0.63052	0.11212
V773	0.15	0.66758	0.07158	0.11084
V774	0.08305	0.07513	0.70532	0.1365
V775	0.13601	0.10669	0.28476	0.47254
V776	0.30824	0.38471	0.11988	0.18717
V777	0.16527	0.16678	0.19034	0.47761
V778	0.37877	0.28314	0.13809	0.2
V779	0.17135	0.1043	0.42203	0.30232
V780	0.11873	0.62268	0.15882	0.09977
V781	0.08868	0.09776	0.12454	0.68902
V782	0.07013	0.16775	0.60146	0.16066
V783	0.56023	0.07593	0.14168	0.22217
V784	0.11416	0.70588	0.07441	0.10556
V785	0.06871	0.73704	0.07384	0.12041
V786	0.50841	0.19479	0.15592	0.14088
V787	0.04766	0.67018	0.17457	0.10759
V788	0.36421	0.29928	0.19587	0.14065
V789	0.09594	0.34256	0.10397	0.45753
V790	0.33475	0.08997	0.15944	0.41584
V791	0.14236	0.34658	0.29507	0.21599
V792	0.13234	0.46095	0.0794	0.32731
V793	0.12364	0.54033	0.09658	0.23945
V794	0.09874	0.13455	0.59872	0.16798
V795	0.12801	0.10856	0.14334	0.62009
V796	0.08727	0.13568	0.64921	0.12784
V797	0.56116	0.05311	0.27078	0.11494
V798	0.4428	0.29695	0.14383	0.11642
V799	0.13048	0.62159	0.08725	0.16069
V800	0.10756	0.09317	0.43457	0.3647
V801	0.14727	0.16988	0.30699	0.37586
V802	0.0842	0.14115	0.27584	0.49881
V803	0.19321	0.4494	0.25821	0.09918
V804	0.3925	0.07407	0.36895	0.16447
V805	0.07759	0.07627	0.73815	0.108
V806	0.07433	0.71771	0.074	0.13396
V807	0.20976	0.1933	0.12256	0.47438
V808	0.46875	0.27788	0.12044	0.13294
V809	0.09754	0.09517	0.70056	0.10673
V810	0.05023	0.78132	0.06183	0.10662
V811	0.31311	0.1329	0.23878	0.3152
V812	0.38562	0.2738	0.12674	0.21385
V813	0.42555	0.22323	0.22306	0.12816
V814	0.32118	0.46476	0.11065	0.1034
V815	0.04507	0.72982	0.11792	0.10719
V816	0.69579	0.04769	0.15646	0.10006
V817	0.08798	0.12793	0.66247	0.12162
V818	0.06556	0.11284	0.13015	0.69146
V819	0.59088	0.12976	0.13793	0.14142
V820	0.13851	0.15188	0.11704	0.59257
V821	0.19044	0.30626	0.33945	0.16385
V822	0.11619	0.08628	0.66924	0.12829
V823	0.08157	0.21885	0.52043	0.17916
V824	0.118	0.34542	0.43574	0.10084
V825	0.19064	0.29273	0.25218	0.26445
V826	0.31735	0.37783	0.19405	0.11077
V827	0.28299	0.50915	0.08308	0.12478
V828	0.18902	0.20572	0.16908	0.43618
V829	0.07947	0.25785	0.11879	0.54388
V830	0.18648	0.24874	0.11054	0.45425
V831	0.54479	0.13814	0.1228	0.19426
V832	0.21413	0.36768	0.19637	0.22182
V833	0.14481	0.43621	0.19802	0.22096
V834	0.23333	0.13413	0.15588	0.47666
V835	0.26867	0.40208	0.16123	0.16803
V836	0.05019	0.5563	0.07467	0.31885
V837	0.18706	0.35388	0.20966	0.2494
V838	0.67985	0.08724	0.12647	0.10645
V839	0.23779	0.51213	0.14576	0.10433
V840	0.2331	0.59454	0.07452	0.09784
V841	0.06797	0.10397	0.67248	0.15558
V842	0.27085	0.20576	0.26587	0.25752
V843	0.08028	0.08631	0.66287	0.17054
V844	0.13263	0.14719	0.34326	0.37692
V845	0.10993	0.15793	0.57195	0.16019
V846	0.06597	0.07847	0.59442	0.26114
V847	0.06854	0.08111	0.11566	0.73469
V848	0.1071	0.4386	0.19262	0.26168
V849	0.04342	0.75571	0.06709	0.13378
V850	0.7202	0.0484	0.11692	0.11447
V851	0.26145	0.46147	0.17963	0.09745
V852	0.12675	0.11568	0.19167	0.5659
V853	0.20647	0.2454	0.35108	0.19704
V854	0.41887	0.2063	0.16619	0.20865
V855	0.06854	0.08111	0.11566	0.73469
V856	0.08398	0.33312	0.31219	0.27071
V857	0.47347	0.21024	0.1164	0.19989
V858	0.42208	0.06404	0.4055	0.10839
V859	0.46243	0.2538	0.10413	0.17965
V860	0.1696	0.16525	0.1373	0.52785
V861	0.11777	0.33093	0.43673	0.11457
V862	0.15295	0.13987	0.56022	0.14696
V863	0.17856	0.11944	0.10257	0.59943
V864	0.10169	0.10365	0.1395	0.65516
V865	0.13686	0.07687	0.28048	0.50578
V866	0.53279	0.07046	0.28184	0.11491
V867	0.53322	0.07833	0.28169	0.10676
V868	0.36522	0.28566	0.17991	0.16922
V869	0.0565	0.77067	0.06669	0.10614
V870	0.11691	0.32532	0.09999	0.45778
V871	0.04342	0.75571	0.06709	0.13378
V872	0.0695	0.08765	0.26764	0.57522
V873	0.63837	0.08135	0.14488	0.1354
V874	0.17238	0.6417	0.08746	0.09846
V875	0.06832	0.22494	0.22501	0.48173
V876	0.15798	0.31504	0.35074	0.17624
V877	0.08314	0.36486	0.27468	0.27731
V878	0.13205	0.6546	0.11422	0.09913
V879	0.16644	0.56415	0.10275	0.16667
V880	0.23504	0.47357	0.0788	0.21258
V881	0.15948	0.10551	0.48816	0.24685
V882	0.57815	0.0493	0.20219	0.17035
V883	0.23882	0.22119	0.43891	0.10108
V884	0.06714	0.27903	0.08874	0.56509
V885	0.51413	0.23386	0.15391	0.0981
V886	0.06608	0.33975	0.38364	0.21053
V887	0.45123	0.12109	0.21142	0.21626
V888	0.13235	0.10614	0.58002	0.18149
V889	0.66634	0.09526	0.11809	0.12031
V890	0.08581	0.1883	0.48735	0.23854
V891	0.45426	0.10199	0.30097	0.14278
V892	0.22163	0.21588	0.10231	0.46019
V893	0.4109	0.23663	0.1989	0.15356
V894	0.10355	0.30057	0.45755	0.13832
V895	0.42434	0.12144	0.23736	0.21687
V896	0.06839	0.74334	0.06796	0.12031
V897	0.48742	0.26656	0.09364	0.15238
V898	0.34655	0.06027	0.10703	0.48615
V899	0.07288	0.2236	0.18779	0.51573
V900	0.10765	0.29451	0.32029	0.27755
V901	0.06723	0.6641	0.06927	0.1994
V902	0.07491	0.71725	0.10136	0.10649
V903	0.05999	0.37583	0.42028	0.14391
V904	0.05634	0.77572	0.06213	0.1058
V905	0.15574	0.06936	0.22442	0.55049
V906	0.29649	0.14792	0.17236	0.38322
V907	0.31157	0.45075	0.09232	0.14536
V908	0.0703	0.11318	0.14941	0.66711
V909	0.12879	0.64688	0.06417	0.16016
V910	0.16119	0.07046	0.18891	0.57944
V911	0.36616	0.36626	0.10742	0.16016
V912	0.28525	0.32	0.17275	0.222
V913	0.12971	0.07316	0.11544	0.68168
V914	0.16707	0.42654	0.27228	0.1341
V915	0.19486	0.06841	0.11158	0.62514
V916	0.22116	0.11272	0.52034	0.14577
V917	0.50901	0.08428	0.22237	0.18433
V918	0.07964	0.51869	0.22629	0.17539
V919	0.17841	0.25336	0.2833	0.28492
V920	0.43136	0.22825	0.15915	0.18123
V921	0.07666	0.19938	0.11819	0.60577
V922	0.11895	0.40485	0.33279	0.1434
V923	0.10798	0.09001	0.13592	0.66609
V924	0.0738	0.54491	0.25282	0.12847
V925	0.16549	0.10047	0.11427	0.61977
V926	0.18	0.09171	0.12757	0.60073
V927	0.07654	0.10489	0.14011	0.67846
V928	0.07365	0.7042	0.0684	0.15375
V929	0.08279	0.52695	0.1623	0.22796
V930	0.35922	0.35174	0.1088	0.18023
V931	0.14656	0.27656	0.41277	0.16411
V932	0.08671	0.1641	0.48242	0.26676
V933	0.42906	0.36968	0.09247	0.10879
V934	0.06345	0.19438	0.27252	0.46965
V935	0.39915	0.1994	0.23865	0.16281
V936	0.37029	0.28202	0.10204	0.24565
V937	0.38399	0.17532	0.15766	0.28304
V938	0.28778	0.10696	0.31065	0.29461
V939	0.53477	0.07647	0.15894	0.22982
V940	0.06392	0.6297	0.1719	0.13448
V941	0.07246	0.07635	0.73628	0.11492
V942	0.52087	0.21811	0.14317	0.11786
V943	0.30058	0.17305	0.37616	0.1502
V944	0.06658	0.27354	0.1359	0.52398
V945	0.39382	0.34082	0.09244	0.17292
V946	0.33039	0.27136	0.26294	0.13531
V947	0.11381	0.11751	0.25131	0.51736
V948	0.27856	0.0872	0.51028	0.12397
V949	0.05857	0.16522	0.23041	0.54581
V950	0.08585	0.45487	0.21763	0.24164
V951	0.60493	0.06762	0.21974	0.10771
V952	0.10345	0.17871	0.26676	0.45108
V953	0.08094	0.11245	0.67087	0.13574
V954	0.07926	0.21708	0.18779	0.51586
V955	0.12352	0.50185	0.0945	0.28013
V956	0.08677	0.09199	0.43559	0.38565
V957	0.25991	0.07968	0.10358	0.55683
V958	0.07359	0.08064	0.11161	0.73415
V959	0.1992	0.26744	0.36907	0.16429
V960	0.1923	0.28039	0.1469	0.3804
V961	0.14127	0.35335	0.30941	0.19596
V962	0.27786	0.20522	0.35267	0.16425
V963	0.41887	0.20626	0.2065	0.16837
V964	0.60218	0.08211	0.17943	0.13628
V965	0.08548	0.43323	0.20463	0.27666
V966	0.71219	0.06314	0.11037	0.11429
V967	0.10048	0.10717	0.4417	0.35065
V968	0.06275	0.18923	0.58696	0.16106
V969	0.06047	0.28831	0.11617	0.53506
V970	0.08387	0.17352	0.36663	0.37598
V971	0.36599	0.13923	0.32395	0.17083
V972	0.35951	0.22987	0.12835	0.28227
V973	0.21265	0.38073	0.13875	0.26788
V974	0.05176	0.62219	0.15822	0.16783
V975	0.12696	0.28561	0.47861	0.10883
V976	0.31495	0.26499	0.17054	0.24952
V977	0.25366	0.3355	0.30562	0.10522
V978	0.09928	0.14786	0.14567	0.60719
V979	0.5862	0.07	0.23618	0.10762
V980	0.73608	0.04852	0.10819	0.10721
V981	0.26927	0.09385	0.39043	0.24645
V982	0.31493	0.36939	0.14102	0.17466
V983	0.49644	0.11447	0.10018	0.28891
V984	0.05797	0.66381	0.14351	0.13471
V985	0.10115	0.22003	0.0983	0.58053
V986	0.24597	0.45341	0.11439	0.18623
V987	0.19834	0.61659	0.06683	0.11824
V988	0.188	0.0831	0.11542	0.61347
V989	0.32363	0.42145	0.13781	0.11712
V990	0.06448	0.11143	0.60907	0.21502
V991	0.46371	0.34456	0.08253	0.10919
V992	0.19222	0.0704	0.44795	0.28942
V993	0.09038	0.58325	0.18517	0.1412
V994	0.16601	0.63506	0.08788	0.11105
V995	0.51553	0.15506	0.12184	0.20757
V996	0.2166	0.17095	0.1058	0.50665
V997	0.07981	0.07969	0.6385	0.202
V998	0.62918	0.06393	0.15848	0.14841
V999	0.12086	0.70964	0.06405	0.10545
V1000	0.2475	0.0866	0.10298	0.56292
