CD19B	CD56NK	CD4MemoryT	CD14
V1	0.4374	0.07987	0.18189	0.30084
V2	0.17675	0.15921	0.09447	0.56957
V3	0.09482	0.54659	0.05527	0.30332
V4	0.67663	0.14638	0.05075	0.12623
V5	0.13121	0.4421	0.21948	0.20721
V6	0.09942	0.72975	0.06034	0.1105
V7	0.16241	0.35945	0.10842	0.36972
V8	0.15028	0.10188	0.6193	0.12855
V9	0.22484	0.26818	0.08009	0.42689
V10	0.07006	0.11128	0.67649	0.14216
V11	0.1955	0.35423	0.34927	0.101
V12	0.06918	0.52294	0.30334	0.10454
V13	0.23207	0.60644	0.04983	0.11165
V14	0.09385	0.75947	0.0508	0.09588
V15	0.1369	0.52483	0.13311	0.20516
V16	0.70896	0.08107	0.0738	0.13616
V17	0.10717	0.72768	0.05496	0.1102
V18	0.44149	0.34289	0.08407	0.13155
V19	0.15833	0.6883	0.05085	0.10251
V20	0.1728	0.43049	0.06213	0.33458
V21	0.14992	0.13139	0.59138	0.12732
V22	0.09009	0.17073	0.19537	0.5438
V23	0.31811	0.10699	0.46506	0.10985
V24	0.74616	0.06349	0.08154	0.10881
V25	0.28498	0.26855	0.1436	0.30287
V26	0.31522	0.37725	0.06316	0.24437
V27	0.14919	0.13021	0.07528	0.64532
V28	0.0601	0.12042	0.7192	0.10028
V29	0.35814	0.09325	0.41639	0.13222
V30	0.13372	0.26	0.23912	0.36716
V31	0.19926	0.24064	0.2527	0.3074
V32	0.13647	0.11234	0.08324	0.66795
V33	0.08442	0.45794	0.29046	0.16717
V34	0.1497	0.11642	0.60566	0.12821
V35	0.16157	0.61461	0.10681	0.11701
V36	0.07461	0.12929	0.38062	0.41548
V37	0.42739	0.13231	0.1266	0.31369
V38	0.3546	0.0792	0.18303	0.38317
V39	0.16589	0.50199	0.13952	0.1926
V40	0.11465	0.69312	0.10199	0.09024
V41	0.06045	0.58516	0.07915	0.27524
V42	0.22309	0.11459	0.20251	0.45981
V43	0.14493	0.34178	0.39164	0.12165
V44	0.07162	0.15517	0.55359	0.21963
V45	0.11996	0.52072	0.19999	0.15934
V46	0.62229	0.11441	0.15175	0.11155
V47	0.35544	0.22593	0.27742	0.1412
V48	0.62439	0.19635	0.0557	0.12356
V49	0.56555	0.21507	0.04887	0.17051
V50	0.09288	0.70238	0.10805	0.09668
V51	0.26102	0.38557	0.23091	0.1225
V52	0.07705	0.17617	0.62029	0.12649
V53	0.56867	0.15906	0.16929	0.10299
V54	0.33818	0.2279	0.31348	0.12044
V55	0.21092	0.1924	0.21915	0.37753
V56	0.11573	0.10934	0.11725	0.65769
V57	0.11425	0.72241	0.06045	0.10289
V58	0.50443	0.07122	0.08947	0.33488
V59	0.34039	0.39302	0.12902	0.13757
V60	0.15789	0.21327	0.27431	0.35453
V61	0.62107	0.14417	0.06105	0.17371
V62	0.68813	0.07563	0.1159	0.12034
V63	0.05888	0.69896	0.13194	0.11022
V64	0.05481	0.71477	0.04356	0.18687
V65	0.0962	0.10439	0.12551	0.6739
V66	0.19732	0.59628	0.06106	0.14534
V67	0.16007	0.33225	0.40057	0.1071
V68	0.18194	0.2003	0.07496	0.54279
V69	0.07394	0.32486	0.46557	0.13563
V70	0.42128	0.19534	0.18759	0.19579
V71	0.18182	0.15072	0.31069	0.35677
V72	0.44563	0.19862	0.12507	0.23068
V73	0.15743	0.53721	0.14613	0.15923
V74	0.09654	0.25721	0.54986	0.09639
V75	0.55368	0.05994	0.20404	0.18235
V76	0.07314	0.23126	0.17943	0.51617
V77	0.09931	0.31094	0.05879	0.53096
V78	0.26807	0.1785	0.18755	0.36587
V79	0.06044	0.17007	0.60198	0.16751
V80	0.29958	0.09323	0.43593	0.17126
V81	0.09766	0.21237	0.58567	0.1043
V82	0.05855	0.14041	0.69394	0.1071
V83	0.16487	0.22776	0.1085	0.49886
V84	0.32964	0.11833	0.17596	0.37607
V85	0.13358	0.33059	0.32024	0.21559
V86	0.09277	0.13027	0.64233	0.13463
V87	0.07197	0.69552	0.08798	0.14452
V88	0.18611	0.14181	0.24097	0.43111
V89	0.09559	0.11193	0.19695	0.59554
V90	0.06526	0.74191	0.08851	0.10432
V91	0.07247	0.6321	0.1769	0.11853
V92	0.37162	0.0949	0.32981	0.20367
V93	0.69641	0.0597	0.05431	0.18957
V94	0.07681	0.42831	0.06409	0.43079
V95	0.22569	0.41047	0.16085	0.20298
V96	0.13165	0.16801	0.07918	0.62116
V97	0.5331	0.1482	0.20964	0.10906
V98	0.53785	0.30066	0.04845	0.11304
V99	0.6239	0.09118	0.17188	0.11303
V100	0.11429	0.11435	0.64976	0.1216
V101	0.10093	0.11585	0.06712	0.71611
V102	0.73073	0.08673	0.06064	0.12189
V103	0.09409	0.13002	0.12388	0.65201
V104	0.06666	0.78646	0.05046	0.09642
V105	0.08428	0.76281	0.05622	0.09668
V106	0.13452	0.46845	0.2711	0.12593
V107	0.18512	0.24068	0.43583	0.13838
V108	0.15206	0.64183	0.11535	0.09076
V109	0.07234	0.2218	0.448	0.25786
V110	0.08561	0.72938	0.07446	0.11054
V111	0.7249	0.04271	0.11695	0.11544
V112	0.15948	0.14611	0.34466	0.34975
V113	0.199	0.17608	0.18111	0.44381
V114	0.24025	0.12467	0.1166	0.51849
V115	0.05207	0.64472	0.20567	0.09754
V116	0.15651	0.328	0.29961	0.21588
V117	0.52028	0.26681	0.07707	0.13585
V118	0.16838	0.51537	0.07157	0.24468
V119	0.15878	0.15261	0.09532	0.59328
V120	0.11206	0.14334	0.63119	0.11342
V121	0.46131	0.17577	0.12512	0.23781
V122	0.76372	0.04566	0.06751	0.12312
V123	0.0662	0.47521	0.08162	0.37697
V124	0.51044	0.2958	0.04659	0.14717
V125	0.31099	0.39564	0.1778	0.11556
V126	0.10582	0.20884	0.09375	0.59159
V127	0.18629	0.13296	0.23542	0.44533
V128	0.10533	0.1088	0.13842	0.64745
V129	0.44495	0.25354	0.17348	0.12803
V130	0.05304	0.57378	0.27535	0.09782
V131	0.06471	0.74126	0.04361	0.15041
V132	0.74081	0.04744	0.08162	0.13013
V133	0.71708	0.05705	0.10425	0.12163
V134	0.1381	0.38456	0.1417	0.33564
V135	0.13593	0.11463	0.1836	0.56585
V136	0.22403	0.38883	0.0573	0.32984
V137	0.50642	0.09671	0.23745	0.15942
V138	0.19931	0.39172	0.17347	0.2355
V139	0.29186	0.24698	0.19191	0.26925
V140	0.10464	0.16585	0.09652	0.63299
V141	0.1069	0.21946	0.41452	0.25913
V142	0.62574	0.05434	0.21374	0.10619
V143	0.3419	0.28441	0.10511	0.26857
V144	0.18413	0.21507	0.17271	0.42808
V145	0.04565	0.65227	0.20489	0.09719
V146	0.12331	0.10709	0.08531	0.68429
V147	0.71736	0.06529	0.07393	0.14342
V148	0.15376	0.15346	0.44563	0.24716
V149	0.23009	0.46853	0.20176	0.09962
V150	0.1177	0.2767	0.44798	0.15761
V151	0.19305	0.55098	0.07032	0.18564
V152	0.2104	0.42084	0.19902	0.16973
V153	0.1242	0.63815	0.05962	0.17803
V154	0.21636	0.42623	0.23655	0.12086
V155	0.374	0.19241	0.25737	0.17623
V156	0.08472	0.20624	0.51739	0.19166
V157	0.26357	0.21281	0.26907	0.25455
V158	0.10103	0.10372	0.07803	0.71723
V159	0.69514	0.10346	0.05242	0.14899
V160	0.54048	0.06942	0.10905	0.28105
V161	0.22262	0.09771	0.08397	0.5957
V162	0.11451	0.32323	0.11199	0.45027
V163	0.12507	0.45612	0.16651	0.25231
V164	0.28264	0.32248	0.12895	0.26592
V165	0.08385	0.29704	0.05272	0.56639
V166	0.09098	0.17471	0.10813	0.62618
V167	0.31176	0.08021	0.06441	0.54362
V168	0.24354	0.50984	0.10769	0.13893
V169	0.20504	0.1338	0.08984	0.57132
V170	0.14393	0.1151	0.41114	0.32982
V171	0.14642	0.27392	0.44953	0.13014
V172	0.56436	0.06012	0.26209	0.11343
V173	0.10079	0.20838	0.08928	0.60156
V174	0.09113	0.22634	0.11071	0.57182
V175	0.10847	0.10579	0.59102	0.19472
V176	0.05091	0.68647	0.16493	0.09769
V177	0.05054	0.80017	0.04591	0.10339
V178	0.05676	0.65356	0.04967	0.24001
V179	0.18485	0.1037	0.31899	0.39246
V180	0.06608	0.74179	0.10172	0.09041
V181	0.1738	0.19613	0.41724	0.21283
V182	0.259	0.22692	0.36841	0.14567
V183	0.17357	0.67918	0.05046	0.09679
V184	0.78807	0.03817	0.06322	0.11054
V185	0.44496	0.39253	0.05868	0.10383
V186	0.138	0.44746	0.22723	0.18732
V187	0.75602	0.04614	0.08145	0.11639
V188	0.118	0.27217	0.05327	0.55656
V189	0.63424	0.07505	0.06831	0.2224
V190	0.5192	0.07314	0.29548	0.11218
V191	0.18447	0.24756	0.43643	0.13153
V192	0.25632	0.43805	0.08408	0.22154
V193	0.47147	0.09982	0.23	0.1987
V194	0.07244	0.76684	0.05056	0.11017
V195	0.06477	0.11895	0.70889	0.10739
V196	0.09714	0.15031	0.0709	0.68166
V197	0.34795	0.11941	0.07997	0.45267
V198	0.09777	0.46421	0.2976	0.14043
V199	0.18957	0.11664	0.18306	0.51073
V200	0.14658	0.5082	0.06036	0.28486
V201	0.12252	0.50084	0.17662	0.20003
V202	0.07409	0.11686	0.58181	0.22723
V203	0.16622	0.40791	0.31212	0.11376
V204	0.06603	0.49254	0.05319	0.38824
V205	0.07148	0.13893	0.67511	0.11448
V206	0.09215	0.16785	0.63485	0.10515
V207	0.16392	0.24216	0.09573	0.49818
V208	0.23026	0.13858	0.5171	0.11407
V209	0.25525	0.4356	0.10063	0.20851
V210	0.10698	0.64803	0.11396	0.13103
V211	0.35619	0.09156	0.08511	0.46714
V212	0.40637	0.10726	0.36341	0.12296
V213	0.49539	0.09378	0.14315	0.26769
V214	0.28056	0.21561	0.17291	0.33092
V215	0.26573	0.16631	0.07119	0.49677
V216	0.11353	0.10192	0.07773	0.70682
V217	0.08701	0.46078	0.20533	0.24688
V218	0.12634	0.42563	0.1669	0.28112
V219	0.12876	0.56018	0.05479	0.25627
V220	0.05543	0.69573	0.0487	0.20014
V221	0.63461	0.05858	0.05871	0.24811
V222	0.27057	0.1959	0.30499	0.22854
V223	0.06035	0.2082	0.57163	0.15982
V224	0.77805	0.03817	0.07386	0.10992
V225	0.0855	0.7283	0.09002	0.09618
V226	0.26682	0.15047	0.46896	0.11375
V227	0.61871	0.05493	0.20506	0.12131
V228	0.59367	0.11535	0.11018	0.1808
V229	0.07202	0.11826	0.68843	0.12129
V230	0.09987	0.11666	0.07811	0.70536
V231	0.08359	0.30982	0.13292	0.47367
V232	0.08698	0.5738	0.04348	0.29574
V233	0.43929	0.1487	0.20124	0.21077
V234	0.07183	0.75541	0.06829	0.10447
V235	0.31067	0.12987	0.42877	0.13069
V236	0.0921	0.15223	0.59445	0.16122
V237	0.18851	0.09978	0.08801	0.62371
V238	0.14357	0.49801	0.22607	0.13235
V239	0.11291	0.39649	0.06423	0.42637
V240	0.39119	0.10706	0.35779	0.14396
V241	0.07078	0.11118	0.66329	0.15475
V242	0.13789	0.64473	0.11507	0.10231
V243	0.22485	0.12324	0.48995	0.16196
V244	0.20463	0.09554	0.53052	0.16931
V245	0.45892	0.30362	0.09148	0.14598
V246	0.09637	0.2124	0.57273	0.1185
V247	0.17313	0.1075	0.61945	0.09992
V248	0.10343	0.12238	0.0947	0.67949
V249	0.05692	0.13354	0.65465	0.1549
V250	0.60266	0.0569	0.22582	0.11463
V251	0.7459	0.07788	0.06135	0.11486
V252	0.05107	0.70706	0.15221	0.08966
V253	0.30632	0.1444	0.17414	0.37514
V254	0.05019	0.76912	0.08425	0.09645
V255	0.07882	0.75418	0.04359	0.12341
V256	0.17819	0.2553	0.40082	0.16568
V257	0.33976	0.16646	0.22181	0.27198
V258	0.17864	0.29534	0.33533	0.19069
V259	0.08036	0.31609	0.47331	0.13025
V260	0.05457	0.31204	0.53229	0.1011
V261	0.47958	0.09747	0.20296	0.21999
V262	0.14863	0.1372	0.07508	0.63909
V263	0.05933	0.7857	0.04548	0.10949
V264	0.18154	0.12816	0.34613	0.34418
V265	0.1066	0.10285	0.15577	0.63477
V266	0.50576	0.34152	0.05366	0.09906
V267	0.06872	0.24216	0.24472	0.4444
V268	0.32356	0.10337	0.16382	0.40924
V269	0.05373	0.50295	0.30975	0.13357
V270	0.49962	0.0904	0.23715	0.17282
V271	0.61811	0.11276	0.0811	0.18803
V272	0.08709	0.68869	0.05355	0.17067
V273	0.12278	0.11357	0.09006	0.67359
V274	0.54721	0.06089	0.19751	0.1944
V275	0.05936	0.12	0.71346	0.10718
V276	0.39178	0.33933	0.057	0.21189
V277	0.09635	0.26014	0.16529	0.47822
V278	0.10017	0.14865	0.25614	0.49504
V279	0.53028	0.11457	0.14202	0.21313
V280	0.10103	0.10372	0.07803	0.71723
V281	0.42788	0.09967	0.16418	0.30826
V282	0.0986	0.15226	0.60182	0.14732
V283	0.19392	0.51384	0.09277	0.19947
V284	0.06589	0.74834	0.08867	0.0971
V285	0.1077	0.10751	0.68482	0.09997
V286	0.21475	0.49011	0.12722	0.16792
V287	0.11368	0.72172	0.05524	0.10937
V288	0.0704	0.31268	0.33364	0.28328
V289	0.24406	0.25866	0.33748	0.15979
V290	0.64591	0.18615	0.06322	0.10472
V291	0.38934	0.13214	0.36307	0.11545
V292	0.73897	0.04776	0.05656	0.15671
V293	0.26171	0.09704	0.50507	0.13618
V294	0.12821	0.36909	0.04948	0.45323
V295	0.08458	0.2387	0.18563	0.49109
V296	0.17976	0.18786	0.4652	0.16718
V297	0.13568	0.10076	0.11063	0.65293
V298	0.25895	0.1661	0.46158	0.11337
V299	0.12011	0.30306	0.06361	0.51323
V300	0.08024	0.12623	0.21739	0.57613
V301	0.14391	0.18451	0.4857	0.18588
V302	0.50653	0.33269	0.04914	0.11164
V303	0.04782	0.53069	0.30181	0.11968
V304	0.10212	0.12152	0.55512	0.22124
V305	0.14686	0.2233	0.35706	0.27277
V306	0.62028	0.13724	0.09615	0.14633
V307	0.05917	0.77956	0.05745	0.10381
V308	0.21193	0.26946	0.25282	0.26579
V309	0.2762	0.32671	0.06915	0.32794
V310	0.11761	0.33523	0.15559	0.39157
V311	0.40502	0.44068	0.0511	0.1032
V312	0.1141	0.62919	0.14601	0.1107
V313	0.08902	0.17969	0.07493	0.65636
V314	0.07039	0.4493	0.1268	0.35351
V315	0.13619	0.54847	0.07073	0.2446
V316	0.26265	0.19662	0.31899	0.22175
V317	0.11099	0.60039	0.07749	0.21114
V318	0.08436	0.50182	0.0562	0.35762
V319	0.09818	0.14439	0.63002	0.12741
V320	0.11436	0.20997	0.48421	0.19146
V321	0.49802	0.34962	0.05338	0.09898
V322	0.19156	0.33379	0.10292	0.37173
V323	0.12071	0.11468	0.12369	0.64092
V324	0.50535	0.26946	0.1053	0.1199
V325	0.25519	0.55678	0.08884	0.09919
V326	0.05618	0.50728	0.11346	0.32309
V327	0.09053	0.21024	0.13199	0.56723
V328	0.09515	0.12163	0.55544	0.22778
V329	0.18595	0.18396	0.17304	0.45705
V330	0.32066	0.09109	0.29472	0.29353
V331	0.29324	0.15574	0.09128	0.45974
V332	0.08719	0.14096	0.1838	0.58805
V333	0.33649	0.1436	0.32935	0.19056
V334	0.29783	0.0939	0.3074	0.30087
V335	0.07378	0.34914	0.38917	0.18792
V336	0.17059	0.59767	0.06082	0.17092
V337	0.23957	0.38747	0.25107	0.12189
V338	0.04477	0.80704	0.05218	0.09601
V339	0.14428	0.10363	0.64464	0.10745
V340	0.09829	0.27241	0.39872	0.23058
V341	0.10201	0.12362	0.10536	0.669
V342	0.2276	0.0929	0.47691	0.20259
V343	0.76973	0.05231	0.06225	0.11571
V344	0.52355	0.18623	0.18837	0.10186
V345	0.06491	0.11896	0.71566	0.10047
V346	0.21666	0.18512	0.24717	0.35105
V347	0.11236	0.10818	0.15033	0.62913
V348	0.08855	0.56705	0.14571	0.19869
V349	0.2823	0.21874	0.31856	0.18041
V350	0.0654	0.6791	0.16461	0.0909
V351	0.08498	0.12924	0.32388	0.46191
V352	0.09304	0.11592	0.62854	0.16251
V353	0.68177	0.06979	0.08515	0.16329
V354	0.08196	0.59397	0.19916	0.12492
V355	0.24268	0.15224	0.3703	0.23478
V356	0.10589	0.1159	0.12973	0.64848
V357	0.13703	0.345	0.23496	0.28301
V358	0.4169	0.16185	0.09547	0.32578
V359	0.44367	0.12043	0.08197	0.35393
V360	0.42258	0.40289	0.06491	0.10962
V361	0.04994	0.42938	0.42197	0.09871
V362	0.04488	0.80168	0.05747	0.09596
V363	0.17713	0.18885	0.36731	0.2667
V364	0.16665	0.1447	0.51423	0.17443
V365	0.24919	0.10898	0.0701	0.57173
V366	0.10313	0.58513	0.10684	0.2049
V367	0.4392	0.18804	0.05503	0.31773
V368	0.10829	0.61871	0.10766	0.16533
V369	0.06424	0.3911	0.4447	0.09996
V370	0.24813	0.29657	0.32984	0.12547
V371	0.17653	0.61334	0.06531	0.14482
V372	0.18317	0.14	0.14252	0.53431
V373	0.11797	0.21044	0.36478	0.30681
V374	0.6101	0.06445	0.21927	0.10618
V375	0.10938	0.12997	0.1607	0.59996
V376	0.10504	0.12292	0.12947	0.64257
V377	0.61311	0.05327	0.0652	0.26842
V378	0.07837	0.12941	0.33074	0.46148
V379	0.28139	0.24032	0.06238	0.41591
V380	0.17302	0.15628	0.19344	0.47726
V381	0.5611	0.07335	0.1314	0.23415
V382	0.11287	0.12124	0.65885	0.10705
V383	0.64129	0.05728	0.0988	0.20263
V384	0.42567	0.14067	0.15459	0.27907
V385	0.66099	0.06208	0.1221	0.15482
V386	0.2674	0.10119	0.16403	0.46739
V387	0.44282	0.19303	0.19412	0.17003
V388	0.2934	0.337	0.15697	0.21263
V389	0.32256	0.47218	0.05581	0.14944
V390	0.2493	0.28035	0.36777	0.10259
V391	0.33565	0.16758	0.07082	0.42595
V392	0.32721	0.25691	0.17382	0.24206
V393	0.23849	0.26689	0.28797	0.20665
V394	0.1327	0.27019	0.1316	0.46551
V395	0.19932	0.38444	0.18714	0.2291
V396	0.05183	0.7881	0.05041	0.10966
V397	0.59205	0.13306	0.13551	0.13938
V398	0.34721	0.19192	0.12662	0.33425
V399	0.17959	0.49353	0.15312	0.17377
V400	0.05669	0.52091	0.09292	0.32949
V401	0.08231	0.22121	0.53753	0.15895
V402	0.61734	0.19836	0.08077	0.10353
V403	0.10199	0.11727	0.11101	0.66973
V404	0.11923	0.24571	0.46275	0.1723
V405	0.21589	0.12143	0.1764	0.48627
V406	0.48439	0.26872	0.06555	0.18134
V407	0.04477	0.80704	0.05218	0.09601
V408	0.12256	0.28496	0.31493	0.27755
V409	0.0948	0.11108	0.07822	0.7159
V410	0.10787	0.71526	0.06669	0.11018
V411	0.36278	0.08074	0.05823	0.49825
V412	0.17091	0.15895	0.38928	0.28086
V413	0.09454	0.45251	0.17183	0.28112
V414	0.0781	0.46519	0.27038	0.18633
V415	0.35058	0.10916	0.2247	0.31557
V416	0.06467	0.15586	0.67982	0.09965
V417	0.3044	0.5453	0.04996	0.10034
V418	0.12596	0.17957	0.15727	0.5372
V419	0.10039	0.10261	0.08556	0.71145
V420	0.04685	0.73592	0.05502	0.16221
V421	0.16811	0.12903	0.51562	0.18725
V422	0.116	0.14127	0.07005	0.67268
V423	0.11429	0.11435	0.64976	0.1216
V424	0.06356	0.14591	0.47127	0.31926
V425	0.09465	0.2793	0.44845	0.17761
V426	0.12164	0.13405	0.58941	0.15489
V427	0.10541	0.39243	0.17835	0.3238
V428	0.10794	0.64533	0.08859	0.15814
V429	0.0999	0.10349	0.09027	0.70635
V430	0.56669	0.20069	0.06793	0.16468
V431	0.18812	0.11745	0.36343	0.331
V432	0.1507	0.16821	0.09467	0.58642
V433	0.09114	0.62368	0.04366	0.24151
V434	0.28688	0.15001	0.09673	0.46638
V435	0.39931	0.08785	0.15055	0.36229
V436	0.31816	0.09505	0.14493	0.44186
V437	0.21903	0.26593	0.05623	0.45881
V438	0.46168	0.20461	0.07838	0.25532
V439	0.10687	0.16986	0.0694	0.65387
V440	0.38403	0.11027	0.08469	0.42101
V441	0.10671	0.20435	0.44994	0.23899
V442	0.25933	0.3483	0.14788	0.24449
V443	0.56884	0.06377	0.13238	0.23501
V444	0.06491	0.11896	0.71566	0.10047
V445	0.47497	0.08448	0.30877	0.13178
V446	0.07192	0.68905	0.08824	0.15078
V447	0.47541	0.15284	0.18686	0.18489
V448	0.09241	0.15596	0.18808	0.56356
V449	0.431	0.10907	0.27454	0.18539
V450	0.14311	0.71017	0.05583	0.09089
V451	0.73095	0.08749	0.05247	0.1291
V452	0.10838	0.11086	0.11041	0.67035
V453	0.61488	0.12308	0.10951	0.15253
V454	0.04426	0.76808	0.08422	0.10343
V455	0.46093	0.10005	0.28063	0.15839
V456	0.27021	0.1884	0.31921	0.22217
V457	0.09481	0.11676	0.07275	0.71569
V458	0.23896	0.26546	0.05561	0.43997
V459	0.05965	0.66222	0.11409	0.16403
V460	0.74819	0.04707	0.08147	0.12326
V461	0.12343	0.1203	0.07138	0.6849
V462	0.28563	0.27666	0.04915	0.38855
V463	0.2172	0.44063	0.16029	0.18188
V464	0.39651	0.16196	0.05641	0.38511
V465	0.3132	0.40879	0.06738	0.21063
V466	0.44408	0.22676	0.05406	0.2751
V467	0.25714	0.50805	0.10833	0.12648
V468	0.37955	0.38653	0.08976	0.14415
V469	0.08171	0.2416	0.24493	0.43175
V470	0.41421	0.18132	0.1879	0.21657
V471	0.2436	0.17627	0.08346	0.49667
V472	0.26849	0.33886	0.04642	0.34624
V473	0.11899	0.49057	0.27774	0.1127
V474	0.15945	0.0977	0.13417	0.60868
V475	0.18052	0.38885	0.10735	0.32328
V476	0.187	0.1085	0.10228	0.60223
V477	0.45723	0.10596	0.21147	0.22534
V478	0.14479	0.52127	0.04902	0.28492
V479	0.06963	0.16951	0.59403	0.16683
V480	0.12335	0.32961	0.08404	0.463
V481	0.15822	0.10918	0.61846	0.11414
V482	0.52377	0.20062	0.13949	0.13613
V483	0.16167	0.18347	0.11068	0.54417
V484	0.10161	0.15059	0.08201	0.66578
V485	0.13323	0.62333	0.0531	0.19035
V486	0.23533	0.29525	0.14184	0.32758
V487	0.13242	0.13402	0.12089	0.61266
V488	0.05696	0.11187	0.65057	0.1806
V489	0.20006	0.17156	0.51578	0.1126
V490	0.27527	0.32822	0.10301	0.2935
V491	0.34166	0.43533	0.07346	0.14955
V492	0.06517	0.69794	0.13966	0.09723
V493	0.10178	0.10286	0.06878	0.72658
V494	0.1877	0.21862	0.40189	0.19179
V495	0.19861	0.54249	0.14675	0.11216
V496	0.23313	0.59189	0.04362	0.13135
V497	0.06487	0.11215	0.71568	0.10731
V498	0.27141	0.17465	0.09606	0.45788
V499	0.46637	0.28289	0.14512	0.10562
V500	0.12596	0.19552	0.54568	0.13284
V501	0.09432	0.10373	0.09043	0.71152
V502	0.413	0.29521	0.16531	0.12648
V503	0.19889	0.17707	0.19304	0.431
V504	0.2042	0.59535	0.05477	0.14568
V505	0.19232	0.26441	0.22286	0.32042
V506	0.12034	0.29364	0.3491	0.23693
V507	0.46259	0.16054	0.14646	0.23041
V508	0.56793	0.20211	0.08612	0.14384
V509	0.21285	0.14725	0.39803	0.24186
V510	0.20034	0.47217	0.22778	0.09971
V511	0.09684	0.40731	0.08233	0.41352
V512	0.23124	0.13338	0.11689	0.51848
V513	0.10226	0.55859	0.19194	0.14721
V514	0.0986	0.14152	0.06697	0.69291
V515	0.58057	0.11622	0.0966	0.2066
V516	0.7151	0.12042	0.05131	0.11318
V517	0.10455	0.12512	0.23014	0.5402
V518	0.76147	0.06755	0.0558	0.11518
V519	0.067	0.71484	0.04895	0.16921
V520	0.08624	0.10572	0.47306	0.33498
V521	0.43542	0.10881	0.32365	0.13211
V522	0.06593	0.20811	0.43374	0.29222
V523	0.28781	0.19479	0.23411	0.28328
V524	0.05064	0.65306	0.17804	0.11826
V525	0.2323	0.25327	0.07271	0.44172
V526	0.48543	0.14216	0.11418	0.25824
V527	0.20409	0.11746	0.3262	0.35225
V528	0.11397	0.7124	0.04319	0.13044
V529	0.11812	0.15443	0.20763	0.51982
V530	0.05907	0.25941	0.50369	0.17783
V531	0.05832	0.72664	0.12558	0.08946
V532	0.17937	0.34014	0.07089	0.40959
V533	0.23858	0.35668	0.14764	0.25711
V534	0.06856	0.11651	0.53488	0.28005
V535	0.43826	0.06926	0.06517	0.42731
V536	0.19931	0.09608	0.31137	0.39325
V537	0.4454	0.27729	0.16662	0.11069
V538	0.36135	0.12983	0.12143	0.3874
V539	0.22569	0.41047	0.16085	0.20298
V540	0.18331	0.59108	0.10116	0.12445
V541	0.0717	0.46854	0.09455	0.36522
V542	0.19602	0.20146	0.2254	0.37712
V543	0.68487	0.0535	0.06486	0.19677
V544	0.14605	0.17248	0.17382	0.50765
V545	0.29739	0.20335	0.10666	0.3926
V546	0.07852	0.72922	0.09555	0.09671
V547	0.07437	0.55763	0.26348	0.10452
V548	0.15212	0.64204	0.109	0.09684
V549	0.27529	0.11116	0.49868	0.11487
V550	0.45858	0.09512	0.05308	0.39322
V551	0.16976	0.62123	0.07054	0.13847
V552	0.06099	0.48535	0.05311	0.40055
V553	0.20594	0.20884	0.46637	0.11886
V554	0.11916	0.16256	0.08058	0.6377
V555	0.12416	0.27692	0.27277	0.32615
V556	0.05791	0.12599	0.68741	0.1287
V557	0.62719	0.08191	0.06268	0.22822
V558	0.09519	0.65598	0.06494	0.1839
V559	0.05045	0.68053	0.17801	0.09101
V560	0.52882	0.31557	0.04915	0.10646
V561	0.05936	0.12	0.71346	0.10718
V562	0.59681	0.06079	0.1535	0.1889
V563	0.22445	0.09494	0.57292	0.10769
V564	0.09825	0.16018	0.62808	0.11349
V565	0.14395	0.29808	0.30044	0.25754
V566	0.52846	0.15	0.05618	0.26536
V567	0.20111	0.42292	0.06741	0.30857
V568	0.23481	0.09757	0.10026	0.56737
V569	0.52425	0.08867	0.05275	0.33432
V570	0.07369	0.31664	0.45956	0.1501
V571	0.62598	0.16436	0.04972	0.15994
V572	0.35279	0.08752	0.37394	0.18575
V573	0.11998	0.22797	0.06281	0.58923
V574	0.07334	0.65837	0.16441	0.10388
V575	0.09362	0.1684	0.14527	0.5927
V576	0.15333	0.67284	0.07189	0.10194
V577	0.10503	0.13999	0.20238	0.5526
V578	0.10096	0.15792	0.5078	0.23332
V579	0.05227	0.72339	0.1143	0.11004
V580	0.1795	0.10179	0.14086	0.57785
V581	0.1268	0.15377	0.06415	0.65527
V582	0.43907	0.19774	0.07923	0.28396
V583	0.0704	0.14563	0.45033	0.33364
V584	0.39375	0.20561	0.26502	0.13562
V585	0.07771	0.11406	0.35971	0.44853
V586	0.21785	0.10108	0.50418	0.1769
V587	0.23991	0.10069	0.5303	0.1291
V588	0.481	0.10772	0.07695	0.33434
V589	0.08518	0.6742	0.09535	0.14527
V590	0.08007	0.64437	0.17787	0.09769
V591	0.08171	0.13471	0.19573	0.58785
V592	0.16596	0.12278	0.6118	0.09947
V593	0.4532	0.07084	0.19506	0.28089
V594	0.26989	0.31034	0.2803	0.13947
V595	0.10534	0.11626	0.07783	0.70057
V596	0.09057	0.31578	0.20219	0.39147
V597	0.04584	0.51802	0.27646	0.15968
V598	0.07009	0.19227	0.62494	0.1127
V599	0.47245	0.32574	0.07585	0.12596
V600	0.28361	0.44064	0.0876	0.18815
V601	0.17262	0.30438	0.11134	0.41166
V602	0.1058	0.11544	0.07293	0.70582
V603	0.07637	0.37287	0.06156	0.4892
V604	0.39458	0.17603	0.29915	0.13024
V605	0.10469	0.34778	0.31294	0.23459
V606	0.54685	0.1938	0.06258	0.19677
V607	0.49691	0.08094	0.14178	0.28038
V608	0.20521	0.22507	0.30947	0.26025
V609	0.08672	0.28585	0.20949	0.41795
V610	0.58255	0.07873	0.13206	0.20665
V611	0.26307	0.09386	0.09981	0.54325
V612	0.07802	0.17606	0.59304	0.15288
V613	0.07944	0.34598	0.44486	0.12973
V614	0.57328	0.11645	0.09654	0.21373
V615	0.16851	0.13472	0.06837	0.6284
V616	0.10429	0.60065	0.07775	0.21731
V617	0.3713	0.21015	0.31955	0.09901
V618	0.56019	0.06568	0.05286	0.32128
V619	0.31204	0.11328	0.28177	0.29291
V620	0.05304	0.57378	0.27535	0.09782
V621	0.33114	0.21232	0.17954	0.27701
V622	0.28566	0.26288	0.32427	0.12719
V623	0.0932	0.16153	0.15833	0.58695
V624	0.60825	0.22065	0.04887	0.12223
V625	0.22524	0.45294	0.12042	0.2014
V626	0.76127	0.05986	0.05631	0.12256
V627	0.09095	0.11833	0.1116	0.67912
V628	0.07905	0.26585	0.07007	0.58504
V629	0.14559	0.32047	0.23649	0.29745
V630	0.07981	0.34664	0.43808	0.13547
V631	0.08774	0.24874	0.12853	0.53498
V632	0.45226	0.06944	0.16339	0.31492
V633	0.05668	0.13252	0.61692	0.19388
V634	0.31384	0.29089	0.29036	0.10491
V635	0.07112	0.63916	0.04943	0.2403
V636	0.14408	0.18449	0.4789	0.19254
V637	0.25889	0.24574	0.11834	0.37703
V638	0.29821	0.28697	0.10581	0.30901
V639	0.23046	0.40857	0.2668	0.09418
V640	0.08246	0.22131	0.55679	0.13945
V641	0.68325	0.08422	0.07742	0.15511
V642	0.58048	0.20618	0.04888	0.16446
V643	0.0676	0.25287	0.34818	0.33136
V644	0.70771	0.11272	0.05853	0.12104
V645	0.22399	0.39511	0.26629	0.11462
V646	0.0509	0.80197	0.05114	0.09598
V647	0.15717	0.16901	0.52761	0.14621
V648	0.31748	0.4102	0.14919	0.12313
V649	0.07715	0.15459	0.62152	0.14673
V650	0.09767	0.17467	0.57408	0.15358
V651	0.26848	0.08997	0.53228	0.10927
V652	0.1278	0.17944	0.34405	0.3487
V653	0.13451	0.56837	0.11851	0.17861
V654	0.52243	0.23027	0.09855	0.14875
V655	0.0834	0.51068	0.06124	0.34467
V656	0.20173	0.29897	0.06069	0.43861
V657	0.10323	0.15034	0.07001	0.67642
V658	0.44948	0.24358	0.09836	0.20858
V659	0.27259	0.16672	0.30426	0.25644
V660	0.06495	0.78058	0.04442	0.11004
V661	0.10235	0.40704	0.0896	0.40101
V662	0.32935	0.0977	0.38787	0.18509
V663	0.21752	0.15519	0.43919	0.18811
V664	0.19459	0.14947	0.51522	0.14072
V665	0.51632	0.22273	0.08463	0.17632
V666	0.45247	0.06956	0.13614	0.34184
V667	0.59252	0.11834	0.1847	0.10444
V668	0.12837	0.67228	0.10878	0.09057
V669	0.20361	0.39825	0.22242	0.17573
V670	0.09983	0.74521	0.045	0.10995
V671	0.28581	0.30839	0.23277	0.17303
V672	0.07078	0.12468	0.67597	0.12856
V673	0.20691	0.36875	0.20859	0.21575
V674	0.54042	0.18816	0.06821	0.20321
V675	0.1506	0.34338	0.26385	0.24216
V676	0.09794	0.18933	0.13199	0.58074
V677	0.29815	0.38851	0.12217	0.19118
V678	0.39761	0.44281	0.05606	0.10352
V679	0.087	0.33154	0.474	0.10746
V680	0.25119	0.48942	0.14756	0.11183
V681	0.69546	0.1042	0.06474	0.1356
V682	0.13086	0.31999	0.42004	0.12911
V683	0.05088	0.80087	0.05796	0.0903
V684	0.52468	0.20157	0.12466	0.14908
V685	0.3742	0.34576	0.14168	0.13835
V686	0.13392	0.24156	0.15819	0.46632
V687	0.10578	0.1101	0.07736	0.70676
V688	0.2955	0.46495	0.04502	0.19452
V689	0.24339	0.08759	0.09641	0.57261
V690	0.36857	0.11793	0.35684	0.15667
V691	0.16618	0.10063	0.62609	0.1071
V692	0.1119	0.21108	0.52445	0.15258
V693	0.21457	0.1865	0.30223	0.2967
V694	0.0836	0.12716	0.25705	0.53219
V695	0.2324	0.09734	0.1706	0.49967
V696	0.13311	0.16105	0.07298	0.63286
V697	0.09868	0.13485	0.07225	0.69422
V698	0.63505	0.05865	0.06437	0.24193
V699	0.42191	0.30083	0.10368	0.17359
V700	0.22892	0.11011	0.06553	0.59544
V701	0.13256	0.47631	0.1255	0.26563
V702	0.41846	0.1429	0.06526	0.37338
V703	0.15747	0.14559	0.38134	0.3156
V704	0.62599	0.09625	0.07663	0.20112
V705	0.75633	0.04021	0.06725	0.13621
V706	0.11379	0.14242	0.57539	0.16839
V707	0.07861	0.41235	0.38044	0.1286
V708	0.07257	0.71691	0.06014	0.15037
V709	0.14747	0.29693	0.39869	0.15691
V710	0.45018	0.24384	0.09106	0.21492
V711	0.10705	0.66047	0.1149	0.11758
V712	0.62604	0.10281	0.0565	0.21465
V713	0.33395	0.31648	0.07574	0.27383
V714	0.06067	0.57692	0.06071	0.30169
V715	0.2486	0.34258	0.25807	0.15074
V716	0.10868	0.1283	0.09451	0.66851
V717	0.09971	0.75116	0.04472	0.10441
V718	0.15187	0.49738	0.17074	0.18001
V719	0.09218	0.60009	0.07127	0.23646
V720	0.53828	0.06246	0.23137	0.16789
V721	0.14537	0.23016	0.36568	0.25879
V722	0.12937	0.34852	0.06003	0.46208
V723	0.15307	0.15913	0.06668	0.62112
V724	0.44486	0.09755	0.12243	0.33515
V725	0.05636	0.1778	0.63846	0.12738
V726	0.089	0.37956	0.13652	0.39493
V727	0.2269	0.55922	0.11552	0.09836
V728	0.06555	0.72277	0.114	0.09768
V729	0.33134	0.09493	0.17727	0.39646
V730	0.69457	0.07559	0.09417	0.13567
V731	0.0825	0.25851	0.31383	0.34516
V732	0.28718	0.15713	0.29897	0.25672
V733	0.48098	0.22634	0.07711	0.21557
V734	0.2103	0.32211	0.36609	0.1015
V735	0.082	0.12878	0.38041	0.40881
V736	0.17716	0.10125	0.06971	0.65188
V737	0.26607	0.31072	0.21702	0.20619
V738	0.11175	0.34594	0.34666	0.19565
V739	0.0656	0.11481	0.46501	0.35458
V740	0.64123	0.12719	0.11212	0.11946
V741	0.3727	0.16872	0.14528	0.3133
V742	0.31868	0.53	0.05634	0.09499
V743	0.14785	0.20775	0.52548	0.11892
V744	0.40152	0.11227	0.29528	0.19092
V745	0.05967	0.59091	0.17013	0.17929
V746	0.78737	0.03756	0.05833	0.11673
V747	0.10384	0.10573	0.53578	0.25465
V748	0.14547	0.18444	0.44394	0.22616
V749	0.2469	0.22939	0.09414	0.42957
V750	0.3187	0.4296	0.06219	0.18951
V751	0.07865	0.71077	0.07343	0.13714
V752	0.34993	0.26412	0.15034	0.23561
V753	0.10135	0.10955	0.0673	0.72181
V754	0.05353	0.75994	0.04398	0.14255
V755	0.16195	0.25152	0.27961	0.30692
V756	0.10433	0.11057	0.09441	0.69069
V757	0.27122	0.51262	0.09619	0.11997
V758	0.07905	0.63557	0.13293	0.15245
V759	0.1539	0.15338	0.32308	0.36964
V760	0.25465	0.14308	0.24885	0.35342
V761	0.09687	0.51009	0.23302	0.16002
V762	0.07008	0.38049	0.06118	0.48825
V763	0.30248	0.35625	0.06942	0.27185
V764	0.05351	0.75459	0.04918	0.14271
V765	0.50786	0.14322	0.05012	0.29881
V766	0.06968	0.3431	0.34046	0.24676
V767	0.36875	0.18642	0.22771	0.21712
V768	0.08443	0.74325	0.06129	0.11103
V769	0.1445	0.68705	0.0662	0.10225
V770	0.0509	0.80197	0.05114	0.09598
V771	0.1725	0.10771	0.60598	0.11381
V772	0.15037	0.13176	0.61102	0.10685
V773	0.15833	0.6883	0.05085	0.10251
V774	0.07151	0.1114	0.68834	0.12876
V775	0.15215	0.13703	0.24774	0.46308
V776	0.32715	0.40013	0.08893	0.18379
V777	0.18582	0.19071	0.15314	0.47034
V778	0.40167	0.29488	0.10391	0.19953
V779	0.17933	0.1352	0.38945	0.29602
V780	0.12326	0.64706	0.13869	0.09098
V781	0.11688	0.12081	0.08326	0.67905
V782	0.06087	0.20065	0.58552	0.15296
V783	0.59745	0.07785	0.09697	0.22773
V784	0.12044	0.72808	0.05509	0.0964
V785	0.07253	0.7611	0.05614	0.11023
V786	0.53885	0.19888	0.11884	0.14343
V787	0.0457	0.70024	0.15727	0.0968
V788	0.38239	0.31309	0.1654	0.13913
V789	0.11546	0.36686	0.07072	0.44697
V790	0.36277	0.10556	0.11625	0.41542
V791	0.14826	0.37379	0.26959	0.20836
V792	0.14829	0.48289	0.04954	0.31927
V793	0.13547	0.56309	0.07079	0.23065
V794	0.09146	0.16745	0.58035	0.16073
V795	0.15322	0.13186	0.10224	0.61269
V796	0.07735	0.16856	0.63431	0.11979
V797	0.58806	0.0597	0.2317	0.12054
V798	0.46622	0.30554	0.11041	0.11783
V799	0.13944	0.6434	0.06539	0.15177
V800	0.11432	0.12718	0.40181	0.35669
V801	0.1597	0.19761	0.27424	0.36845
V802	0.09963	0.1725	0.23957	0.48829
V803	0.19981	0.4715	0.23572	0.09296
V804	0.40783	0.09098	0.33663	0.16456
V805	0.06518	0.11298	0.72142	0.10043
V806	0.07901	0.74153	0.05606	0.1234
V807	0.23427	0.21299	0.08326	0.46947
V808	0.49626	0.28465	0.08449	0.1346
V809	0.08577	0.13139	0.68298	0.09987
V810	0.05087	0.80731	0.04593	0.09589
V811	0.33372	0.1511	0.20135	0.31382
V812	0.40995	0.28468	0.09183	0.21354
V813	0.44662	0.23282	0.19195	0.12861
V814	0.33798	0.47828	0.08277	0.10097
V815	0.04468	0.75731	0.10157	0.09644
V816	0.74063	0.04068	0.10998	0.10871
V817	0.0777	0.16181	0.64677	0.11372
V818	0.09085	0.13662	0.08938	0.68316
V819	0.62776	0.1293	0.09651	0.14642
V820	0.1645	0.17208	0.07823	0.58519
V821	0.19755	0.33116	0.31474	0.15655
V822	0.10656	0.12173	0.6508	0.12091
V823	0.07612	0.25059	0.5019	0.1714
V824	0.1147	0.37376	0.41827	0.09327
V825	0.20353	0.3167	0.2217	0.25807
V826	0.33281	0.3936	0.16526	0.10833
V827	0.29923	0.52503	0.05504	0.1207
V828	0.21091	0.2275	0.13144	0.43015
V829	0.10029	0.28321	0.0822	0.53429
V830	0.21086	0.26914	0.07347	0.44653
V831	0.58	0.14094	0.08045	0.19861
V832	0.22738	0.38927	0.16705	0.2163
V833	0.15337	0.46197	0.17139	0.21327
V834	0.25818	0.15417	0.11541	0.47225
V835	0.28301	0.42014	0.13381	0.16304
V836	0.06096	0.58207	0.04967	0.30729
V837	0.19993	0.37736	0.17913	0.24357
V838	0.72454	0.07977	0.0811	0.11459
V839	0.24904	0.53009	0.12192	0.09896
V840	0.24517	0.61194	0.0503	0.09259
V841	0.05653	0.14029	0.65576	0.14742
V842	0.28556	0.22605	0.23341	0.25498
V843	0.06939	0.12391	0.64418	0.16253
V844	0.14433	0.1768	0.30987	0.369
V845	0.10409	0.18985	0.55265	0.15342
V846	0.06123	0.11874	0.56717	0.25286
V847	0.09588	0.10366	0.07332	0.72715
V848	0.11671	0.46459	0.1664	0.25229
V849	0.045	0.78181	0.05045	0.12274
V850	0.77006	0.03922	0.06769	0.12303
V851	0.27216	0.48041	0.15426	0.09318
V852	0.14986	0.14086	0.15242	0.55686
V853	0.21554	0.26924	0.32323	0.19199
V854	0.44364	0.21663	0.13047	0.20926
V855	0.09588	0.10366	0.07332	0.72715
V856	0.08988	0.36307	0.28569	0.26136
V857	0.50415	0.21664	0.07694	0.20226
V858	0.43559	0.08006	0.37411	0.11024
V859	0.49209	0.26062	0.06585	0.18145
V860	0.19479	0.1871	0.09767	0.52044
V861	0.1156	0.35942	0.41829	0.10669
V862	0.14888	0.16994	0.54112	0.14006
V863	0.20794	0.13872	0.06032	0.59302
V864	0.12792	0.12702	0.09888	0.64618
V865	0.15441	0.10704	0.24173	0.49682
V866	0.55739	0.07852	0.24434	0.11976
V867	0.55736	0.08629	0.24419	0.11216
V868	0.38444	0.29908	0.14871	0.16777
V869	0.05888	0.7945	0.05028	0.09635
V870	0.13766	0.34894	0.06506	0.44834
V871	0.045	0.78181	0.05045	0.12274
V872	0.08674	0.1205	0.22898	0.56378
V873	0.68062	0.07584	0.10125	0.14229
V874	0.18159	0.66087	0.06645	0.09109
V875	0.08312	0.25417	0.19114	0.47157
V876	0.16212	0.34172	0.32688	0.16928
V877	0.08964	0.39441	0.24823	0.26772
V878	0.13664	0.67744	0.09528	0.09064
V879	0.17777	0.58606	0.07766	0.1585
V880	0.25263	0.49119	0.04943	0.20676
V881	0.16259	0.13717	0.45941	0.24083
V882	0.61141	0.05317	0.15972	0.1757
V883	0.24179	0.24233	0.41762	0.09825
V884	0.08873	0.30425	0.05238	0.55464
V885	0.5421	0.23729	0.11862	0.10199
V886	0.0649	0.37172	0.36217	0.20121
V887	0.47753	0.12911	0.17429	0.21907
V888	0.1291	0.14079	0.55533	0.17479
V889	0.71039	0.08861	0.07308	0.12792
V890	0.08588	0.22008	0.46292	0.23111
V891	0.47512	0.11425	0.2669	0.14373
V892	0.24712	0.2348	0.0634	0.45469
V893	0.43224	0.24794	0.16593	0.15389
V894	0.10013	0.33086	0.43963	0.12938
V895	0.4478	0.13297	0.2014	0.21783
V896	0.07244	0.76684	0.05056	0.11017
V897	0.51895	0.27116	0.05506	0.15483
V898	0.37844	0.07379	0.06205	0.48572
V899	0.09107	0.25112	0.15336	0.50445
V900	0.11402	0.32376	0.29248	0.26974
V901	0.07493	0.68827	0.04855	0.18825
V902	0.0782	0.7419	0.08331	0.0966
V903	0.0544	0.40779	0.40322	0.13458
V904	0.05891	0.79934	0.04555	0.0962
V905	0.17828	0.09551	0.18337	0.54283
V906	0.32034	0.16538	0.13275	0.38154
V907	0.33052	0.46513	0.0628	0.14154
V908	0.09497	0.13794	0.10969	0.65739
V909	0.13826	0.66814	0.04237	0.15122
V910	0.18608	0.09445	0.14704	0.57243
V911	0.38814	0.37879	0.07454	0.15852
V912	0.30152	0.33719	0.142	0.21928
V913	0.15864	0.09644	0.07128	0.67364
V914	0.17301	0.45079	0.24988	0.12632
V915	0.22454	0.08907	0.06701	0.61938
V916	0.22349	0.13935	0.49609	0.14108
V917	0.53671	0.09183	0.18358	0.18788
V918	0.08236	0.54652	0.20544	0.16568
V919	0.19061	0.2789	0.25226	0.27823
V920	0.45616	0.23741	0.12431	0.18213
V921	0.10022	0.22311	0.08142	0.59525
V922	0.11938	0.43375	0.31299	0.13389
V923	0.13569	0.11279	0.09405	0.65746
V924	0.07356	0.57271	0.23471	0.11902
V925	0.19431	0.11994	0.07279	0.61295
V926	0.20909	0.11249	0.08356	0.59485
V927	0.10217	0.12915	0.09972	0.66896
V928	0.07821	0.72976	0.04881	0.14322
V929	0.09058	0.55251	0.13805	0.21885
V930	0.38169	0.36478	0.07506	0.17847
V931	0.14747	0.30473	0.39105	0.15676
V932	0.08732	0.19714	0.45665	0.25889
V933	0.45338	0.37741	0.05931	0.1099
V934	0.07634	0.22544	0.23957	0.45865
V935	0.41891	0.21241	0.20625	0.16243
V936	0.3957	0.29384	0.06409	0.24637
V937	0.40947	0.18632	0.11991	0.2843
V938	0.30366	0.13003	0.27402	0.29228
V939	0.5692	0.08024	0.11563	0.23493
V940	0.06537	0.65727	0.15263	0.12473
V941	0.05963	0.11267	0.72038	0.10732
V942	0.55171	0.22014	0.10618	0.12197
V943	0.31135	0.19164	0.34907	0.14794
V944	0.08495	0.30003	0.10061	0.51441
V945	0.41903	0.35189	0.05691	0.17217
V946	0.3445	0.2875	0.23416	0.13384
V947	0.13239	0.14628	0.2137	0.50764
V948	0.28263	0.11104	0.48446	0.12188
V949	0.07515	0.19464	0.19457	0.53564
V950	0.09264	0.48262	0.19189	0.23286
V951	0.63833	0.06662	0.18063	0.11443
V952	0.11839	0.20774	0.23254	0.44133
V953	0.07002	0.14779	0.65391	0.12828
V954	0.09779	0.24353	0.15332	0.50535
V955	0.13742	0.52496	0.06635	0.27126
V956	0.09355	0.1278	0.40251	0.37615
V957	0.2906	0.09634	0.05836	0.55471
V958	0.10178	0.10286	0.06878	0.72658
V959	0.20602	0.29218	0.34367	0.15813
V960	0.21261	0.30149	0.11186	0.37404
V961	0.1462	0.38011	0.28515	0.18854
V962	0.28786	0.22558	0.32542	0.16113
V963	0.44134	0.21676	0.17296	0.16894
V964	0.63797	0.08251	0.13822	0.1413
V965	0.09423	0.46119	0.17741	0.26717
V966	0.76279	0.05269	0.06153	0.12299
V967	0.10602	0.14217	0.40929	0.34252
V968	0.05337	0.22323	0.57032	0.15308
V969	0.07979	0.31466	0.08056	0.52499
V970	0.09235	0.20507	0.33568	0.36689
V971	0.382	0.15431	0.29324	0.17044
V972	0.38421	0.24264	0.09072	0.28244
V973	0.22907	0.40132	0.10708	0.26254
V974	0.05295	0.65041	0.13914	0.1575
V975	0.12404	0.31373	0.4609	0.10133
V976	0.33441	0.28067	0.13713	0.24779
V977	0.26128	0.35605	0.28129	0.10138
V978	0.12315	0.17217	0.10693	0.59776
V979	0.61667	0.07227	0.19661	0.11445
V980	0.78737	0.03756	0.05833	0.11673
V981	0.28054	0.11833	0.35723	0.2439
V982	0.33358	0.38468	0.11007	0.17166
V983	0.53113	0.11944	0.05671	0.29272
V984	0.05933	0.69146	0.12532	0.12389
V985	0.12548	0.24344	0.06018	0.5709
V986	0.26161	0.47189	0.08599	0.18051
V987	0.21008	0.63483	0.04404	0.11105
V988	0.21627	0.10506	0.07168	0.60699
V989	0.34029	0.43611	0.1092	0.11441
V990	0.0564	0.14726	0.58913	0.20721
V991	0.49098	0.34984	0.04829	0.11089
V992	0.20117	0.1016	0.41382	0.28341
V993	0.09293	0.61079	0.16453	0.13175
V994	0.17525	0.65539	0.06644	0.10292
V995	0.54919	0.15894	0.08025	0.21161
V996	0.24323	0.18947	0.06548	0.50182
V997	0.07244	0.1176	0.61548	0.19447
V998	0.66864	0.06179	0.11472	0.15485
V999	0.12744	0.73214	0.04397	0.09645
V1000	0.27739	0.10441	0.05815	0.56005
