CD14.pos.CD16.neg.classical.monocyte	mature.neutrophil	memory.B.cell	cytotoxic.CD56.dim.NK.cell	memory.CD4.pos.AB.T.cell	macrophage
V1	0.14609	0.01719	0.67669	0.0331	0.07046	0.05647
V2	0.42339	0.10369	0.08743	0.10821	0.1775	0.09978
V3	0.27722	0.04795	0.23069	0.03191	0.0945	0.31772
V4	0.23361	0.31348	0.07099	0.10152	0.18218	0.09821
V5	0.08203	0.04894	0.02964	0.45094	0.35099	0.03747
V6	0.26622	0.02035	0.19148	0.06107	0.21341	0.24746
V7	0.11612	0.27739	0.03938	0.05779	0.46114	0.04818
V8	0.50101	0.0538	0.10307	0.11582	0.09432	0.13198
V9	0.27595	0.1293	0.06796	0.21906	0.13725	0.17048
V10	0.35007	0.04389	0.10935	0.26897	0.13257	0.09515
V11	0.15697	0.52475	0.0775	0.06146	0.13029	0.04904
V12	0.29932	0.02314	0.12874	0.04046	0.10185	0.4065
V13	0.14628	0.36651	0.27314	0.05835	0.10656	0.04917
V14	0.11588	0.03183	0.05	0.6001	0.15664	0.04555
V15	0.37023	0.07186	0.07205	0.12006	0.25528	0.11053
V16	0.12378	0.02108	0.0432	0.31375	0.39435	0.10385
V17	0.28261	0.03151	0.19367	0.03203	0.09073	0.36944
V18	0.51519	0.1218	0.1076	0.05253	0.08469	0.11819
V19	0.43209	0.05631	0.21356	0.03983	0.15175	0.10646
V20	0.45278	0.06349	0.14935	0.11479	0.09364	0.12595
V21	0.30174	0.03205	0.09857	0.04125	0.13346	0.39293
V22	0.18928	0.05433	0.04697	0.08442	0.54972	0.07528
V23	0.11108	0.01952	0.28207	0.04218	0.49911	0.04605
V24	0.16757	0.02533	0.03694	0.11713	0.57719	0.07583
V25	0.35319	0.2107	0.07627	0.13382	0.13536	0.09066
V26	0.24172	0.03144	0.05325	0.03866	0.56592	0.06902
V27	0.26566	0.01541	0.21374	0.0383	0.09789	0.36899
V28	0.17401	0.18925	0.17275	0.19788	0.13621	0.12989
V29	0.15661	0.40935	0.13235	0.09507	0.11028	0.09634
V30	0.24434	0.15439	0.14172	0.03819	0.26867	0.1527
V31	0.4756	0.03582	0.2244	0.05308	0.07622	0.13489
V32	0.09139	0.02507	0.29748	0.40752	0.11932	0.05922
V33	0.24162	0.29084	0.2332	0.05661	0.09474	0.08299
V34	0.07411	0.00873	0.41208	0.04848	0.40887	0.04773
V35	0.08977	0.05378	0.17307	0.40158	0.22711	0.05468
V36	0.15411	0.33925	0.13713	0.05256	0.26038	0.05657
V37	0.12968	0.01232	0.63351	0.0378	0.0733	0.1134
V38	0.28434	0.00827	0.19019	0.03174	0.09063	0.39482
V39	0.41929	0.0491	0.08722	0.22872	0.10649	0.10918
V40	0.14791	0.34486	0.06387	0.14869	0.21028	0.08438
V41	0.50793	0.03626	0.1175	0.04087	0.08884	0.2086
V42	0.25016	0.02355	0.46342	0.03292	0.1114	0.11856
V43	0.21809	0.28339	0.06438	0.064	0.28283	0.08732
V44	0.16317	0.53149	0.0745	0.057	0.1187	0.05514
V45	0.3445	0.23283	0.11435	0.05684	0.10822	0.14327
V46	0.14918	0.01852	0.05751	0.22586	0.38464	0.1643
V47	0.14136	0.29152	0.05261	0.14256	0.29942	0.07253
V48	0.13141	0.41496	0.19143	0.04876	0.17053	0.0429
V49	0.15337	0.50395	0.06897	0.05495	0.17048	0.04828
V50	0.08706	0.00984	0.2313	0.04117	0.55695	0.07369
V51	0.06475	0.01453	0.02248	0.04619	0.80734	0.04472
V52	0.13421	0.37711	0.23831	0.071	0.12973	0.04964
V53	0.15858	0.01849	0.10191	0.05722	0.60941	0.05439
V54	0.13697	0.09479	0.46628	0.06874	0.15007	0.08315
V55	0.06989	0.04001	0.11019	0.05764	0.67901	0.04326
V56	0.07992	0.03568	0.61148	0.11864	0.1146	0.03969
V57	0.22465	0.25038	0.09721	0.04076	0.20394	0.18306
V58	0.09633	0.01297	0.70279	0.04678	0.07426	0.06686
V59	0.10266	0.0251	0.03613	0.61414	0.18134	0.04063
V60	0.36486	0.03239	0.07766	0.32214	0.11546	0.08749
V61	0.30582	0.10346	0.08087	0.1525	0.15214	0.20522
V62	0.38796	0.04379	0.13275	0.12086	0.16474	0.1499
V63	0.19177	0.34218	0.07819	0.09873	0.12193	0.1672
V64	0.0746	0.08689	0.02451	0.0406	0.73017	0.04324
V65	0.41151	0.11128	0.10956	0.05373	0.12374	0.19018
V66	0.35606	0.04339	0.15679	0.05193	0.3015	0.09032
V67	0.15138	0.1152	0.27976	0.20672	0.10896	0.13798
V68	0.56316	0.04556	0.11256	0.07057	0.081	0.12714
V69	0.45046	0.04391	0.09985	0.03909	0.10834	0.25834
V70	0.09924	0.02106	0.20212	0.44787	0.18653	0.04318
V71	0.13968	0.18552	0.06809	0.11086	0.38157	0.11428
V72	0.4215	0.10739	0.13949	0.05428	0.13547	0.14186
V73	0.10854	0.01719	0.10855	0.54974	0.17109	0.04489
V74	0.09046	0.11868	0.04711	0.54764	0.16045	0.03566
V75	0.1448	0.52836	0.06449	0.07212	0.14352	0.04671
V76	0.08641	0.00763	0.57704	0.05512	0.22741	0.04638
V77	0.15247	0.11089	0.1224	0.40387	0.13238	0.07799
V78	0.3857	0.10438	0.12209	0.12705	0.10699	0.15379
V79	0.21149	0.35832	0.08563	0.04465	0.10505	0.19486
V80	0.20227	0.37383	0.07721	0.05146	0.1192	0.17602
V81	0.48358	0.09982	0.14859	0.04984	0.09609	0.12208
V82	0.14162	0.4778	0.06417	0.08053	0.18518	0.0507
V83	0.17523	0.11802	0.06459	0.31045	0.24236	0.08934
V84	0.27999	0.03236	0.12644	0.33315	0.13917	0.08889
V85	0.54344	0.04333	0.16296	0.04951	0.07726	0.12349
V86	0.26078	0.03908	0.16105	0.24437	0.11881	0.1759
V87	0.0841	0.02974	0.05333	0.62698	0.16214	0.0437
V88	0.17238	0.03446	0.05829	0.38955	0.17752	0.16779
V89	0.18284	0.12296	0.3883	0.03922	0.08387	0.18281
V90	0.15731	0.42132	0.14761	0.05545	0.15879	0.05951
V91	0.09247	0.02146	0.05882	0.11053	0.66307	0.05364
V92	0.07582	0.06035	0.03055	0.04555	0.73722	0.05051
V93	0.24564	0.05774	0.06948	0.10392	0.31131	0.21191
V94	0.0779	0.02	0.23451	0.49717	0.13385	0.03657
V95	0.06868	0.01778	0.25959	0.11739	0.49764	0.03893
V96	0.15579	0.25321	0.06175	0.07447	0.33866	0.11612
V97	0.06444	0.02119	0.02859	0.08482	0.76062	0.04035
V98	0.09871	0.06935	0.04067	0.52851	0.22115	0.04161
V99	0.07991	0.03005	0.04018	0.64268	0.17051	0.03666
V100	0.08898	0.01561	0.38788	0.22356	0.22304	0.06092
V101	0.11311	0.25115	0.37022	0.11195	0.10354	0.05003
V102	0.52957	0.04914	0.17431	0.04925	0.0771	0.12062
V103	0.44323	0.05045	0.09751	0.15515	0.13618	0.11749
V104	0.09628	0.0144	0.20316	0.49185	0.14803	0.04628
V105	0.29786	0.00821	0.15172	0.03271	0.09279	0.41672
V106	0.16313	0.00557	0.52176	0.02887	0.08372	0.19695
V107	0.16388	0.41231	0.22276	0.04889	0.10338	0.04878
V108	0.23906	0.03123	0.0991	0.03971	0.27196	0.31894
V109	0.25453	0.01606	0.08525	0.03252	0.25721	0.35444
V110	0.1249	0.12218	0.57086	0.0345	0.08491	0.06264
V111	0.08065	0.02025	0.71522	0.04792	0.09004	0.04592
V112	0.11912	0.22331	0.04236	0.42166	0.1511	0.04245
V113	0.09781	0.07233	0.51429	0.06224	0.20477	0.04857
V114	0.16776	0.012	0.54008	0.14013	0.08271	0.05732
V115	0.36518	0.06698	0.09464	0.05833	0.20218	0.21269
V116	0.55374	0.04462	0.11055	0.08362	0.08233	0.12515
V117	0.37699	0.03905	0.07012	0.10691	0.3132	0.09373
V118	0.14096	0.42875	0.13264	0.07303	0.16856	0.05605
V119	0.1515	0.50649	0.07529	0.0811	0.12448	0.06114
V120	0.14682	0.14927	0.11997	0.32241	0.19979	0.06175
V121	0.31707	0.02681	0.08365	0.23074	0.10522	0.23651
V122	0.24407	0.03937	0.0587	0.43239	0.16095	0.06453
V123	0.33991	0.02607	0.08196	0.0705	0.21447	0.26709
V124	0.07349	0.01109	0.2463	0.04274	0.58179	0.04459
V125	0.11664	0.1145	0.52801	0.08208	0.08332	0.07545
V126	0.24898	0.18563	0.12004	0.04356	0.10473	0.29706
V127	0.10684	0.00775	0.6449	0.10443	0.08718	0.0489
V128	0.27695	0.19075	0.14105	0.15266	0.15772	0.08087
V129	0.08376	0.02039	0.66965	0.0905	0.087	0.04869
V130	0.36744	0.11266	0.0802	0.21333	0.13095	0.09542
V131	0.11241	0.01277	0.05146	0.04925	0.6688	0.1053
V132	0.12655	0.31354	0.33398	0.04326	0.13606	0.04662
V133	0.12757	0.14321	0.45302	0.09786	0.13136	0.04698
V134	0.21403	0.40685	0.07167	0.05642	0.17813	0.0729
V135	0.13819	0.01383	0.59403	0.03166	0.12004	0.10224
V136	0.17547	0.44654	0.11475	0.0632	0.1421	0.05794
V137	0.10854	0.12251	0.44192	0.05005	0.23508	0.04191
V138	0.20126	0.01229	0.07172	0.3126	0.1919	0.21024
V139	0.15107	0.04489	0.15705	0.04045	0.43173	0.17481
V140	0.40485	0.17781	0.1169	0.09596	0.09937	0.1051
V141	0.23105	0.19363	0.14748	0.2174	0.13592	0.0745
V142	0.19517	0.44305	0.07864	0.09122	0.11358	0.07833
V143	0.12801	0.05261	0.50119	0.09052	0.16723	0.06044
V144	0.25333	0.12783	0.09104	0.12329	0.10962	0.29489
V145	0.08516	0.01686	0.04745	0.64632	0.15696	0.04725
V146	0.14825	0.02295	0.08888	0.04295	0.61285	0.08412
V147	0.3852	0.07374	0.17034	0.07163	0.08642	0.21268
V148	0.10388	0.13424	0.59997	0.03532	0.07812	0.04846
V149	0.21689	0.32431	0.07408	0.06169	0.10582	0.21722
V150	0.08328	0.01763	0.03412	0.6429	0.1844	0.03767
V151	0.23345	0.27201	0.07679	0.04764	0.12261	0.24749
V152	0.13868	0.16998	0.35426	0.06387	0.19993	0.07328
V153	0.08204	0.03679	0.50356	0.21632	0.11908	0.04221
V154	0.37061	0.16529	0.09695	0.04035	0.09209	0.23471
V155	0.13345	0.24836	0.10472	0.04217	0.40405	0.06724
V156	0.10988	0.3174	0.04675	0.04739	0.43716	0.04142
V157	0.20849	0.08728	0.09825	0.22571	0.12512	0.25516
V158	0.09791	0.05013	0.69354	0.03356	0.0737	0.05115
V159	0.17889	0.17276	0.28728	0.15895	0.13401	0.06812
V160	0.103	0.00522	0.70095	0.03914	0.07252	0.07917
V161	0.11916	0.32584	0.04558	0.26122	0.20768	0.04051
V162	0.13287	0.35182	0.04789	0.13056	0.28191	0.05497
V163	0.09139	0.00666	0.74385	0.03334	0.07229	0.05246
V164	0.11292	0.24494	0.30589	0.11861	0.17067	0.04697
V165	0.10491	0.02646	0.05614	0.04993	0.67242	0.09015
V166	0.15623	0.01817	0.04509	0.13689	0.46252	0.1811
V167	0.08399	0.01151	0.34453	0.38141	0.13676	0.0418
V168	0.44775	0.04474	0.09117	0.20915	0.0963	0.11089
V169	0.09672	0.01425	0.55704	0.18182	0.09771	0.05245
V170	0.32307	0.04846	0.13922	0.24302	0.16011	0.08612
V171	0.23807	0.30795	0.08763	0.04322	0.11557	0.20756
V172	0.14716	0.05957	0.44084	0.15993	0.09784	0.09466
V173	0.11583	0.01942	0.63815	0.03102	0.08947	0.10612
V174	0.41663	0.10323	0.08561	0.04914	0.2458	0.0996
V175	0.16231	0.42371	0.14771	0.06201	0.15312	0.05114
V176	0.07875	0.00598	0.73891	0.04093	0.08885	0.04658
V177	0.19511	0.06855	0.29016	0.05391	0.23193	0.16033
V178	0.08305	0.04086	0.05068	0.03828	0.73466	0.05248
V179	0.11774	0.01379	0.07191	0.46149	0.2215	0.11357
V180	0.2445	0.0262	0.1966	0.30775	0.10585	0.1191
V181	0.37969	0.10447	0.127	0.08685	0.14795	0.15404
V182	0.0998	0.0718	0.60905	0.08251	0.08064	0.05621
V183	0.08847	0.01786	0.04112	0.65752	0.15678	0.03823
V184	0.30179	0.27787	0.07772	0.06543	0.19534	0.08185
V185	0.19113	0.34373	0.0799	0.05166	0.21275	0.12083
V186	0.07667	0.00898	0.49344	0.2736	0.10885	0.03846
V187	0.25765	0.32771	0.06625	0.06072	0.21801	0.06966
V188	0.21584	0.37995	0.07838	0.0649	0.10794	0.15299
V189	0.10848	0.05957	0.16431	0.05539	0.51207	0.10017
V190	0.12516	0.13325	0.04375	0.05149	0.53151	0.11484
V191	0.20012	0.37762	0.07144	0.05179	0.12028	0.17875
V192	0.37355	0.17627	0.14416	0.06254	0.13851	0.10497
V193	0.2844	0.09356	0.09739	0.04183	0.10485	0.37797
V194	0.07821	0.02736	0.0438	0.11719	0.68237	0.05108
V195	0.08255	0.00722	0.5764	0.10438	0.1845	0.04495
V196	0.08006	0.01682	0.05235	0.62147	0.18889	0.0404
V197	0.18793	0.0206	0.05827	0.0446	0.62187	0.06674
V198	0.16436	0.27156	0.07831	0.14343	0.2836	0.05874
V199	0.10302	0.16612	0.10938	0.11119	0.46405	0.04624
V200	0.13478	0.01524	0.46344	0.1964	0.09958	0.09057
V201	0.09185	0.01712	0.03573	0.6474	0.15625	0.05165
V202	0.16443	0.05216	0.36196	0.06006	0.20844	0.15294
V203	0.389	0.05404	0.08242	0.27381	0.10473	0.096
V204	0.26755	0.04642	0.11321	0.15141	0.109	0.3124
V205	0.08595	0.02076	0.7242	0.04769	0.07451	0.04688
V206	0.08534	0.04882	0.11826	0.53906	0.17154	0.03698
V207	0.30427	0.14636	0.10019	0.20602	0.12566	0.1175
V208	0.29858	0.07999	0.3468	0.07145	0.12389	0.07929
V209	0.27507	0.31987	0.07581	0.07029	0.11039	0.14857
V210	0.14622	0.0248	0.66833	0.03335	0.0709	0.0564
V211	0.37923	0.0496	0.15351	0.04433	0.21162	0.1617
V212	0.10874	0.19222	0.1888	0.29428	0.16823	0.04773
V213	0.101	0.06124	0.22852	0.05693	0.50571	0.0466
V214	0.51173	0.05588	0.11628	0.08322	0.11229	0.12059
V215	0.19516	0.40834	0.06997	0.0712	0.11027	0.14506
V216	0.18236	0.33208	0.26731	0.05146	0.11101	0.05578
V217	0.25118	0.01461	0.09686	0.09678	0.32041	0.22016
V218	0.13128	0.22473	0.04929	0.39805	0.15513	0.04153
V219	0.52969	0.04026	0.11853	0.04212	0.0877	0.1817
V220	0.13687	0.02624	0.05291	0.58596	0.1457	0.0523
V221	0.17629	0.45744	0.08644	0.1029	0.12203	0.0549
V222	0.13902	0.19884	0.07092	0.14307	0.38657	0.06158
V223	0.18906	0.21431	0.25246	0.04304	0.11261	0.18853
V224	0.07344	0.0098	0.33447	0.03537	0.50599	0.04093
V225	0.33042	0.01881	0.1115	0.04122	0.09438	0.40367
V226	0.23454	0.0556	0.20487	0.22984	0.19122	0.08394
V227	0.42707	0.0336	0.09075	0.1965	0.10328	0.14881
V228	0.175	0.17249	0.38222	0.07769	0.11639	0.0762
V229	0.17823	0.0222	0.3135	0.20993	0.20426	0.07189
V230	0.12302	0.12204	0.57711	0.04152	0.07773	0.05858
V231	0.10863	0.0317	0.04277	0.60399	0.17172	0.04119
V232	0.33679	0.0304	0.07681	0.23745	0.11196	0.20659
V233	0.51834	0.04809	0.11831	0.08941	0.09791	0.12793
V234	0.32773	0.0293	0.0612	0.05218	0.43943	0.09017
V235	0.12633	0.01895	0.05765	0.58551	0.16071	0.05084
V236	0.137	0.0102	0.1803	0.04738	0.49269	0.13243
V237	0.08482	0.00644	0.65479	0.1118	0.09656	0.04559
V238	0.435	0.02987	0.12456	0.10012	0.1163	0.19415
V239	0.3645	0.05024	0.15362	0.1341	0.18745	0.11009
V240	0.0911	0.17544	0.03015	0.1234	0.53826	0.04165
V241	0.37734	0.13877	0.08303	0.16618	0.13484	0.09984
V242	0.29268	0.05333	0.10584	0.15991	0.16856	0.21969
V243	0.12106	0.26888	0.36954	0.07357	0.12158	0.04536
V244	0.18986	0.02796	0.05464	0.03515	0.52609	0.1663
V245	0.50297	0.03538	0.1104	0.04065	0.09655	0.21405
V246	0.08537	0.04696	0.19917	0.29323	0.33013	0.04514
V247	0.30594	0.07335	0.08553	0.16637	0.11742	0.2514
V248	0.2191	0.04255	0.04638	0.19179	0.4175	0.08267
V249	0.23572	0.12892	0.33264	0.09713	0.08722	0.11837
V250	0.087	0.03008	0.04134	0.64394	0.15672	0.04093
V251	0.13489	0.37407	0.15454	0.16654	0.12151	0.04846
V252	0.08221	0.0229	0.06609	0.59797	0.18705	0.04377
V253	0.16969	0.0536	0.05817	0.30911	0.22391	0.18552
V254	0.12481	0.18615	0.09558	0.16947	0.35501	0.06898
V255	0.29774	0.21967	0.12299	0.08776	0.1464	0.12544
V256	0.15047	0.52897	0.06646	0.06126	0.13703	0.05581
V257	0.13853	0.27997	0.06918	0.0629	0.37623	0.0732
V258	0.11173	0.17195	0.14208	0.39776	0.12792	0.04856
V259	0.13034	0.37126	0.28509	0.05792	0.10056	0.05483
V260	0.15362	0.04312	0.05092	0.05001	0.59693	0.1054
V261	0.36465	0.04159	0.10141	0.06519	0.26116	0.16601
V262	0.12614	0.01635	0.64071	0.04088	0.12693	0.049
V263	0.10035	0.0512	0.50834	0.1883	0.10038	0.05144
V264	0.41536	0.0438	0.16138	0.06556	0.13564	0.17826
V265	0.08539	0.01537	0.02456	0.058	0.7693	0.04738
V266	0.32275	0.04086	0.10855	0.04149	0.10187	0.38448
V267	0.2095	0.43897	0.06775	0.1036	0.12121	0.05899
V268	0.56437	0.04472	0.10853	0.05078	0.0803	0.1513
V269	0.09744	0.04898	0.12679	0.5235	0.16121	0.04209
V270	0.25654	0.32823	0.08551	0.06045	0.19697	0.0723
V271	0.22224	0.10113	0.25464	0.04605	0.10326	0.27269
V272	0.091	0.01368	0.02706	0.09677	0.69367	0.07782
V273	0.10602	0.01451	0.06849	0.09706	0.64416	0.06975
V274	0.25588	0.01512	0.20278	0.07396	0.10041	0.35185
V275	0.45125	0.16001	0.10019	0.05758	0.09546	0.13552
V276	0.22891	0.18844	0.12762	0.09761	0.1352	0.22223
V277	0.38177	0.03831	0.09237	0.04349	0.2021	0.24196
V278	0.16119	0.09923	0.11225	0.20467	0.35893	0.06374
V279	0.264	0.0479	0.22505	0.07444	0.10376	0.28485
V280	0.14317	0.01987	0.04727	0.58113	0.15158	0.05698
V281	0.15047	0.5177	0.08677	0.0769	0.11843	0.04973
V282	0.08184	0.04114	0.03072	0.08515	0.71287	0.04829
V283	0.11044	0.29694	0.04003	0.05262	0.45267	0.0473
V284	0.13065	0.0812	0.272	0.27068	0.14404	0.10142
V285	0.08676	0.03026	0.03511	0.64289	0.16401	0.04098
V286	0.42947	0.05636	0.143	0.17539	0.09181	0.10397
V287	0.08578	0.02016	0.0522	0.0974	0.67813	0.06633
V288	0.23164	0.19952	0.08341	0.0447	0.19912	0.24162
V289	0.08953	0.07139	0.57439	0.11123	0.10669	0.04676
V290	0.0835	0.0136	0.20157	0.51066	0.14312	0.04755
V291	0.09951	0.03753	0.03593	0.62028	0.16089	0.04587
V292	0.16363	0.08005	0.05452	0.42533	0.22345	0.05302
V293	0.07198	0.04701	0.04937	0.04539	0.73925	0.04699
V294	0.36399	0.04975	0.07205	0.05198	0.31897	0.14327
V295	0.33565	0.01222	0.11228	0.03418	0.10096	0.4047
V296	0.14005	0.25946	0.1119	0.22675	0.16624	0.0956
V297	0.29652	0.05869	0.0945	0.04137	0.10521	0.40371
V298	0.14335	0.47866	0.16324	0.05802	0.11103	0.04571
V299	0.17266	0.07059	0.57534	0.04106	0.08185	0.0585
V300	0.47273	0.1095	0.12405	0.04905	0.08428	0.16039
V301	0.3458	0.28489	0.11788	0.06033	0.10425	0.08684
V302	0.11022	0.20181	0.08919	0.3783	0.17295	0.04753
V303	0.13829	0.44072	0.10133	0.06186	0.20696	0.05083
V304	0.08037	0.01469	0.04328	0.03846	0.77641	0.04679
V305	0.13992	0.01793	0.17605	0.33346	0.19137	0.14126
V306	0.37838	0.09171	0.09426	0.04447	0.09177	0.2994
V307	0.17642	0.02475	0.04563	0.0504	0.6111	0.09171
V308	0.07946	0.02399	0.03424	0.65974	0.16572	0.03684
V309	0.1244	0.35271	0.0551	0.29037	0.13111	0.04631
V310	0.18576	0.26274	0.24867	0.04615	0.10856	0.14812
V311	0.42535	0.02584	0.10658	0.04391	0.08822	0.3101
V312	0.14936	0.02556	0.03632	0.28534	0.43919	0.06423
V313	0.35211	0.02384	0.09475	0.07031	0.09462	0.36437
V314	0.21812	0.0309	0.05615	0.49604	0.13907	0.05972
V315	0.20409	0.4404	0.07366	0.05241	0.15451	0.07493
V316	0.31957	0.02116	0.10279	0.09019	0.1112	0.3551
V317	0.13907	0.01558	0.04959	0.50658	0.17305	0.11614
V318	0.08538	0.02321	0.06032	0.62955	0.15454	0.04699
V319	0.2832	0.14669	0.24094	0.13973	0.09994	0.08951
V320	0.23481	0.14922	0.29368	0.11828	0.0977	0.10632
V321	0.13196	0.41262	0.05277	0.22734	0.13363	0.04168
V322	0.11335	0.01211	0.10037	0.04842	0.61874	0.10701
V323	0.11348	0.20684	0.03791	0.29337	0.30588	0.04252
V324	0.15281	0.04114	0.07482	0.18463	0.40994	0.13665
V325	0.17778	0.51027	0.08561	0.05542	0.11557	0.05534
V326	0.20839	0.46339	0.08173	0.05399	0.13034	0.06217
V327	0.13409	0.00905	0.69831	0.03313	0.0706	0.05483
V328	0.18633	0.1535	0.17912	0.13892	0.28269	0.05945
V329	0.08269	0.008	0.45345	0.03409	0.36903	0.05273
V330	0.08611	0.00619	0.72731	0.04062	0.08866	0.05111
V331	0.44713	0.08191	0.13064	0.10144	0.09441	0.14448
V332	0.17042	0.0595	0.1612	0.04057	0.38455	0.18376
V333	0.09373	0.02372	0.37254	0.27997	0.17287	0.05716
V334	0.11345	0.28526	0.33186	0.12498	0.10095	0.04351
V335	0.16869	0.02359	0.59731	0.03849	0.0725	0.09942
V336	0.28161	0.38443	0.09515	0.05141	0.11056	0.07683
V337	0.12225	0.14174	0.07724	0.04684	0.56656	0.04536
V338	0.46165	0.03718	0.12007	0.04742	0.20799	0.12569
V339	0.15906	0.07563	0.3291	0.21502	0.12093	0.10026
V340	0.40815	0.20024	0.08705	0.07749	0.11368	0.11339
V341	0.22036	0.05052	0.08235	0.41923	0.16058	0.06697
V342	0.13969	0.02149	0.05661	0.48052	0.17849	0.1232
V343	0.26374	0.12402	0.16724	0.05518	0.10688	0.28295
V344	0.15003	0.40172	0.0565	0.06563	0.23422	0.0919
V345	0.06771	0.01471	0.02885	0.04651	0.80035	0.04187
V346	0.16366	0.02609	0.05229	0.32688	0.36157	0.06951
V347	0.33271	0.11664	0.086	0.10012	0.27559	0.08894
V348	0.15714	0.1045	0.50889	0.04872	0.12334	0.0574
V349	0.45984	0.08575	0.12147	0.10898	0.11677	0.10719
V350	0.32617	0.05257	0.16791	0.20242	0.09726	0.15367
V351	0.31433	0.064	0.12209	0.05534	0.10774	0.3365
V352	0.17363	0.22837	0.06192	0.03995	0.32134	0.1748
V353	0.10184	0.13427	0.60564	0.03545	0.07811	0.04469
V354	0.20038	0.04759	0.2233	0.03339	0.32629	0.16905
V355	0.08432	0.02832	0.72926	0.04087	0.07425	0.04297
V356	0.35653	0.11137	0.09941	0.20071	0.12235	0.10963
V357	0.24942	0.02588	0.34895	0.04872	0.2482	0.07883
V358	0.28785	0.00847	0.13971	0.06076	0.1028	0.40043
V359	0.16612	0.07953	0.04957	0.45201	0.18929	0.06347
V360	0.34155	0.0291	0.07291	0.18096	0.26982	0.10565
V361	0.1494	0.54032	0.06678	0.06727	0.12626	0.04997
V362	0.1296	0.3546	0.0732	0.26681	0.1344	0.04139
V363	0.46758	0.07909	0.13014	0.042	0.15514	0.12605
V364	0.23934	0.1418	0.08606	0.06317	0.187	0.28264
V365	0.30767	0.27861	0.07962	0.14521	0.10689	0.08199
V366	0.15157	0.18357	0.37528	0.08506	0.14763	0.05689
V367	0.09334	0.0156	0.04405	0.43909	0.35121	0.05671
V368	0.22003	0.10782	0.12906	0.06161	0.2092	0.27227
V369	0.09898	0.03387	0.02835	0.0841	0.67661	0.07809
V370	0.11482	0.0648	0.50758	0.139	0.10246	0.07133
V371	0.15237	0.18517	0.05507	0.37014	0.128	0.10925
V372	0.1531	0.42675	0.05756	0.06732	0.22111	0.07416
V373	0.52752	0.04635	0.10681	0.04251	0.08204	0.19479
V374	0.18738	0.02574	0.22408	0.37397	0.13461	0.05423
V375	0.30193	0.03129	0.20761	0.07783	0.2905	0.09085
V376	0.24545	0.04489	0.09655	0.12377	0.16209	0.32725
V377	0.10805	0.01808	0.33578	0.03466	0.44717	0.05627
V378	0.26002	0.06087	0.21994	0.03206	0.11763	0.30948
V379	0.39195	0.02945	0.1911	0.03541	0.08315	0.26893
V380	0.07111	0.04032	0.04915	0.05176	0.74057	0.04709
V381	0.27102	0.04383	0.28261	0.23058	0.10268	0.06929
V382	0.07578	0.03469	0.03097	0.18226	0.63315	0.04315
V383	0.19726	0.04508	0.33728	0.24471	0.11258	0.0631
V384	0.10746	0.02226	0.6595	0.04779	0.11332	0.04966
V385	0.31585	0.01708	0.11867	0.03379	0.09489	0.41971
V386	0.4044	0.05339	0.26826	0.04524	0.12071	0.10799
V387	0.20935	0.0298	0.08757	0.48498	0.13013	0.05817
V388	0.49093	0.0671	0.20281	0.04156	0.08397	0.11363
V389	0.35829	0.07501	0.10066	0.03661	0.09911	0.33032
V390	0.12405	0.04242	0.04683	0.5275	0.16869	0.0905
V391	0.10333	0.02242	0.04615	0.43399	0.32908	0.06503
V392	0.16695	0.03619	0.39996	0.1166	0.08827	0.19202
V393	0.1508	0.11559	0.32346	0.08237	0.19562	0.13215
V394	0.08458	0.01678	0.05935	0.6044	0.19377	0.04112
V395	0.08317	0.04921	0.71038	0.04103	0.0748	0.04141
V396	0.34568	0.07221	0.07497	0.27935	0.14375	0.08404
V397	0.26263	0.13499	0.10841	0.04263	0.13276	0.31858
V398	0.1491	0.42168	0.06704	0.06763	0.23995	0.05459
V399	0.09093	0.00603	0.68434	0.06892	0.09157	0.0582
V400	0.20893	0.032	0.06431	0.31802	0.12693	0.24981
V401	0.17048	0.02571	0.52251	0.0399	0.16058	0.08082
V402	0.11926	0.02535	0.0446	0.60773	0.1502	0.05285
V403	0.20685	0.00854	0.06905	0.06093	0.38437	0.27026
V404	0.08227	0.01374	0.75315	0.03407	0.07304	0.04372
V405	0.28165	0.24937	0.12946	0.08283	0.18184	0.07485
V406	0.2134	0.0549	0.19328	0.10364	0.2329	0.20188
V407	0.1451	0.02046	0.59218	0.03023	0.08122	0.1308
V408	0.12058	0.08853	0.06547	0.50541	0.1379	0.0821
V409	0.55888	0.06617	0.10781	0.04528	0.08102	0.14083
V410	0.56838	0.05285	0.10756	0.04498	0.09405	0.13218
V411	0.24346	0.01614	0.08286	0.22113	0.10997	0.32643
V412	0.38231	0.15232	0.12278	0.07552	0.1755	0.09157
V413	0.09341	0.09426	0.05969	0.54806	0.16493	0.03966
V414	0.13836	0.06525	0.05088	0.43851	0.25422	0.05279
V415	0.11417	0.0175	0.28318	0.30727	0.19306	0.08482
V416	0.11695	0.1143	0.04249	0.21525	0.42038	0.09064
V417	0.28983	0.01149	0.13995	0.12407	0.09709	0.33757
V418	0.09205	0.06574	0.3335	0.13158	0.31661	0.06052
V419	0.30576	0.02959	0.09781	0.03421	0.10461	0.42802
V420	0.3139	0.00931	0.09871	0.04095	0.1043	0.43283
V421	0.09886	0.04823	0.07372	0.0908	0.63173	0.05667
V422	0.20329	0.21435	0.0491	0.04969	0.42237	0.06121
V423	0.11694	0.12672	0.03879	0.52481	0.14962	0.04312
V424	0.49516	0.10119	0.10984	0.09009	0.0868	0.11693
V425	0.07719	0.08681	0.03758	0.03989	0.71193	0.04661
V426	0.25686	0.03792	0.21736	0.03856	0.09778	0.35152
V427	0.3478	0.11047	0.17517	0.13407	0.11349	0.11901
V428	0.23376	0.03196	0.05188	0.48876	0.13093	0.0627
V429	0.0819	0.02761	0.10931	0.43458	0.29915	0.04745
V430	0.11878	0.06594	0.45485	0.18117	0.10776	0.07151
V431	0.07749	0.01325	0.73645	0.05524	0.07543	0.04214
V432	0.11453	0.29839	0.0626	0.33669	0.14568	0.04211
V433	0.08376	0.01728	0.06625	0.64059	0.15472	0.03739
V434	0.10349	0.20863	0.16028	0.36152	0.12672	0.03936
V435	0.11772	0.01187	0.04133	0.03539	0.66143	0.13227
V436	0.52101	0.10917	0.10762	0.05849	0.08461	0.11911
V437	0.22049	0.19961	0.2601	0.0527	0.1761	0.091
V438	0.12483	0.26816	0.04631	0.08781	0.42361	0.0493
V439	0.07167	0.01996	0.10328	0.038	0.72243	0.04466
V440	0.17617	0.04777	0.34837	0.0754	0.24722	0.10506
V441	0.1514	0.0583	0.38975	0.14534	0.10577	0.14944
V442	0.33397	0.10803	0.197	0.08592	0.13156	0.14352
V443	0.09039	0.01598	0.08055	0.58475	0.17672	0.05161
V444	0.46684	0.0573	0.11724	0.06138	0.15709	0.14016
V445	0.5723	0.0531	0.12143	0.04485	0.079	0.12932
V446	0.13794	0.36588	0.24764	0.06403	0.12184	0.06267
V447	0.22486	0.16832	0.06562	0.17615	0.15162	0.21344
V448	0.09316	0.0218	0.67855	0.03423	0.12786	0.04441
V449	0.39186	0.053	0.09131	0.24261	0.10121	0.12002
V450	0.13214	0.017	0.54852	0.03355	0.21582	0.05297
V451	0.13591	0.0436	0.14879	0.14473	0.4754	0.05157
V452	0.18434	0.02603	0.08184	0.34632	0.16481	0.19666
V453	0.27269	0.02058	0.42814	0.11965	0.08709	0.07185
V454	0.19212	0.06147	0.12682	0.42702	0.1309	0.06168
V455	0.17751	0.48768	0.08951	0.07097	0.11559	0.05874
V456	0.52135	0.04009	0.12667	0.04876	0.11621	0.14692
V457	0.25835	0.01777	0.08242	0.0399	0.27163	0.32992
V458	0.12114	0.00935	0.34508	0.03987	0.3891	0.09545
V459	0.08989	0.0232	0.47322	0.27306	0.10119	0.03944
V460	0.30177	0.06451	0.2431	0.1332	0.11839	0.13904
V461	0.239	0.05074	0.06516	0.34166	0.21927	0.08417
V462	0.08767	0.00549	0.71576	0.04693	0.08203	0.06212
V463	0.06622	0.03421	0.03509	0.07136	0.753	0.04011
V464	0.16474	0.49613	0.07036	0.07115	0.14718	0.05044
V465	0.29809	0.08674	0.3703	0.03614	0.11378	0.09496
V466	0.12567	0.03113	0.05062	0.53687	0.19868	0.05704
V467	0.57903	0.04692	0.11588	0.04491	0.07892	0.13434
V468	0.27517	0.094	0.12335	0.21338	0.22089	0.07321
V469	0.11014	0.09971	0.52066	0.1033	0.09274	0.07346
V470	0.40317	0.04053	0.10843	0.09366	0.2509	0.10331
V471	0.13033	0.15652	0.42273	0.08358	0.12413	0.0827
V472	0.14596	0.33471	0.04922	0.07128	0.33158	0.06725
V473	0.15372	0.54767	0.07339	0.05738	0.11956	0.04828
V474	0.11614	0.01328	0.31316	0.38936	0.12166	0.0464
V475	0.12421	0.11653	0.23376	0.165	0.30358	0.05692
V476	0.36508	0.04029	0.08549	0.18196	0.13633	0.19084
V477	0.17372	0.37724	0.10284	0.11259	0.13086	0.10275
V478	0.09787	0.01222	0.68349	0.04641	0.0822	0.07781
V479	0.11979	0.10151	0.57021	0.04168	0.11514	0.05168
V480	0.09895	0.17613	0.03954	0.25671	0.38782	0.04085
V481	0.3055	0.08785	0.14309	0.09241	0.2763	0.09485
V482	0.43802	0.02676	0.11506	0.0447	0.0875	0.28796
V483	0.14538	0.52104	0.1088	0.06101	0.11701	0.04677
V484	0.51828	0.04141	0.15078	0.04191	0.12215	0.12545
V485	0.23719	0.10305	0.39695	0.09101	0.08945	0.08235
V486	0.21147	0.01292	0.54213	0.06055	0.07378	0.09915
V487	0.10668	0.24268	0.0415	0.05008	0.51186	0.04719
V488	0.2527	0.40673	0.08406	0.08025	0.10848	0.06778
V489	0.49732	0.05425	0.15476	0.04874	0.12328	0.12165
V490	0.30054	0.04013	0.08934	0.07609	0.12042	0.37348
V491	0.14301	0.19548	0.28622	0.03899	0.27381	0.06249
V492	0.22656	0.03099	0.22561	0.09628	0.1626	0.25795
V493	0.50313	0.12684	0.0995	0.06512	0.08659	0.11883
V494	0.22291	0.02872	0.31975	0.05088	0.08536	0.29238
V495	0.23144	0.34619	0.19559	0.05934	0.10627	0.06118
V496	0.22001	0.1	0.25876	0.035	0.25179	0.13443
V497	0.09719	0.14712	0.14867	0.06535	0.49826	0.04341
V498	0.13708	0.08348	0.28932	0.27054	0.15744	0.06215
V499	0.14803	0.41175	0.16459	0.09611	0.12251	0.05701
V500	0.3405	0.14922	0.11694	0.08066	0.20735	0.10533
V501	0.16947	0.50556	0.06772	0.07121	0.12363	0.0624
V502	0.07716	0.02155	0.03203	0.22157	0.6011	0.0466
V503	0.16092	0.22811	0.07195	0.35717	0.13501	0.04685
V504	0.16043	0.50771	0.09909	0.05536	0.12794	0.04947
V505	0.09239	0.00914	0.38953	0.30822	0.13611	0.06462
V506	0.32344	0.02604	0.1057	0.1471	0.15107	0.24664
V507	0.3086	0.0081	0.09892	0.03362	0.11203	0.43872
V508	0.14043	0.36527	0.08571	0.10718	0.25132	0.05009
V509	0.09632	0.02443	0.04047	0.565	0.234	0.03977
V510	0.56932	0.04599	0.10748	0.04471	0.10044	0.13206
V511	0.26526	0.01866	0.07721	0.20771	0.11516	0.31599
V512	0.14299	0.15678	0.46124	0.05585	0.10483	0.07831
V513	0.0805	0.02569	0.19632	0.07655	0.57646	0.04448
V514	0.16556	0.47841	0.11087	0.05186	0.11259	0.0807
V515	0.14949	0.2603	0.05482	0.34254	0.1294	0.06344
V516	0.08398	0.0427	0.61411	0.04085	0.16996	0.0484
V517	0.07324	0.01055	0.32092	0.20057	0.35262	0.04209
V518	0.28315	0.26119	0.09432	0.1206	0.13826	0.10247
V519	0.21239	0.34893	0.07425	0.10628	0.11637	0.14177
V520	0.44368	0.09542	0.10946	0.12145	0.09053	0.13947
V521	0.12306	0.01656	0.0362	0.05106	0.71004	0.06308
V522	0.30832	0.14532	0.08269	0.05977	0.25412	0.14977
V523	0.32256	0.13899	0.12162	0.14613	0.10576	0.16494
V524	0.12169	0.01281	0.08811	0.15701	0.51489	0.10549
V525	0.39278	0.02218	0.13026	0.04935	0.08833	0.31709
V526	0.13716	0.4543	0.12562	0.05716	0.18057	0.0452
V527	0.2815	0.02807	0.46071	0.04143	0.11031	0.07798
V528	0.52569	0.04183	0.18019	0.0487	0.08369	0.1199
V529	0.13154	0.07125	0.05794	0.52915	0.16022	0.04991
V530	0.15826	0.16305	0.28377	0.12433	0.15434	0.11624
V531	0.57334	0.0532	0.10855	0.05162	0.0803	0.13299
V532	0.14453	0.01883	0.09099	0.46543	0.22577	0.05445
V533	0.17865	0.00935	0.25342	0.05305	0.32298	0.18256
V534	0.13921	0.01397	0.05093	0.44881	0.20639	0.14068
V535	0.37187	0.0576	0.22732	0.14086	0.09475	0.1076
V536	0.09412	0.00591	0.57736	0.16802	0.08778	0.06681
V537	0.13856	0.38926	0.05918	0.22318	0.1322	0.05762
V538	0.21428	0.01019	0.07375	0.31358	0.11819	0.27001
V539	0.0908	0.01702	0.0462	0.53644	0.26025	0.04929
V540	0.26573	0.02699	0.30051	0.04885	0.25808	0.09984
V541	0.1122	0.18149	0.04621	0.44815	0.15773	0.05422
V542	0.12431	0.36119	0.06612	0.22485	0.17729	0.04624
V543	0.07636	0.00754	0.50517	0.05521	0.30759	0.04814
V544	0.28986	0.03086	0.09746	0.06189	0.12034	0.39959
V545	0.12659	0.39638	0.10298	0.06643	0.2601	0.04752
V546	0.39187	0.07441	0.08292	0.22806	0.12245	0.10029
V547	0.12507	0.07565	0.0367	0.32295	0.35568	0.08394
V548	0.30793	0.02239	0.09861	0.03399	0.10445	0.43262
V549	0.16728	0.0094	0.50615	0.10386	0.10369	0.10962
V550	0.08102	0.01727	0.29166	0.03553	0.52934	0.04518
V551	0.23882	0.05383	0.11179	0.12385	0.17645	0.29525
V552	0.10702	0.04064	0.14775	0.24663	0.38817	0.06979
V553	0.52652	0.04193	0.12531	0.06969	0.10987	0.12668
V554	0.16087	0.50834	0.08383	0.05416	0.12154	0.07127
V555	0.33029	0.02173	0.09708	0.23139	0.10355	0.21596
V556	0.12176	0.0187	0.37681	0.30804	0.12014	0.05455
V557	0.17355	0.46149	0.12737	0.05771	0.11654	0.06334
V558	0.34173	0.1515	0.08734	0.1325	0.09938	0.18755
V559	0.0672	0.01479	0.02344	0.15002	0.70103	0.04352
V560	0.47603	0.05774	0.10615	0.05487	0.15696	0.14825
V561	0.07805	0.02055	0.75132	0.03427	0.07323	0.04257
V562	0.3698	0.18179	0.11953	0.10133	0.10111	0.12644
V563	0.2965	0.00896	0.09282	0.08982	0.10031	0.41159
V564	0.22689	0.06644	0.06808	0.04069	0.30751	0.29039
V565	0.30881	0.0083	0.10578	0.03358	0.10421	0.43932
V566	0.27176	0.08095	0.10316	0.07578	0.12728	0.34107
V567	0.28696	0.21379	0.07283	0.20897	0.13015	0.08731
V568	0.09843	0.01602	0.03859	0.06502	0.7361	0.04583
V569	0.49932	0.06539	0.10055	0.06898	0.092	0.17376
V570	0.45527	0.13055	0.11668	0.08981	0.09538	0.11231
V571	0.10021	0.16681	0.52753	0.05007	0.11209	0.04329
V572	0.08982	0.01367	0.64796	0.04791	0.15378	0.04685
V573	0.20419	0.47082	0.07593	0.05429	0.13126	0.06352
V574	0.20423	0.0066	0.35503	0.06594	0.11565	0.25255
V575	0.15024	0.40585	0.1105	0.13637	0.1281	0.06894
V576	0.26855	0.09984	0.06669	0.03975	0.45057	0.0746
V577	0.2826	0.05974	0.06316	0.08543	0.40698	0.10209
V578	0.11772	0.01187	0.04133	0.03539	0.66143	0.13227
V579	0.09998	0.03449	0.1649	0.22574	0.4297	0.04519
V580	0.15789	0.03046	0.10723	0.31649	0.30318	0.08475
V581	0.44158	0.06454	0.14413	0.10164	0.14476	0.10335
V582	0.44064	0.04279	0.09856	0.18926	0.10208	0.12667
V583	0.1717	0.04324	0.28579	0.0314	0.26574	0.20213
V584	0.16215	0.02728	0.05239	0.28779	0.31888	0.1515
V585	0.15416	0.29957	0.22882	0.106	0.11616	0.09529
V586	0.201	0.45944	0.10261	0.05907	0.11729	0.06059
V587	0.22282	0.02618	0.26799	0.30074	0.11111	0.07117
V588	0.09376	0.02396	0.06718	0.61649	0.15985	0.03876
V589	0.17431	0.19562	0.26416	0.09722	0.1025	0.16619
V590	0.20299	0.0371	0.34253	0.08838	0.09507	0.23394
V591	0.48578	0.03993	0.11795	0.14914	0.0958	0.1114
V592	0.13019	0.2331	0.11168	0.32042	0.1594	0.04521
V593	0.08435	0.0239	0.04079	0.65589	0.15756	0.0375
V594	0.16504	0.01517	0.06805	0.47148	0.13876	0.14149
V595	0.15672	0.19283	0.088	0.13068	0.28861	0.14316
V596	0.09252	0.17003	0.04176	0.09813	0.5583	0.03926
V597	0.30738	0.02814	0.07685	0.04542	0.46224	0.07997
V598	0.54987	0.07152	0.10635	0.04512	0.08846	0.13869
V599	0.24452	0.01665	0.07392	0.15165	0.18896	0.3243
V600	0.35961	0.09863	0.08462	0.07888	0.15178	0.22648
V601	0.18761	0.11563	0.09675	0.30017	0.1174	0.18244
V602	0.11676	0.02448	0.11728	0.04112	0.57533	0.12503
V603	0.21487	0.2626	0.10017	0.08554	0.13038	0.20644
V604	0.11498	0.30774	0.04117	0.0531	0.4381	0.04492
V605	0.105	0.03544	0.04703	0.03797	0.71514	0.05942
V606	0.3733	0.04853	0.26146	0.08496	0.08166	0.15008
V607	0.2519	0.03864	0.07616	0.04748	0.24974	0.33607
V608	0.18594	0.39866	0.07029	0.10067	0.13152	0.11291
V609	0.0968	0.01522	0.55456	0.19611	0.09177	0.04553
V610	0.1234	0.10123	0.39463	0.16648	0.13156	0.0827
V611	0.14481	0.52503	0.07512	0.07712	0.13161	0.0463
V612	0.09427	0.14952	0.04248	0.5327	0.14526	0.03576
V613	0.4268	0.13107	0.10212	0.04152	0.0891	0.20938
V614	0.14788	0.09402	0.43946	0.03935	0.14119	0.13809
V615	0.0783	0.05377	0.07029	0.04498	0.70511	0.04754
V616	0.31484	0.27792	0.0784	0.07733	0.12093	0.13057
V617	0.07065	0.02124	0.02312	0.04655	0.79329	0.04515
V618	0.20883	0.02783	0.52567	0.03963	0.09595	0.10209
V619	0.13146	0.40533	0.17368	0.07194	0.16626	0.05133
V620	0.24711	0.01428	0.28214	0.04378	0.08619	0.32649
V621	0.08845	0.01593	0.0933	0.57867	0.17562	0.04803
V622	0.35323	0.13648	0.08408	0.04206	0.29088	0.09328
V623	0.21223	0.44563	0.07718	0.05196	0.12209	0.0909
V624	0.13391	0.3882	0.05259	0.24664	0.12767	0.05098
V625	0.12684	0.10312	0.19425	0.36903	0.1407	0.06606
V626	0.12732	0.03962	0.05105	0.17711	0.469	0.13591
V627	0.40006	0.03466	0.07688	0.28217	0.10425	0.10198
V628	0.19029	0.05289	0.29364	0.10314	0.17485	0.18518
V629	0.11499	0.3027	0.04547	0.353	0.14158	0.04226
V630	0.43013	0.03539	0.11317	0.07941	0.11672	0.22519
V631	0.25192	0.00868	0.12699	0.13806	0.13894	0.33541
V632	0.09664	0.03427	0.13784	0.2729	0.40404	0.05432
V633	0.09405	0.13415	0.61057	0.04239	0.07881	0.04004
V634	0.46862	0.04611	0.10158	0.18252	0.09304	0.10812
V635	0.08801	0.04743	0.22901	0.46563	0.1293	0.04062
V636	0.14537	0.39924	0.05439	0.10063	0.22464	0.07574
V637	0.27227	0.05162	0.09198	0.03379	0.17943	0.37092
V638	0.10681	0.08913	0.07937	0.42413	0.25409	0.04647
V639	0.24975	0.06336	0.11374	0.06396	0.39279	0.1164
V640	0.13963	0.10795	0.4017	0.04699	0.19001	0.11371
V641	0.08093	0.06493	0.41745	0.05581	0.33816	0.04272
V642	0.24924	0.04462	0.29132	0.15999	0.09184	0.16299
V643	0.51656	0.04841	0.09748	0.1092	0.10083	0.12753
V644	0.4916	0.04409	0.09708	0.11537	0.09488	0.15698
V645	0.46368	0.04729	0.10889	0.10763	0.08773	0.18478
V646	0.0824	0.01653	0.37463	0.03489	0.44609	0.04547
V647	0.24667	0.02111	0.09425	0.26516	0.133	0.2398
V648	0.21341	0.23255	0.16976	0.08483	0.11931	0.18014
V649	0.16177	0.02711	0.06838	0.53489	0.15142	0.05641
V650	0.2187	0.14921	0.20506	0.04597	0.31737	0.06369
V651	0.2041	0.23851	0.11824	0.06668	0.22196	0.15051
V652	0.10574	0.01635	0.12877	0.53882	0.16264	0.04767
V653	0.19183	0.29518	0.0875	0.06739	0.18705	0.17105
V654	0.51415	0.04781	0.15765	0.04893	0.10714	0.12431
V655	0.26682	0.01569	0.08545	0.08325	0.32619	0.22261
V656	0.14735	0.06807	0.49461	0.0693	0.16443	0.05625
V657	0.32072	0.03149	0.06671	0.11865	0.30589	0.15654
V658	0.08821	0.06799	0.16509	0.50561	0.13663	0.03648
V659	0.15447	0.52587	0.07261	0.06111	0.12456	0.06138
V660	0.52802	0.04698	0.10574	0.05601	0.08262	0.18064
V661	0.21488	0.00895	0.18526	0.13213	0.20723	0.25155
V662	0.48253	0.04428	0.1074	0.12894	0.09532	0.14152
V663	0.11203	0.12837	0.04304	0.07225	0.59727	0.04704
V664	0.16714	0.05527	0.57923	0.03362	0.09565	0.06909
V665	0.06979	0.01468	0.02293	0.04643	0.8008	0.04538
V666	0.31682	0.23194	0.08042	0.12678	0.12997	0.11407
V667	0.28653	0.00834	0.11861	0.06823	0.11226	0.40604
V668	0.50552	0.13349	0.10645	0.05269	0.08558	0.11627
V669	0.24811	0.09056	0.07016	0.23357	0.11855	0.23905
V670	0.16403	0.2524	0.07203	0.26437	0.13549	0.11169
V671	0.25926	0.02661	0.06138	0.45937	0.12587	0.06752
V672	0.14229	0.37144	0.05249	0.25904	0.12824	0.04651
V673	0.23668	0.10786	0.22966	0.03927	0.09012	0.29641
V674	0.48809	0.04047	0.09512	0.04184	0.22118	0.1133
V675	0.28611	0.10129	0.10172	0.03553	0.11766	0.35769
V676	0.09205	0.01664	0.10691	0.59148	0.15407	0.03885
V677	0.24065	0.26328	0.18753	0.04045	0.09456	0.17352
V678	0.20816	0.07049	0.09226	0.04208	0.41929	0.16771
V679	0.27512	0.07937	0.12175	0.05465	0.10373	0.36538
V680	0.0917	0.00929	0.31381	0.03401	0.47999	0.07121
V681	0.17859	0.45868	0.09076	0.05646	0.11175	0.10376
V682	0.18203	0.36603	0.06418	0.0579	0.18732	0.14253
V683	0.09688	0.01304	0.03479	0.03657	0.72905	0.08968
V684	0.1821	0.46187	0.06515	0.10827	0.12389	0.05872
V685	0.12509	0.39188	0.24207	0.04696	0.14881	0.0452
V686	0.27247	0.02196	0.38502	0.03904	0.09152	0.19
V687	0.18255	0.17651	0.25936	0.10999	0.09649	0.1751
V688	0.34766	0.02585	0.07842	0.04379	0.32973	0.17455
V689	0.13612	0.02297	0.53891	0.11857	0.10596	0.07746
V690	0.13923	0.01961	0.06432	0.05541	0.58939	0.13204
V691	0.16505	0.31423	0.19555	0.10041	0.13819	0.08658
V692	0.37502	0.03253	0.07214	0.26193	0.16196	0.09642
V693	0.49533	0.11985	0.11153	0.05775	0.08549	0.13006
V694	0.49013	0.11959	0.10352	0.07724	0.08698	0.12254
V695	0.50726	0.0403	0.09624	0.05557	0.1558	0.14485
V696	0.15715	0.32567	0.08644	0.08929	0.28485	0.05661
V697	0.12429	0.02275	0.60717	0.06872	0.10736	0.06971
V698	0.15072	0.54341	0.06723	0.06225	0.12628	0.05011
V699	0.2132	0.02951	0.46151	0.06154	0.13926	0.09498
V700	0.15848	0.02552	0.03451	0.04483	0.67145	0.0652
V701	0.54809	0.04219	0.11415	0.04297	0.08067	0.17192
V702	0.25974	0.02343	0.12793	0.15166	0.10889	0.32834
V703	0.22153	0.33245	0.07269	0.04843	0.25859	0.06632
V704	0.31747	0.21147	0.21986	0.04187	0.10151	0.10782
V705	0.10726	0.08869	0.23788	0.15832	0.35602	0.05182
V706	0.20088	0.07425	0.30008	0.0319	0.17744	0.21545
V707	0.43944	0.04179	0.10134	0.03859	0.09544	0.28341
V708	0.11359	0.27321	0.41734	0.05376	0.09781	0.0443
V709	0.08191	0.01732	0.03313	0.59931	0.2304	0.03794
V710	0.32467	0.0679	0.1553	0.07861	0.25341	0.1201
V711	0.12758	0.16256	0.34755	0.17173	0.10581	0.08477
V712	0.09598	0.20065	0.04392	0.04877	0.56533	0.04535
V713	0.26997	0.34334	0.09744	0.07303	0.12345	0.09277
V714	0.1236	0.32827	0.3525	0.05003	0.10286	0.04274
V715	0.09869	0.02138	0.72091	0.0332	0.07294	0.05288
V716	0.19799	0.03373	0.06195	0.24819	0.26357	0.19457
V717	0.09236	0.02089	0.04574	0.03748	0.73854	0.065
V718	0.10204	0.27576	0.04241	0.04546	0.49386	0.04047
V719	0.15317	0.50088	0.08652	0.05965	0.14048	0.05929
V720	0.24226	0.01845	0.23283	0.25998	0.13016	0.1163
V721	0.18984	0.19644	0.22474	0.03654	0.16599	0.18644
V722	0.06775	0.01459	0.0353	0.03983	0.80065	0.04189
V723	0.14107	0.4269	0.09024	0.06139	0.2197	0.06071
V724	0.14182	0.22148	0.31861	0.11268	0.16032	0.04509
V725	0.11972	0.05405	0.08683	0.13028	0.51612	0.09301
V726	0.09681	0.02215	0.43669	0.05457	0.31803	0.07176
V727	0.25579	0.00872	0.15702	0.13809	0.10626	0.33411
V728	0.09615	0.02341	0.03653	0.62973	0.15503	0.05915
V729	0.22706	0.32751	0.08007	0.07212	0.22003	0.0732
V730	0.20328	0.01195	0.12832	0.32192	0.12229	0.21224
V731	0.19728	0.04889	0.37717	0.03286	0.22634	0.11746
V732	0.16865	0.28746	0.07073	0.0756	0.29388	0.10369
V733	0.23072	0.01361	0.26173	0.17515	0.14009	0.17871
V734	0.26412	0.00868	0.26246	0.03026	0.10045	0.33403
V735	0.10782	0.07489	0.05051	0.54808	0.14937	0.06933
V736	0.1883	0.34876	0.10878	0.07454	0.11888	0.16074
V737	0.06259	0.01461	0.02835	0.04655	0.80672	0.04119
V738	0.287	0.05918	0.1228	0.29673	0.12322	0.11108
V739	0.19638	0.22402	0.17643	0.06707	0.25406	0.08205
V740	0.11484	0.18761	0.31687	0.0721	0.25442	0.05417
V741	0.31841	0.12905	0.18003	0.10011	0.19263	0.07978
V742	0.25605	0.03071	0.08096	0.33088	0.20977	0.09162
V743	0.09866	0.08809	0.22997	0.26698	0.26706	0.04923
V744	0.34264	0.09096	0.09556	0.14604	0.09849	0.22632
V745	0.13557	0.34908	0.05318	0.07796	0.33712	0.04709
V746	0.52793	0.05568	0.10835	0.06338	0.09689	0.14776
V747	0.1946	0.02632	0.12936	0.06368	0.51559	0.07045
V748	0.22183	0.0456	0.23984	0.05327	0.18241	0.25706
V749	0.36172	0.0325	0.08461	0.14727	0.17887	0.19503
V750	0.08983	0.07539	0.03478	0.60297	0.1601	0.03693
V751	0.08832	0.02372	0.06003	0.60893	0.18063	0.03837
V752	0.1982	0.02748	0.06707	0.09081	0.54528	0.07116
V753	0.21172	0.01105	0.08533	0.10305	0.3623	0.22655
V754	0.17241	0.29686	0.14744	0.09257	0.14503	0.1457
V755	0.28337	0.05201	0.07088	0.05766	0.4135	0.12257
V756	0.29103	0.01566	0.09877	0.0407	0.14201	0.41183
V757	0.20998	0.30084	0.07512	0.06131	0.15252	0.20023
V758	0.27479	0.41016	0.07715	0.05836	0.10698	0.07256
V759	0.16465	0.03005	0.07867	0.13761	0.49411	0.09491
V760	0.30386	0.00839	0.10375	0.05457	0.09817	0.43125
V761	0.06861	0.01673	0.31087	0.04964	0.51437	0.03977
V762	0.13069	0.00727	0.62145	0.06066	0.09745	0.08248
V763	0.1026	0.11964	0.05523	0.50299	0.16872	0.05082
V764	0.21801	0.02237	0.12259	0.18024	0.29336	0.16343
