CD14.pos.CD16.neg.classical.monocyte	mature.neutrophil	memory.B.cell	cytotoxic.CD56.dim.NK.cell	memory.CD4.pos.AB.T.cell	macrophage
V1	0.1416	0.02698	0.64104	0.00328	0.14028	0.04682
V2	0.44504	0.10194	0.08527	0.08271	0.20796	0.07708
V3	0.25198	0.06679	0.22148	0.02026	0.16254	0.27695
V4	0.24756	0.29919	0.08217	0.07557	0.20902	0.08649
V5	0.09654	0.05114	0.05275	0.42196	0.34246	0.03515
V6	0.24978	0.04025	0.19151	0.04603	0.25572	0.2167
V7	0.13361	0.27038	0.07236	0.03761	0.44003	0.04601
V8	0.51726	0.05765	0.08955	0.08994	0.14473	0.10088
V9	0.27999	0.1338	0.0693	0.19242	0.17537	0.14911
V10	0.36788	0.0489	0.105	0.23468	0.16664	0.0769
V11	0.18296	0.47616	0.09493	0.03435	0.16354	0.04806
V12	0.26501	0.04918	0.11876	0.03398	0.17466	0.35842
V13	0.15993	0.34044	0.27492	0.02848	0.14956	0.04667
V14	0.13126	0.03196	0.05942	0.5647	0.17077	0.04189
V15	0.38796	0.07716	0.07559	0.09661	0.27388	0.08881
V16	0.12812	0.0301	0.06485	0.29138	0.39143	0.09412
V17	0.25135	0.05454	0.18435	0.02339	0.16319	0.32317
V18	0.53136	0.11609	0.09534	0.03065	0.13853	0.08803
V19	0.44522	0.06092	0.20182	0.01832	0.19317	0.08056
V20	0.4669	0.0673	0.13639	0.08804	0.14339	0.09797
V21	0.27149	0.05657	0.09188	0.03464	0.19943	0.346
V22	0.20463	0.06268	0.07645	0.06738	0.52472	0.06415
V23	0.11793	0.03033	0.30561	0.02219	0.48424	0.03969
V24	0.18156	0.03535	0.06861	0.10013	0.54931	0.06503
V25	0.37354	0.20029	0.07748	0.10456	0.17063	0.07351
V26	0.26218	0.0409	0.08049	0.02405	0.53684	0.05554
V27	0.23194	0.04031	0.20493	0.02891	0.16976	0.32414
V28	0.17281	0.19013	0.17896	0.16779	0.17292	0.11739
V29	0.16892	0.38422	0.14165	0.06629	0.15045	0.08846
V30	0.24516	0.15817	0.15123	0.02089	0.29166	0.13289
V31	0.48309	0.04352	0.20415	0.03084	0.13486	0.10355
V32	0.09208	0.03034	0.30312	0.3653	0.15496	0.05419
V33	0.25245	0.27339	0.23098	0.02959	0.14232	0.07127
V34	0.07572	0.02065	0.42616	0.02491	0.4106	0.04195
V35	0.09544	0.05651	0.18883	0.36663	0.2417	0.0509
V36	0.17044	0.32123	0.15516	0.02791	0.27261	0.05264
V37	0.11446	0.02649	0.60648	0.01026	0.14471	0.0976
V38	0.24933	0.03458	0.17948	0.02458	0.1658	0.34622
V39	0.4407	0.05337	0.07882	0.19522	0.14614	0.08575
V40	0.16114	0.32994	0.08148	0.11991	0.2286	0.07893
V41	0.51107	0.04666	0.10154	0.0247	0.14952	0.16651
V42	0.24461	0.0356	0.44381	0.00881	0.16926	0.09791
V43	0.23298	0.27288	0.0819	0.0421	0.29305	0.07709
V44	0.1883	0.48053	0.09168	0.03076	0.15529	0.05342
V45	0.35266	0.22392	0.11193	0.03502	0.1569	0.11956
V46	0.14359	0.0332	0.07595	0.20776	0.38983	0.14966
V47	0.15505	0.2831	0.07484	0.11595	0.30328	0.06778
V48	0.14932	0.38501	0.20313	0.02175	0.19845	0.04234
V49	0.17828	0.46046	0.08864	0.02943	0.19605	0.04714
V50	0.08838	0.02296	0.26169	0.02438	0.5377	0.0649
V51	0.08047	0.02552	0.0729	0.03451	0.74746	0.03915
V52	0.14867	0.35205	0.24407	0.04079	0.16699	0.04744
V53	0.17376	0.02963	0.13472	0.04098	0.57557	0.04534
V54	0.13031	0.0999	0.46005	0.03962	0.19679	0.07333
V55	0.0815	0.04927	0.15211	0.0417	0.6369	0.03852
V56	0.07781	0.04239	0.59367	0.08149	0.16867	0.03596
V57	0.22259	0.2485	0.10656	0.02379	0.23615	0.16241
V58	0.08918	0.02418	0.6695	0.01551	0.1443	0.05733
V59	0.11858	0.0254	0.04723	0.58025	0.19079	0.03775
V60	0.38763	0.03634	0.07201	0.28535	0.14932	0.06936
V61	0.30399	0.11215	0.07998	0.13075	0.19451	0.17863
V62	0.39814	0.05309	0.12754	0.09632	0.20258	0.12234
V63	0.19306	0.33061	0.08631	0.07504	0.1643	0.1507
V64	0.09033	0.09344	0.0715	0.02673	0.67887	0.03914
V65	0.41513	0.11574	0.10216	0.03575	0.17429	0.15693
V66	0.37101	0.05164	0.16026	0.03181	0.31486	0.07042
V67	0.14204	0.12122	0.2814	0.17529	0.15547	0.12458
V68	0.57707	0.04942	0.09506	0.0481	0.13671	0.09364
V69	0.44704	0.05713	0.08772	0.02598	0.16858	0.21356
V70	0.10734	0.02488	0.21383	0.40856	0.20597	0.03942
V71	0.14475	0.18789	0.09206	0.0901	0.38057	0.10464
V72	0.43244	0.10812	0.1319	0.03365	0.18016	0.11373
V73	0.12167	0.01928	0.11876	0.51359	0.18563	0.04107
V74	0.10542	0.11543	0.05998	0.5112	0.17305	0.03491
V75	0.17128	0.48029	0.08405	0.04425	0.17344	0.04669
V76	0.08496	0.01923	0.56674	0.02593	0.26272	0.04042
V77	0.16038	0.11152	0.13007	0.36749	0.15979	0.07076
V78	0.39441	0.10763	0.11458	0.10173	0.15458	0.12707
V79	0.20968	0.3444	0.09193	0.02605	0.15481	0.17313
V80	0.20306	0.35746	0.08575	0.03161	0.16464	0.15748
V81	0.49706	0.09877	0.13494	0.02813	0.14855	0.09255
V82	0.16466	0.44003	0.08502	0.05307	0.20714	0.05008
V83	0.18567	0.12055	0.07769	0.28082	0.25499	0.08028
V84	0.2963	0.03683	0.12592	0.29716	0.16986	0.07392
V85	0.555	0.04789	0.14344	0.02802	0.13499	0.09066
V86	0.25683	0.05146	0.15817	0.21634	0.1632	0.154
V87	0.0972	0.02995	0.06402	0.59336	0.17406	0.04141
V88	0.16772	0.04546	0.06337	0.36493	0.20546	0.15306
V89	0.16574	0.1293	0.37958	0.0178	0.14726	0.16032
V90	0.17583	0.39122	0.15982	0.02866	0.18867	0.0558
V91	0.10519	0.03196	0.09893	0.09351	0.62326	0.04715
V92	0.08948	0.06833	0.07705	0.03239	0.6874	0.04535
V93	0.23908	0.0729	0.07973	0.08849	0.33206	0.18773
V94	0.08505	0.0229	0.24319	0.4548	0.15964	0.03442
V95	0.07548	0.02757	0.28727	0.09326	0.48144	0.03498
V96	0.16268	0.25038	0.08382	0.05423	0.34316	0.10573
V97	0.08014	0.03112	0.07634	0.07038	0.70628	0.03574
V98	0.11438	0.06773	0.05543	0.49591	0.22734	0.03921
V99	0.09466	0.0292	0.05176	0.60896	0.18042	0.035
V100	0.08614	0.02483	0.39514	0.18852	0.25043	0.05493
V101	0.11874	0.23829	0.36937	0.07731	0.14874	0.04755
V102	0.54129	0.05278	0.15517	0.02755	0.13443	0.08877
V103	0.46274	0.05517	0.08953	0.12633	0.17473	0.09149
V104	0.10417	0.01802	0.21202	0.45225	0.17123	0.04231
V105	0.26156	0.036	0.14043	0.02715	0.16859	0.36626
V106	0.14055	0.02407	0.50316	0.00782	0.15398	0.17042
V107	0.18111	0.37932	0.22696	0.02058	0.14597	0.04607
V108	0.21566	0.05396	0.10467	0.03156	0.30965	0.2845
V109	0.22694	0.04142	0.08835	0.02693	0.30049	0.31586
V110	0.11987	0.12162	0.55034	0.00595	0.14674	0.05549
V111	0.07724	0.02937	0.68147	0.01581	0.15608	0.04004
V112	0.13581	0.21773	0.05509	0.38273	0.16713	0.04151
V113	0.09606	0.07729	0.50961	0.03248	0.24109	0.04347
V114	0.16487	0.02173	0.52059	0.10287	0.14186	0.04808
V115	0.36602	0.07797	0.0933	0.04275	0.24014	0.17982
V116	0.56846	0.04884	0.09375	0.05953	0.13697	0.09244
V117	0.39702	0.04718	0.07617	0.08483	0.32172	0.07309
V118	0.15973	0.39894	0.14723	0.04519	0.19518	0.05372
V119	0.17401	0.46289	0.09233	0.05289	0.15882	0.05906
V120	0.15796	0.14775	0.13288	0.28767	0.21723	0.05651
V121	0.31264	0.04126	0.0772	0.20719	0.1552	0.20652
V122	0.26539	0.04157	0.06259	0.39529	0.18145	0.05371
V123	0.33007	0.04499	0.08064	0.05797	0.25523	0.23109
V124	0.08113	0.02276	0.27815	0.02444	0.55434	0.03918
V125	0.10934	0.11617	0.5143	0.05011	0.14287	0.0672
V126	0.2264	0.19518	0.11804	0.03106	0.16592	0.26341
V127	0.10253	0.01827	0.61871	0.06802	0.15033	0.04214
V128	0.29276	0.18384	0.14472	0.12158	0.18917	0.06792
V129	0.07895	0.02936	0.6428	0.05491	0.15119	0.04279
V130	0.3891	0.11069	0.07787	0.18019	0.16576	0.07639
V131	0.11659	0.02753	0.08971	0.03718	0.6353	0.0937
V132	0.13606	0.29383	0.33446	0.01512	0.17607	0.04446
V133	0.1282	0.14093	0.44722	0.06449	0.17632	0.04283
V134	0.23459	0.37709	0.08644	0.03176	0.20476	0.06536
V135	0.12581	0.02754	0.57325	0.0054	0.18043	0.08756
V136	0.19669	0.41054	0.12804	0.0361	0.17441	0.05422
V137	0.11116	0.12256	0.44362	0.02233	0.26211	0.03823
V138	0.1894	0.02828	0.07475	0.29179	0.22479	0.19099
V139	0.1412	0.06126	0.17797	0.02656	0.43622	0.15678
V140	0.4215	0.17004	0.1107	0.06918	0.14583	0.08275
V141	0.24503	0.18715	0.15256	0.18288	0.16758	0.06481
V142	0.21457	0.4094	0.09073	0.06268	0.15127	0.07134
V143	0.12469	0.05997	0.49363	0.05886	0.20992	0.05293
V144	0.2324	0.14244	0.08776	0.10717	0.16621	0.26402
V145	0.09775	0.0176	0.05754	0.6127	0.16972	0.0447
V146	0.15739	0.03537	0.12241	0.02882	0.58338	0.07263
V147	0.38126	0.08364	0.15824	0.05252	0.14637	0.17797
V148	0.10047	0.13199	0.57697	0.00551	0.14123	0.04382
V149	0.21082	0.31612	0.07956	0.04335	0.1568	0.19334
V150	0.09835	0.01765	0.0461	0.60921	0.1932	0.03548
V151	0.22125	0.27186	0.08023	0.03237	0.17468	0.21961
V152	0.13926	0.16782	0.35852	0.03659	0.23197	0.06584
V153	0.08049	0.04293	0.49722	0.17517	0.1657	0.03849
V154	0.36864	0.16592	0.09099	0.02498	0.15107	0.1984
V155	0.14616	0.24241	0.13129	0.02236	0.39596	0.06183
V156	0.12883	0.30696	0.07949	0.02651	0.41759	0.04062
V157	0.19141	0.10152	0.09842	0.20497	0.17167	0.232
V158	0.09345	0.05614	0.66034	0.00322	0.14246	0.04438
V159	0.18407	0.16899	0.28922	0.12507	0.17229	0.06035
V160	0.09335	0.01828	0.66724	0.00922	0.14431	0.0676
V161	0.13875	0.31335	0.06424	0.22501	0.21819	0.04047
V162	0.15186	0.33623	0.071	0.10231	0.28596	0.05264
V163	0.08781	0.01778	0.70318	0.00279	0.14395	0.04449
V164	0.12105	0.23369	0.3134	0.08545	0.20157	0.04484
V165	0.11114	0.03943	0.09558	0.03682	0.63687	0.08015
V166	0.14932	0.03495	0.06759	0.12296	0.46105	0.16412
V167	0.08687	0.01682	0.3496	0.33735	0.17103	0.03833
V168	0.46927	0.0489	0.08134	0.17585	0.1389	0.08575
V169	0.0916	0.02365	0.54307	0.14214	0.15309	0.04644
V170	0.33946	0.05343	0.1372	0.2096	0.19092	0.06939
V171	0.23465	0.29971	0.09215	0.02558	0.16521	0.1827
V172	0.13822	0.06803	0.43316	0.12557	0.15164	0.08337
V173	0.10207	0.03209	0.61286	0.00408	0.15737	0.09154
V174	0.43785	0.10245	0.08792	0.0293	0.26596	0.07651
V175	0.18187	0.3923	0.15964	0.03437	0.18337	0.04845
V176	0.07537	0.01716	0.70125	0.00944	0.15657	0.04021
V177	0.18379	0.08091	0.2941	0.03361	0.26635	0.14124
V178	0.0962	0.05081	0.09589	0.02516	0.68554	0.04641
V179	0.11931	0.0214	0.08336	0.43383	0.23783	0.10427
V180	0.24737	0.03475	0.1936	0.2735	0.14789	0.10289
V181	0.38844	0.10802	0.12235	0.06428	0.18993	0.12699
V182	0.09435	0.07577	0.58777	0.04857	0.1433	0.05023
V183	0.10394	0.0176	0.05129	0.62257	0.16862	0.03598
V184	0.32166	0.26285	0.08616	0.04159	0.21993	0.06781
V185	0.20031	0.32814	0.09466	0.03043	0.23814	0.10833
V186	0.07634	0.01626	0.48731	0.22903	0.15594	0.03512
V187	0.27757	0.30775	0.08036	0.03683	0.23738	0.06011
V188	0.22018	0.36037	0.08636	0.04296	0.15402	0.13611
V189	0.1086	0.06994	0.1939	0.03814	0.49934	0.09008
V190	0.12914	0.1404	0.0762	0.03679	0.51269	0.10477
V191	0.20074	0.36127	0.08062	0.03213	0.1653	0.15993
V192	0.38855	0.16971	0.14061	0.03891	0.17839	0.08383
V193	0.25304	0.11379	0.09059	0.03418	0.17388	0.33451
V194	0.09026	0.0375	0.08618	0.10064	0.64	0.04542
V195	0.0802	0.01813	0.565	0.07076	0.22625	0.03966
V196	0.09331	0.01748	0.06481	0.58735	0.19903	0.03803
V197	0.205	0.03196	0.09102	0.03008	0.58679	0.05517
V198	0.1806	0.26236	0.09807	0.11505	0.28976	0.05416
V199	0.11524	0.16593	0.13998	0.08822	0.4474	0.04323
V200	0.12505	0.02664	0.45533	0.15999	0.15342	0.07957
V201	0.10502	0.01798	0.04535	0.61424	0.16908	0.04834
V202	0.15083	0.06512	0.36362	0.0375	0.24794	0.13499
V203	0.41112	0.05711	0.07548	0.23825	0.14246	0.07557
V204	0.24465	0.06592	0.10685	0.13553	0.16764	0.2794
V205	0.08254	0.02968	0.6878	0.01536	0.14405	0.04056
V206	0.0977	0.04884	0.1308	0.50196	0.18553	0.03518
V207	0.31779	0.14481	0.10054	0.1749	0.16239	0.09958
V208	0.30499	0.08306	0.33353	0.0437	0.17143	0.06328
V209	0.28485	0.30316	0.08086	0.04737	0.1552	0.12857
V210	0.14239	0.03346	0.63381	0.00344	0.14006	0.04685
V211	0.38603	0.05985	0.1504	0.02662	0.24478	0.13232
V212	0.1184	0.187	0.20158	0.25645	0.19077	0.0458
V213	0.10977	0.06861	0.2567	0.03593	0.4877	0.04129
V214	0.5284	0.05857	0.10356	0.05906	0.15996	0.09045
V215	0.20193	0.3856	0.08002	0.04828	0.15423	0.12993
V216	0.19468	0.30963	0.26735	0.02337	0.15429	0.05069
V217	0.24239	0.03372	0.1057	0.08183	0.34207	0.19429
V218	0.14853	0.21883	0.06203	0.35902	0.17165	0.03994
V219	0.53702	0.04816	0.10179	0.02459	0.14664	0.14179
V220	0.15236	0.02739	0.06016	0.55009	0.16284	0.04715
V221	0.19889	0.41986	0.10059	0.0724	0.15622	0.05204
V222	0.15245	0.19612	0.09628	0.11858	0.37974	0.05684
V223	0.17779	0.21471	0.25195	0.02293	0.165	0.16762
V224	0.07826	0.02215	0.3573	0.01522	0.49103	0.03605
V225	0.29964	0.04445	0.09968	0.03471	0.16804	0.35348
V226	0.24342	0.06091	0.20832	0.19736	0.21893	0.07107
V227	0.44184	0.0413	0.08128	0.16712	0.14806	0.1204
V228	0.17509	0.16882	0.37701	0.04812	0.16407	0.06689
V229	0.18044	0.03168	0.3168	0.17619	0.23302	0.06186
V230	0.1183	0.12143	0.55561	0.0117	0.14079	0.05217
V231	0.1245	0.03158	0.0535	0.56926	0.183	0.03816
V232	0.33854	0.0433	0.07076	0.21175	0.1578	0.17785
V233	0.53287	0.05284	0.10352	0.06503	0.14909	0.09665
V234	0.3478	0.039	0.07706	0.03553	0.42939	0.07122
V235	0.14091	0.02045	0.06621	0.55087	0.17538	0.04618
V236	0.13149	0.02701	0.20489	0.03207	0.48675	0.11778
V237	0.08097	0.0171	0.62948	0.07486	0.15754	0.04006
V238	0.43823	0.04269	0.11254	0.07884	0.1681	0.15959
V239	0.37847	0.05704	0.15041	0.10717	0.21862	0.08829
V240	0.1069	0.17499	0.06692	0.10264	0.509	0.03955
V241	0.39744	0.1351	0.08123	0.13566	0.17069	0.07988
V242	0.28649	0.06729	0.10447	0.13911	0.21045	0.19218
V243	0.12834	0.25389	0.36869	0.04229	0.16388	0.04292
V244	0.18746	0.0451	0.07982	0.02456	0.51571	0.14736
V245	0.50541	0.0464	0.09511	0.02506	0.15605	0.17197
V246	0.09238	0.05177	0.21984	0.2616	0.33298	0.04143
V247	0.2959	0.08708	0.08076	0.14666	0.16877	0.22083
V248	0.23484	0.05111	0.06621	0.16876	0.409	0.07007
V249	0.23377	0.13021	0.32429	0.06825	0.14182	0.10166
V250	0.10189	0.02988	0.0514	0.60982	0.16834	0.03868
V251	0.15164	0.35062	0.16548	0.13092	0.15417	0.04716
V252	0.09401	0.02407	0.07795	0.56487	0.19774	0.04136
V253	0.16225	0.06576	0.0669	0.2874	0.24791	0.16978
V254	0.13514	0.18497	0.11938	0.14356	0.35316	0.06379
V255	0.30729	0.21325	0.12511	0.06302	0.18477	0.10655
V256	0.17583	0.48044	0.08535	0.03479	0.16916	0.05443
V257	0.15141	0.27314	0.09522	0.04178	0.37068	0.06776
V258	0.12278	0.1677	0.15256	0.35733	0.15329	0.04634
V259	0.14168	0.34625	0.28671	0.0281	0.14531	0.05195
V260	0.16057	0.05484	0.08389	0.03655	0.57135	0.09281
V261	0.37282	0.05339	0.103	0.04768	0.28539	0.13773
V262	0.12307	0.02635	0.61448	0.0109	0.18369	0.04151
V263	0.0968	0.05678	0.49963	0.14865	0.15198	0.04616
V264	0.41923	0.05477	0.15124	0.0454	0.18394	0.14542
V265	0.10124	0.02631	0.07176	0.04524	0.71446	0.04098
V266	0.29419	0.06409	0.09863	0.03398	0.1724	0.33671
V267	0.23391	0.40326	0.0807	0.07325	0.15515	0.05372
V268	0.57544	0.04981	0.09114	0.03106	0.13877	0.11378
V269	0.1094	0.0497	0.13778	0.48595	0.17788	0.03929
V270	0.27496	0.30815	0.09716	0.0362	0.22108	0.06244
V271	0.19631	0.11587	0.24974	0.03051	0.16602	0.24155
V272	0.09985	0.02605	0.06866	0.08268	0.65354	0.06923
V273	0.11594	0.0265	0.10608	0.08091	0.60943	0.06113
V274	0.22359	0.03979	0.19482	0.06146	0.16896	0.31137
V275	0.46403	0.15463	0.09192	0.03606	0.14658	0.10677
V276	0.2182	0.19444	0.12978	0.07714	0.18267	0.19777
V277	0.37765	0.05423	0.08927	0.03107	0.24327	0.20451
V278	0.17271	0.10355	0.13243	0.17748	0.35734	0.0565
V279	0.24174	0.06609	0.21766	0.05797	0.16613	0.25041
V280	0.15869	0.02161	0.05454	0.54558	0.16831	0.05126
V281	0.17532	0.46977	0.1035	0.04821	0.15404	0.04917
V282	0.09588	0.05036	0.07539	0.06967	0.66586	0.04284
V283	0.12826	0.28873	0.07313	0.03216	0.43209	0.04563
V284	0.12677	0.08701	0.27796	0.23631	0.17995	0.09201
V285	0.10216	0.02992	0.04574	0.60929	0.17414	0.03875
V286	0.4478	0.05969	0.13182	0.14308	0.13756	0.08004
V287	0.09547	0.03174	0.09326	0.08175	0.63894	0.05884
V288	0.22001	0.2063	0.08992	0.03101	0.23756	0.21521
V289	0.08601	0.07541	0.5599	0.0753	0.16108	0.04229
V290	0.08951	0.01721	0.21105	0.47056	0.16749	0.04418
V291	0.11423	0.03731	0.04639	0.58624	0.17278	0.04305
V292	0.18094	0.0803	0.06685	0.39192	0.23288	0.04711
V293	0.08547	0.05625	0.09547	0.03167	0.68937	0.04176
V294	0.37676	0.05986	0.07877	0.03552	0.33136	0.11773
V295	0.30494	0.03835	0.10051	0.02837	0.17445	0.35339
V296	0.14682	0.25359	0.12398	0.1941	0.19286	0.08866
V297	0.26215	0.0825	0.08611	0.03523	0.17744	0.35658
V298	0.1646	0.43556	0.17408	0.02966	0.15068	0.04541
V299	0.17081	0.07388	0.55036	0.01152	0.1445	0.04892
V300	0.48105	0.11	0.11106	0.02947	0.14138	0.12704
V301	0.36354	0.26526	0.1176	0.03498	0.14867	0.06996
V302	0.12286	0.19764	0.10307	0.34067	0.18967	0.04609
V303	0.15936	0.40886	0.12039	0.03577	0.22611	0.04952
V304	0.09524	0.02582	0.09082	0.02621	0.72131	0.04061
V305	0.13237	0.02964	0.18402	0.30502	0.22028	0.12868
V306	0.36653	0.10411	0.08522	0.03252	0.15586	0.25576
V307	0.18841	0.03646	0.07832	0.03676	0.58131	0.07875
V308	0.09488	0.02311	0.04549	0.62566	0.17571	0.03515
V309	0.14381	0.33526	0.06944	0.25051	0.15498	0.046
V310	0.18072	0.25606	0.24903	0.02365	0.15896	0.13157
V311	0.41514	0.04295	0.0938	0.03237	0.1545	0.26123
V312	0.16407	0.03284	0.06051	0.26044	0.42601	0.05613
V313	0.33122	0.04575	0.08435	0.05977	0.16257	0.31634
V314	0.2385	0.03275	0.05948	0.45888	0.15982	0.05057
V315	0.22542	0.40502	0.08849	0.02781	0.18545	0.06781
V316	0.29697	0.04334	0.09428	0.07832	0.17544	0.31165
V317	0.14266	0.02219	0.05701	0.47826	0.19384	0.10603
V318	0.09697	0.02407	0.07024	0.59564	0.16856	0.04451
V319	0.29305	0.14374	0.23509	0.10797	0.14573	0.07442
V320	0.23602	0.14875	0.28824	0.08817	0.14723	0.0916
V321	0.1548	0.38635	0.06893	0.18921	0.15848	0.04222
V322	0.11567	0.02681	0.1353	0.03495	0.592	0.09526
V323	0.13001	0.20306	0.06018	0.26192	0.30387	0.04095
V324	0.15216	0.05369	0.09602	0.16505	0.40979	0.1233
V325	0.20278	0.46134	0.10077	0.02954	0.15294	0.05262
V326	0.23277	0.42282	0.09501	0.0285	0.16452	0.05638
V327	0.12952	0.02012	0.66066	0.00302	0.14105	0.04562
V328	0.19756	0.15244	0.19346	0.11068	0.29383	0.05203
V329	0.08252	0.02082	0.46117	0.01084	0.37863	0.04602
V330	0.08226	0.01756	0.69095	0.00943	0.15603	0.04378
V331	0.4585	0.08515	0.11862	0.07698	0.14567	0.11509
V332	0.15893	0.07549	0.17863	0.02625	0.3961	0.16459
V333	0.09221	0.03083	0.37782	0.24139	0.20593	0.05182
V334	0.12237	0.26909	0.33308	0.08918	0.14429	0.04199
V335	0.15752	0.03501	0.57098	0.01089	0.14159	0.08401
V336	0.30197	0.35224	0.10153	0.0267	0.15191	0.06566
V337	0.13765	0.14377	0.11276	0.02926	0.53553	0.04104
V338	0.47753	0.04523	0.11419	0.02843	0.23827	0.09635
V339	0.15427	0.08197	0.32914	0.18076	0.1646	0.08926
V340	0.4246	0.19058	0.08345	0.05331	0.15778	0.09028
V341	0.23834	0.05244	0.08703	0.38316	0.18211	0.05693
V342	0.14146	0.02881	0.06426	0.45274	0.2	0.11273
V343	0.24305	0.1365	0.16275	0.04071	0.16731	0.24968
V344	0.16535	0.37969	0.07654	0.04236	0.25092	0.08514
V345	0.08419	0.02562	0.0787	0.03416	0.74068	0.03666
V346	0.17772	0.03231	0.07103	0.29992	0.35832	0.0607
V347	0.35198	0.11686	0.09323	0.07668	0.28929	0.07196
V348	0.15516	0.10594	0.4947	0.01965	0.17508	0.04947
V349	0.47919	0.08526	0.11174	0.0819	0.1606	0.08131
V350	0.33173	0.06063	0.16062	0.17253	0.14476	0.12973
V351	0.2923	0.08241	0.1146	0.04396	0.1723	0.29442
V352	0.17198	0.2312	0.08029	0.02454	0.33378	0.15821
V353	0.09894	0.1318	0.58209	0.00543	0.14108	0.04066
V354	0.19047	0.06279	0.23404	0.01767	0.34609	0.14894
V355	0.08196	0.03617	0.69174	0.00902	0.1437	0.0374
V356	0.374	0.11103	0.0965	0.16896	0.16023	0.08928
V357	0.25301	0.03701	0.34536	0.02496	0.2757	0.06396
V358	0.25419	0.03499	0.1304	0.05239	0.17397	0.35406
V359	0.18119	0.08016	0.0594	0.4182	0.20411	0.05693
V360	0.3595	0.0379	0.07716	0.15507	0.28475	0.08561
V361	0.17592	0.48911	0.08555	0.0397	0.1601	0.04963
V362	0.1494	0.33634	0.0873	0.22725	0.15829	0.04141
V363	0.48257	0.08118	0.12194	0.02261	0.19538	0.09631
V364	0.22156	0.15523	0.08973	0.04999	0.23125	0.25224
V365	0.32845	0.26225	0.08267	0.11321	0.14532	0.0681
V366	0.15411	0.17856	0.37377	0.05434	0.18795	0.05128
V367	0.10453	0.02053	0.06538	0.41158	0.34614	0.05183
V368	0.20032	0.12298	0.13398	0.04794	0.25093	0.24386
V369	0.10785	0.04515	0.06918	0.06951	0.63853	0.06978
V370	0.10697	0.07157	0.49807	0.10343	0.15657	0.06338
V371	0.15841	0.18485	0.06337	0.33695	0.15572	0.10069
V372	0.17167	0.39958	0.07788	0.04255	0.23871	0.06962
V373	0.53363	0.05411	0.09052	0.02562	0.14304	0.15309
V374	0.19666	0.03081	0.22625	0.33387	0.16609	0.04632
V375	0.31236	0.04081	0.21102	0.05534	0.30709	0.07338
V376	0.21967	0.06652	0.09468	0.11052	0.2148	0.29381
V377	0.11176	0.02966	0.35427	0.01393	0.44194	0.04845
V378	0.2341	0.07965	0.21333	0.02032	0.18094	0.27165
V379	0.37893	0.04647	0.17647	0.02201	0.15018	0.22595
V380	0.0844	0.04974	0.09529	0.03825	0.69056	0.04177
V381	0.27969	0.04962	0.27461	0.19318	0.14655	0.05634
V382	0.0896	0.04253	0.07075	0.16288	0.59542	0.03881
V383	0.20047	0.05141	0.33301	0.20613	0.15534	0.05363
V384	0.10415	0.03129	0.63245	0.01672	0.17275	0.04264
V385	0.28183	0.0436	0.10742	0.02868	0.17027	0.36819
V386	0.41331	0.0589	0.25253	0.02233	0.1696	0.08334
V387	0.22751	0.03198	0.09056	0.44664	0.15383	0.04947
V388	0.50235	0.06916	0.18428	0.01989	0.13985	0.08448
V389	0.34077	0.09087	0.09167	0.02668	0.16532	0.28469
V390	0.13108	0.0458	0.05562	0.49781	0.18622	0.08347
V391	0.11389	0.02771	0.06556	0.40606	0.32758	0.0592
V392	0.14655	0.05136	0.39226	0.08984	0.15053	0.16946
V393	0.14161	0.12213	0.32798	0.0576	0.23251	0.11818
V394	0.09755	0.01768	0.0716	0.57082	0.20381	0.03853
V395	0.07965	0.05523	0.676	0.00912	0.14326	0.03675
V396	0.36848	0.07346	0.07322	0.24412	0.17351	0.0672
V397	0.23877	0.14949	0.10621	0.03174	0.19169	0.2821
V398	0.1706	0.39412	0.08836	0.0421	0.2529	0.05192
V399	0.08492	0.01755	0.65479	0.03555	0.15669	0.05052
V400	0.19227	0.04912	0.06343	0.29739	0.17035	0.22744
V401	0.16526	0.03656	0.50837	0.01325	0.20852	0.06804
V402	0.13358	0.02642	0.05304	0.57277	0.16554	0.04864
V403	0.18645	0.03211	0.08284	0.05201	0.40338	0.24322
V404	0.08032	0.02335	0.71131	0.00314	0.14424	0.03764
V405	0.29962	0.23633	0.13581	0.05626	0.20919	0.06279
V406	0.20044	0.07014	0.19899	0.08421	0.26697	0.17925
V407	0.12874	0.03404	0.56898	0.00508	0.15055	0.11262
V408	0.12834	0.08934	0.07356	0.47266	0.15979	0.07631
V409	0.5725	0.06708	0.09176	0.02566	0.13861	0.10438
V410	0.58201	0.05559	0.09139	0.02547	0.14818	0.09735
V411	0.21806	0.03803	0.07763	0.20522	0.16609	0.29497
V412	0.40115	0.14686	0.12197	0.0514	0.20686	0.07176
V413	0.1072	0.09192	0.07203	0.51252	0.17829	0.03804
V414	0.15368	0.06602	0.06599	0.40691	0.25986	0.04754
V415	0.11099	0.0266	0.29177	0.27252	0.22181	0.07631
V416	0.12393	0.11983	0.06821	0.19259	0.41215	0.0833
V417	0.26533	0.03428	0.13086	0.1095	0.16154	0.29849
V418	0.0921	0.07266	0.34865	0.103	0.32876	0.05483
V419	0.26905	0.05671	0.08786	0.02996	0.17949	0.37692
V420	0.27786	0.03795	0.08783	0.03624	0.17954	0.38058
V421	0.11014	0.05701	0.1117	0.07363	0.59696	0.05057
V422	0.22321	0.20761	0.07488	0.03047	0.41031	0.05351
V423	0.13304	0.12264	0.05005	0.48852	0.16497	0.04078
V424	0.51219	0.09862	0.09742	0.06488	0.13857	0.08833
V425	0.09151	0.0937	0.08284	0.02579	0.66407	0.04208
V426	0.22586	0.05946	0.20991	0.0281	0.1676	0.30907
V427	0.359	0.11093	0.16914	0.10559	0.15785	0.09749
V428	0.25477	0.03375	0.05412	0.45148	0.15311	0.05276
V429	0.09071	0.03159	0.12911	0.40309	0.30152	0.04397
V430	0.11338	0.07232	0.44916	0.14406	0.15739	0.06369
V431	0.0748	0.02294	0.69875	0.02165	0.14506	0.0368
V432	0.13176	0.28803	0.07651	0.29631	0.16537	0.04202
V433	0.09742	0.01739	0.07652	0.60532	0.16798	0.03536
V434	0.11487	0.20162	0.17175	0.32043	0.15273	0.03861
V435	0.11792	0.02804	0.07842	0.02561	0.63162	0.11838
V436	0.53708	0.10464	0.09482	0.0364	0.13844	0.08862
V437	0.22555	0.19398	0.26206	0.02815	0.21146	0.07881
V438	0.1421	0.26158	0.07609	0.06521	0.4083	0.04672
V439	0.08419	0.03079	0.14765	0.02379	0.67428	0.0393
V440	0.17053	0.05882	0.35228	0.05087	0.27622	0.09128
V441	0.13599	0.06955	0.3856	0.11556	0.16034	0.13296
V442	0.33952	0.11142	0.19117	0.06167	0.17686	0.11935
V443	0.10163	0.01773	0.09145	0.55128	0.18961	0.0483
V444	0.48054	0.06312	0.10837	0.04106	0.19775	0.10917
V445	0.58501	0.0555	0.10336	0.02479	0.1367	0.09463
V446	0.14896	0.34224	0.25279	0.0347	0.16249	0.05882
V447	0.21797	0.17586	0.06983	0.15348	0.19106	0.19179
V448	0.09118	0.03087	0.6501	0.00449	0.18503	0.03833
V449	0.40929	0.05802	0.08361	0.20957	0.14273	0.09677
V450	0.12998	0.02778	0.5367	0.00708	0.25354	0.04491
V451	0.14689	0.05163	0.17554	0.12103	0.4601	0.0448
V452	0.17423	0.03961	0.08507	0.32275	0.19912	0.17922
V453	0.27612	0.02936	0.40843	0.08598	0.14311	0.05701
V454	0.20674	0.0625	0.13117	0.38867	0.15758	0.05334
V455	0.20131	0.44455	0.10358	0.04297	0.15238	0.05522
V456	0.53278	0.0472	0.11193	0.02934	0.16638	0.11236
V457	0.23525	0.04198	0.0867	0.03262	0.31003	0.29342
V458	0.11714	0.02366	0.35969	0.01945	0.39653	0.08354
V459	0.08905	0.02982	0.46757	0.22908	0.14851	0.03597
V460	0.30413	0.07204	0.23585	0.10542	0.16537	0.11719
V461	0.25538	0.05533	0.07223	0.30997	0.2354	0.07168
V462	0.08129	0.01745	0.68126	0.01552	0.151	0.05348
V463	0.08147	0.04352	0.08245	0.05709	0.69976	0.03572
V464	0.19008	0.45257	0.08824	0.04361	0.17688	0.04861
V465	0.30152	0.08966	0.35484	0.0118	0.16572	0.07646
V466	0.1386	0.03328	0.06156	0.5041	0.21038	0.05208
V467	0.59105	0.0506	0.09783	0.02512	0.1369	0.0985
V468	0.29233	0.09627	0.12925	0.18219	0.23974	0.06023
V469	0.10219	0.10349	0.50943	0.06949	0.14971	0.06569
V470	0.42099	0.04839	0.10832	0.07062	0.27128	0.08041
V471	0.12574	0.15557	0.41869	0.05356	0.17207	0.07437
V472	0.16221	0.32213	0.0742	0.04818	0.33057	0.06271
V473	0.18049	0.49341	0.0917	0.03088	0.15535	0.04817
V474	0.11995	0.01851	0.31662	0.34578	0.15767	0.04147
V475	0.13071	0.11949	0.2506	0.13552	0.31196	0.05172
V476	0.37005	0.0517	0.08019	0.15709	0.17946	0.1615
V477	0.18488	0.35626	0.11389	0.0842	0.16705	0.09372
V478	0.08841	0.0243	0.65365	0.01587	0.1509	0.06687
V479	0.11701	0.10315	0.55228	0.01212	0.16976	0.04569
V480	0.11401	0.17487	0.06642	0.22885	0.37661	0.03924
V481	0.31903	0.09291	0.14887	0.06889	0.29242	0.07788
V482	0.42916	0.04314	0.10117	0.03237	0.15392	0.24024
V483	0.16958	0.47268	0.12401	0.03335	0.15374	0.04664
V484	0.53109	0.04724	0.1361	0.0221	0.16983	0.09365
V485	0.23808	0.10494	0.3836	0.06022	0.14429	0.06889
V486	0.20396	0.02517	0.51731	0.03136	0.14007	0.08213
V487	0.12301	0.23869	0.077	0.03129	0.48505	0.04496
V488	0.27516	0.37216	0.09315	0.0524	0.14787	0.05925
V489	0.5111	0.05832	0.14114	0.02771	0.1703	0.09144
V490	0.27312	0.06318	0.08228	0.06648	0.18549	0.32945
V491	0.14883	0.19103	0.29819	0.01541	0.2901	0.05646
V492	0.20324	0.0512	0.2243	0.07839	0.21427	0.22859
V493	0.51949	0.12157	0.08798	0.04247	0.13917	0.08931
V494	0.19224	0.0505	0.30946	0.03505	0.1556	0.25715
V495	0.24805	0.31927	0.19804	0.03134	0.14945	0.05385
V496	0.21656	0.10812	0.26389	0.01576	0.27906	0.11661
V497	0.10857	0.14832	0.1803	0.04472	0.47775	0.04033
V498	0.1402	0.08615	0.29505	0.23316	0.18945	0.05599
V499	0.165	0.38284	0.17429	0.06497	0.1588	0.0541
V500	0.35648	0.14629	0.12	0.05736	0.23394	0.08592
V501	0.19344	0.46073	0.08433	0.04388	0.15848	0.05914
V502	0.09008	0.0298	0.06936	0.20128	0.56773	0.04175
V503	0.17845	0.22136	0.08197	0.31707	0.15753	0.04363
V504	0.18467	0.46044	0.11502	0.02897	0.16272	0.04819
V505	0.08846	0.01809	0.3916	0.26794	0.17557	0.05833
V506	0.31602	0.04257	0.10077	0.1276	0.19881	0.21423
V507	0.27074	0.03748	0.08834	0.03009	0.18704	0.38632
V508	0.15899	0.34655	0.106	0.07876	0.26154	0.04816
V509	0.11213	0.02518	0.05517	0.53332	0.23716	0.03703
V510	0.58253	0.05017	0.0912	0.02546	0.15322	0.09741
V511	0.24426	0.03927	0.07191	0.19117	0.1697	0.28368
V512	0.13827	0.15493	0.45152	0.02692	0.15867	0.06969
V513	0.08899	0.03554	0.23018	0.05679	0.54916	0.03934
V514	0.18204	0.43899	0.12412	0.02651	0.15305	0.07528
V515	0.16462	0.25228	0.06571	0.30421	0.15381	0.05937
V516	0.08082	0.05007	0.59828	0.01181	0.21629	0.04273
V517	0.07707	0.01951	0.33823	0.16947	0.35774	0.03797
V518	0.29752	0.24947	0.09931	0.09237	0.17406	0.08728
V519	0.21848	0.33316	0.08216	0.08104	0.1584	0.12676
V520	0.4567	0.09668	0.09895	0.09574	0.14054	0.11139
V521	0.13699	0.02842	0.07774	0.0379	0.66459	0.05435
V522	0.31654	0.14762	0.08975	0.04137	0.2774	0.12732
V523	0.32707	0.14152	0.11802	0.12013	0.15254	0.14072
V524	0.12364	0.02595	0.11661	0.13883	0.50048	0.09449
V525	0.37948	0.04049	0.11809	0.03723	0.15481	0.2699
V526	0.15933	0.41804	0.14233	0.03038	0.2052	0.04472
V527	0.28309	0.03706	0.43783	0.01479	0.16579	0.06144
V528	0.53659	0.04715	0.16086	0.02704	0.13994	0.08841
V529	0.14636	0.06999	0.06768	0.49398	0.17616	0.04582
V530	0.15399	0.16456	0.28753	0.09551	0.1938	0.10462
V531	0.58662	0.0557	0.09148	0.03101	0.13746	0.09773
V532	0.15829	0.02253	0.10285	0.43162	0.23669	0.04802
V533	0.16423	0.02828	0.26384	0.03598	0.34599	0.16168
V534	0.1383	0.02348	0.05976	0.42345	0.22604	0.12896
V535	0.38294	0.06231	0.21542	0.11029	0.14352	0.08551
V536	0.0849	0.01741	0.56152	0.12945	0.14784	0.05887
V537	0.15796	0.3669	0.07385	0.18676	0.15878	0.05575
V538	0.19439	0.02929	0.07135	0.29381	0.16582	0.24534
V539	0.10453	0.0192	0.06196	0.50626	0.26225	0.0458
V540	0.26939	0.03839	0.29994	0.02687	0.28358	0.08183
V541	0.12589	0.17763	0.05875	0.41181	0.17411	0.05181
V542	0.14297	0.34363	0.08338	0.18892	0.19529	0.04581
V543	0.07584	0.01929	0.50667	0.0283	0.32771	0.04219
V544	0.25828	0.0557	0.09023	0.05385	0.18832	0.35362
V545	0.14523	0.37298	0.12463	0.04055	0.27004	0.04656
V546	0.41334	0.07542	0.07789	0.19484	0.15913	0.07939
V547	0.13325	0.08077	0.05794	0.29752	0.354	0.07652
V548	0.27049	0.05007	0.08821	0.03006	0.17996	0.38121
V549	0.15623	0.02281	0.49216	0.0723	0.16238	0.09412
V550	0.08664	0.02866	0.31814	0.01632	0.5106	0.03963
V551	0.2186	0.07271	0.11226	0.10848	0.22347	0.26448
V552	0.1124	0.04835	0.17084	0.22	0.38544	0.06297
V553	0.54038	0.04762	0.11064	0.04728	0.15924	0.09484
V554	0.18215	0.46345	0.09959	0.02901	0.15857	0.06724
V555	0.32845	0.03606	0.08981	0.20616	0.15292	0.18661
V556	0.12207	0.02541	0.37647	0.26651	0.16135	0.04819
V557	0.19354	0.42227	0.13885	0.03079	0.15517	0.05939
V558	0.34402	0.1546	0.08289	0.10921	0.14904	0.16023
V559	0.08194	0.02454	0.06757	0.13262	0.65459	0.03874
V560	0.48881	0.06387	0.09732	0.03566	0.19841	0.11593
V561	0.07582	0.02936	0.71031	0.00321	0.14426	0.03703
V562	0.38268	0.17625	0.11491	0.07515	0.14762	0.10339
V563	0.26295	0.03607	0.08346	0.08117	0.17139	0.36496
V564	0.20712	0.08594	0.07741	0.03213	0.33677	0.26063
V565	0.27074	0.03757	0.09482	0.02977	0.18063	0.38648
V566	0.24582	0.10038	0.09848	0.06424	0.18836	0.30272
V567	0.30551	0.20545	0.07635	0.17549	0.16358	0.07362
V568	0.1149	0.02678	0.08321	0.05048	0.68511	0.03952
V569	0.50855	0.07088	0.08679	0.04889	0.1478	0.13708
V570	0.47244	0.1257	0.10701	0.06396	0.14434	0.08655
V571	0.09951	0.16162	0.51491	0.01968	0.16387	0.04042
V572	0.08641	0.02436	0.62594	0.01772	0.20483	0.04074
V573	0.22796	0.42936	0.09012	0.02897	0.16546	0.05811
V574	0.17718	0.02809	0.34728	0.04694	0.17879	0.22172
V575	0.1666	0.38044	0.12284	0.10411	0.16107	0.06495
V576	0.28795	0.10392	0.08731	0.02298	0.43713	0.06071
V577	0.29911	0.06808	0.07961	0.06624	0.4024	0.08456
V578	0.11792	0.02804	0.07842	0.02561	0.63162	0.11838
V579	0.1098	0.0418	0.19047	0.19826	0.41923	0.04044
V580	0.16539	0.038	0.12286	0.28839	0.31036	0.075
V581	0.4594	0.06735	0.13568	0.07532	0.1836	0.07864
V582	0.45889	0.04875	0.08837	0.15849	0.14593	0.09957
V583	0.15261	0.06063	0.29251	0.01578	0.29882	0.17965
V584	0.16028	0.03972	0.06712	0.26625	0.32898	0.13765
V585	0.15876	0.28676	0.23374	0.07597	0.15799	0.08678
V586	0.22439	0.41898	0.1143	0.03227	0.15465	0.05542
V587	0.22911	0.033	0.26473	0.26205	0.15131	0.05981
V588	0.10823	0.02438	0.07728	0.58109	0.17256	0.03647
V589	0.16346	0.19719	0.26391	0.07178	0.15491	0.14874
V590	0.17877	0.0553	0.33473	0.06681	0.1587	0.20569
V591	0.50429	0.04546	0.10455	0.11943	0.14251	0.08377
V592	0.14462	0.22591	0.12444	0.28157	0.18011	0.04335
V593	0.09985	0.02339	0.05127	0.62099	0.16897	0.03554
V594	0.16483	0.0238	0.07185	0.44346	0.16753	0.12852
V595	0.15602	0.19654	0.10435	0.10869	0.30363	0.13076
V596	0.10853	0.16979	0.07933	0.07847	0.52665	0.03723
V597	0.32807	0.03766	0.0943	0.02876	0.44819	0.06302
V598	0.56356	0.07264	0.09102	0.02557	0.14407	0.10315
V599	0.2205	0.03924	0.07388	0.1387	0.23556	0.29212
V600	0.35618	0.10893	0.08064	0.06211	0.19859	0.19355
V601	0.18054	0.12336	0.09946	0.27325	0.15743	0.16597
V602	0.11479	0.03958	0.14933	0.02804	0.55634	0.11192
V603	0.20765	0.26201	0.10482	0.06504	0.17629	0.1842
V604	0.13334	0.29797	0.07366	0.03212	0.41929	0.04362
V605	0.11842	0.04582	0.08985	0.02502	0.66889	0.052
V606	0.37567	0.05719	0.24595	0.05979	0.13923	0.12216
V607	0.22742	0.0617	0.08011	0.0398	0.29126	0.29971
V608	0.19765	0.37557	0.08235	0.07424	0.16794	0.10224
V609	0.09403	0.02356	0.54023	0.15481	0.14696	0.04041
V610	0.11805	0.1056	0.39425	0.13216	0.1754	0.07454
V611	0.17065	0.47732	0.09336	0.0485	0.16383	0.04633
V612	0.10977	0.14486	0.0549	0.49501	0.16025	0.03521
V613	0.42819	0.13324	0.09303	0.02521	0.14833	0.17201
V614	0.13363	0.10245	0.4331	0.01567	0.19341	0.12175
V615	0.09109	0.06223	0.11402	0.03041	0.65993	0.04232
V616	0.32735	0.26462	0.08139	0.05341	0.16305	0.11018
V617	0.08656	0.03189	0.07271	0.03419	0.73508	0.03958
V618	0.20158	0.03856	0.5043	0.01296	0.15765	0.08496
V619	0.14778	0.37866	0.18613	0.04339	0.19442	0.04961
V620	0.21357	0.03886	0.27101	0.03082	0.15874	0.287
V621	0.09956	0.01767	0.10462	0.54428	0.18878	0.0451
V622	0.37181	0.13483	0.09173	0.02346	0.30343	0.07474
V623	0.23111	0.41113	0.08894	0.02768	0.16007	0.08107
V624	0.15487	0.36567	0.0673	0.20844	0.15388	0.04983
V625	0.13291	0.10383	0.20279	0.33094	0.16922	0.0603
V626	0.12592	0.05262	0.07689	0.15952	0.46142	0.12364
V627	0.42225	0.03927	0.06934	0.24656	0.14223	0.08034
V628	0.17385	0.06749	0.29477	0.08019	0.21943	0.16427
V629	0.13304	0.29239	0.05953	0.31214	0.16069	0.04222
V630	0.42922	0.04884	0.10184	0.06141	0.17158	0.18711
V631	0.22379	0.03262	0.12194	0.12436	0.19674	0.30055
V632	0.10496	0.04136	0.16256	0.24487	0.39702	0.04923
V633	0.09238	0.13112	0.58725	0.01118	0.14111	0.03696
V634	0.48919	0.05028	0.09022	0.15047	0.1378	0.08205
V635	0.09486	0.04909	0.23777	0.42325	0.15701	0.03803
V636	0.16301	0.37709	0.07419	0.07399	0.24055	0.07116
V637	0.24266	0.07536	0.09002	0.02773	0.23518	0.32904
V638	0.11994	0.08932	0.09586	0.39177	0.25994	0.04318
V639	0.25966	0.07266	0.12961	0.04594	0.39309	0.09904
V640	0.12969	0.11419	0.40184	0.02272	0.23019	0.10137
V641	0.08243	0.07124	0.42839	0.02978	0.34935	0.0388
V642	0.24155	0.05619	0.28363	0.13122	0.14643	0.14098
V643	0.53221	0.05326	0.0841	0.08384	0.15	0.09659
V644	0.5031	0.05198	0.08299	0.0912	0.14699	0.12373
V645	0.47093	0.05635	0.09502	0.08521	0.1428	0.1497
V646	0.08587	0.02799	0.39219	0.01336	0.44075	0.03983
V647	0.23484	0.03777	0.09202	0.24331	0.1772	0.21487
V648	0.20808	0.23131	0.17224	0.06215	0.16588	0.16035
V649	0.17756	0.02928	0.07477	0.4987	0.17001	0.04968
V650	0.2306	0.14811	0.21797	0.02379	0.32565	0.05388
V651	0.20388	0.23723	0.12938	0.04636	0.24897	0.13418
V652	0.11751	0.01892	0.1385	0.50194	0.17962	0.04353
V653	0.19166	0.29001	0.09846	0.04735	0.21896	0.15356
V654	0.52644	0.05268	0.14195	0.02781	0.15805	0.09307
V655	0.25923	0.03472	0.09416	0.06929	0.34715	0.19544
V656	0.14486	0.07393	0.48578	0.03927	0.20744	0.04873
V657	0.32931	0.04421	0.07373	0.09918	0.32089	0.13266
V658	0.09835	0.06707	0.17585	0.46516	0.15868	0.03489
V659	0.1779	0.47815	0.09015	0.03467	0.15994	0.05918
V660	0.53642	0.0543	0.08925	0.03688	0.14195	0.1412
V661	0.19333	0.03023	0.1878	0.11441	0.24943	0.2248
V662	0.49669	0.05083	0.09399	0.10277	0.1453	0.11041
V663	0.12788	0.13185	0.08083	0.05458	0.56232	0.04255
V664	0.16303	0.06109	0.55555	0.00553	0.15659	0.05822
V665	0.08575	0.02576	0.07282	0.03435	0.74163	0.03969
V666	0.33169	0.2224	0.08279	0.09911	0.16804	0.09596
V667	0.2525	0.03523	0.10998	0.0602	0.18243	0.35966
V668	0.5219	0.12686	0.09498	0.03062	0.13879	0.08685
V669	0.23643	0.10292	0.06898	0.212	0.16527	0.2144
V670	0.17047	0.24791	0.08146	0.23199	0.16572	0.10245
V671	0.28105	0.02961	0.06205	0.42038	0.15108	0.05582
V672	0.16349	0.3502	0.06672	0.22025	0.1537	0.04564
V673	0.20963	0.12255	0.22352	0.02576	0.15676	0.26179
V674	0.50616	0.0475	0.09068	0.02356	0.24772	0.08439
V675	0.25779	0.12012	0.09604	0.02731	0.18309	0.31564
V676	0.10522	0.01752	0.11673	0.55432	0.16991	0.03628
V677	0.23721	0.25712	0.18624	0.02024	0.14747	0.15173
V678	0.20513	0.0841	0.11088	0.0288	0.42261	0.14849
V679	0.24389	0.10045	0.11482	0.04509	0.17161	0.32415
V680	0.09163	0.02283	0.33609	0.01496	0.47219	0.0623
V681	0.19194	0.4252	0.10302	0.03216	0.15332	0.09437
V682	0.18784	0.35079	0.07804	0.03692	0.21778	0.12863
V683	0.10394	0.02677	0.07784	0.02586	0.68598	0.07962
V684	0.20495	0.42557	0.07988	0.07779	0.15671	0.0551
V685	0.14045	0.36384	0.24971	0.01931	0.18253	0.04415
V686	0.25864	0.03785	0.3685	0.01854	0.15544	0.16103
V687	0.16988	0.1803	0.25843	0.08467	0.15036	0.15636
V688	0.35448	0.04029	0.08506	0.02988	0.34413	0.14616
V689	0.12851	0.03339	0.52496	0.08405	0.16217	0.06692
V690	0.13963	0.03459	0.09613	0.04308	0.56875	0.11782
V691	0.17185	0.30002	0.20271	0.07091	0.17567	0.07884
V692	0.39602	0.03827	0.06906	0.22912	0.19099	0.07654
V693	0.50914	0.11616	0.09973	0.03604	0.13974	0.0992
V694	0.50589	0.11554	0.09221	0.05345	0.13961	0.0933
V695	0.52162	0.0481	0.0861	0.03623	0.19675	0.1112
V696	0.17374	0.31175	0.10743	0.06328	0.29105	0.05275
V697	0.11848	0.03241	0.58595	0.03672	0.1666	0.05985
V698	0.17724	0.49118	0.08618	0.03532	0.16032	0.04976
V699	0.21003	0.03955	0.44839	0.03385	0.18929	0.0789
V700	0.17498	0.03624	0.07246	0.03121	0.63009	0.05501
V701	0.55577	0.0492	0.09699	0.02511	0.14087	0.13207
V702	0.23306	0.04571	0.12099	0.13644	0.16963	0.29416
V703	0.24164	0.31324	0.09029	0.02536	0.27098	0.05849
V704	0.32677	0.20229	0.21265	0.01846	0.15136	0.08848
V705	0.11376	0.09272	0.25839	0.13019	0.35808	0.04685
V706	0.18044	0.0894	0.29909	0.01541	0.22601	0.18966
V707	0.43144	0.05694	0.08857	0.02648	0.16064	0.23593
V708	0.11911	0.25652	0.41145	0.02329	0.14729	0.04235
V709	0.09696	0.01813	0.04808	0.56789	0.23326	0.03568
V710	0.33473	0.07516	0.15834	0.05714	0.27578	0.09885
V711	0.12487	0.16109	0.34847	0.1366	0.15172	0.07726
V712	0.11124	0.1991	0.08212	0.03114	0.53339	0.043
V713	0.28677	0.31979	0.10385	0.04691	0.16282	0.07986
V714	0.13303	0.30703	0.34993	0.02019	0.14854	0.04128
V715	0.09513	0.03049	0.68336	0.00286	0.14314	0.04502
V716	0.18879	0.04957	0.07073	0.22873	0.28593	0.17624
V717	0.10377	0.03295	0.0901	0.02532	0.69083	0.05703
V718	0.12035	0.269	0.07782	0.02612	0.46745	0.03926
V719	0.17575	0.4579	0.10351	0.03333	0.17251	0.057
V720	0.244	0.02894	0.23017	0.2268	0.17014	0.09995
V721	0.1781	0.19922	0.22869	0.01829	0.21034	0.16536
V722	0.08396	0.02569	0.08502	0.02753	0.74113	0.03667
V723	0.1605	0.39823	0.10993	0.03607	0.23735	0.05793
V724	0.15026	0.2114	0.3226	0.07966	0.19433	0.04174
V725	0.124	0.06377	0.1167	0.11169	0.50007	0.08378
V726	0.09302	0.03403	0.4443	0.02968	0.33612	0.06285
V727	0.22721	0.0324	0.14939	0.12317	0.16932	0.29851
V728	0.10795	0.0249	0.04581	0.59777	0.16848	0.05509
V729	0.24539	0.30926	0.09472	0.04717	0.23918	0.06429
V730	0.18946	0.02763	0.12752	0.29756	0.1661	0.19174
V731	0.19092	0.06005	0.37558	0.01137	0.26119	0.10088
V732	0.1773	0.28012	0.09078	0.0536	0.3039	0.0943
V733	0.21983	0.02948	0.25858	0.14858	0.18693	0.1566
V734	0.23229	0.03351	0.25159	0.01954	0.17059	0.29248
V735	0.11742	0.07474	0.06017	0.51504	0.16773	0.0649
V736	0.18988	0.33475	0.11636	0.05141	0.16308	0.14451
V737	0.07899	0.02554	0.07881	0.0344	0.74613	0.03614
V738	0.29945	0.06407	0.12125	0.26264	0.15858	0.09401
V739	0.20623	0.21694	0.18969	0.04316	0.27165	0.07233
V740	0.11934	0.18355	0.32834	0.04489	0.27357	0.05031
V741	0.3341	0.12719	0.18049	0.07295	0.22109	0.06418
V742	0.27195	0.03661	0.08588	0.2992	0.22892	0.07744
V743	0.10511	0.09082	0.24653	0.23323	0.27889	0.04542
V744	0.33824	0.10141	0.08863	0.12446	0.15209	0.19516
V745	0.1556	0.33337	0.07953	0.05318	0.33285	0.04546
V746	0.54049	0.05995	0.09386	0.04247	0.15039	0.11284
V747	0.2078	0.03701	0.15461	0.04592	0.49606	0.0586
V748	0.19871	0.06453	0.2398	0.03783	0.23203	0.22711
V749	0.36578	0.04589	0.08166	0.12547	0.21599	0.1652
V750	0.10553	0.07316	0.04667	0.56812	0.17092	0.0356
V751	0.1028	0.0241	0.07141	0.57448	0.19105	0.03615
V752	0.21436	0.03719	0.0949	0.07326	0.52081	0.05949
V753	0.19757	0.03187	0.09811	0.08974	0.37949	0.20323
V754	0.17363	0.28902	0.15532	0.06716	0.18335	0.13152
V755	0.29658	0.0622	0.08689	0.04119	0.41024	0.10291
V756	0.25711	0.0429	0.0921	0.03538	0.20842	0.36408
V757	0.20686	0.29497	0.0835	0.04279	0.19323	0.17865
V758	0.29715	0.37461	0.08539	0.03292	0.14775	0.06218
V759	0.17199	0.04093	0.10495	0.11854	0.4804	0.0832
V760	0.26722	0.03693	0.0931	0.04875	0.1734	0.3806
V761	0.07434	0.02802	0.33654	0.02829	0.49742	0.03539
V762	0.12149	0.02006	0.59746	0.02986	0.16091	0.07023
V763	0.11497	0.11744	0.06767	0.46829	0.18303	0.04859
V764	0.215	0.03638	0.13226	0.15914	0.31242	0.1448
