CD14.pos.CD16.neg.classical.monocyte	mature.neutrophil	memory.B.cell	cytotoxic.CD56.dim.NK.cell	memory.CD4.pos.AB.T.cell	macrophage
V1	0.13921	0.01811	0.64772	0	0.15173	0.04324
V2	0.44246	0.09465	0.08358	0.0757	0.22522	0.07839
V3	0.2554	0.05617	0.21902	0.00889	0.177	0.28353
V4	0.24866	0.29455	0.07806	0.06674	0.22563	0.08636
V5	0.09397	0.03812	0.04364	0.43153	0.35796	0.03478
V6	0.25082	0.02806	0.18862	0.03617	0.27438	0.22195
V7	0.13087	0.26549	0.06731	0.02613	0.46482	0.04539
V8	0.51628	0.04813	0.08894	0.08398	0.15888	0.10379
V9	0.28125	0.12337	0.06349	0.19145	0.18872	0.15172
V10	0.36628	0.03726	0.10144	0.23718	0.18008	0.07776
V11	0.18409	0.47741	0.0914	0.02215	0.17887	0.04609
V12	0.26879	0.03665	0.11338	0.02407	0.18899	0.36811
V13	0.16197	0.33859	0.27435	0.01588	0.16528	0.04393
V14	0.13148	0.01793	0.04963	0.58004	0.17973	0.04119
V15	0.3853	0.06699	0.07258	0.09064	0.29347	0.09101
V16	0.12521	0.01682	0.05643	0.29514	0.4107	0.09569
V17	0.25533	0.04279	0.18074	0.0125	0.1773	0.33133
V18	0.53068	0.1103	0.09595	0.02009	0.15318	0.0898
V19	0.44389	0.05176	0.20479	0.00645	0.21124	0.08187
V20	0.46615	0.05784	0.13655	0.08147	0.1579	0.1001
V21	0.27487	0.04427	0.08597	0.02484	0.21444	0.35561
V22	0.19859	0.052	0.07133	0.05837	0.55418	0.06554
V23	0.11164	0.02031	0.3068	0.00897	0.51341	0.03887
V24	0.17476	0.02369	0.06263	0.09317	0.57898	0.06676
V25	0.37253	0.19464	0.07476	0.0984	0.18581	0.07386
V26	0.25464	0.03028	0.07685	0.01239	0.56895	0.05689
V27	0.236	0.02819	0.20141	0.01823	0.18404	0.33212
V28	0.17548	0.18144	0.17415	0.16399	0.18708	0.11786
V29	0.17194	0.38152	0.13778	0.05635	0.16502	0.0874
V30	0.2445	0.15112	0.14828	0.00915	0.31169	0.13526
V31	0.48296	0.03376	0.20742	0.02007	0.14996	0.10583
V32	0.09351	0.01798	0.29846	0.37153	0.16584	0.05269
V33	0.25362	0.27028	0.23076	0.01758	0.1575	0.07026
V34	0.07086	0.01043	0.43015	0.01126	0.43668	0.04062
V35	0.0955	0.04491	0.1817	0.37222	0.25589	0.04978
V36	0.17054	0.31846	0.15219	0.01576	0.29174	0.05131
V37	0.11472	0.01756	0.61327	0	0.1583	0.09615
V38	0.25331	0.02206	0.17561	0.01385	0.17985	0.35533
V39	0.43916	0.0421	0.07594	0.19597	0.15966	0.08716
V40	0.16297	0.32494	0.07584	0.11318	0.24496	0.0781
V41	0.51176	0.03664	0.10126	0.01415	0.16427	0.17191
V42	0.24363	0.02572	0.44873	0	0.18419	0.09772
V43	0.23238	0.26881	0.07772	0.03129	0.31261	0.07719
V44	0.1893	0.4829	0.08792	0.01829	0.17017	0.05142
V45	0.35343	0.21939	0.10992	0.02429	0.17175	0.12121
V46	0.14207	0.01951	0.06802	0.20728	0.41023	0.15289
V47	0.15527	0.27745	0.06907	0.10897	0.32184	0.0674
V48	0.1508	0.38339	0.20133	0.00881	0.21572	0.03995
V49	0.17924	0.46047	0.08519	0.01717	0.21237	0.04557
V50	0.08175	0.0123	0.26057	0.01143	0.56808	0.06587
V51	0.06889	0.01433	0.06694	0.02258	0.78659	0.04067
V52	0.15108	0.34899	0.24294	0.02907	0.18287	0.04505
V53	0.16595	0.01789	0.13157	0.0299	0.60871	0.04598
V54	0.13096	0.09265	0.4631	0.02737	0.21387	0.07206
V55	0.07293	0.03903	0.14811	0.03012	0.67083	0.03898
V56	0.07712	0.03436	0.60038	0.07088	0.1848	0.03246
V57	0.22417	0.243	0.10214	0.01227	0.25351	0.1649
V58	0.08853	0.01601	0.68035	0.00063	0.15973	0.05475
V59	0.11852	0.01112	0.03703	0.59611	0.20021	0.03701
V60	0.38533	0.02435	0.06764	0.29101	0.16154	0.07013
V61	0.305	0.10193	0.07475	0.12648	0.20934	0.1825
V62	0.3973	0.04158	0.12582	0.09027	0.21985	0.12518
V63	0.19657	0.32577	0.08111	0.06621	0.17829	0.15204
V64	0.0812	0.08477	0.06559	0.01447	0.71394	0.04003
V65	0.41533	0.10772	0.10038	0.02562	0.19009	0.16084
V66	0.36776	0.04159	0.16041	0.02089	0.3377	0.07165
V67	0.14497	0.11143	0.27796	0.17196	0.16856	0.12512
V68	0.57697	0.04029	0.0961	0.03923	0.15118	0.09624
V69	0.44825	0.0464	0.08559	0.01551	0.18382	0.22043
V70	0.10741	0.01179	0.20748	0.4171	0.21814	0.03806
V71	0.14349	0.18039	0.0861	0.08208	0.40208	0.10586
V72	0.4315	0.10107	0.13148	0.02307	0.19688	0.11601
V73	0.12116	0.00539	0.11014	0.52714	0.19593	0.04023
V74	0.10647	0.10328	0.05068	0.52321	0.18262	0.03374
V75	0.17238	0.48163	0.08005	0.03257	0.18867	0.0447
V76	0.0819	0.01019	0.57482	0.01197	0.28328	0.03784
V77	0.16205	0.09974	0.12289	0.37408	0.17074	0.0705
V78	0.39426	0.09891	0.1124	0.09592	0.1689	0.1296
V79	0.21384	0.33966	0.08751	0.01452	0.16921	0.17526
V80	0.20672	0.3535	0.08115	0.02035	0.17914	0.15914
V81	0.49628	0.09182	0.13629	0.01731	0.16379	0.0945
V82	0.1659	0.43946	0.08071	0.04205	0.22343	0.04844
V83	0.18542	0.10909	0.07062	0.28362	0.27043	0.08083
V84	0.29481	0.02507	0.12105	0.30203	0.18278	0.07427
V85	0.55496	0.03889	0.14611	0.01744	0.14961	0.09298
V86	0.25859	0.03851	0.15347	0.21676	0.17611	0.15656
V87	0.09791	0.01577	0.05364	0.60937	0.18269	0.04062
V88	0.16932	0.0314	0.05447	0.37249	0.21698	0.15534
V89	0.16884	0.12224	0.38028	0.00507	0.16182	0.16174
V90	0.17724	0.39008	0.15708	0.01625	0.20531	0.05403
V91	0.09695	0.01993	0.09322	0.08569	0.65588	0.04832
V92	0.08004	0.05912	0.07104	0.02046	0.72286	0.04648
V93	0.23862	0.0612	0.07371	0.08155	0.35247	0.19246
V94	0.08629	0.00985	0.23659	0.46502	0.16972	0.03254
V95	0.06975	0.01661	0.2864	0.08459	0.50867	0.03398
V96	0.16205	0.24575	0.07822	0.04396	0.36352	0.10651
V97	0.06958	0.01977	0.07016	0.06094	0.7428	0.03675
V98	0.1138	0.05551	0.04585	0.50756	0.23874	0.03854
V99	0.09532	0.01503	0.04127	0.62514	0.18914	0.0341
V100	0.08516	0.01382	0.39468	0.18495	0.26802	0.05337
V101	0.12078	0.23449	0.36918	0.06722	0.16368	0.04464
V102	0.54093	0.0442	0.15803	0.01681	0.1491	0.09093
V103	0.46117	0.04455	0.08784	0.12271	0.19024	0.09348
V104	0.10476	0.00453	0.20514	0.46265	0.18184	0.04107
V105	0.2655	0.0231	0.1356	0.01683	0.18262	0.37635
V106	0.1418	0.01359	0.50603	0	0.16699	0.17159
V107	0.18295	0.37857	0.22574	0.00756	0.16163	0.04354
V108	0.21697	0.04179	0.09874	0.02118	0.3291	0.29221
V109	0.2285	0.02876	0.08199	0.01645	0.31949	0.32481
V110	0.11984	0.11528	0.55333	0	0.15938	0.05217
V111	0.07579	0.02164	0.69282	0.00068	0.17241	0.03666
V112	0.13775	0.20635	0.04758	0.38957	0.17851	0.04024
V113	0.09477	0.07002	0.51438	0.0192	0.26069	0.04093
V114	0.16467	0.01216	0.52688	0.09454	0.15623	0.04553
V115	0.36563	0.06782	0.09013	0.03319	0.25832	0.18491
V116	0.56822	0.03955	0.09443	0.05152	0.15125	0.09502
V117	0.39352	0.036	0.07353	0.07806	0.34403	0.07487
V118	0.16141	0.3974	0.14386	0.03368	0.21174	0.05191
V119	0.17566	0.46371	0.08813	0.04179	0.17344	0.05726
V120	0.15841	0.13794	0.1264	0.2901	0.23146	0.0557
V121	0.31401	0.02848	0.07114	0.2079	0.16731	0.21116
V122	0.26384	0.02849	0.05566	0.40543	0.19298	0.05361
V123	0.33026	0.03307	0.07587	0.04958	0.27347	0.23776
V124	0.07344	0.01205	0.27819	0.0113	0.58616	0.03887
V125	0.11089	0.10973	0.51823	0.03821	0.15766	0.06527
V126	0.23041	0.18731	0.113	0.02042	0.18021	0.26864
V127	0.10156	0.00944	0.6277	0.05672	0.16548	0.0391
V128	0.29219	0.17734	0.14215	0.11583	0.20498	0.06752
V129	0.07827	0.02113	0.6519	0.0425	0.16653	0.03967
V130	0.38746	0.10186	0.07454	0.1793	0.17961	0.07723
V131	0.10897	0.0153	0.08378	0.02605	0.6693	0.0966
V132	0.13765	0.29193	0.33478	0.00137	0.19262	0.04165
V133	0.12886	0.13492	0.44996	0.05364	0.19254	0.04008
V134	0.23485	0.37635	0.08296	0.02007	0.2214	0.06437
V135	0.12463	0.01801	0.57745	0	0.1941	0.08581
V136	0.19761	0.41068	0.12477	0.02411	0.19028	0.05255
V137	0.10986	0.11651	0.44693	0.00876	0.28242	0.03552
V138	0.1912	0.01365	0.06636	0.29598	0.23835	0.19447
V139	0.13886	0.05009	0.17387	0.01496	0.4618	0.16041
V140	0.42108	0.16417	0.10993	0.06091	0.16014	0.08378
V141	0.24554	0.17978	0.14869	0.18021	0.18176	0.06403
V142	0.21653	0.40812	0.08698	0.05267	0.16557	0.07013
V143	0.12428	0.05147	0.49826	0.04753	0.22785	0.05062
V144	0.23626	0.13188	0.08138	0.1014	0.17956	0.26952
V145	0.09886	0.00293	0.04701	0.62949	0.17786	0.04386
V146	0.15003	0.02413	0.11813	0.01704	0.61592	0.07475
V147	0.38237	0.07414	0.15704	0.04332	0.16076	0.18235
V148	0.10024	0.12598	0.5803	0	0.15341	0.04008
V149	0.21481	0.31098	0.07437	0.03304	0.17079	0.196
V150	0.09865	0.00314	0.03559	0.6258	0.20207	0.03476
V151	0.22485	0.26631	0.07482	0.0218	0.18887	0.22334
V152	0.13939	0.16226	0.35865	0.02434	0.25086	0.0645
V153	0.08075	0.03336	0.49952	0.17055	0.18027	0.03555
V154	0.3695	0.16019	0.08797	0.01413	0.165	0.20322
V155	0.14368	0.23848	0.12711	0.00989	0.41917	0.06166
V156	0.12698	0.30205	0.07496	0.01428	0.44202	0.0397
V157	0.19498	0.08961	0.09095	0.20437	0.18414	0.23595
V158	0.09182	0.04838	0.66545	0	0.15375	0.0406
V159	0.18508	0.16245	0.2876	0.11842	0.18771	0.05875
V160	0.09225	0.00941	0.67559	0	0.15766	0.0651
V161	0.14048	0.30416	0.05851	0.22414	0.23349	0.03921
V162	0.15227	0.33108	0.06581	0.09469	0.30436	0.05179
V163	0.08508	0.00871	0.7104	0	0.15507	0.04074
V164	0.12206	0.22972	0.31173	0.07589	0.2182	0.0424
V165	0.10319	0.02821	0.08985	0.02552	0.67069	0.08255
V166	0.14653	0.02183	0.06008	0.11777	0.48542	0.16837
V167	0.08726	0.00512	0.34615	0.34196	0.18336	0.03614
V168	0.46792	0.03765	0.07915	0.17559	0.15236	0.08733
V169	0.09162	0.01389	0.54763	0.13569	0.16733	0.04384
V170	0.3376	0.04233	0.13429	0.21002	0.20576	0.07
V171	0.23757	0.2958	0.08762	0.01433	0.17934	0.18534
V172	0.14012	0.05821	0.43468	0.1188	0.16577	0.08242
V173	0.10142	0.02292	0.61686	0	0.16948	0.08932
V174	0.43492	0.09539	0.08671	0.01857	0.28633	0.07809
V175	0.18308	0.39114	0.15707	0.02229	0.19989	0.04653
V176	0.07291	0.00867	0.71105	0	0.17084	0.03653
V177	0.18413	0.07147	0.29327	0.02201	0.28599	0.14312
V178	0.08662	0.04054	0.09055	0.01277	0.72184	0.04768
V179	0.11952	0.00699	0.07407	0.44392	0.25023	0.10527
V180	0.24816	0.02238	0.18949	0.27674	0.15952	0.10371
V181	0.3878	0.09963	0.12056	0.05588	0.20647	0.12966
V182	0.09488	0.06889	0.59478	0.03614	0.15822	0.04709
V183	0.10434	0.00303	0.04075	0.64	0.17671	0.03517
V184	0.32052	0.25894	0.08374	0.03111	0.23778	0.06791
V185	0.20137	0.32533	0.09022	0.01901	0.25541	0.10867
V186	0.07646	0.00587	0.48883	0.22754	0.16914	0.03215
V187	0.27752	0.30374	0.07753	0.02572	0.25581	0.05967
V188	0.22337	0.35708	0.08195	0.03232	0.16832	0.13696
V189	0.10406	0.06057	0.19015	0.0267	0.527	0.09152
V190	0.12528	0.13194	0.07009	0.02573	0.54017	0.10678
V191	0.20464	0.35697	0.07592	0.02091	0.17989	0.16167
V192	0.38765	0.16385	0.14031	0.02842	0.195	0.08477
V193	0.25729	0.10296	0.08463	0.02426	0.18802	0.34284
V194	0.0818	0.02585	0.07987	0.09317	0.67275	0.04656
V195	0.07802	0.00882	0.57166	0.0596	0.245	0.0369
V196	0.09362	0.00306	0.05451	0.60314	0.20827	0.03739
V197	0.19707	0.02029	0.08683	0.0185	0.62054	0.05677
V198	0.18037	0.25669	0.09318	0.10815	0.30825	0.05337
V199	0.11155	0.15895	0.13516	0.07961	0.4719	0.04283
V200	0.12624	0.01583	0.45704	0.15516	0.16715	0.07857
V201	0.10579	0.00327	0.03476	0.63129	0.17705	0.04784
V202	0.1512	0.05562	0.36391	0.02573	0.26721	0.13633
V203	0.4092	0.04586	0.07187	0.24129	0.15506	0.07671
V204	0.24807	0.05381	0.10032	0.13153	0.18056	0.28571
V205	0.08147	0.02194	0.69962	2e-04	0.15959	0.03717
V206	0.09792	0.03621	0.1221	0.51399	0.19588	0.03389
V207	0.3178	0.13604	0.09646	0.17284	0.17619	0.10066
V208	0.30415	0.07514	0.33773	0.03277	0.18767	0.06255
V209	0.28631	0.29999	0.07712	0.03723	0.16942	0.12993
V210	0.14017	0.02478	0.64029	0	0.15148	0.04328
V211	0.3849	0.04928	0.14994	0.01577	0.26426	0.13586
V212	0.11974	0.17902	0.1962	0.25661	0.20444	0.04398
V213	0.10428	0.05946	0.25562	0.02385	0.51618	0.04061
V214	0.52743	0.04959	0.10388	0.05071	0.1758	0.09259
V215	0.2051	0.38303	0.07538	0.03776	0.16831	0.13042
V216	0.19653	0.30706	0.26744	0.01042	0.17018	0.04838
V217	0.24179	0.02036	0.10043	0.07452	0.36338	0.19953
V218	0.15032	0.2078	0.05485	0.36472	0.18357	0.03875
V219	0.5373	0.03847	0.10226	0.01403	0.16157	0.14637
V220	0.1524	0.01322	0.05071	0.56547	0.17157	0.04664
V221	0.20001	0.41984	0.09667	0.06247	0.17058	0.05043
V222	0.1502	0.18978	0.09055	0.11184	0.40104	0.05658
V223	0.18074	0.20941	0.24947	0.01076	0.18034	0.16928
V224	0.07162	0.01152	0.36011	0.00111	0.52075	0.03489
V225	0.30311	0.03182	0.09445	0.025	0.18212	0.36351
V226	0.24245	0.05028	0.20536	0.1958	0.23515	0.07096
V227	0.44116	0.02945	0.07829	0.1661	0.1618	0.1232
V228	0.17628	0.16318	0.37839	0.03668	0.18009	0.06537
V229	0.1795	0.01992	0.31618	0.17299	0.25059	0.06083
V230	0.11897	0.11582	0.56111	0	0.15515	0.04895
V231	0.12442	0.01761	0.04353	0.58462	0.19248	0.03734
V232	0.33932	0.02998	0.0653	0.21294	0.17045	0.18201
V233	0.53223	0.04342	0.10388	0.05727	0.16403	0.09917
V234	0.34238	0.028	0.07414	0.02507	0.45714	0.07327
V235	0.14089	0.00612	0.05663	0.56607	0.18471	0.04558
V236	0.12712	0.01506	0.20187	0.02051	0.51498	0.12046
V237	0.07987	0.00821	0.63825	0.06381	0.173	0.03686
V238	0.43852	0.03118	0.11093	0.07211	0.18308	0.16419
V239	0.37642	0.04674	0.14917	0.1015	0.23632	0.08984
V240	0.10229	0.16771	0.06067	0.09506	0.53477	0.0395
V241	0.39608	0.12733	0.0785	0.13183	0.18544	0.08082
V242	0.28764	0.0553	0.09929	0.13534	0.22596	0.19647
V243	0.12985	0.25084	0.36906	0.03007	0.17998	0.04019
V244	0.18306	0.03308	0.07411	0.0132	0.54479	0.15177
V245	0.50598	0.03638	0.09443	0.0145	0.17115	0.17757
V246	0.09007	0.04068	0.21475	0.26256	0.3514	0.04053
V247	0.29823	0.07512	0.07493	0.14354	0.18242	0.22576
V248	0.23071	0.03851	0.06045	0.16647	0.43239	0.07147
V249	0.23551	0.1228	0.32524	0.05877	0.15599	0.10169
V250	0.10251	0.01533	0.041	0.62667	0.17647	0.03802
V251	0.15411	0.34672	0.1614	0.12419	0.16852	0.04504
V252	0.09434	0.00977	0.06784	0.57991	0.20753	0.04061
V253	0.16374	0.05223	0.05835	0.29073	0.26243	0.17251
V254	0.13348	0.17806	0.11349	0.13805	0.37313	0.06378
V255	0.30757	0.20752	0.12252	0.0539	0.20086	0.10761
V256	0.1769	0.48248	0.08121	0.02255	0.18442	0.05244
V257	0.15014	0.26863	0.09035	0.03056	0.39267	0.06765
V258	0.12461	0.15781	0.14575	0.36284	0.16422	0.04477
V259	0.14457	0.34353	0.28608	0.01546	0.16077	0.04959
V260	0.15409	0.04426	0.07829	0.02552	0.60245	0.09538
V261	0.37103	0.04215	0.10066	0.03841	0.30602	0.14173
V262	0.121	0.01786	0.62341	0	0.19953	0.0382
V263	0.09753	0.04778	0.50242	0.1426	0.1661	0.04358
V264	0.41933	0.04391	0.15096	0.03597	0.20058	0.14925
V265	0.09047	0.01467	0.06584	0.03422	0.75237	0.04243
V266	0.29783	0.05191	0.09342	0.02412	0.18671	0.346
V267	0.2348	0.40219	0.07713	0.0638	0.16969	0.05238
V268	0.57554	0.04076	0.09197	0.02096	0.1534	0.11737
V269	0.10967	0.0369	0.12941	0.49768	0.18818	0.03815
V270	0.27506	0.30464	0.09447	0.02497	0.23886	0.062
V271	0.20029	0.10658	0.24694	0.01942	0.18074	0.24602
V272	0.09117	0.01365	0.06184	0.07442	0.68742	0.07151
V273	0.10817	0.01422	0.10058	0.07246	0.64171	0.06287
V274	0.2277	0.02703	0.19067	0.05292	0.18291	0.31878
V275	0.46372	0.14903	0.09127	0.02582	0.16124	0.10891
V276	0.22136	0.18621	0.12501	0.06911	0.19711	0.20121
V277	0.37796	0.04266	0.08606	0.02083	0.26169	0.21079
V278	0.17039	0.09267	0.12753	0.17484	0.37829	0.05629
V279	0.24489	0.05491	0.21475	0.04897	0.18055	0.25593
V280	0.15853	0.00721	0.04508	0.56114	0.17739	0.05066
V281	0.1765	0.4715	0.09957	0.03674	0.16853	0.04715
V282	0.08682	0.03954	0.06913	0.06025	0.70019	0.04407
V283	0.12588	0.28383	0.06825	0.02034	0.45673	0.04498
V284	0.12885	0.07586	0.2739	0.23599	0.19372	0.09168
V285	0.10269	0.01544	0.03529	0.62596	0.18249	0.03813
V286	0.44663	0.04932	0.13114	0.14027	0.15136	0.08128
V287	0.08723	0.01965	0.08722	0.07321	0.67205	0.06063
V288	0.22215	0.19915	0.08449	0.02027	0.25445	0.21949
V289	0.08606	0.06801	0.56521	0.06456	0.17689	0.03926
V290	0.09064	0.00352	0.20382	0.48166	0.17759	0.04277
V291	0.11463	0.02323	0.03609	0.60225	0.18148	0.04232
V292	0.17969	0.06827	0.05892	0.4001	0.24637	0.04665
V293	0.07584	0.04607	0.09002	0.01963	0.72552	0.04292
V294	0.37402	0.04913	0.07596	0.02542	0.3543	0.12118
V295	0.3083	0.02567	0.09544	0.01831	0.18856	0.36372
V296	0.14901	0.24654	0.11798	0.19137	0.2069	0.08821
V297	0.26629	0.07074	0.07998	0.02545	0.19142	0.36611
V298	0.16598	0.43694	0.17137	0.01712	0.16539	0.04319
V299	0.17031	0.06699	0.55754	0	0.15916	0.046
V300	0.48119	0.10288	0.11103	0.01894	0.15584	0.13013
V301	0.36374	0.26191	0.11665	0.02411	0.16369	0.0699
V302	0.12456	0.18739	0.09591	0.3454	0.20203	0.04471
V303	0.15998	0.40847	0.1166	0.02381	0.2432	0.04794
V304	0.08437	0.01467	0.08551	0.01374	0.75981	0.0419
V305	0.1341	0.01591	0.17723	0.30897	0.23386	0.12993
V306	0.36873	0.09426	0.08146	0.02251	0.17001	0.26304
V307	0.18105	0.02548	0.073	0.02578	0.61358	0.08112
V308	0.09532	0.00861	0.03477	0.64289	0.18405	0.03435
V309	0.1463	0.3281	0.06326	0.25031	0.16759	0.04445
V310	0.18355	0.25187	0.24698	0.01125	0.17432	0.13203
V311	0.41673	0.03187	0.0907	0.02254	0.16869	0.26946
V312	0.15928	0.01959	0.05328	0.26314	0.44792	0.05679
V313	0.33393	0.0332	0.07922	0.05174	0.17648	0.32542
V314	0.2374	0.01923	0.05171	0.47153	0.16993	0.0502
V315	0.22592	0.40567	0.08476	0.01565	0.20144	0.06657
V316	0.29974	0.0308	0.08861	0.07131	0.18949	0.32004
V317	0.14349	0.00737	0.0474	0.49073	0.20396	0.10705
V318	0.09808	0.00953	0.05986	0.61192	0.17701	0.04361
V319	0.29321	0.13658	0.23478	0.10132	0.16003	0.07408
V320	0.23772	0.14145	0.28794	0.07991	0.1616	0.09138
V321	0.15716	0.38174	0.06329	0.18559	0.17194	0.04028
V322	0.10885	0.01489	0.13057	0.02359	0.62433	0.09777
V323	0.12928	0.19402	0.05323	0.26289	0.32046	0.04012
V324	0.14978	0.04118	0.08912	0.16196	0.43211	0.12585
V325	0.20331	0.46404	0.09722	0.01708	0.16764	0.05072
V326	0.23317	0.42345	0.09197	0.0163	0.18018	0.05493
V327	0.12693	0.01109	0.6677	0	0.15232	0.04196
V328	0.19617	0.14497	0.19053	0.10367	0.31335	0.0513
V329	0.0776	0.01058	0.46535	0	0.40207	0.04441
V330	0.08017	0.00899	0.70025	0	0.17021	0.04039
V331	0.45818	0.07638	0.11798	0.06969	0.16013	0.11764
V332	0.1574	0.06478	0.1746	0.01476	0.42014	0.16832
V333	0.09214	0.01985	0.37636	0.24103	0.2206	0.05001
V334	0.12474	0.26503	0.33224	0.07991	0.1588	0.03927
V335	0.15754	0.02651	0.5779	0	0.15552	0.08253
V336	0.30151	0.35219	0.09933	0.0149	0.16712	0.06494
V337	0.13183	0.1366	0.10836	0.01726	0.56499	0.04097
V338	0.47582	0.03462	0.11453	0.01787	0.25794	0.09922
V339	0.15594	0.07183	0.32734	0.1775	0.17858	0.08881
V340	0.42386	0.18563	0.08197	0.04393	0.1729	0.09169
V341	0.23736	0.04004	0.08012	0.39198	0.19366	0.05684
V342	0.14234	0.01436	0.05485	0.4641	0.21049	0.11386
V343	0.24624	0.12773	0.15861	0.03059	0.18187	0.25496
V344	0.16623	0.37831	0.07153	0.03122	0.26825	0.08445
V345	0.07236	0.01445	0.0729	0.02227	0.78007	0.03794
V346	0.17423	0.01939	0.06366	0.30444	0.37704	0.06124
V347	0.34902	0.10905	0.09048	0.06889	0.30962	0.07294
V348	0.15525	0.09974	0.50023	0.00587	0.19185	0.04706
V349	0.47769	0.07718	0.11149	0.07492	0.17592	0.08281
V350	0.33218	0.04931	0.15792	0.17094	0.15767	0.13197
V351	0.29527	0.07143	0.10988	0.03465	0.18665	0.30212
V352	0.17215	0.22528	0.07464	0.01305	0.35405	0.16082
V353	0.09866	0.12574	0.58567	0	0.15322	0.03671
V354	0.18921	0.05256	0.23221	0.00542	0.36868	0.15191
V355	0.08031	0.02829	0.70093	0	0.15707	0.0334
V356	0.37308	0.10186	0.09325	0.16717	0.174	0.09064
V357	0.25032	0.02726	0.34928	0.01244	0.297	0.0637
V358	0.2581	0.02203	0.1249	0.04365	0.18807	0.36327
V359	0.18093	0.06775	0.05115	0.4278	0.21582	0.05655
V360	0.35643	0.0255	0.07346	0.15286	0.30403	0.08772
V361	0.17716	0.49105	0.08156	0.02764	0.17511	0.04748
V362	0.15186	0.32927	0.08168	0.22599	0.17161	0.03958
V363	0.48137	0.07277	0.12258	0.01139	0.21303	0.09885
V364	0.22431	0.14541	0.08385	0.04071	0.24785	0.25787
V365	0.32855	0.25713	0.07973	0.10711	0.15957	0.06792
V366	0.15511	0.17319	0.37502	0.04318	0.20457	0.04892
V367	0.10176	0.00681	0.05621	0.421	0.36217	0.05205
V368	0.20263	0.11298	0.12864	0.03825	0.26838	0.24912
V369	0.10008	0.03403	0.06243	0.06037	0.6713	0.07179
V370	0.10822	0.06264	0.50128	0.09484	0.17146	0.06155
V371	0.16131	0.17392	0.05551	0.34182	0.16655	0.10089
V372	0.17267	0.3982	0.07334	0.03131	0.25594	0.06854
V373	0.53427	0.04437	0.09042	0.01522	0.15757	0.15815
V374	0.19639	0.01813	0.22229	0.33988	0.1784	0.04491
V375	0.30915	0.0308	0.21126	0.04567	0.32901	0.07411
V376	0.22285	0.05352	0.08787	0.10518	0.22974	0.30085
V377	0.10659	0.01957	0.35657	0	0.46938	0.04788
V378	0.2375	0.06897	0.21051	0.00899	0.19603	0.278
V379	0.38104	0.03542	0.17572	0.0109	0.1648	0.23212
V380	0.07465	0.03954	0.08973	0.02659	0.72655	0.04294
V381	0.2793	0.0388	0.27474	0.1919	0.16004	0.05522
V382	0.08185	0.03086	0.06365	0.15928	0.62481	0.03955
V383	0.2009	0.04044	0.33278	0.20474	0.16899	0.05215
V384	0.10281	0.02344	0.64242	0.00194	0.18985	0.03953
V385	0.28558	0.03082	0.10206	0.01853	0.18441	0.37861
V386	0.41271	0.0497	0.25662	0.01049	0.18634	0.08414
V387	0.22686	0.01848	0.0833	0.45869	0.16379	0.04889
V388	0.50199	0.06097	0.18772	0.00837	0.15487	0.08608
V389	0.34336	0.08063	0.08751	0.01638	0.17938	0.29273
V390	0.13218	0.03185	0.04585	0.51021	0.1963	0.08362
V391	0.11151	0.01389	0.05657	0.41529	0.343	0.05974
V392	0.14973	0.04054	0.39256	0.08157	0.1642	0.1714
V393	0.14275	0.114	0.32686	0.04701	0.25078	0.11859
V394	0.0975	0.00338	0.06145	0.5863	0.21347	0.03789
V395	0.0783	0.04798	0.68431	0	0.15675	0.03266
V396	0.36665	0.06244	0.06909	0.24704	0.18692	0.06785
V397	0.24223	0.1405	0.10088	0.02137	0.20647	0.28854
V398	0.17081	0.39298	0.08415	0.0307	0.27071	0.05065
V399	0.08385	0.00903	0.6651	0.02197	0.17261	0.04743
V400	0.19594	0.03424	0.05472	0.30202	0.18162	0.23146
V401	0.16402	0.02779	0.51487	0	0.22665	0.06666
V402	0.13409	0.012	0.04314	0.58877	0.17408	0.04792
V403	0.18581	0.01861	0.07612	0.04277	0.42669	0.25
V404	0.07763	0.01454	0.71884	0	0.15558	0.03342
V405	0.29866	0.2326	0.13376	0.0463	0.22659	0.06209
V406	0.20151	0.05877	0.19514	0.0763	0.28559	0.18268
V407	0.12879	0.02462	0.57253	0	0.16273	0.11133
V408	0.1303	0.07673	0.06432	0.48356	0.16901	0.07609
V409	0.57215	0.05917	0.09274	0.015	0.15328	0.10766
V410	0.5816	0.04716	0.09253	0.01481	0.16376	0.10013
V411	0.22173	0.02414	0.06959	0.20536	0.17777	0.30141
V412	0.39922	0.14106	0.12111	0.04174	0.22445	0.07243
V413	0.10818	0.07957	0.06263	0.52452	0.18806	0.03704
V414	0.15204	0.05392	0.0576	0.41568	0.27346	0.04731
V415	0.1114	0.01407	0.28786	0.27418	0.23651	0.07599
V416	0.12141	0.10873	0.06106	0.19072	0.43361	0.08448
V417	0.2686	0.02113	0.12541	0.10432	0.17449	0.30605
V418	0.09047	0.06314	0.34823	0.09475	0.34976	0.05364
V419	0.27305	0.04417	0.08179	0.01999	0.19347	0.38753
V420	0.28175	0.02457	0.0818	0.02676	0.19346	0.39166
V421	0.10292	0.04648	0.10635	0.06447	0.62855	0.05124
V422	0.21896	0.20384	0.0705	0.01888	0.43438	0.05345
V423	0.13379	0.11123	0.04098	0.49974	0.17438	0.03988
V424	0.5112	0.09192	0.09734	0.05689	0.15264	0.09
V425	0.08288	0.0849	0.07721	0.01348	0.69848	0.04305
V426	0.2299	0.04824	0.20643	0.01728	0.18186	0.31628
V427	0.35831	0.10303	0.16798	0.09944	0.1726	0.09864
V428	0.25379	0.02019	0.04656	0.46396	0.16303	0.05247
V429	0.08953	0.01863	0.12095	0.41112	0.31637	0.04341
V430	0.11491	0.06255	0.45064	0.13806	0.17181	0.06203
V431	0.07328	0.01497	0.71107	0.00685	0.16068	0.03316
V432	0.13437	0.27816	0.07021	0.29879	0.17799	0.04047
V433	0.09817	0.00295	0.06626	0.62184	0.1764	0.03438
V434	0.11709	0.19292	0.16532	0.32362	0.16427	0.03678
V435	0.1107	0.01577	0.07211	0.01394	0.6653	0.12218
V436	0.53635	0.09858	0.09533	0.02629	0.15301	0.09044
V437	0.22554	0.18942	0.26152	0.01595	0.22936	0.07821
V438	0.13989	0.25584	0.07105	0.05548	0.43171	0.04603
V439	0.07437	0.02025	0.14376	0.01097	0.71063	0.04002
V440	0.1695	0.0492	0.35331	0.03984	0.29655	0.0916
V441	0.13878	0.05951	0.38515	0.10846	0.17449	0.13362
V442	0.33958	0.10319	0.19071	0.05281	0.19251	0.12121
V443	0.10187	0.00353	0.08171	0.5658	0.19949	0.04759
V444	0.47951	0.05336	0.10822	0.03141	0.21532	0.11218
V445	0.58492	0.04722	0.10504	0.01408	0.1515	0.09725
V446	0.15134	0.34003	0.25116	0.02259	0.17818	0.0567
V447	0.22074	0.16576	0.06335	0.15012	0.20483	0.1952
V448	0.08834	0.02205	0.65667	0	0.19847	0.03446
V449	0.40834	0.0464	0.08018	0.2109	0.15554	0.09863
V450	0.12647	0.01854	0.54189	0	0.27096	0.04214
V451	0.14185	0.04076	0.17188	0.11483	0.48604	0.04464
V452	0.17649	0.02548	0.07659	0.32831	0.21107	0.18206
V453	0.27554	0.01948	0.41407	0.07748	0.15797	0.05545
V454	0.20642	0.0506	0.1246	0.39728	0.16831	0.05279
V455	0.20255	0.44551	0.10006	0.03142	0.16697	0.05348
V456	0.532	0.03796	0.11268	0.01889	0.18284	0.11563
V457	0.23635	0.02914	0.08056	0.02251	0.32961	0.30183
V458	0.11363	0.01322	0.36126	0.00612	0.42171	0.08406
V459	0.0896	0.01934	0.46878	0.22782	0.16154	0.03292
V460	0.30423	0.06202	0.23534	0.09913	0.18063	0.11866
V461	0.25351	0.04269	0.06578	0.31533	0.25027	0.07242
V462	0.0801	0.00924	0.69267	0.00053	0.16685	0.0506
V463	0.07125	0.03278	0.07639	0.04673	0.73621	0.03664
V464	0.19076	0.45324	0.08451	0.03204	0.19246	0.04699
V465	0.3009	0.08195	0.35945	0	0.1817	0.076
V466	0.13832	0.01948	0.0522	0.51729	0.22109	0.05162
V467	0.59126	0.04175	0.0994	0.01448	0.15171	0.1014
V468	0.29078	0.08547	0.12588	0.18047	0.2571	0.06031
V469	0.10381	0.09618	0.51288	0.05879	0.16459	0.06375
V470	0.41847	0.03744	0.10722	0.06296	0.29167	0.08223
V471	0.12755	0.14915	0.42005	0.04216	0.18833	0.07276
V472	0.162	0.31742	0.06942	0.03757	0.35134	0.06226
V473	0.18161	0.49586	0.08794	0.01829	0.17028	0.04602
V474	0.12042	0.00656	0.31294	0.35131	0.16927	0.03952
V475	0.12974	0.10979	0.24807	0.12974	0.33211	0.05055
V476	0.37045	0.0393	0.07593	0.15514	0.19369	0.16548
V477	0.18756	0.3532	0.10935	0.07543	0.18146	0.09301
V478	0.08794	0.0161	0.66351	0.00113	0.16656	0.06476
V479	0.11671	0.09675	0.55788	0	0.18602	0.04264
V480	0.1119	0.16575	0.05946	0.22823	0.39593	0.03872
V481	0.31674	0.08313	0.14742	0.0605	0.31322	0.07899
V482	0.43068	0.03202	0.09872	0.02241	0.16834	0.24784
V483	0.17139	0.47335	0.12093	0.02107	0.16868	0.04458
V484	0.53039	0.03781	0.13807	0.01091	0.18692	0.09591
V485	0.23873	0.09762	0.38702	0.04984	0.15916	0.06764
V486	0.20414	0.01587	0.52496	0.01871	0.15493	0.08139
V487	0.11925	0.23315	0.07195	0.01948	0.51165	0.04452
V488	0.27531	0.37178	0.09032	0.04199	0.16238	0.05823
V489	0.51021	0.04929	0.14296	0.0169	0.18723	0.0934
V490	0.27688	0.05033	0.07622	0.05879	0.19946	0.33832
V491	0.14773	0.18664	0.29775	0.00204	0.31082	0.05503
V492	0.2062	0.03867	0.22102	0.07038	0.23043	0.2333
V493	0.51886	0.11544	0.08807	0.03278	0.15367	0.09119
V494	0.19604	0.03885	0.30865	0.02427	0.16964	0.26255
V495	0.24856	0.3183	0.19699	0.01947	0.16472	0.05195
V496	0.21623	0.09953	0.2635	0.00312	0.2996	0.11803
V497	0.10401	0.14135	0.17689	0.03342	0.50459	0.03973
V498	0.14099	0.07591	0.29226	0.23276	0.20364	0.05443
V499	0.1673	0.38088	0.17123	0.05459	0.17383	0.05216
V500	0.3545	0.13992	0.11803	0.0481	0.25219	0.08726
V501	0.19462	0.46206	0.08033	0.03235	0.17325	0.05739
V502	0.083	0.01698	0.06199	0.19994	0.59546	0.04263
V503	0.18004	0.2112	0.07559	0.32121	0.1695	0.04246
V504	0.18544	0.46226	0.11162	0.01636	0.17803	0.04629
V505	0.089	0.00654	0.38991	0.26885	0.18893	0.05677
V506	0.31705	0.03037	0.09584	0.12347	0.21378	0.21949
V507	0.27458	0.02424	0.08225	0.02022	0.2011	0.39761
V508	0.15975	0.34229	0.10179	0.06969	0.27968	0.0468
V509	0.11103	0.0115	0.04521	0.54707	0.24883	0.03636
V510	0.58217	0.04128	0.09235	0.01481	0.16917	0.10022
V511	0.24745	0.02587	0.06422	0.19054	0.18192	0.29
V512	0.13987	0.14916	0.45457	0.01388	0.17471	0.06782
V513	0.08191	0.02521	0.2282	0.04597	0.57962	0.03909
V514	0.18422	0.43988	0.12042	0.01405	0.16766	0.07377
V515	0.16683	0.24303	0.05891	0.30711	0.16542	0.0587
V516	0.07875	0.04255	0.60496	0	0.23408	0.03967
V517	0.07366	0.00826	0.33729	0.16519	0.37902	0.03657
V518	0.29812	0.24411	0.09605	0.08491	0.1893	0.08752
V519	0.22111	0.32965	0.07715	0.07247	0.17234	0.12728
V520	0.45589	0.08867	0.09738	0.08963	0.15475	0.11368
V521	0.1276	0.01661	0.07231	0.02669	0.70086	0.05592
V522	0.31522	0.14056	0.08621	0.03128	0.29681	0.12993
V523	0.32804	0.13301	0.11453	0.11499	0.1664	0.14302
V524	0.11904	0.01292	0.11032	0.13401	0.52721	0.0965
V525	0.38134	0.0293	0.1149	0.02757	0.16908	0.27781
V526	0.16014	0.41836	0.13905	0.01798	0.22178	0.0427
V527	0.28196	0.02823	0.44579	0.00136	0.18245	0.06021
V528	0.53632	0.03799	0.16397	0.01628	0.15486	0.09058
V529	0.14664	0.05746	0.05869	0.50602	0.18612	0.04508
V530	0.15594	0.15723	0.2855	0.08743	0.20948	0.10443
V531	0.58653	0.04725	0.09268	0.02082	0.15219	0.10054
V532	0.15669	0.00894	0.09488	0.44187	0.24995	0.04767
V533	0.16296	0.01658	0.26217	0.02474	0.36852	0.16503
V534	0.13908	0.00832	0.05025	0.4337	0.238	0.13065
V535	0.38241	0.05255	0.21621	0.10463	0.15791	0.08629
V536	0.08532	0.0074	0.56648	0.12226	0.16184	0.0567
V537	0.16055	0.36164	0.06813	0.18304	0.17235	0.05428
V538	0.19806	0.01433	0.0626	0.29841	0.17667	0.24992
V539	0.1027	0.00538	0.05216	0.5197	0.27464	0.04542
V540	0.26681	0.02834	0.30241	0.01474	0.30494	0.08275
V541	0.12751	0.1668	0.05044	0.41931	0.18491	0.05103
V542	0.14502	0.33733	0.07772	0.18563	0.21006	0.04424
V543	0.07188	0.00997	0.51271	0.01464	0.35056	0.04023
V544	0.26213	0.04306	0.08393	0.04536	0.20245	0.36306
V545	0.14579	0.37031	0.12101	0.02909	0.28872	0.04508
V546	0.41158	0.06552	0.0746	0.19517	0.17267	0.08047
V547	0.13167	0.06837	0.04978	0.30101	0.37179	0.07737
V548	0.27443	0.03739	0.08208	0.0201	0.19399	0.39201
V549	0.15674	0.0129	0.49667	0.06224	0.17787	0.09357
V550	0.07975	0.01861	0.31938	0.00252	0.5408	0.03894
V551	0.22116	0.06023	0.10597	0.10284	0.2392	0.27061
V552	0.10946	0.03667	0.16516	0.21918	0.40618	0.06334
V553	0.53978	0.03805	0.11155	0.03817	0.17519	0.09726
V554	0.18359	0.46543	0.09558	0.01655	0.17336	0.0655
V555	0.32977	0.02253	0.0845	0.207	0.16526	0.19094
V556	0.12234	0.01411	0.37518	0.26775	0.17418	0.04643
V557	0.19489	0.42316	0.13576	0.01855	0.17007	0.05756
V558	0.3455	0.14572	0.07887	0.10362	0.16283	0.16346
V559	0.073	0.01201	0.06072	0.12725	0.68719	0.03984
V560	0.48788	0.05433	0.09686	0.0257	0.21604	0.11919
V561	0.07315	0.02081	0.71769	0	0.15564	0.03272
V562	0.38302	0.16981	0.11322	0.06717	0.16203	0.10475
V563	0.26695	0.02257	0.07666	0.07444	0.1848	0.37458
V564	0.20765	0.07486	0.07099	0.02179	0.35712	0.26759
V565	0.27476	0.02427	0.08887	0.01983	0.19457	0.3977
V566	0.24947	0.08887	0.09261	0.05623	0.20254	0.3103
V567	0.30511	0.19857	0.07211	0.17314	0.17713	0.07394
V568	0.10481	0.0151	0.07775	0.03986	0.72192	0.04056
V569	0.50875	0.06162	0.08608	0.04007	0.16234	0.14114
V570	0.47155	0.11939	0.10675	0.05564	0.1587	0.08796
V571	0.10018	0.15718	0.51925	0.00565	0.1806	0.03715
V572	0.08435	0.01608	0.63568	0.00293	0.22326	0.03769
V573	0.22857	0.43007	0.08685	0.01679	0.18111	0.05661
V574	0.17989	0.01616	0.34726	0.03645	0.19432	0.22591
V575	0.16932	0.37746	0.1184	0.09601	0.17551	0.06331
V576	0.28282	0.09547	0.08419	0.01126	0.46443	0.06182
V577	0.29483	0.05709	0.07577	0.05777	0.42767	0.08687
V578	0.1107	0.01577	0.07211	0.01394	0.6653	0.12218
V579	0.10571	0.03005	0.18595	0.19632	0.44208	0.03989
V580	0.16362	0.02519	0.11614	0.29178	0.32753	0.07574
V581	0.45795	0.05777	0.13598	0.06775	0.20067	0.07988
V582	0.45783	0.03738	0.08621	0.15699	0.15968	0.1019
V583	0.15291	0.05027	0.29107	0.0032	0.31957	0.18298
V584	0.15954	0.02602	0.0589	0.26893	0.34637	0.14024
V585	0.16188	0.2822	0.23099	0.06634	0.173	0.08559
V586	0.22502	0.41989	0.11136	0.02025	0.16967	0.05381
V587	0.22915	0.02096	0.26262	0.26438	0.16381	0.05907
V588	0.10877	0.01007	0.06734	0.59688	0.18146	0.03548
V589	0.16685	0.19069	0.26107	0.06247	0.16918	0.14974
V590	0.18216	0.04361	0.33442	0.05761	0.17296	0.20924
V591	0.50346	0.03453	0.10426	0.11559	0.15654	0.08562
V592	0.14619	0.21701	0.11833	0.28342	0.19315	0.0419
V593	0.10042	0.00885	0.04079	0.6382	0.17705	0.03469
V594	0.16653	0.00891	0.0627	0.4547	0.1772	0.12996
V595	0.15675	0.18868	0.09826	0.10189	0.32218	0.13225
V596	0.10326	0.1631	0.07352	0.06941	0.55371	0.03701
V597	0.32223	0.02683	0.09183	0.01764	0.47695	0.06452
V598	0.56321	0.06456	0.09182	0.01489	0.15916	0.10637
V599	0.2229	0.02581	0.06619	0.13492	0.25122	0.29897
V600	0.35695	0.09927	0.07665	0.05379	0.21482	0.19852
V601	0.18371	0.11165	0.09193	0.27588	0.1687	0.16813
V602	0.10916	0.02828	0.14472	0.01627	0.58687	0.1147
V603	0.21124	0.25505	0.09991	0.0561	0.19063	0.18706
V604	0.13127	0.29324	0.06887	0.02031	0.44354	0.04277
V605	0.10916	0.03539	0.08457	0.01277	0.70483	0.05329
V606	0.37627	0.04705	0.24793	0.05081	0.15368	0.12426
V607	0.22925	0.0491	0.07365	0.03014	0.30992	0.30794
V608	0.20011	0.37306	0.07755	0.06502	0.18233	0.10193
V609	0.09404	0.01375	0.54487	0.14913	0.16071	0.0375
V610	0.11978	0.09679	0.39388	0.12555	0.19076	0.07325
V611	0.17191	0.47843	0.08948	0.03699	0.17887	0.04432
V612	0.11112	0.1334	0.04592	0.50621	0.16936	0.03399
V613	0.42906	0.12582	0.09139	0.01441	0.16268	0.17664
V614	0.13519	0.09496	0.43539	0.00232	0.21017	0.12198
V615	0.08211	0.05277	0.10907	0.01824	0.69455	0.04327
V616	0.32788	0.2604	0.07844	0.04379	0.17808	0.1114
V617	0.07507	0.02088	0.06674	0.02235	0.77392	0.04103
V618	0.20154	0.02973	0.51104	0	0.17353	0.08417
V619	0.14971	0.37605	0.18347	0.03179	0.2113	0.04768
V620	0.21758	0.02671	0.26927	0.02	0.17273	0.29371
V621	0.09988	0.00348	0.09512	0.55856	0.19881	0.04416
V622	0.36865	0.12858	0.0898	0.01196	0.32522	0.07579
V623	0.23256	0.41058	0.08561	0.01575	0.17528	0.08022
V624	0.15722	0.36017	0.06143	0.20586	0.16694	0.04838
V625	0.13417	0.09275	0.19692	0.33545	0.18125	0.05945
V626	0.12288	0.0399	0.06936	0.15608	0.48538	0.1264
V627	0.42035	0.02722	0.06564	0.25043	0.15468	0.08169
V628	0.17557	0.05671	0.29305	0.07154	0.2364	0.16672
V629	0.13592	0.28166	0.05307	0.31568	0.17293	0.04074
V630	0.42991	0.03772	0.09965	0.05339	0.18668	0.19266
V631	0.22712	0.01905	0.11547	0.11985	0.21069	0.30782
V632	0.1013	0.02925	0.15682	0.24562	0.41805	0.04897
V633	0.0924	0.12601	0.59321	0	0.15535	0.03303
V634	0.4879	0.03926	0.0889	0.14862	0.15164	0.08369
V635	0.09605	0.03694	0.23137	0.43202	0.16731	0.03631
V636	0.16416	0.37489	0.069	0.06447	0.2574	0.07007
V637	0.24581	0.06331	0.08391	0.01737	0.25197	0.33763
V638	0.11904	0.07786	0.08769	0.39902	0.27384	0.04255
V639	0.25608	0.06215	0.12657	0.03589	0.41798	0.10134
V640	0.13044	0.10692	0.40294	0.00965	0.24909	0.10096
V641	0.07938	0.06341	0.43121	0.0166	0.37272	0.03667
V642	0.24372	0.04516	0.2826	0.12617	0.15967	0.14268
V643	0.53165	0.04316	0.08369	0.07756	0.16475	0.0992
V644	0.50317	0.04124	0.08173	0.08547	0.16125	0.12714
V645	0.47111	0.04578	0.09341	0.07887	0.157	0.15383
V646	0.0802	0.01791	0.3954	0	0.468	0.0385
V647	0.23745	0.02347	0.08479	0.24531	0.1899	0.21908
V648	0.21092	0.22536	0.1683	0.05258	0.18075	0.16209
V649	0.17718	0.0152	0.06616	0.51235	0.17981	0.04929
V650	0.22833	0.14147	0.2174	0.01151	0.34803	0.05327
V651	0.20539	0.23144	0.12499	0.03586	0.26678	0.13553
V652	0.11723	0.00511	0.13017	0.51495	0.18978	0.04277
V653	0.19407	0.28444	0.09351	0.0371	0.23553	0.15535
V654	0.52594	0.04363	0.14402	0.01708	0.17414	0.09519
V655	0.25826	0.02165	0.08892	0.06129	0.36888	0.201
V656	0.14426	0.06623	0.4908	0.0267	0.2256	0.04642
V657	0.32701	0.03218	0.06938	0.09324	0.34192	0.13627
V658	0.09958	0.0551	0.16813	0.47561	0.16834	0.03323
V659	0.17932	0.48	0.0861	0.02245	0.17489	0.05724
V660	0.537	0.04438	0.08919	0.02729	0.15639	0.14576
V661	0.19537	0.01699	0.18286	0.10848	0.2669	0.22941
V662	0.49604	0.04044	0.09302	0.09768	0.15942	0.1134
V663	0.12163	0.12366	0.0754	0.04425	0.59212	0.04294
V664	0.16153	0.05311	0.56039	0	0.16975	0.05523
V665	0.07412	0.01449	0.06684	0.02249	0.78086	0.04121
V666	0.33157	0.21711	0.07943	0.09234	0.18279	0.09677
V667	0.25632	0.02214	0.10388	0.05202	0.19647	0.36916
V668	0.52127	0.12122	0.0955	0.02005	0.15342	0.08853
V669	0.23959	0.09098	0.06165	0.21208	0.17754	0.21817
V670	0.17322	0.2399	0.07467	0.23124	0.1785	0.10247
V671	0.27955	0.0158	0.0552	0.43223	0.16142	0.0558
V672	0.16582	0.34401	0.06093	0.21852	0.16674	0.04398
V673	0.21382	0.1134	0.22037	0.01456	0.17077	0.26708
V674	0.50465	0.03694	0.09086	0.01271	0.26794	0.08689
V675	0.26196	0.10943	0.09057	0.01698	0.19745	0.32361
V676	0.10559	0.00337	0.10769	0.56925	0.17891	0.03518
V677	0.24017	0.25194	0.18395	0.00825	0.16225	0.15344
V678	0.20285	0.07358	0.10601	0.01764	0.44775	0.15217
V679	0.24804	0.08939	0.10914	0.03575	0.18576	0.33191
V680	0.08601	0.01222	0.33739	0.00117	0.50066	0.06256
V681	0.1948	0.42421	0.09918	0.0204	0.16778	0.09363
V682	0.18972	0.34778	0.07305	0.02595	0.23415	0.12936
V683	0.0947	0.015	0.07174	0.0138	0.72241	0.08235
V684	0.20665	0.42419	0.07589	0.06849	0.17126	0.05351
V685	0.14246	0.36196	0.24855	0.0061	0.19938	0.04156
V686	0.26021	0.02739	0.37191	0.00608	0.17074	0.16368
V687	0.17351	0.17286	0.25546	0.07633	0.16413	0.15771
V688	0.35209	0.02823	0.08202	0.01945	0.36739	0.15082
V689	0.12889	0.02406	0.52978	0.07426	0.17769	0.06532
V690	0.13365	0.02297	0.09015	0.03253	0.59953	0.12118
V691	0.17473	0.29527	0.19996	0.06122	0.19109	0.07773
V692	0.39353	0.02613	0.06504	0.23157	0.20574	0.07799
V693	0.50871	0.10966	0.0999	0.02591	0.15422	0.10159
V694	0.50496	0.10921	0.09202	0.04454	0.15381	0.09545
V695	0.52086	0.03763	0.08588	0.02649	0.21447	0.11467
V696	0.17417	0.30704	0.10325	0.05321	0.31054	0.0518
V697	0.11806	0.02392	0.59381	0.02361	0.18303	0.05758
V698	0.17856	0.49308	0.08224	0.023	0.17549	0.04763
V699	0.20973	0.03035	0.45366	0.02153	0.20624	0.07849
V700	0.16615	0.02518	0.06729	0.0197	0.66504	0.05665
V701	0.55642	0.03963	0.09764	0.01452	0.15548	0.1363
V702	0.23649	0.03296	0.11452	0.13257	0.18253	0.30092
V703	0.24093	0.31003	0.08713	0.01357	0.29044	0.0579
V704	0.32709	0.19754	0.21367	0.00625	0.16658	0.08886
V705	0.11136	0.08358	0.25559	0.12385	0.37961	0.04601
V706	0.18245	0.07931	0.29817	0.00283	0.24422	0.19301
V707	0.43332	0.0456	0.08608	0.01622	0.17513	0.24366
V708	0.12089	0.25454	0.41271	0.00977	0.16285	0.03925
V709	0.09637	0.00374	0.03776	0.58287	0.24421	0.03504
V710	0.33289	0.06522	0.15713	0.04795	0.296	0.10081
V711	0.12739	0.15382	0.34691	0.13047	0.16555	0.07586
V712	0.10617	0.19361	0.07681	0.01926	0.56141	0.04275
V713	0.28706	0.31823	0.10093	0.03647	0.17797	0.07934
V714	0.13549	0.30412	0.35083	0.00671	0.16453	0.03833
V715	0.09284	0.02173	0.68988	0	0.15429	0.04126
V716	0.18966	0.03551	0.0629	0.2296	0.30255	0.17978
V717	0.09417	0.02161	0.08463	0.01302	0.72762	0.05894
V718	0.11705	0.26412	0.07294	0.0139	0.49332	0.03867
V719	0.1771	0.45863	0.09975	0.0211	0.1882	0.0552
V720	0.24444	0.0162	0.22737	0.22739	0.18386	0.10075
V721	0.18025	0.19348	0.22572	0.00593	0.22732	0.16729
V722	0.07226	0.01452	0.07949	0.01515	0.7807	0.03787
V723	0.16128	0.39733	0.10582	0.02428	0.25474	0.05654
V724	0.15081	0.20733	0.32185	0.0699	0.21084	0.03926
V725	0.11945	0.053	0.11058	0.105	0.5267	0.08528
V726	0.09021	0.02422	0.44794	0.01651	0.35903	0.0621
V727	0.23085	0.01897	0.14364	0.11852	0.18245	0.30558
V728	0.10896	0.01004	0.03529	0.61411	0.1767	0.0549
V729	0.24564	0.30528	0.09139	0.03654	0.25722	0.06392
V730	0.19247	0.01329	0.11996	0.30195	0.17747	0.19485
V731	0.18991	0.05085	0.37749	0	0.28063	0.10112
V732	0.17758	0.27561	0.08568	0.04327	0.32329	0.09456
V733	0.22149	0.01668	0.25639	0.14474	0.20159	0.15912
V734	0.23585	0.02111	0.24979	0.00806	0.18547	0.29971
V735	0.11882	0.06203	0.05035	0.52756	0.17668	0.06455
V736	0.19314	0.33084	0.11187	0.04112	0.17747	0.14556
V737	0.06729	0.01433	0.07303	0.02245	0.78549	0.03741
V738	0.29918	0.05204	0.11657	0.26582	0.17136	0.09501
V739	0.20562	0.21258	0.18701	0.032	0.29083	0.07196
V740	0.11887	0.17842	0.32777	0.03318	0.29346	0.04829
V741	0.3323	0.1199	0.18009	0.06436	0.23917	0.06418
V742	0.26978	0.02411	0.07976	0.30398	0.24399	0.07837
V743	0.10427	0.08049	0.24225	0.23249	0.29629	0.04421
V744	0.33999	0.09062	0.08413	0.1201	0.16543	0.19973
V745	0.15503	0.32938	0.07499	0.04271	0.35361	0.04428
V746	0.54029	0.05075	0.0941	0.03314	0.16561	0.11611
V747	0.2017	0.02569	0.15206	0.03527	0.52555	0.05973
V748	0.20114	0.05308	0.23715	0.02703	0.24984	0.23177
V749	0.36554	0.03339	0.07749	0.1214	0.23272	0.16947
V750	0.10617	0.06031	0.03658	0.58262	0.1797	0.03461
V751	0.10287	0.00991	0.06137	0.58992	0.20067	0.03527
V752	0.20787	0.02587	0.09031	0.0646	0.55053	0.06083
V753	0.19702	0.01805	0.09182	0.08275	0.40183	0.20852
V754	0.17676	0.28333	0.15121	0.05774	0.19861	0.13236
V755	0.29236	0.05126	0.08321	0.03113	0.43621	0.10582
V756	0.26059	0.02982	0.08589	0.0257	0.22377	0.37423
V757	0.20972	0.28994	0.07826	0.03235	0.20867	0.18107
V758	0.29719	0.37405	0.08308	0.02149	0.16274	0.06144
V759	0.16719	0.02951	0.09913	0.11255	0.50667	0.08496
V760	0.27121	0.02361	0.0868	0.03998	0.1873	0.39111
V761	0.06788	0.01765	0.33809	0.0152	0.52689	0.03429
V762	0.12105	0.01098	0.60598	0.01636	0.17703	0.06859
V763	0.11618	0.10542	0.05866	0.47857	0.19354	0.04762
V764	0.2141	0.02389	0.12682	0.15607	0.33136	0.14776
V765	0.27718	0.03052	0.08153	0.02675	0.19353	0.3905
V766	0.30147	0.2344	0.08777	0.02468	0.25941	0.09227
V767	0.22683	0.02483	0.27757	0.08115	0.18499	0.20464
V768	0.16906	0.40099	0.18359	0.02059	0.16915	0.05661
