CD14.pos.CD16.neg.classical.monocyte	mature.neutrophil	memory.B.cell	cytotoxic.CD56.dim.NK.cell	memory.CD4.pos.AB.T.cell	macrophage
V1	0.15729	0.0371	0.61777	0.01735	0.1261	0.04439
V2	0.45394	0.11068	0.07274	0.08144	0.20038	0.08083
V3	0.25651	0.07725	0.19995	0.0246	0.1562	0.28548
V4	0.25106	0.31411	0.06396	0.07525	0.20671	0.08891
V5	0.11303	0.06288	0.03466	0.41974	0.33422	0.03546
V6	0.25948	0.05065	0.17241	0.04936	0.24195	0.22614
V7	0.14093	0.29036	0.05392	0.04159	0.42745	0.04574
V8	0.52301	0.06474	0.07836	0.08716	0.14021	0.10653
V9	0.28889	0.14561	0.05193	0.18644	0.17158	0.15554
V10	0.3825	0.05747	0.09155	0.2279	0.16026	0.08032
V11	0.1793	0.49067	0.07617	0.03634	0.17012	0.04739
V12	0.26591	0.06015	0.09813	0.03544	0.17025	0.37012
V13	0.16373	0.3536	0.25495	0.034	0.14895	0.04477
V14	0.14949	0.04211	0.04221	0.55525	0.16801	0.04292
V15	0.40058	0.08639	0.0614	0.09575	0.26259	0.09328
V16	0.14428	0.04131	0.04671	0.29018	0.37838	0.09914
V17	0.25409	0.06515	0.16224	0.02683	0.15795	0.33374
V18	0.53221	0.12314	0.08437	0.03105	0.13631	0.09292
V19	0.45318	0.06856	0.18917	0.02223	0.1829	0.08396
V20	0.47428	0.07493	0.12363	0.08663	0.1379	0.10263
V21	0.27252	0.06736	0.07194	0.03575	0.1937	0.35872
V22	0.22153	0.07443	0.06043	0.07124	0.50551	0.06686
V23	0.1346	0.04122	0.29417	0.03209	0.45906	0.03886
V24	0.19892	0.04638	0.05252	0.10417	0.53003	0.06798
V25	0.37915	0.2114	0.06266	0.10204	0.16837	0.07637
V26	0.28046	0.05094	0.06636	0.02874	0.51543	0.05807
V27	0.23593	0.05114	0.18232	0.03251	0.16332	0.33478
V28	0.18222	0.2041	0.15918	0.16562	0.16879	0.12008
V29	0.16965	0.39848	0.12184	0.06752	0.15314	0.08937
V30	0.25362	0.17098	0.13337	0.02509	0.27926	0.13767
V31	0.4882	0.05056	0.19085	0.03362	0.1286	0.10818
V32	0.11	0.04099	0.28781	0.35971	0.14746	0.05403
V33	0.25614	0.28507	0.21226	0.03388	0.141	0.07164
V34	0.09255	0.03147	0.41402	0.03586	0.38574	0.04036
V35	0.11246	0.06833	0.17309	0.36246	0.23263	0.05103
V36	0.17493	0.33835	0.13693	0.03215	0.26577	0.05187
V37	0.12993	0.0372	0.58228	0.02338	0.13052	0.09669
V38	0.25173	0.04554	0.15718	0.02776	0.1604	0.35739
V39	0.45219	0.06107	0.06628	0.18847	0.14179	0.0902
V40	0.16497	0.34781	0.06165	0.11892	0.22655	0.0801
V41	0.512	0.05394	0.0891	0.02562	0.14487	0.17448
V42	0.25726	0.04489	0.42456	0.0184	0.15597	0.09892
V43	0.23862	0.2889	0.06418	0.04393	0.28536	0.07901
V44	0.18382	0.49488	0.07272	0.03275	0.16269	0.05314
V45	0.35469	0.23438	0.09558	0.03635	0.15533	0.12366
V46	0.15838	0.04455	0.05706	0.20715	0.37506	0.1578
V47	0.16174	0.30167	0.0556	0.11617	0.29627	0.06855
V48	0.15118	0.4	0.18425	0.02671	0.19714	0.04072
V49	0.17562	0.47612	0.06994	0.03181	0.20001	0.04651
V50	0.10427	0.03432	0.24906	0.03374	0.51242	0.0662
V51	0.09488	0.03708	0.05699	0.04154	0.72919	0.04032
V52	0.15261	0.36605	0.22455	0.04528	0.16576	0.04574
V53	0.19139	0.04011	0.12142	0.04737	0.55339	0.04632
V54	0.14436	0.1113	0.44062	0.04877	0.18287	0.07209
V55	0.09621	0.06186	0.13845	0.0494	0.61575	0.03833
V56	0.09484	0.05312	0.5737	0.09074	0.15467	0.03294
V57	0.22622	0.26242	0.08752	0.02664	0.23063	0.16659
V58	0.10598	0.03483	0.64478	0.02968	0.12984	0.05489
V59	0.13702	0.0352	0.0294	0.57156	0.18814	0.03868
V60	0.40295	0.04433	0.05883	0.27632	0.1445	0.07307
V61	0.31162	0.12297	0.06254	0.12727	0.18864	0.18695
V62	0.40848	0.06149	0.11308	0.09529	0.19342	0.12824
V63	0.19417	0.34508	0.06642	0.07469	0.16585	0.15378
V64	0.10296	0.10855	0.05454	0.03342	0.66101	0.03953
V65	0.41818	0.1245	0.08728	0.03669	0.16928	0.16407
V66	0.38466	0.06028	0.14758	0.03552	0.29819	0.07375
V67	0.15457	0.13368	0.26144	0.17467	0.14877	0.12687
V68	0.57974	0.05569	0.08547	0.04701	0.13285	0.09924
V69	0.44767	0.06528	0.07364	0.02677	0.16335	0.22329
V70	0.12602	0.03498	0.19933	0.40303	0.19764	0.03901
V71	0.15439	0.20489	0.07288	0.09226	0.36765	0.10793
V72	0.43791	0.11671	0.11792	0.03537	0.17364	0.11845
V73	0.14011	0.02899	0.1029	0.50556	0.18073	0.04171
V74	0.11995	0.12933	0.04174	0.50249	0.17175	0.03474
V75	0.16774	0.49588	0.06515	0.04565	0.17966	0.0459
V76	0.10207	0.0298	0.54977	0.03836	0.24211	0.03789
V77	0.17534	0.12414	0.11241	0.35999	0.15611	0.07202
V78	0.4013	0.1167	0.09982	0.09947	0.1501	0.13262
V79	0.20829	0.35684	0.07233	0.02783	0.15756	0.17715
V80	0.20188	0.37075	0.06611	0.03314	0.16714	0.16096
V81	0.50048	0.10601	0.12254	0.02976	0.14401	0.0972
V82	0.16346	0.45726	0.06595	0.05436	0.20972	0.04925
V83	0.19979	0.1342	0.05948	0.2763	0.24728	0.08296
V84	0.31326	0.04577	0.1115	0.28961	0.16289	0.07696
V85	0.558	0.05426	0.13273	0.02934	0.12999	0.09568
V86	0.27022	0.06125	0.14036	0.21116	0.15649	0.16052
V87	0.11493	0.04021	0.04626	0.5844	0.17183	0.04237
V88	0.18236	0.05632	0.04461	0.35656	0.19915	0.16098
V89	0.17533	0.14067	0.35632	0.02555	0.13913	0.16299
V90	0.17661	0.40559	0.14093	0.03241	0.18922	0.05524
V91	0.12103	0.04342	0.08362	0.09961	0.60395	0.04836
V92	0.10298	0.08238	0.06008	0.03913	0.66903	0.04641
V93	0.25012	0.08428	0.06085	0.0888	0.31799	0.19795
V94	0.10391	0.033	0.22848	0.44747	0.15362	0.03352
V95	0.09199	0.03869	0.27585	0.10094	0.45875	0.03379
V96	0.16921	0.268	0.06455	0.05638	0.3327	0.10916
V97	0.0948	0.04287	0.06034	0.07694	0.68879	0.03626
V98	0.13068	0.08001	0.03764	0.48883	0.22307	0.03977
V99	0.11267	0.03948	0.03396	0.59976	0.17863	0.0355
V100	0.10388	0.03559	0.38041	0.19142	0.23461	0.05408
V101	0.12787	0.25162	0.3491	0.08234	0.14381	0.04525
V102	0.54441	0.05936	0.14404	0.02918	0.12943	0.09358
V103	0.47265	0.06286	0.07728	0.1227	0.16821	0.09631
V104	0.12313	0.02779	0.19729	0.44478	0.16473	0.04228
V105	0.26255	0.04707	0.11863	0.02942	0.16421	0.37812
V106	0.15364	0.0348	0.47838	0.01876	0.1415	0.17291
V107	0.18244	0.39215	0.20762	0.02565	0.14746	0.04468
V108	0.22254	0.06529	0.0845	0.03447	0.29593	0.29727
V109	0.23249	0.0526	0.06771	0.02956	0.28758	0.33005
V110	0.13301	0.13242	0.52832	0.01811	0.13525	0.0529
V111	0.09412	0.04001	0.65738	0.03018	0.14136	0.03695
V112	0.14693	0.23433	0.03599	0.3742	0.16723	0.04133
V113	0.11175	0.08876	0.4922	0.04331	0.22316	0.04082
V114	0.18168	0.03135	0.50187	0.10946	0.12915	0.04648
V115	0.37287	0.08747	0.07719	0.0438	0.23002	0.18865
V116	0.57194	0.05516	0.08388	0.05796	0.13308	0.09798
V117	0.41191	0.05553	0.06284	0.08486	0.3074	0.07746
V118	0.16064	0.41431	0.12831	0.04801	0.1958	0.05293
V119	0.17136	0.47794	0.07302	0.05388	0.16505	0.05876
V120	0.17174	0.16229	0.11516	0.28312	0.21073	0.05695
V121	0.32185	0.05089	0.06012	0.19959	0.1509	0.21665
V122	0.2837	0.0508	0.04728	0.38584	0.1764	0.05597
V123	0.33672	0.05484	0.06343	0.05796	0.2443	0.24275
V124	0.09729	0.03375	0.26731	0.03438	0.52882	0.03845
V125	0.12312	0.12742	0.493	0.05917	0.13225	0.06504
V126	0.22727	0.20689	0.09693	0.03286	0.16426	0.2718
V127	0.11989	0.02851	0.59754	0.07793	0.13643	0.0397
V128	0.30186	0.19598	0.12863	0.12071	0.18359	0.06923
V129	0.09616	0.04002	0.62053	0.06605	0.13729	0.03995
V130	0.40003	0.12036	0.06386	0.17466	0.16133	0.07976
V131	0.13146	0.03912	0.07286	0.04337	0.61401	0.09918
V132	0.14227	0.30796	0.31393	0.02284	0.17104	0.04196
V133	0.14152	0.15265	0.42798	0.072	0.16541	0.04043
V134	0.2348	0.39104	0.06896	0.03373	0.20505	0.06641
V135	0.14128	0.03814	0.55125	0.01797	0.16439	0.08698
V136	0.19616	0.42514	0.10947	0.03864	0.17698	0.05361
V137	0.12503	0.13462	0.42681	0.03245	0.24538	0.03571
V138	0.2032	0.03869	0.05553	0.28437	0.21675	0.20145
V139	0.15404	0.07353	0.16021	0.03286	0.41544	0.16392
V140	0.42584	0.17921	0.09713	0.06822	0.14345	0.08615
V141	0.25563	0.20024	0.13535	0.17971	0.1636	0.06546
V142	0.21325	0.42329	0.07235	0.06276	0.15618	0.07217
V143	0.14084	0.07072	0.47574	0.06781	0.19375	0.05114
V144	0.23615	0.15399	0.06781	0.10439	0.16404	0.27362
V145	0.11615	0.02713	0.03995	0.60288	0.16784	0.04604
V146	0.17377	0.04666	0.10765	0.0353	0.5609	0.07572
V147	0.38598	0.09248	0.14142	0.05327	0.14146	0.18539
V148	0.11358	0.1428	0.55438	0.01823	0.13035	0.04065
V149	0.21013	0.32891	0.05961	0.0439	0.1589	0.19855
V150	0.11687	0.02716	0.02823	0.60036	0.19115	0.03623
V151	0.22092	0.28433	0.06021	0.03367	0.17446	0.22641
V152	0.15069	0.18105	0.34023	0.04459	0.21892	0.06452
V153	0.09819	0.05361	0.4801	0.17863	0.15348	0.03598
V154	0.36878	0.17551	0.07465	0.02641	0.14966	0.205
V155	0.15422	0.26029	0.11378	0.02757	0.38203	0.06211
V156	0.13444	0.32829	0.06069	0.03071	0.40622	0.03964
V157	0.20033	0.11357	0.07793	0.19905	0.16804	0.24107
V158	0.10907	0.06673	0.63607	0.01784	0.1289	0.0414
V159	0.19573	0.18157	0.27119	0.12672	0.16506	0.05973
V160	0.10993	0.02903	0.64212	0.0237	0.12968	0.06554
V161	0.14484	0.33223	0.04513	0.22116	0.21712	0.03952
V162	0.15618	0.35532	0.05209	0.1027	0.28136	0.05235
V163	0.10458	0.02828	0.6778	0.01824	0.12936	0.04174
V164	0.13072	0.24831	0.29469	0.08993	0.19371	0.04263
V165	0.12586	0.05167	0.07919	0.04321	0.61597	0.0841
V166	0.16316	0.04653	0.04898	0.12485	0.44287	0.17361
V167	0.10557	0.02699	0.33537	0.33323	0.16192	0.03692
V168	0.4796	0.05613	0.06942	0.16959	0.13481	0.09045
V169	0.10942	0.03406	0.5243	0.14729	0.14049	0.04444
V170	0.3547	0.06233	0.12322	0.20506	0.1824	0.07229
V171	0.23429	0.31227	0.07294	0.02741	0.16582	0.18726
V172	0.15346	0.07884	0.41406	0.12977	0.14064	0.08322
V173	0.11768	0.04303	0.58873	0.01749	0.14241	0.09066
V174	0.44646	0.11144	0.07577	0.03117	0.25488	0.08029
V175	0.18254	0.40672	0.14102	0.03775	0.18437	0.04761
V176	0.0925	0.0277	0.67645	0.02454	0.14161	0.0372
V177	0.19651	0.09232	0.27526	0.04033	0.25063	0.14495
V178	0.11064	0.06366	0.08046	0.03237	0.66535	0.04752
V179	0.13584	0.03188	0.06519	0.42739	0.23046	0.10924
V180	0.26354	0.04429	0.17755	0.26684	0.14126	0.10653
V181	0.39554	0.11717	0.1074	0.0644	0.18298	0.13251
V182	0.1099	0.08664	0.56622	0.05907	0.13071	0.04746
V183	0.12236	0.02704	0.03384	0.61281	0.16721	0.03674
V184	0.3259	0.27524	0.0705	0.0427	0.21581	0.06986
V185	0.20231	0.34346	0.0757	0.03284	0.23453	0.11116
V186	0.09504	0.02647	0.47131	0.22937	0.14498	0.03283
V187	0.28049	0.32242	0.06377	0.03844	0.23374	0.06114
V188	0.21891	0.37329	0.06697	0.04358	0.15705	0.1402
V189	0.12286	0.08308	0.17828	0.04539	0.47728	0.09311
V190	0.14045	0.15676	0.05727	0.04144	0.49528	0.1088
V191	0.19938	0.37475	0.06075	0.03351	0.16809	0.16352
V192	0.39399	0.17936	0.12616	0.04085	0.17321	0.08644
V193	0.25292	0.12449	0.07018	0.03515	0.17111	0.34616
V194	0.10554	0.04948	0.06998	0.10664	0.62177	0.04659
V195	0.09778	0.02869	0.5478	0.08064	0.20798	0.03709
V196	0.1118	0.02708	0.04718	0.5792	0.19596	0.03879
V197	0.22288	0.0423	0.07662	0.03567	0.56504	0.05749
V198	0.18882	0.27927	0.08007	0.11556	0.28227	0.05401
V199	0.127	0.18263	0.12332	0.09256	0.43162	0.04287
V200	0.14205	0.03703	0.43722	0.16294	0.14132	0.07945
V201	0.12311	0.02761	0.02739	0.60444	0.16736	0.05009
V202	0.16447	0.07645	0.34446	0.04562	0.23136	0.13764
V203	0.42416	0.06523	0.06239	0.23038	0.13836	0.07948
V204	0.25083	0.07702	0.08652	0.13175	0.16337	0.29051
V205	0.09936	0.04029	0.66331	0.02979	0.12985	0.03741
V206	0.11494	0.06006	0.11428	0.4948	0.18104	0.03489
V207	0.32764	0.15615	0.08423	0.17019	0.15889	0.1029
V208	0.31663	0.09234	0.31736	0.04943	0.16041	0.06383
V209	0.28528	0.31582	0.06319	0.0476	0.15672	0.13139
V210	0.15793	0.04356	0.61073	0.01735	0.126	0.04442
V211	0.39546	0.0685	0.13577	0.02982	0.23234	0.1381
V212	0.1306	0.20223	0.18344	0.25328	0.18563	0.04482
V213	0.12527	0.08096	0.24378	0.04446	0.46503	0.0405
V214	0.53373	0.06554	0.09256	0.05818	0.15441	0.09557
V215	0.20042	0.39855	0.06041	0.04871	0.15808	0.13382
V216	0.19878	0.32287	0.24786	0.02892	0.15241	0.04915
V217	0.25454	0.04405	0.08803	0.08302	0.32566	0.20469
V218	0.15973	0.23513	0.04334	0.35105	0.17105	0.03971
V219	0.53817	0.05504	0.09024	0.02544	0.14218	0.14895
V220	0.17097	0.0372	0.04322	0.53998	0.16009	0.04854
V221	0.19808	0.43512	0.08201	0.0726	0.1609	0.05129
V222	0.16331	0.2133	0.0782	0.12049	0.36749	0.05721
V223	0.18312	0.22748	0.23006	0.02831	0.16093	0.17009
V224	0.09472	0.03305	0.34681	0.02607	0.46482	0.03454
V225	0.29956	0.05497	0.08029	0.03561	0.16433	0.36524
V226	0.25973	0.0711	0.19313	0.19579	0.20743	0.07282
V227	0.45141	0.04914	0.06815	0.16132	0.1433	0.12669
V228	0.18598	0.18058	0.35744	0.05479	0.15539	0.06583
V229	0.19827	0.04154	0.30206	0.17784	0.21839	0.06191
V230	0.13156	0.13212	0.5336	0.02359	0.12973	0.04941
V231	0.14276	0.04175	0.0361	0.56023	0.18019	0.03897
V232	0.34891	0.05231	0.05466	0.20412	0.15293	0.18708
V233	0.53779	0.05972	0.09252	0.06362	0.1442	0.10216
V234	0.36453	0.04795	0.06387	0.03855	0.40973	0.07538
V235	0.15968	0.03009	0.04918	0.54151	0.17202	0.04752
V236	0.14666	0.03818	0.18944	0.03937	0.4633	0.12305
V237	0.09859	0.02747	0.60849	0.08477	0.14339	0.03728
V238	0.44481	0.05067	0.0983	0.07748	0.16139	0.16735
V239	0.39102	0.06575	0.13654	0.10679	0.2079	0.09199
V240	0.11778	0.19319	0.04871	0.10626	0.49472	0.03935
V241	0.406	0.14499	0.06724	0.13183	0.16661	0.08334
V242	0.29609	0.07769	0.0865	0.13618	0.20186	0.20166
V243	0.13678	0.26722	0.34827	0.04925	0.15821	0.04027
V244	0.20141	0.05661	0.06202	0.02934	0.4948	0.15583
V245	0.50631	0.05378	0.08273	0.02584	0.1512	0.18014
V246	0.10908	0.06354	0.20562	0.26202	0.31886	0.04088
V247	0.30236	0.09744	0.06272	0.1417	0.16445	0.23133
V248	0.25221	0.0616	0.05048	0.16911	0.39324	0.07337
V249	0.24413	0.14099	0.30495	0.07243	0.13478	0.10273
V250	0.11958	0.04007	0.0336	0.60035	0.16683	0.03956
V251	0.15608	0.36609	0.14633	0.13014	0.15544	0.04592
V252	0.11216	0.03411	0.0603	0.55693	0.19427	0.04223
V253	0.17561	0.07756	0.04752	0.28125	0.23967	0.17839
V254	0.14629	0.2018	0.10103	0.14502	0.34142	0.06444
V255	0.31282	0.22528	0.10808	0.06357	0.18063	0.10962
V256	0.17188	0.49542	0.06624	0.03664	0.17572	0.0541
V257	0.15817	0.29194	0.07645	0.04523	0.35967	0.06853
V258	0.13563	0.18251	0.1344	0.35045	0.15114	0.04588
V259	0.14543	0.35962	0.26579	0.03385	0.1451	0.05021
V260	0.17575	0.06721	0.06687	0.04189	0.55069	0.0976
V261	0.38394	0.0623	0.08857	0.04919	0.27163	0.14437
V262	0.13957	0.03659	0.59353	0.02444	0.167	0.03888
V263	0.1136	0.06753	0.48133	0.15301	0.14042	0.04411
V264	0.42627	0.06288	0.13674	0.04696	0.17541	0.15174
V265	0.11661	0.03761	0.05573	0.05193	0.6958	0.04231
V266	0.29445	0.07452	0.07917	0.03502	0.16849	0.34835
V267	0.23282	0.41754	0.06299	0.07293	0.16002	0.0537
V268	0.57616	0.05611	0.081	0.03108	0.13503	0.12061
V269	0.12678	0.06087	0.12144	0.47871	0.17302	0.03919
V270	0.27763	0.32256	0.08033	0.03803	0.21799	0.06346
V271	0.20263	0.12707	0.22708	0.03513	0.15979	0.2483
V272	0.11478	0.03752	0.05147	0.08855	0.635	0.07268
V273	0.13192	0.0377	0.09088	0.08676	0.58939	0.06336
V274	0.22925	0.05053	0.17252	0.06289	0.16269	0.32213
V275	0.46541	0.16277	0.07888	0.03654	0.14477	0.11164
V276	0.2232	0.20739	0.10963	0.07733	0.17882	0.20363
V277	0.3835	0.06329	0.07335	0.03259	0.23254	0.21473
V278	0.18795	0.11643	0.1164	0.17858	0.34339	0.05725
V279	0.2487	0.07652	0.19675	0.06027	0.15948	0.25829
V280	0.17734	0.03119	0.03761	0.53556	0.16536	0.05294
V281	0.17223	0.48473	0.08432	0.04958	0.16075	0.04838
V282	0.11068	0.06307	0.05875	0.07578	0.64784	0.04389
V283	0.13445	0.30973	0.05439	0.03623	0.42008	0.04512
V284	0.14184	0.09901	0.26019	0.23437	0.17135	0.09325
V285	0.11985	0.04015	0.02773	0.60003	0.17252	0.03972
V286	0.45793	0.0673	0.11924	0.13908	0.13263	0.08382
V287	0.11068	0.0435	0.07725	0.0878	0.61984	0.06092
V288	0.22319	0.2196	0.07003	0.03314	0.23154	0.2225
V289	0.10186	0.08648	0.53955	0.08407	0.14861	0.03943
V290	0.10824	0.02715	0.19612	0.46283	0.16141	0.04426
V291	0.13165	0.04777	0.02822	0.57738	0.17076	0.04422
V292	0.19773	0.0922	0.04976	0.38549	0.2267	0.04812
V293	0.09932	0.06948	0.07992	0.03887	0.66983	0.04257
V294	0.38902	0.06897	0.06417	0.03759	0.31624	0.12401
V295	0.30466	0.04882	0.0813	0.0297	0.17006	0.36546
V296	0.1546	0.27038	0.10387	0.19117	0.18999	0.09
V297	0.26165	0.09343	0.06536	0.03594	0.17409	0.36953
V298	0.16342	0.45007	0.15485	0.0334	0.15446	0.0438
V299	0.18461	0.08387	0.5293	0.02315	0.13229	0.04679
V300	0.48246	0.11786	0.09811	0.03046	0.13818	0.13293
V301	0.36474	0.2759	0.10223	0.03634	0.14871	0.07209
V302	0.13473	0.21368	0.08434	0.33455	0.18695	0.04575
V303	0.1598	0.42568	0.1017	0.03878	0.22559	0.04847
V304	0.11046	0.03724	0.07588	0.03363	0.70111	0.04167
V305	0.14878	0.04034	0.16662	0.30056	0.21025	0.13345
V306	0.36667	0.11326	0.06863	0.03304	0.15333	0.26506
V307	0.20513	0.04769	0.06193	0.04194	0.56032	0.083
V308	0.11281	0.03302	0.02742	0.61638	0.17456	0.0358
V309	0.14875	0.35334	0.04985	0.24471	0.15799	0.04536
V310	0.18518	0.26937	0.22719	0.02869	0.15595	0.13363
V311	0.41539	0.05169	0.07822	0.03289	0.15068	0.27114
V312	0.18185	0.04351	0.04416	0.26019	0.41216	0.05813
V313	0.33253	0.05569	0.06631	0.05869	0.15909	0.32769
V314	0.25741	0.04196	0.04392	0.44795	0.15626	0.05248
V315	0.22376	0.41942	0.07038	0.02983	0.18813	0.0685
V316	0.30038	0.05366	0.07547	0.07661	0.17047	0.3234
V317	0.15955	0.03242	0.0389	0.46856	0.18913	0.11143
V318	0.11522	0.03396	0.05233	0.5864	0.16639	0.04571
V319	0.30254	0.1543	0.21854	0.10844	0.14055	0.07563
V320	0.24629	0.1598	0.26966	0.09074	0.14108	0.09244
V321	0.15736	0.40354	0.04966	0.1852	0.16283	0.04142
V322	0.13077	0.03823	0.11992	0.04176	0.56949	0.09983
V323	0.14139	0.22065	0.04116	0.25913	0.29683	0.04085
V324	0.16728	0.06557	0.07819	0.1662	0.39366	0.1291
V325	0.19928	0.47497	0.08212	0.03166	0.15959	0.05238
V326	0.23044	0.43619	0.07727	0.03044	0.16919	0.05649
V327	0.14563	0.03023	0.63665	0.01755	0.12674	0.0432
V328	0.21067	0.16601	0.17722	0.11296	0.28101	0.05213
V329	0.09918	0.03156	0.44808	0.0229	0.35369	0.04458
V330	0.09924	0.02813	0.66627	0.02434	0.14099	0.04104
V331	0.4642	0.09318	0.10561	0.07541	0.14103	0.12057
V332	0.17094	0.08787	0.16029	0.03222	0.37682	0.17186
V333	0.10999	0.04163	0.36271	0.24128	0.19344	0.05096
V334	0.13037	0.2831	0.31279	0.09306	0.14128	0.03939
V335	0.17218	0.04524	0.54821	0.0231	0.12803	0.08324
V336	0.30111	0.36359	0.08488	0.02837	0.15494	0.06711
V337	0.15036	0.15975	0.09686	0.03521	0.5169	0.04092
V338	0.48611	0.05251	0.10265	0.03039	0.22661	0.10172
V339	0.16933	0.09335	0.31093	0.18113	0.1552	0.09007
V340	0.42722	0.20011	0.06968	0.05274	0.15632	0.09393
V341	0.25617	0.06237	0.07133	0.37481	0.17645	0.05887
V342	0.15786	0.03944	0.04571	0.44403	0.19461	0.11836
V343	0.24698	0.14753	0.14185	0.04294	0.16308	0.25762
V344	0.16658	0.39628	0.05708	0.04435	0.24904	0.08667
V345	0.0986	0.03712	0.06306	0.04126	0.72245	0.03751
V346	0.19603	0.04269	0.05447	0.29774	0.34607	0.06301
V347	0.36374	0.1276	0.07918	0.07721	0.27734	0.07494
V348	0.16867	0.11652	0.47501	0.02994	0.16232	0.04754
V349	0.48591	0.09302	0.09993	0.08045	0.15529	0.08538
V350	0.34317	0.06984	0.14444	0.16866	0.13917	0.13473
V351	0.29477	0.09276	0.09528	0.04473	0.16763	0.30483
V352	0.17747	0.24749	0.06047	0.02783	0.32364	0.1631
V353	0.11206	0.14246	0.55949	0.01822	0.13041	0.03736
V354	0.20335	0.07416	0.21668	0.02411	0.32717	0.15453
V355	0.09849	0.0467	0.66702	0.02386	0.12979	0.03415
V356	0.38452	0.12085	0.08157	0.16422	0.15567	0.09317
V357	0.26845	0.04632	0.33063	0.03304	0.25697	0.0646
V358	0.25668	0.04606	0.10918	0.05294	0.16917	0.36597
V359	0.19791	0.09203	0.04217	0.41028	0.19921	0.05839
V360	0.37547	0.04641	0.06304	0.15264	0.27215	0.09029
V361	0.17146	0.50395	0.06657	0.0412	0.16776	0.04905
V362	0.1545	0.35387	0.06825	0.22237	0.16061	0.04039
V363	0.48817	0.08879	0.10966	0.02465	0.18728	0.10146
V364	0.22552	0.16746	0.06947	0.05102	0.22465	0.26188
V365	0.33261	0.2741	0.06669	0.11043	0.14608	0.07008
V366	0.16542	0.191	0.35496	0.06103	0.17795	0.04965
V367	0.12207	0.03078	0.04777	0.409	0.33674	0.05365
V368	0.20654	0.13534	0.11301	0.05038	0.24134	0.25341
V369	0.12285	0.05762	0.0518	0.07502	0.61978	0.07293
V370	0.12258	0.08258	0.47836	0.11008	0.14462	0.06177
V371	0.16908	0.19983	0.04394	0.32831	0.1551	0.10374
V372	0.17226	0.41641	0.05874	0.04442	0.23813	0.07004
V373	0.53366	0.06109	0.07901	0.0261	0.13947	0.16068
V374	0.21528	0.04036	0.2121	0.32769	0.1581	0.04648
V375	0.32759	0.05001	0.19745	0.05932	0.28957	0.07605
V376	0.22561	0.0779	0.07405	0.10853	0.20757	0.30634
V377	0.12831	0.04055	0.34216	0.0244	0.41666	0.04792
V378	0.23933	0.09039	0.19192	0.02472	0.17341	0.28024
V379	0.38204	0.05533	0.15874	0.02494	0.14421	0.23474
V380	0.09851	0.06266	0.07982	0.04534	0.67104	0.04263
V381	0.29524	0.05862	0.25972	0.1911	0.13823	0.05709
V382	0.10508	0.05457	0.05372	0.16768	0.57952	0.03943
V383	0.21744	0.06117	0.31722	0.20506	0.14577	0.05333
V384	0.12073	0.04178	0.61038	0.03015	0.15707	0.03989
V385	0.28147	0.05445	0.08711	0.03014	0.16649	0.38033
V386	0.42169	0.06673	0.23865	0.02695	0.16001	0.08598
V387	0.24656	0.0412	0.07517	0.43666	0.14951	0.0509
V388	0.50647	0.07608	0.1723	0.02292	0.13387	0.08836
V389	0.34093	0.1004	0.07415	0.02778	0.16193	0.2948
V390	0.14785	0.057	0.03727	0.48816	0.18261	0.0871
V391	0.13106	0.03838	0.04789	0.40295	0.31833	0.06139
V392	0.15951	0.0623	0.37024	0.09435	0.14037	0.17323
V393	0.15394	0.13481	0.30847	0.06387	0.21907	0.11984
V394	0.11596	0.02732	0.05407	0.56293	0.20043	0.03929
V395	0.09564	0.0658	0.65154	0.02368	0.12995	0.03339
V396	0.38256	0.0825	0.05934	0.23701	0.16819	0.07041
V397	0.24048	0.16081	0.0858	0.03352	0.1871	0.29229
V398	0.17189	0.41105	0.06969	0.04442	0.25117	0.05178
V399	0.10223	0.02814	0.6315	0.04816	0.14193	0.04803
V400	0.20352	0.05973	0.04396	0.28731	0.16641	0.23908
V401	0.18055	0.04678	0.4898	0.02473	0.19106	0.06708
V402	0.15213	0.03628	0.03561	0.56286	0.16304	0.05008
V403	0.19702	0.04345	0.06264	0.05471	0.38489	0.25729
V404	0.09709	0.03384	0.6859	0.01868	0.12996	0.03453
V405	0.30601	0.249	0.11951	0.05773	0.20399	0.06375
V406	0.21222	0.08143	0.17995	0.08659	0.25313	0.18668
V407	0.14327	0.0448	0.54518	0.0172	0.13693	0.11261
V408	0.14387	0.10216	0.05482	0.46279	0.15769	0.07867
V409	0.57297	0.07342	0.08165	0.02593	0.13528	0.11074
V410	0.58346	0.06184	0.0818	0.02582	0.14376	0.10331
V411	0.22549	0.04895	0.05713	0.19792	0.16256	0.30795
V412	0.40861	0.15656	0.10837	0.0524	0.19954	0.07453
V413	0.12302	0.10504	0.05379	0.50373	0.17623	0.03818
V414	0.17078	0.0778	0.0487	0.40129	0.25293	0.0485
V415	0.12844	0.03729	0.27639	0.27088	0.20951	0.07749
V416	0.13694	0.13498	0.04961	0.19339	0.39892	0.08616
V417	0.27098	0.04491	0.11056	0.1071	0.15669	0.30976
V418	0.10771	0.08471	0.3337	0.10955	0.3104	0.05392
V419	0.2681	0.06773	0.06718	0.0312	0.17568	0.39011
V420	0.27731	0.04881	0.06745	0.03715	0.17549	0.39379
V421	0.12544	0.06971	0.09642	0.07951	0.57735	0.05157
V422	0.23345	0.22416	0.05829	0.03388	0.39588	0.05434
V423	0.14779	0.13671	0.03146	0.47882	0.16395	0.04129
V424	0.51598	0.10606	0.08575	0.06349	0.13559	0.09313
V425	0.10439	0.10875	0.0661	0.03262	0.64544	0.0427
V426	0.23023	0.07021	0.18726	0.03193	0.16135	0.31902
V427	0.36783	0.1205	0.15384	0.10478	0.15202	0.10103
V428	0.27345	0.04277	0.03896	0.44015	0.14981	0.05486
V429	0.10833	0.04232	0.113	0.3998	0.292	0.04456
V430	0.12924	0.08329	0.43066	0.1479	0.14647	0.06245
V431	0.09196	0.03346	0.67406	0.03584	0.13099	0.03369
V432	0.13949	0.30578	0.05706	0.29015	0.16634	0.04118
V433	0.11618	0.02679	0.05914	0.59584	0.16614	0.03591
V434	0.12675	0.21719	0.15313	0.31429	0.15119	0.03745
V435	0.13212	0.03975	0.06042	0.03163	0.61031	0.12577
V436	0.53842	0.11176	0.08403	0.03641	0.13581	0.09357
V437	0.23417	0.20668	0.24398	0.03383	0.20198	0.07936
V438	0.14993	0.28068	0.05782	0.06821	0.39687	0.0465
V439	0.09922	0.04255	0.13433	0.03206	0.65228	0.03956
V440	0.18557	0.06972	0.33558	0.05828	0.25815	0.09269
V441	0.14988	0.08082	0.36494	0.11931	0.15001	0.13504
V442	0.34778	0.12118	0.17507	0.06345	0.16928	0.12323
V443	0.11981	0.02762	0.0746	0.54272	0.18564	0.04961
V444	0.48694	0.07074	0.09631	0.04173	0.18938	0.1149
V445	0.58579	0.06175	0.09381	0.0253	0.13297	0.10037
V446	0.15284	0.3564	0.23244	0.03965	0.16127	0.05738
V447	0.22456	0.18918	0.05059	0.14949	0.18775	0.19842
V448	0.10776	0.04138	0.62802	0.01917	0.16833	0.03533
V449	0.42106	0.06614	0.06993	0.20247	0.13857	0.10184
V450	0.1466	0.03808	0.51975	0.01972	0.23291	0.04294
V451	0.16384	0.06309	0.16174	0.12564	0.44062	0.04507
V452	0.18834	0.05043	0.06567	0.31464	0.19254	0.18837
V453	0.29039	0.0381	0.39186	0.09068	0.13203	0.05693
V454	0.22398	0.07308	0.11547	0.38045	0.15266	0.05437
V455	0.19837	0.45908	0.08492	0.04453	0.15826	0.05484
V456	0.53628	0.05408	0.10074	0.03027	0.16008	0.11856
V457	0.24192	0.05295	0.06666	0.03506	0.29654	0.30687
V458	0.13329	0.03454	0.34548	0.02948	0.37262	0.0846
V459	0.10737	0.04015	0.45147	0.22907	0.13822	0.03372
V460	0.3153	0.08167	0.21924	0.10623	0.15696	0.1206
V461	0.2726	0.06534	0.05611	0.30385	0.22698	0.0751
V462	0.09834	0.02813	0.65651	0.02988	0.13614	0.051
V463	0.09565	0.05601	0.06668	0.06383	0.68186	0.03597
V464	0.18771	0.46766	0.06973	0.0451	0.18174	0.04808
V465	0.31177	0.09887	0.33753	0.01954	0.15498	0.07731
V466	0.1568	0.04366	0.04434	0.496	0.20561	0.05359
V467	0.59175	0.05665	0.0884	0.02551	0.13317	0.10453
V468	0.30708	0.10677	0.11446	0.17988	0.2297	0.0621
V469	0.11651	0.11479	0.48853	0.07762	0.13873	0.06383
V470	0.43354	0.0564	0.096	0.071	0.25855	0.08451
V471	0.13767	0.16779	0.39825	0.06113	0.16209	0.07308
V472	0.16667	0.34125	0.05547	0.0505	0.32292	0.0632
V473	0.17595	0.50771	0.07265	0.03298	0.1633	0.04741
V474	0.139	0.02839	0.30215	0.34033	0.14948	0.04066
V475	0.14498	0.13272	0.23499	0.13888	0.29728	0.05115
V476	0.38017	0.06039	0.06483	0.1519	0.17302	0.1697
V477	0.18695	0.37097	0.09425	0.08429	0.16825	0.09529
V478	0.10512	0.03505	0.62916	0.02977	0.13609	0.06481
V479	0.13083	0.11387	0.53127	0.02416	0.15682	0.04304
V480	0.12594	0.19212	0.04817	0.22822	0.36648	0.03906
V481	0.33209	0.10315	0.13458	0.07089	0.2786	0.08068
V482	0.42933	0.05174	0.0856	0.03286	0.14941	0.25106
V483	0.16644	0.48717	0.10488	0.03583	0.16017	0.04549
V484	0.53584	0.05382	0.12475	0.02411	0.16253	0.09895
V485	0.25002	0.11481	0.36525	0.0661	0.13519	0.06862
V486	0.21802	0.03478	0.49647	0.04142	0.12724	0.08206
V487	0.13133	0.25843	0.0587	0.03602	0.47078	0.04475
V488	0.27463	0.3842	0.07628	0.05272	0.15192	0.06025
V489	0.5165	0.06528	0.12952	0.02956	0.16293	0.09621
V490	0.27549	0.07397	0.06238	0.06529	0.18084	0.34204
V491	0.15912	0.20535	0.28071	0.0234	0.27595	0.05548
V492	0.21342	0.06197	0.20346	0.0805	0.20266	0.23799
V493	0.52129	0.12869	0.07673	0.04205	0.13702	0.09422
V494	0.20055	0.06107	0.28592	0.04049	0.14774	0.26421
V495	0.25052	0.33186	0.18007	0.03495	0.14922	0.05337
V496	0.2285	0.11969	0.24651	0.02233	0.26359	0.11938
V497	0.12091	0.16417	0.165	0.05116	0.45934	0.03942
V498	0.15617	0.09788	0.27876	0.23187	0.17985	0.05549
V499	0.16668	0.39731	0.15514	0.06716	0.16051	0.05321
V500	0.36516	0.15697	0.10519	0.05854	0.22531	0.08884
V501	0.19023	0.47508	0.06553	0.04506	0.16492	0.05918
V502	0.10613	0.04102	0.05242	0.20503	0.55253	0.04287
V503	0.18909	0.23674	0.06344	0.30995	0.15727	0.04351
V504	0.18173	0.47506	0.09614	0.03152	0.16829	0.04726
V505	0.10669	0.02846	0.37608	0.26631	0.16466	0.05779
V506	0.32481	0.0524	0.08319	0.12454	0.19048	0.22458
V507	0.26997	0.04858	0.06775	0.03142	0.18252	0.39976
V508	0.16309	0.36427	0.08731	0.08026	0.25758	0.04748
V509	0.13024	0.03531	0.03777	0.52664	0.23236	0.03768
V510	0.5844	0.05638	0.08173	0.02585	0.14826	0.10338
V511	0.25159	0.05	0.05202	0.18454	0.16584	0.29601
V512	0.15004	0.1667	0.43022	0.03608	0.14897	0.06799
V513	0.10506	0.04712	0.21814	0.06496	0.52594	0.03878
V514	0.17986	0.45322	0.10428	0.02927	0.15789	0.07548
V515	0.17315	0.26896	0.04658	0.29664	0.15486	0.05981
V516	0.09701	0.06102	0.57849	0.02537	0.19833	0.03978
V517	0.09464	0.0301	0.32575	0.17409	0.33874	0.03668
V518	0.30226	0.26184	0.08245	0.09115	0.17222	0.09007
V519	0.21935	0.34706	0.06279	0.08008	0.16028	0.13044
V520	0.46248	0.10488	0.08586	0.09302	0.13692	0.11684
V521	0.1536	0.03954	0.06173	0.04422	0.64442	0.05649
V522	0.32465	0.15925	0.07333	0.04306	0.26681	0.13291
V523	0.33374	0.1521	0.10099	0.11741	0.14939	0.14637
V524	0.13983	0.03697	0.10022	0.1427	0.48109	0.09918
V525	0.3811	0.04977	0.10094	0.0381	0.15042	0.27966
V526	0.15922	0.43446	0.12347	0.03382	0.20572	0.04331
V527	0.29592	0.04571	0.42035	0.02429	0.1524	0.06134
V528	0.54055	0.05354	0.1498	0.02897	0.13404	0.09311
V529	0.16332	0.08185	0.05022	0.48452	0.17337	0.04672
V530	0.16493	0.17774	0.26791	0.09886	0.18505	0.10551
V531	0.58755	0.06188	0.08195	0.03097	0.13386	0.10379
V532	0.17705	0.03229	0.08731	0.42511	0.22908	0.04916
V533	0.17833	0.0391	0.24609	0.04279	0.32582	0.16788
V534	0.15406	0.03393	0.04104	0.41543	0.2195	0.13603
V535	0.39339	0.07071	0.20108	0.10988	0.13658	0.08836
V536	0.10294	0.02794	0.54141	0.13567	0.13479	0.05724
V537	0.16112	0.3843	0.05407	0.18287	0.16221	0.05543
V538	0.20527	0.03985	0.05134	0.28337	0.16196	0.25821
V539	0.12197	0.02925	0.04441	0.50094	0.25624	0.04718
V540	0.28412	0.04775	0.2849	0.03392	0.26526	0.08406
V541	0.13799	0.19384	0.03975	0.4031	0.17303	0.05229
V542	0.14769	0.36166	0.06414	0.18559	0.19581	0.04512
V543	0.09271	0.03009	0.49212	0.04	0.30494	0.04015
V544	0.25989	0.06669	0.0699	0.05371	0.18361	0.3662
V545	0.14788	0.39063	0.10607	0.0437	0.26602	0.0457
V546	0.42521	0.08405	0.06452	0.18864	0.15433	0.08325
V547	0.14863	0.09389	0.03938	0.2954	0.34298	0.07971
V548	0.26956	0.06116	0.06746	0.03131	0.17616	0.39435
V549	0.17189	0.03299	0.47166	0.08005	0.14875	0.09466
V550	0.10296	0.03989	0.30718	0.02673	0.48465	0.0386
V551	0.22609	0.0841	0.09218	0.10738	0.21501	0.27523
V552	0.1288	0.06013	0.15557	0.22163	0.3698	0.06407
V553	0.54496	0.05428	0.09995	0.04708	0.15342	0.10031
V554	0.17882	0.47775	0.08016	0.03122	0.16456	0.06749
V555	0.3387	0.04516	0.07321	0.19876	0.14799	0.19618
V556	0.14013	0.03571	0.36121	0.26417	0.15131	0.04748
V557	0.1922	0.43644	0.11995	0.03363	0.15901	0.05877
V558	0.34849	0.1648	0.06636	0.10597	0.14738	0.16701
V559	0.09751	0.03566	0.05106	0.1381	0.63802	0.03966
V560	0.49449	0.07144	0.08523	0.03634	0.19023	0.12226
V561	0.09268	0.03989	0.68486	0.01876	0.13001	0.0338
V562	0.38745	0.18599	0.09996	0.0742	0.14531	0.10709
V563	0.26448	0.04702	0.06305	0.07926	0.16796	0.37824
V564	0.21414	0.09817	0.05713	0.03488	0.323	0.27267
V565	0.26986	0.04858	0.07434	0.03114	0.1765	0.39957
V566	0.2491	0.11141	0.07828	0.0638	0.18321	0.3142
V567	0.31329	0.21802	0.06002	0.17072	0.1618	0.07615
V568	0.13104	0.03787	0.06796	0.05704	0.66553	0.04056
V569	0.51087	0.07808	0.07501	0.0481	0.14381	0.14413
V570	0.4766	0.13387	0.09462	0.06304	0.14123	0.09064
V571	0.11171	0.17349	0.49367	0.03032	0.15356	0.03726
V572	0.10335	0.03498	0.60549	0.03131	0.18696	0.03791
V573	0.225	0.44333	0.07223	0.03085	0.17026	0.05833
V574	0.18815	0.03885	0.3239	0.05284	0.16743	0.22884
V575	0.16857	0.39592	0.1034	0.10379	0.16337	0.06494
V576	0.30253	0.11576	0.07284	0.02688	0.41882	0.06318
V577	0.31441	0.07854	0.06485	0.06827	0.38506	0.08887
V578	0.13212	0.03975	0.06042	0.03163	0.61031	0.12577
V579	0.12682	0.05304	0.17659	0.20119	0.40215	0.04021
V580	0.18295	0.04867	0.10677	0.28553	0.2982	0.07788
V581	0.46865	0.07502	0.12341	0.07495	0.17557	0.0824
V582	0.4686	0.05631	0.07587	0.15305	0.14119	0.10497
V583	0.16496	0.07221	0.27276	0.02305	0.28117	0.18585
V584	0.17573	0.05081	0.04821	0.26328	0.31727	0.1447
V585	0.16419	0.30099	0.21325	0.07834	0.15614	0.08708
V586	0.2224	0.43241	0.09629	0.03437	0.15938	0.05515
V587	0.24669	0.04236	0.2499	0.25758	0.14295	0.06052
V588	0.12679	0.03419	0.05998	0.57229	0.16986	0.03689
V589	0.17086	0.21012	0.24195	0.07461	0.1505	0.15196
V590	0.18952	0.06583	0.31182	0.07111	0.14954	0.21219
V591	0.51287	0.05226	0.09329	0.11563	0.13744	0.08851
V592	0.15528	0.24222	0.10579	0.27616	0.17806	0.04249
V593	0.11794	0.03325	0.03362	0.61143	0.16759	0.03617
V594	0.1812	0.03396	0.05327	0.43314	0.16316	0.13526
V595	0.16457	0.21254	0.0846	0.10951	0.29354	0.13523
V596	0.11977	0.18768	0.06152	0.08277	0.51156	0.0367
V597	0.34528	0.04674	0.08123	0.03256	0.42787	0.06632
V598	0.56447	0.07913	0.08076	0.02591	0.14034	0.10939
V599	0.22782	0.05037	0.0539	0.13517	0.2271	0.30564
V600	0.36077	0.11862	0.0643	0.06135	0.19251	0.20245
V601	0.19134	0.13627	0.07922	0.26556	0.15471	0.1729
V602	0.12921	0.05172	0.13325	0.03502	0.53345	0.11736
V603	0.21038	0.27524	0.08493	0.06513	0.17516	0.18916
V604	0.13938	0.31902	0.05492	0.03604	0.40769	0.04295
V605	0.1337	0.05817	0.07419	0.03188	0.64847	0.05358
V606	0.38413	0.06552	0.23019	0.06195	0.13218	0.12602
V607	0.23302	0.07295	0.05958	0.04161	0.27942	0.31343
V608	0.19822	0.3896	0.06294	0.0739	0.17051	0.10482
V609	0.11191	0.03389	0.52192	0.15939	0.1349	0.03799
V610	0.1326	0.11748	0.37562	0.13598	0.16465	0.07368
V611	0.16733	0.49277	0.07431	0.04975	0.17034	0.04549
V612	0.12331	0.16006	0.03621	0.48558	0.1599	0.03494
V613	0.42817	0.14177	0.07825	0.02624	0.14592	0.17965
V614	0.14612	0.11396	0.41194	0.02514	0.18026	0.12257
V615	0.10528	0.07567	0.09892	0.03773	0.63948	0.04292
V616	0.32898	0.27616	0.06492	0.05321	0.16291	0.11382
V617	0.10077	0.04379	0.05661	0.04121	0.7169	0.04073
V618	0.21516	0.0484	0.48346	0.02356	0.14435	0.08507
V619	0.15006	0.394	0.16702	0.04697	0.19361	0.04834
V620	0.22002	0.04955	0.24781	0.03566	0.1514	0.29555
V621	0.11785	0.02753	0.08808	0.53581	0.18462	0.0461
V622	0.38132	0.14559	0.07814	0.02623	0.29076	0.07796
V623	0.22872	0.42347	0.07094	0.02952	0.16467	0.08269
V624	0.15816	0.38316	0.04795	0.20362	0.15779	0.04932
V625	0.14823	0.11652	0.186	0.32524	0.1634	0.06061
V626	0.14046	0.06499	0.05825	0.16146	0.44497	0.12986
V627	0.43592	0.04684	0.05653	0.23804	0.13801	0.08466
V628	0.18669	0.07866	0.27486	0.08421	0.20623	0.16935
V629	0.14041	0.31012	0.04038	0.30511	0.16249	0.04149
V630	0.43391	0.05712	0.08711	0.06065	0.1653	0.19591
V631	0.23074	0.04372	0.10118	0.12179	0.18943	0.31314
V632	0.12164	0.0527	0.14778	0.24615	0.38187	0.04987
V633	0.10568	0.14177	0.56473	0.0238	0.13047	0.03355
V634	0.49865	0.05737	0.07865	0.14521	0.1335	0.08661
V635	0.11263	0.05994	0.22239	0.41666	0.15114	0.03724
V636	0.16498	0.39424	0.05493	0.07473	0.23936	0.07176
V637	0.24494	0.08644	0.0696	0.02963	0.22721	0.34218
V638	0.13577	0.10233	0.07877	0.38697	0.2526	0.04355
V639	0.27427	0.08364	0.1146	0.0496	0.375	0.10289
V640	0.14263	0.1263	0.38256	0.03204	0.21513	0.10134
V641	0.09793	0.0831	0.41427	0.04034	0.32788	0.03649
V642	0.25418	0.06603	0.2649	0.13158	0.13841	0.1449
V643	0.53776	0.05997	0.07342	0.08127	0.14531	0.10227
V644	0.50844	0.05911	0.07139	0.08812	0.14241	0.13053
V645	0.47586	0.06401	0.08212	0.08266	0.13843	0.15692
V646	0.10243	0.03902	0.38076	0.02446	0.41507	0.03825
V647	0.24657	0.04793	0.07315	0.23565	0.17155	0.22515
V648	0.21302	0.24449	0.15213	0.06375	0.16333	0.16328
V649	0.19635	0.03898	0.05843	0.48892	0.16612	0.0512
V650	0.24297	0.16083	0.20259	0.02965	0.31003	0.05393
V651	0.20972	0.25173	0.10973	0.04863	0.24181	0.13838
V652	0.13599	0.02867	0.12261	0.49421	0.17432	0.0442
V653	0.19427	0.30528	0.07879	0.04886	0.21576	0.15704
V654	0.5308	0.05947	0.13056	0.02946	0.15153	0.09818
V655	0.27088	0.04499	0.07661	0.07072	0.33055	0.20626
V656	0.16015	0.08467	0.46776	0.04882	0.19174	0.04686
V657	0.34317	0.05345	0.05805	0.09905	0.30666	0.13962
V658	0.11525	0.07884	0.15988	0.45737	0.1545	0.03416
V659	0.17381	0.49302	0.07085	0.03648	0.16671	0.05913
V660	0.5374	0.06113	0.07801	0.03674	0.13826	0.14846
V661	0.20498	0.04095	0.16772	0.11498	0.23606	0.23531
V662	0.50341	0.05803	0.082	0.09949	0.14051	0.11656
V663	0.1409	0.14774	0.06372	0.05972	0.545	0.04292
V664	0.17721	0.07128	0.53447	0.01776	0.1431	0.05618
V665	0.10026	0.03727	0.05682	0.04138	0.72336	0.04092
V666	0.3367	0.23423	0.06647	0.09707	0.16633	0.0992
V667	0.25494	0.04628	0.08913	0.06004	0.17729	0.37232
V668	0.52277	0.13396	0.08376	0.03107	0.13691	0.09154
V669	0.24438	0.11437	0.04966	0.20471	0.16218	0.22469
V670	0.17769	0.26422	0.0613	0.22599	0.16546	0.10535
V671	0.29939	0.03826	0.0472	0.4097	0.14715	0.0583
V672	0.16746	0.36739	0.04771	0.21519	0.15716	0.04509
V673	0.21412	0.13365	0.20092	0.02989	0.15208	0.26935
V674	0.51448	0.05432	0.08001	0.02518	0.23639	0.08962
V675	0.25847	0.13074	0.07607	0.02882	0.17919	0.32671
V676	0.12398	0.02718	0.10082	0.54536	0.16616	0.03649
V677	0.23991	0.26912	0.1664	0.024	0.14661	0.15395
V678	0.21752	0.09642	0.09334	0.03327	0.40383	0.15563
V679	0.2454	0.11136	0.09382	0.04588	0.16799	0.33555
V680	0.10779	0.03402	0.32377	0.02535	0.44644	0.06264
V681	0.18928	0.43889	0.08354	0.03418	0.158	0.09611
V682	0.18843	0.36537	0.05817	0.03865	0.2168	0.13258
V683	0.11855	0.03846	0.06078	0.03242	0.6657	0.08409
V684	0.20373	0.44044	0.06145	0.0774	0.16209	0.05487
V685	0.14365	0.37824	0.23016	0.02519	0.18059	0.04217
V686	0.26883	0.04748	0.34783	0.02606	0.1448	0.165
V687	0.17768	0.19291	0.23669	0.0867	0.14583	0.16019
V688	0.36677	0.04931	0.07012	0.03266	0.32737	0.15377
V689	0.14503	0.04375	0.5053	0.09194	0.14832	0.06566
V690	0.15442	0.04638	0.07884	0.04858	0.54731	0.12447
V691	0.17677	0.31501	0.18297	0.073	0.17328	0.07897
V692	0.41093	0.04629	0.05579	0.22219	0.18398	0.08082
V693	0.51064	0.12355	0.08797	0.03626	0.13709	0.1045
V694	0.50833	0.12311	0.08045	0.05255	0.13729	0.09828
V695	0.52703	0.05502	0.07492	0.0365	0.1889	0.11763
V696	0.17918	0.32976	0.08899	0.06531	0.2844	0.05235
V697	0.13478	0.04291	0.56466	0.04802	0.15171	0.05793
V698	0.17254	0.50581	0.06722	0.03711	0.16809	0.04923
V699	0.22434	0.04931	0.42998	0.04287	0.17436	0.07914
V700	0.19213	0.04744	0.05667	0.03699	0.60949	0.05729
V701	0.55611	0.05581	0.08591	0.02571	0.13685	0.13961
V702	0.23962	0.05671	0.10029	0.1328	0.16472	0.30586
V703	0.245	0.32924	0.07308	0.0282	0.26533	0.05915
V704	0.3313	0.21252	0.19583	0.02272	0.14755	0.09007
V705	0.12884	0.10569	0.24347	0.13459	0.34114	0.04626
V706	0.19073	0.1006	0.27779	0.02221	0.21271	0.19595
V707	0.43106	0.0653	0.07357	0.02724	0.15621	0.24662
V708	0.12731	0.26944	0.38973	0.03187	0.14229	0.03936
V709	0.1152	0.02781	0.03018	0.56094	0.22949	0.03638
V710	0.34702	0.08487	0.14371	0.05939	0.2621	0.1029
V711	0.13699	0.174	0.32887	0.13884	0.14485	0.07644
V712	0.12084	0.21815	0.06425	0.03652	0.51723	0.043
V713	0.28748	0.33273	0.08653	0.04771	0.16375	0.0818
V714	0.13859	0.32062	0.3287	0.02773	0.14592	0.03844
V715	0.11152	0.04101	0.65853	0.01797	0.12877	0.04221
V716	0.20227	0.0606	0.05174	0.22431	0.27523	0.18584
V717	0.11881	0.0448	0.07452	0.0323	0.67044	0.05912
V718	0.12761	0.2895	0.05942	0.03091	0.45413	0.03842
V719	0.1731	0.4732	0.08422	0.0356	0.17738	0.05649
V720	0.26025	0.03831	0.21431	0.22292	0.16125	0.10295
V721	0.1842	0.21255	0.20746	0.02336	0.20233	0.1701
V722	0.09847	0.03719	0.06987	0.03494	0.72212	0.03741
V723	0.16163	0.4151	0.09091	0.03897	0.23612	0.05727
V724	0.16072	0.22508	0.30418	0.08425	0.18597	0.0398
V725	0.13904	0.07672	0.10004	0.11593	0.48119	0.08708
V726	0.10937	0.04513	0.42939	0.04049	0.31357	0.06206
V727	0.23408	0.04328	0.12804	0.12078	0.16363	0.31019
V728	0.12597	0.03496	0.02755	0.58803	0.16649	0.05702
V729	0.24868	0.32505	0.07734	0.04863	0.23516	0.06515
V730	0.2032	0.03791	0.10852	0.28897	0.16038	0.20103
V731	0.20499	0.07068	0.35802	0.02041	0.24347	0.10243
V732	0.18262	0.29768	0.07168	0.05549	0.2958	0.09673
V733	0.23388	0.03944	0.24034	0.14835	0.17599	0.16199
V734	0.23807	0.04406	0.22924	0.02451	0.16262	0.30149
V735	0.13333	0.08732	0.0417	0.50528	0.16555	0.06682
V736	0.19083	0.34879	0.09638	0.05268	0.1643	0.14702
V737	0.09337	0.03706	0.06332	0.04156	0.72777	0.03692
V738	0.31393	0.07378	0.1059	0.25555	0.153	0.09785
V739	0.21498	0.23145	0.17216	0.04719	0.26129	0.07293
V740	0.13052	0.19789	0.31076	0.05227	0.25977	0.0488
V741	0.34475	0.13778	0.16614	0.07458	0.21108	0.06568
V742	0.28967	0.04595	0.07041	0.29291	0.2199	0.08116
V743	0.12059	0.10358	0.23111	0.23351	0.26649	0.04472
V744	0.34391	0.11118	0.07175	0.12046	0.14871	0.20399
V745	0.16008	0.35285	0.06092	0.05562	0.3256	0.04493
V746	0.54319	0.06666	0.08266	0.04217	0.14598	0.11934
V747	0.22528	0.04745	0.14136	0.05149	0.47402	0.0604
V748	0.20817	0.07549	0.21856	0.04251	0.21919	0.23609
V749	0.37593	0.05475	0.06617	0.12237	0.20713	0.17365
V750	0.12161	0.08521	0.02818	0.55947	0.16971	0.03582
V751	0.12112	0.03403	0.05389	0.56627	0.18809	0.03661
V752	0.23247	0.04767	0.08011	0.0773	0.50068	0.06177
V753	0.21013	0.04268	0.07944	0.09121	0.36185	0.21469
V754	0.1777	0.30402	0.13524	0.06861	0.18143	0.13301
V755	0.31136	0.07257	0.07204	0.0443	0.39195	0.10779
V756	0.25843	0.05391	0.07166	0.03655	0.20205	0.37741
V757	0.2077	0.30931	0.06366	0.04385	0.19218	0.1833
V758	0.29542	0.38587	0.06902	0.03391	0.15214	0.06364
V759	0.18869	0.05216	0.08882	0.12211	0.46116	0.08705
V760	0.26709	0.04796	0.07256	0.04894	0.16967	0.39379
V761	0.09058	0.03917	0.32588	0.03871	0.47176	0.0339
V762	0.13789	0.03048	0.57522	0.04169	0.14593	0.06879
V763	0.12958	0.13145	0.04909	0.46011	0.18069	0.04907
