CD19B	CD56NK	CD4MemoryT	CD14
V1	0.44227	0.06168	0.19014	0.3059
V2	0.12679	0.14676	0.09466	0.6318
V3	0.04693	0.57417	0.03666	0.34224
V4	0.71082	0.14386	0.0524	0.09292
V5	0.0974	0.45953	0.21631	0.22676
V6	0.06103	0.78881	0.03315	0.11701
V7	0.12297	0.36515	0.1015	0.41037
V8	0.14161	0.06838	0.66925	0.12076
V9	0.19017	0.26491	0.0763	0.46862
V10	0.04311	0.07682	0.7383	0.14178
V11	0.18564	0.36272	0.36059	0.09105
V12	0.0302	0.55753	0.30444	0.10782
V13	0.21465	0.64656	0.02793	0.11085
V14	0.05365	0.82636	0.02058	0.09941
V15	0.10129	0.55323	0.12036	0.22512
V16	0.74406	0.07573	0.07857	0.10164
V17	0.06949	0.7864	0.02764	0.11647
V18	0.4539	0.35225	0.07636	0.11749
V19	0.13025	0.74141	0.02458	0.10375
V20	0.1357	0.44472	0.04954	0.37004
V21	0.13958	0.10298	0.63697	0.12048
V22	0.0332	0.15327	0.20035	0.61318
V23	0.33749	0.08279	0.49336	0.08636
V24	0.78702	0.05809	0.08753	0.06735
V25	0.27118	0.26532	0.14193	0.32157
V26	0.30491	0.38738	0.05218	0.25553
V27	0.08898	0.11777	0.07447	0.71877
V28	0.03021	0.0862	0.79534	0.08825
V29	0.37912	0.06902	0.43947	0.11239
V30	0.09476	0.25195	0.24419	0.4091
V31	0.17405	0.23168	0.25943	0.33484
V32	0.07264	0.09778	0.08364	0.74594
V33	0.04669	0.47953	0.2926	0.18118
V34	0.14013	0.08572	0.6533	0.12084
V35	0.13371	0.65689	0.08862	0.12079
V36	0.02659	0.1024	0.40158	0.46944
V37	0.42888	0.11963	0.1297	0.32179
V38	0.34476	0.05953	0.19067	0.40504
V39	0.13679	0.5271	0.12811	0.208
V40	0.08067	0.74919	0.07941	0.09072
V41	0.00638	0.61911	0.06028	0.31423
V42	0.1911	0.094	0.21039	0.50451
V43	0.12659	0.3472	0.4065	0.11971
V44	0.03748	0.1284	0.59511	0.23901
V45	0.08755	0.55021	0.19115	0.17109
V46	0.66027	0.10488	0.15804	0.07681
V47	0.36624	0.21934	0.28578	0.12864
V48	0.65535	0.19591	0.05465	0.09409
V49	0.58515	0.21531	0.04533	0.15421
V50	0.05521	0.75961	0.08525	0.09993
V51	0.25691	0.39784	0.22891	0.11634
V52	0.0508	0.15334	0.67144	0.12442
V53	0.60299	0.15163	0.17402	0.07136
V54	0.35252	0.2212	0.32359	0.10269
V55	0.1836	0.1782	0.22514	0.41306
V56	0.05021	0.09255	0.11999	0.73724
V57	0.07873	0.78024	0.03382	0.10722
V58	0.50854	0.05683	0.09475	0.33989
V59	0.34432	0.40546	0.12074	0.12948
V60	0.12475	0.19948	0.28335	0.39242
V61	0.64608	0.13945	0.06284	0.15163
V62	0.72558	0.0692	0.12104	0.08418
V63	0.01435	0.75521	0.11184	0.1186
V64	0.00338	0.7684	0.01466	0.21356
V65	0.02995	0.08662	0.12897	0.75446
V66	0.17322	0.63463	0.03996	0.15219
V67	0.144	0.33728	0.41742	0.1013
V68	0.13268	0.19219	0.07156	0.60357
V69	0.0406	0.32706	0.4924	0.13994
V70	0.43347	0.18598	0.19102	0.18952
V71	0.15322	0.12941	0.32461	0.39276
V72	0.45414	0.19237	0.12562	0.22787
V73	0.12835	0.56876	0.13367	0.16921
V74	0.07294	0.24909	0.59023	0.08774
V75	0.58132	0.04409	0.21238	0.16221
V76	0.01385	0.22031	0.18147	0.58437
V77	0.04112	0.31032	0.05136	0.5972
V78	0.24963	0.16486	0.19118	0.39433
V79	0.02825	0.14617	0.65053	0.17505
V80	0.30935	0.06696	0.46087	0.16282
V81	0.07658	0.19634	0.63352	0.09356
V82	0.02864	0.11033	0.76342	0.09762
V83	0.1175	0.22017	0.10701	0.55531
V84	0.31866	0.10116	0.1814	0.39878
V85	0.10435	0.33208	0.32956	0.23401
V86	0.07158	0.09938	0.69792	0.13113
V87	0.02871	0.74809	0.06474	0.15846
V88	0.15098	0.12156	0.24951	0.47795
V89	0.03637	0.09108	0.20392	0.66864
V90	0.02099	0.80487	0.06354	0.1106
V91	0.03327	0.67774	0.1629	0.12609
V92	0.38298	0.07182	0.34498	0.20022
V93	0.72329	0.05223	0.06037	0.16411
V94	0.01968	0.43994	0.05124	0.48914
V95	0.20872	0.42349	0.15419	0.2136
V96	0.07013	0.15704	0.07759	0.69524
V97	0.56597	0.13822	0.21622	0.0796
V98	0.55939	0.30895	0.0436	0.08806
V99	0.66393	0.07855	0.18031	0.07722
V100	0.09769	0.08208	0.70742	0.1128
V101	0.03033	0.1014	0.06889	0.79938
V102	0.76702	0.08281	0.06588	0.08429
V103	0.02844	0.11356	0.12641	0.73159
V104	0.02054	0.85947	0.01887	0.10112
V105	0.04402	0.82955	0.0261	0.10033
V106	0.10869	0.4917	0.26977	0.12984
V107	0.17311	0.23206	0.45986	0.13496
V108	0.12532	0.69049	0.09547	0.08872
V109	0.03231	0.20629	0.4754	0.286
V110	0.04554	0.78856	0.04838	0.11752
V111	0.76471	0.03463	0.12409	0.07658
V112	0.12905	0.12325	0.36167	0.38603
V113	0.16328	0.16121	0.18503	0.49048
V114	0.20393	0.10916	0.11983	0.56708
V115	0.00758	0.69786	0.194	0.10056
V116	0.13092	0.32964	0.30712	0.23232
V117	0.54067	0.27036	0.07332	0.11565
V118	0.13438	0.5401	0.05575	0.26978
V119	0.10399	0.14049	0.09564	0.65989
V120	0.09605	0.11561	0.68454	0.10379
V121	0.47068	0.16753	0.1268	0.23499
V122	0.80039	0.04086	0.07516	0.08359
V123	0.01002	0.49314	0.06862	0.42822
V124	0.52645	0.30278	0.04022	0.13055
V125	0.31451	0.40952	0.17246	0.10351
V126	0.04614	0.19854	0.0921	0.66322
V127	0.15048	0.11252	0.24402	0.49297
V128	0.04284	0.0909	0.14215	0.72411
V129	0.464	0.25297	0.17375	0.10928
V130	0.01038	0.61711	0.2723	0.10021
V131	0.01779	0.80179	0.01288	0.16754
V132	0.77682	0.04149	0.08864	0.09304
V133	0.75583	0.05018	0.11018	0.08382
V134	0.0967	0.39315	0.1361	0.37404
V135	0.08281	0.09469	0.1896	0.63289
V136	0.19442	0.39959	0.0463	0.35969
V137	0.53327	0.07964	0.24687	0.14022
V138	0.17542	0.40166	0.16857	0.25435
V139	0.28344	0.24079	0.1937	0.28206
V140	0.04073	0.15281	0.09591	0.71055
V141	0.07591	0.2035	0.43654	0.28405
V142	0.66706	0.04018	0.22292	0.06983
V143	0.3371	0.2841	0.10113	0.27767
V144	0.14558	0.20411	0.17531	0.47499
V145	0.00162	0.70521	0.19253	0.10064
V146	0.05818	0.09165	0.08565	0.76452
V147	0.75153	0.0587	0.07992	0.10985
V148	0.13161	0.13018	0.47226	0.26594
V149	0.21964	0.49311	0.19575	0.0915
V150	0.09289	0.27147	0.47249	0.16316
V151	0.16694	0.58105	0.05328	0.19873
V152	0.19365	0.43624	0.19438	0.17573
V153	0.08678	0.68026	0.03763	0.19533
V154	0.20429	0.44389	0.23378	0.11804
V155	0.38517	0.18171	0.26417	0.16895
V156	0.05357	0.1888	0.55278	0.20484
V157	0.25426	0.20061	0.27743	0.2677
V158	0.03089	0.08804	0.07938	0.80169
V159	0.72643	0.09833	0.05714	0.1181
V160	0.5522	0.05473	0.116	0.27708
V161	0.17716	0.08174	0.08672	0.65438
V162	0.06426	0.32289	0.10631	0.50655
V163	0.08732	0.47335	0.15841	0.28093
V164	0.26941	0.3254	0.12382	0.28137
V165	0.02044	0.29527	0.04559	0.63871
V166	0.0267	0.1611	0.10713	0.70507
V167	0.2816	0.06511	0.06721	0.58608
V168	0.22914	0.53623	0.09317	0.14145
V169	0.16	0.12024	0.09083	0.62893
V170	0.1136	0.08726	0.43604	0.3631
V171	0.13	0.26885	0.47327	0.12788
V172	0.60454	0.04167	0.27459	0.07921
V173	0.03904	0.19822	0.08751	0.67524
V174	0.03064	0.2174	0.10854	0.64342
V175	0.08508	0.07199	0.63826	0.20466
V176	0.00637	0.74395	0.14793	0.10175
V177	0.00212	0.87154	0.01371	0.11263
V178	0.0031	0.69755	0.02404	0.27531
V179	0.1548	0.07696	0.33507	0.43317
V180	0.02103	0.80831	0.07669	0.09397
V181	0.15535	0.17966	0.43965	0.22534
V182	0.25937	0.21739	0.38377	0.13947
V183	0.14645	0.73311	0.02433	0.09611
V184	0.82873	0.03388	0.0705	0.06689
V185	0.45899	0.40898	0.04794	0.08409
V186	0.10749	0.46614	0.22428	0.2021
V187	0.79409	0.0406	0.08989	0.07541
V188	0.05889	0.26895	0.04721	0.62495
V189	0.65508	0.06597	0.07406	0.20489
V190	0.5563	0.05406	0.30936	0.08028
V191	0.17296	0.24025	0.46051	0.12628
V192	0.23923	0.45351	0.07219	0.23507
V193	0.49093	0.08201	0.23893	0.18814
V194	0.02754	0.83356	0.02014	0.11876
V195	0.03676	0.08532	0.78076	0.09716
V196	0.02797	0.13817	0.06989	0.76397
V197	0.32577	0.10768	0.08208	0.48447
V198	0.06612	0.48667	0.29906	0.14816
V199	0.14808	0.0974	0.18904	0.56548
V200	0.10637	0.5318	0.04353	0.31831
V201	0.08705	0.52588	0.16781	0.21926
V202	0.03991	0.08371	0.6287	0.24768
V203	0.14746	0.4235	0.318	0.11104
V204	0.00888	0.51332	0.03656	0.44124
V205	0.04422	0.10919	0.73942	0.10717
V206	0.07048	0.14391	0.6913	0.09431
V207	0.11706	0.23578	0.09261	0.55455
V208	0.2351	0.11482	0.55183	0.09825
V209	0.23874	0.45235	0.08953	0.21938
V210	0.07235	0.69352	0.09405	0.14008
V211	0.33499	0.07621	0.08863	0.50017
V212	0.43083	0.08609	0.38253	0.10055
V213	0.50715	0.07963	0.14869	0.26454
V214	0.26554	0.20577	0.17469	0.354
V215	0.23245	0.15608	0.07056	0.54091
V216	0.0442	0.08724	0.07905	0.78952
V217	0.04534	0.4785	0.20047	0.2757
V218	0.0878	0.43849	0.16031	0.31341
V219	0.08878	0.58948	0.03519	0.28655
V220	0.00364	0.74647	0.0211	0.2288
V221	0.65376	0.04803	0.06372	0.23449
V222	0.26572	0.18196	0.31618	0.23614
V223	0.02657	0.19052	0.616	0.16691
V224	0.81635	0.03397	0.08252	0.06716
V225	0.04652	0.78941	0.06482	0.09925
V226	0.2755	0.13052	0.49716	0.09682
V227	0.65786	0.04105	0.21441	0.08668
V228	0.61918	0.10657	0.11308	0.16118
V229	0.04507	0.0847	0.7546	0.11564
V230	0.03005	0.10163	0.07849	0.78983
V231	0.02611	0.30798	0.12905	0.53685
V232	0.03718	0.60501	0.02325	0.33456
V233	0.45305	0.13577	0.20652	0.20466
V234	0.02792	0.82083	0.04019	0.11105
V235	0.32532	0.10867	0.45243	0.11359
V236	0.06803	0.12596	0.64139	0.16462
V237	0.13653	0.08327	0.09039	0.68982
V238	0.11574	0.52522	0.22085	0.13819
V239	0.06131	0.40553	0.0531	0.48007
V240	0.41194	0.08521	0.37543	0.12742
V241	0.04333	0.07665	0.72189	0.15813
V242	0.10874	0.69143	0.09571	0.10412
V243	0.22409	0.09734	0.52055	0.15802
V244	0.20046	0.06416	0.56778	0.16761
V245	0.47198	0.30859	0.08711	0.13232
V246	0.07487	0.19586	0.61539	0.11388
V247	0.17049	0.07632	0.67157	0.08162
V248	0.03652	0.10764	0.09582	0.76002
V249	0.02575	0.1023	0.71309	0.15887
V250	0.64365	0.04107	0.23639	0.07888
V251	0.78386	0.07427	0.06724	0.07463
V252	0.00611	0.7652	0.13418	0.09451
V253	0.2923	0.12924	0.17903	0.39943
V254	0.00339	0.83745	0.05689	0.10227
V255	0.03461	0.8187	0.01252	0.13417
V256	0.16248	0.24866	0.42046	0.1684
V257	0.34039	0.15184	0.22768	0.28008
V258	0.15883	0.29329	0.34753	0.20034
V259	0.05045	0.31704	0.50069	0.13182
V260	0.01793	0.31345	0.57128	0.09734
V261	0.49599	0.08173	0.21073	0.21155
V262	0.0887	0.12484	0.07392	0.71253
V263	0.01153	0.85518	0.01418	0.11911
V264	0.1551	0.10312	0.36396	0.37782
V265	0.0438	0.084	0.15981	0.71239
V266	0.52672	0.3533	0.04596	0.07402
V267	0.01269	0.23084	0.25081	0.50565
V268	0.30789	0.08612	0.16946	0.43652
V269	0.0113	0.53351	0.31212	0.14307
V270	0.5246	0.07305	0.24676	0.15559
V271	0.64282	0.10475	0.08465	0.16778
V272	0.04309	0.73901	0.02825	0.18965
V273	0.05848	0.0981	0.09234	0.75108
V274	0.572	0.04444	0.20602	0.17754
V275	0.02957	0.08616	0.78701	0.09725
V276	0.39074	0.34759	0.04854	0.21313
V277	0.04219	0.25217	0.16577	0.53987
V278	0.04909	0.12745	0.26503	0.55844
V279	0.54939	0.10252	0.14662	0.20147
V280	0.03089	0.08804	0.07938	0.80169
V281	0.43193	0.08419	0.17	0.31388
V282	0.07681	0.12602	0.64993	0.14724
V283	0.1676	0.53904	0.07825	0.21511
V284	0.02152	0.81391	0.06333	0.10124
V285	0.09178	0.07334	0.74992	0.08496
V286	0.19536	0.51492	0.11449	0.17523
V287	0.07774	0.77809	0.02813	0.11604
V288	0.02574	0.31088	0.3461	0.31727
V289	0.24008	0.2528	0.34949	0.15762
V290	0.68135	0.18578	0.06297	0.0699
V291	0.41242	0.11386	0.3815	0.09223
V292	0.77225	0.04111	0.06307	0.12356
V293	0.26959	0.0686	0.53834	0.12347
V294	0.07651	0.37513	0.04075	0.50761
V295	0.02925	0.22802	0.18783	0.5549
V296	0.16697	0.17099	0.49424	0.1678
V297	0.07465	0.08294	0.11349	0.72892
V298	0.26602	0.1479	0.48868	0.09739
V299	0.06455	0.30299	0.0569	0.57556
V300	0.02058	0.10573	0.2246	0.6491
V301	0.12416	0.16516	0.51686	0.19382
V302	0.526	0.34446	0.04015	0.08939
V303	0.00494	0.56532	0.30248	0.12726
V304	0.07506	0.08958	0.59749	0.23787
V305	0.11849	0.20969	0.37374	0.29808
V306	0.65045	0.13062	0.09879	0.12013
V307	0.01149	0.85009	0.02678	0.11164
V308	0.19199	0.2642	0.25778	0.28603
V309	0.25543	0.33131	0.06165	0.35161
V310	0.07224	0.33618	0.15305	0.43853
V311	0.41372	0.46265	0.03767	0.08596
V312	0.08213	0.6731	0.12952	0.11525
V313	0.02028	0.1692	0.0719	0.73863
V314	0.0187	0.46396	0.11859	0.39875
V315	0.0982	0.57595	0.05397	0.27188
V316	0.25748	0.1826	0.33156	0.22836
V317	0.07213	0.6356	0.05801	0.23427
V318	0.03186	0.52436	0.03996	0.40382
V319	0.07848	0.11588	0.6821	0.12354
V320	0.08806	0.19439	0.51465	0.2029
V321	0.51804	0.36232	0.04508	0.07455
V322	0.156	0.33692	0.09775	0.40933
V323	0.05809	0.09772	0.12724	0.71695
V324	0.5275	0.27274	0.1021	0.09766
V325	0.24473	0.59161	0.07141	0.09224
V326	0.00134	0.53006	0.10121	0.36739
V327	0.03146	0.19924	0.13149	0.63781
V328	0.06604	0.09004	0.59772	0.2462
V329	0.14688	0.17008	0.17675	0.50629
V330	0.31979	0.06726	0.30761	0.30535
V331	0.26714	0.14416	0.09189	0.4968
V332	0.02796	0.12211	0.18923	0.6607
V333	0.34584	0.1254	0.34284	0.18591
V334	0.29314	0.06995	0.32148	0.31544
V335	0.03613	0.35364	0.40534	0.20489
V336	0.13995	0.6358	0.03997	0.18428
V337	0.23158	0.39967	0.25152	0.11723
V338	0	0.87927	0.01936	0.10136
V339	0.1351	0.07059	0.70188	0.09243
V340	0.06552	0.26471	0.41787	0.2519
V341	0.03639	0.10764	0.10679	0.74918
V342	0.22394	0.0632	0.50663	0.20623
V343	0.80712	0.04877	0.06982	0.07428
V344	0.55433	0.17996	0.19252	0.07319
V345	0.03717	0.08531	0.78942	0.08809
V346	0.19311	0.16953	0.25443	0.38293
V347	0.0501	0.08992	0.15404	0.70594
V348	0.04801	0.59898	0.13272	0.22029
V349	0.28284	0.20816	0.32924	0.17977
V350	0.02373	0.73433	0.14824	0.0937
V351	0.03448	0.10345	0.33904	0.52303
V352	0.07057	0.08301	0.68099	0.16543
V353	0.71297	0.06092	0.09198	0.13413
V354	0.04339	0.63564	0.18781	0.13316
V355	0.23473	0.13219	0.38791	0.24516
V356	0.04265	0.0984	0.13341	0.72554
V357	0.10204	0.34766	0.23691	0.31339
V358	0.41431	0.15317	0.09557	0.33695
V359	0.43877	0.11003	0.08455	0.36665
V360	0.43443	0.42017	0.05364	0.09176
V361	0.00943	0.4503	0.44258	0.09768
V362	0	0.87347	0.02506	0.10147
V363	0.15464	0.17169	0.38536	0.28831
V364	0.15286	0.12009	0.55017	0.17688
V365	0.2086	0.09473	0.07121	0.62545
V366	0.06339	0.62024	0.08976	0.22662
V367	0.4369	0.18294	0.0534	0.32676
V368	0.07166	0.66021	0.08861	0.17952
V369	0.02725	0.40609	0.46871	0.09795
V370	0.24724	0.29645	0.34026	0.11606
V371	0.14853	0.65488	0.04334	0.15326
V372	0.13749	0.12397	0.14582	0.59272
V373	0.08327	0.1949	0.38287	0.33896
V374	0.65191	0.04863	0.22895	0.0705
V375	0.04963	0.11236	0.16516	0.67286
V376	0.04241	0.10608	0.13275	0.71875
V377	0.6289	0.04157	0.07191	0.25762
V378	0.02717	0.10345	0.34652	0.52287
V379	0.25604	0.23544	0.05765	0.45088
V380	0.13125	0.1394	0.19926	0.53009
V381	0.57921	0.06069	0.13667	0.22343
V382	0.09823	0.08977	0.71777	0.09422
V383	0.66692	0.04622	0.10537	0.18148
V384	0.43003	0.12827	0.15925	0.28245
V385	0.69379	0.05148	0.12889	0.12584
V386	0.23954	0.08287	0.16934	0.50825
V387	0.45969	0.18497	0.19776	0.15758
V388	0.28688	0.3423	0.15267	0.21814
V389	0.31922	0.49458	0.03996	0.14624
V390	0.25114	0.27857	0.38291	0.08739
V391	0.31666	0.15787	0.06941	0.45606
V392	0.32488	0.25353	0.17336	0.24823
V393	0.22836	0.26175	0.29613	0.21375
V394	0.08374	0.26495	0.13006	0.52124
V395	0.17668	0.39361	0.18364	0.24606
V396	0.00213	0.85905	0.01894	0.11987
V397	0.62144	0.12485	0.13989	0.11383
V398	0.34043	0.18293	0.12668	0.34996
V399	0.15396	0.51903	0.14244	0.18457
V400	8e-04	0.54578	0.07822	0.3752
V401	0.05387	0.20549	0.57549	0.16515
V402	0.65102	0.19797	0.08084	0.07017
V403	0.03657	0.10068	0.11275	0.75
V404	0.09487	0.23615	0.48962	0.17937
V405	0.1815	0.10252	0.18157	0.53442
V406	0.49596	0.27085	0.06157	0.17163
V407	0	0.87927	0.01936	0.10136
V408	0.08917	0.27972	0.32505	0.30606
V409	0.02369	0.09571	0.07885	0.80175
V410	0.07064	0.77304	0.03969	0.11663
V411	0.33853	0.06657	0.06143	0.53347
V412	0.14724	0.13773	0.41026	0.30477
V413	0.05191	0.46747	0.16511	0.31551
V414	0.03825	0.4866	0.27041	0.20475
V415	0.35015	0.09009	0.23231	0.32745
V416	0.03543	0.12922	0.74765	0.0877
V417	0.30072	0.57811	0.03103	0.09014
V418	0.07206	0.16573	0.15999	0.60222
V419	0.03035	0.08718	0.08782	0.79465
V420	0	0.79151	0.02594	0.18254
V421	0.1533	0.10154	0.55172	0.19343
V422	0.04895	0.1292	0.06989	0.75195
V423	0.09769	0.08208	0.70742	0.1128
V424	0.019	0.11898	0.50305	0.35898
V425	0.06615	0.27284	0.47236	0.18865
V426	0.1035	0.10515	0.63584	0.15552
V427	0.06289	0.39995	0.17513	0.36203
V428	0.07067	0.69053	0.06666	0.17215
V429	0.03039	0.08733	0.09238	0.78989
V430	0.58896	0.19872	0.0669	0.14542
V431	0.16569	0.0918	0.38247	0.36005
V432	0.09562	0.15658	0.09438	0.65341
V433	0.04416	0.66239	0.0202	0.27324
V434	0.25966	0.13754	0.09768	0.50511
V435	0.39394	0.07178	0.15609	0.37819
V436	0.29784	0.07841	0.14894	0.4748
V437	0.18019	0.26346	0.0507	0.50565
V438	0.46669	0.19954	0.07695	0.25682
V439	0.04106	0.15909	0.06702	0.73282
V440	0.36913	0.09771	0.08749	0.44566
V441	0.07766	0.18614	0.47632	0.25988
V442	0.24456	0.35326	0.14343	0.25875
V443	0.58789	0.05001	0.13886	0.22324
V444	0.03717	0.08531	0.78942	0.08809
V445	0.50503	0.0643	0.32252	0.10815
V446	0.02851	0.73948	0.06548	0.16654
V447	0.49429	0.1414	0.19152	0.17279
V448	0.03429	0.13828	0.19327	0.63416
V449	0.44977	0.09047	0.28501	0.17474
V450	0.11264	0.76835	0.02851	0.09051
V451	0.76569	0.0837	0.05725	0.09337
V452	0.04399	0.09352	0.11272	0.74977
V453	0.64499	0.11436	0.11333	0.12732
V454	0	0.83273	0.05586	0.11141
V455	0.48504	0.08116	0.29227	0.14153
V456	0.26642	0.17374	0.33184	0.228
V457	0.02359	0.10187	0.07374	0.8008
V458	0.20429	0.2628	0.05005	0.48286
V459	0.01232	0.71189	0.09293	0.18286
V460	0.78645	0.04103	0.08911	0.08341
V461	0.05814	0.10562	0.07231	0.76392
V462	0.26224	0.2763	0.04363	0.41783
V463	0.20001	0.4576	0.15176	0.19063
V464	0.38437	0.15408	0.05566	0.40588
V465	0.30535	0.42116	0.05698	0.21652
V466	0.44466	0.22436	0.05043	0.28055
V467	0.24619	0.53511	0.09351	0.12519
V468	0.38435	0.39954	0.0807	0.13541
V469	0.02882	0.23025	0.25104	0.4899
V470	0.42383	0.17082	0.19158	0.21377
V471	0.20829	0.16528	0.08382	0.54261
V472	0.24452	0.34454	0.03856	0.37238
V473	0.09078	0.51797	0.27659	0.11465
V474	0.10592	0.07925	0.1389	0.67592
V475	0.14637	0.3978	0.09998	0.35586
V476	0.13655	0.09291	0.10496	0.66558
V477	0.47147	0.08989	0.21873	0.21991
V478	0.10515	0.54607	0.03121	0.31757
V479	0.04015	0.14494	0.64105	0.17386
V480	0.07218	0.33014	0.07812	0.51955
V481	0.15042	0.07735	0.6706	0.10163
V482	0.5475	0.19615	0.14123	0.11512
V483	0.11134	0.1711	0.11088	0.60668
V484	0.03479	0.13768	0.08109	0.74644
V485	0.09566	0.66408	0.02998	0.21028
V486	0.21092	0.29407	0.13899	0.35602
V487	0.07352	0.11822	0.12337	0.68489
V488	0.02512	0.07711	0.70672	0.19105
V489	0.1986	0.15194	0.55022	0.09925
V490	0.25806	0.3324	0.09634	0.3132
V491	0.33937	0.4535	0.06123	0.1459
V492	0.02203	0.7556	0.1205	0.10187
V493	0.0311	0.08793	0.0705	0.81048
V494	0.17201	0.20597	0.42253	0.19949
V495	0.17871	0.57559	0.13402	0.11168
V496	0.21434	0.63041	0.02056	0.13469
V497	0.03718	0.07759	0.78813	0.09711
V498	0.2425	0.16283	0.09578	0.49889
V499	0.48775	0.28557	0.14347	0.0832
V500	0.10809	0.17734	0.58506	0.12951
V501	0.02361	0.08778	0.09251	0.7961
V502	0.4281	0.29769	0.16371	0.11051
V503	0.16429	0.16162	0.19829	0.4758
V504	0.18096	0.63335	0.03378	0.15191
V505	0.16402	0.2577	0.22626	0.35202
V506	0.08995	0.28921	0.36226	0.25857
V507	0.47296	0.15058	0.14999	0.22647
V508	0.59271	0.19956	0.08636	0.12137
V509	0.20112	0.12549	0.4188	0.25459
V510	0.18538	0.49804	0.22377	0.09281
V511	0.04394	0.41682	0.07241	0.46683
V512	0.19382	0.11811	0.12012	0.56795
V513	0.06723	0.59451	0.18115	0.15712
V514	0.02887	0.12989	0.06601	0.77524
V515	0.60121	0.10709	0.10028	0.19142
V516	0.7516	0.11688	0.05548	0.07604
V517	0.05002	0.1035	0.23782	0.60867
V518	0.79774	0.06525	0.06262	0.07439
V519	0.01869	0.77044	0.02001	0.19086
V520	0.04695	0.07375	0.50548	0.37382
V521	0.46139	0.08984	0.33837	0.1104
V522	0.02245	0.19067	0.46029	0.32659
V523	0.27934	0.18186	0.24023	0.29857
V524	0.0055	0.70375	0.16327	0.12747
V525	0.19805	0.24875	0.0682	0.485
V526	0.49463	0.13166	0.1173	0.25641
V527	0.18171	0.0919	0.34149	0.3849
V528	0.07709	0.76801	0.01428	0.14062
V529	0.0664	0.13605	0.21323	0.58432
V530	0.02253	0.2501	0.53648	0.19089
V531	0.0141	0.78844	0.10352	0.09394
V532	0.13807	0.34441	0.06171	0.4558
V533	0.21847	0.36341	0.14272	0.2754
V534	0.0296	0.08373	0.57524	0.31143
V535	0.4265	0.05388	0.07005	0.44957
V536	0.17286	0.06921	0.32599	0.43194
V537	0.46496	0.27859	0.16675	0.0897
V538	0.34903	0.11587	0.12473	0.41037
V539	0.20872	0.42349	0.15419	0.2136
V540	0.15815	0.62946	0.08376	0.12863
V541	0.01788	0.48636	0.08257	0.41319
V542	0.16537	0.18808	0.23155	0.415
V543	0.71086	0.04439	0.07154	0.17321
V544	0.09802	0.15709	0.17826	0.56663
V545	0.27836	0.19481	0.10581	0.42102
V546	0.03672	0.79155	0.07123	0.10051
V547	0.03728	0.59617	0.25949	0.10705
V548	0.12513	0.68981	0.08841	0.09665
V549	0.28736	0.08512	0.53107	0.09645
V550	0.45018	0.0839	0.05696	0.40896
V551	0.14112	0.66423	0.04893	0.14572
V552	0.00136	0.50522	0.03671	0.45672
V553	0.20336	0.19528	0.49323	0.10814
V554	0.05626	0.1508	0.07945	0.71349
V555	0.08699	0.27015	0.27958	0.36328
V556	0.02732	0.09355	0.75396	0.12517
V557	0.64668	0.07325	0.06807	0.21199
V558	0.05401	0.69972	0.0421	0.20417
V559	0.00693	0.73616	0.16228	0.09462
V560	0.55112	0.32497	0.04278	0.08113
V561	0.02957	0.08616	0.78701	0.09725
V562	0.62309	0.04803	0.16059	0.16829
V563	0.23069	0.06439	0.61597	0.08896
V564	0.07865	0.13481	0.68132	0.10522
V565	0.11468	0.29506	0.30869	0.28157
V566	0.53732	0.14483	0.05659	0.26126
V567	0.16928	0.43661	0.05466	0.33945
V568	0.19412	0.08089	0.10354	0.62145
V569	0.52781	0.07789	0.05656	0.33774
V570	0.03958	0.31754	0.485	0.15788
V571	0.65171	0.1623	0.05108	0.13492
V572	0.36799	0.06262	0.39243	0.17696
V573	0.0609	0.22133	0.05836	0.65942
V574	0.03296	0.70938	0.14846	0.1092
V575	0.03334	0.15326	0.14742	0.66599
V576	0.12438	0.72388	0.04734	0.1044
V577	0.04991	0.12053	0.20856	0.621
V578	0.07103	0.1332	0.54229	0.25348
V579	0.00384	0.78539	0.09108	0.11969
V580	0.13021	0.08437	0.14533	0.64009
V581	0.06322	0.14224	0.06305	0.73149
V582	0.44101	0.19216	0.07798	0.28884
V583	0.02629	0.11886	0.47922	0.37564
V584	0.41114	0.19751	0.27217	0.11917
V585	0.02778	0.08605	0.37883	0.50733
V586	0.21613	0.07109	0.5379	0.17489
V587	0.24474	0.07103	0.56744	0.11678
V588	0.48197	0.09746	0.08046	0.34011
V589	0.04435	0.72406	0.07343	0.15816
V590	0.0427	0.69386	0.16364	0.0998
V591	0.02213	0.11483	0.20169	0.66136
V592	0.16112	0.09382	0.66328	0.08179
V593	0.46168	0.05126	0.20453	0.28253
V594	0.27006	0.31225	0.28559	0.1321
V595	0.03688	0.10096	0.07834	0.78381
V596	0.04066	0.31385	0.20375	0.44174
V597	0.00415	0.54708	0.27396	0.17481
V598	0.04036	0.1729	0.67983	0.1069
V599	0.48944	0.33331	0.06861	0.10864
V600	0.27194	0.45782	0.0754	0.19485
V601	0.13181	0.30391	0.10689	0.45739
V602	0.03712	0.10048	0.07386	0.78853
V603	0.01398	0.37997	0.0512	0.55484
V604	0.41487	0.16433	0.30944	0.11135
V605	0.06966	0.35094	0.32052	0.25888
V606	0.56342	0.19075	0.0619	0.18393
V607	0.50734	0.0656	0.14818	0.27888
V608	0.18705	0.21324	0.32099	0.27872
V609	0.03522	0.27907	0.21254	0.47317
V610	0.60452	0.06682	0.13749	0.19118
V611	0.22719	0.07699	0.10315	0.59267
V612	0.04926	0.15289	0.64055	0.1573
V613	0.04729	0.35229	0.46828	0.13214
V614	0.59276	0.1071	0.10049	0.19966
V615	0.11137	0.12332	0.06681	0.6985
V616	0.06286	0.63637	0.05813	0.24264
V617	0.39099	0.20175	0.33213	0.07513
V618	0.56742	0.0549	0.05722	0.32047
V619	0.3092	0.09136	0.29307	0.30637
V620	0.01038	0.61711	0.2723	0.10021
V621	0.3283	0.20318	0.18077	0.28774
V622	0.29148	0.25922	0.33449	0.1148
V623	0.03388	0.14513	0.16193	0.65906
V624	0.63637	0.22222	0.04701	0.0944
V625	0.20542	0.47158	0.10968	0.21332
V626	0.79645	0.05682	0.06311	0.08362
V627	0.02284	0.10205	0.11307	0.76204
V628	0.01334	0.26226	0.06431	0.66009
V629	0.11094	0.32051	0.23959	0.32896
V630	0.04726	0.3526	0.46034	0.1398
V631	0.02905	0.24124	0.12708	0.60263
V632	0.4567	0.0519	0.17124	0.32015
V633	0.0222	0.1012	0.668	0.20861
V634	0.32397	0.29172	0.2972	0.08711
V635	0.01961	0.68106	0.02501	0.27433
V636	0.12377	0.16529	0.50909	0.20185
V637	0.23536	0.23996	0.11735	0.40734
V638	0.28375	0.28685	0.10129	0.3281
V639	0.22403	0.42535	0.26848	0.08214
V640	0.05496	0.20587	0.59904	0.14014
V641	0.71494	0.07721	0.08255	0.12531
V642	0.60273	0.2059	0.04625	0.14512
V643	0.02077	0.2415	0.36353	0.3742
V644	0.74607	0.10784	0.06153	0.08456
V645	0.21566	0.40857	0.26748	0.10828
V646	0.00314	0.87545	0.0191	0.10231
V647	0.14415	0.1472	0.56422	0.14443
V648	0.31921	0.42473	0.1416	0.11446
V649	0.05079	0.12754	0.67288	0.14879
V650	0.07489	0.15161	0.61691	0.15658
V651	0.28098	0.06103	0.56986	0.08813
V652	0.09271	0.15942	0.36023	0.38763
V653	0.10034	0.60243	0.103	0.19423
V654	0.54265	0.2296	0.09777	0.12997
V655	0.03157	0.53467	0.04449	0.38928
V656	0.16182	0.29931	0.0537	0.48517
V657	0.03483	0.13797	0.06948	0.75771
V658	0.45779	0.24234	0.0967	0.20317
V659	0.26621	0.14946	0.3162	0.26814
V660	0.01911	0.84844	0.01346	0.119
V661	0.05189	0.41635	0.08035	0.4514
V662	0.34117	0.07282	0.40782	0.17819
V663	0.21143	0.13447	0.46369	0.19042
V664	0.18915	0.12622	0.54958	0.13505
V665	0.53267	0.22065	0.08343	0.16326
V666	0.45317	0.05251	0.1428	0.35153
V667	0.62959	0.10729	0.19174	0.07139
V668	0.097	0.72487	0.08828	0.08985
V669	0.18546	0.41075	0.22006	0.18373
V670	0.05972	0.80801	0.01569	0.11659
V671	0.28434	0.30971	0.23399	0.17195
V672	0.04385	0.09227	0.73918	0.12469
V673	0.18674	0.37644	0.20695	0.22987
V674	0.55622	0.184	0.06804	0.19174
V675	0.12082	0.347	0.26762	0.26456
V676	0.03962	0.17642	0.13297	0.65098
V677	0.29164	0.39965	0.11431	0.19441
V678	0.40623	0.46457	0.04276	0.08643
V679	0.05917	0.33523	0.50104	0.10456
V680	0.24143	0.51489	0.13683	0.10685
V681	0.72971	0.09875	0.0688	0.10274
V682	0.10908	0.32236	0.43954	0.12902
V683	0.00308	0.87546	0.0264	0.09506
V684	0.54676	0.19689	0.12603	0.13032
V685	0.38118	0.35317	0.1373	0.12835
V686	0.08565	0.23314	0.1586	0.52261
V687	0.03724	0.09447	0.07866	0.78963
V688	0.28387	0.48567	0.02953	0.20093
V689	0.20244	0.07072	0.09915	0.62769
V690	0.38478	0.09691	0.37443	0.14389
V691	0.16184	0.06856	0.67841	0.09118
V692	0.08936	0.19465	0.56056	0.15543
V693	0.19648	0.16992	0.31466	0.31894
V694	0.02757	0.1038	0.2666	0.60203
V695	0.19763	0.0785	0.17664	0.54723
V696	0.07116	0.14976	0.07122	0.70786
V697	0.02923	0.12215	0.07161	0.77701
V698	0.65459	0.04763	0.07075	0.22703
V699	0.43024	0.30389	0.09923	0.16664
V700	0.18347	0.09632	0.06648	0.65374
V701	0.09296	0.49612	0.11459	0.29633
V702	0.41023	0.13513	0.06454	0.39011
V703	0.12918	0.12265	0.40256	0.34561
V704	0.64896	0.08797	0.08124	0.18182
V705	0.79122	0.03452	0.07501	0.09925
V706	0.09269	0.11579	0.61961	0.17191
V707	0.04403	0.42852	0.39465	0.13281
V708	0.02836	0.7717	0.03281	0.16714
V709	0.12674	0.29552	0.41633	0.16142
V710	0.45767	0.2427	0.08846	0.21117
V711	0.07197	0.70922	0.09452	0.12428
V712	0.64611	0.09504	0.06168	0.19717
V713	0.32634	0.31963	0.06887	0.28516
V714	0.00662	0.6092	0.04	0.34418
V715	0.24251	0.34731	0.2609	0.14929
V716	0.04343	0.11325	0.09535	0.74797
V717	0.05962	0.81579	0.01509	0.10949
V718	0.1218	0.5228	0.16136	0.19404
V719	0.04714	0.63516	0.05096	0.26674
V720	0.5682	0.04421	0.24118	0.14641
V721	0.11801	0.21778	0.3826	0.28161
V722	0.07822	0.3528	0.05168	0.51729
V723	0.095	0.14766	0.06511	0.69223
V724	0.44468	0.08427	0.12711	0.34395
V725	0.02288	0.15514	0.69634	0.12563
V726	0.03748	0.38621	0.12985	0.44645
V727	0.21166	0.59541	0.09963	0.0933
V728	0.02183	0.78574	0.0911	0.10133
V729	0.31821	0.07709	0.18355	0.42115
V730	0.73019	0.06834	0.10001	0.10147
V731	0.03722	0.24829	0.32498	0.38951
V732	0.28301	0.13945	0.3105	0.26705
V733	0.49095	0.22396	0.07515	0.20994
V734	0.20489	0.32598	0.37941	0.08971
V735	0.03595	0.10205	0.40121	0.46079
V736	0.11986	0.08687	0.07121	0.72206
V737	0.25795	0.31218	0.21776	0.21211
V738	0.07991	0.35016	0.35844	0.21149
V739	0.01959	0.08354	0.49613	0.40074
V740	0.67719	0.1209	0.11594	0.08596
V741	0.36874	0.15791	0.14841	0.32495
V742	0.31871	0.5617	0.03785	0.08174
V743	0.1352	0.19193	0.56135	0.11152
V744	0.41728	0.09247	0.30715	0.18311
V745	0.01544	0.62803	0.15798	0.19856
V746	0.82624	0.03381	0.06554	0.07441
V747	0.0745	0.07207	0.57555	0.27789
V748	0.12256	0.16541	0.47025	0.24178
V749	0.2165	0.22253	0.09195	0.46903
V750	0.31209	0.44513	0.04949	0.19329
V751	0.03548	0.76575	0.04815	0.15062
V752	0.35049	0.26124	0.14817	0.24009
V753	0.03066	0.09475	0.06898	0.80561
V754	0.00332	0.82424	0.01245	0.15999
V755	0.13216	0.24262	0.28808	0.33714
V756	0.03702	0.0939	0.09604	0.77304
V757	0.26172	0.54116	0.0812	0.11593
V758	0.03874	0.67947	0.11572	0.16606
V759	0.12	0.13177	0.33825	0.40998
V760	0.23713	0.12354	0.25768	0.38166
V761	0.06164	0.53826	0.2275	0.1726
V762	0.00585	0.38843	0.05069	0.55503
V763	0.28909	0.3637	0.06085	0.28636
V764	0.00383	0.81682	0.01975	0.1596
V765	0.51166	0.13771	0.05053	0.3001
V766	0.02582	0.34546	0.35186	0.27687
V767	0.3754	0.17476	0.23356	0.21628
V768	0.04323	0.80511	0.03372	0.11794
V769	0.11539	0.73936	0.04087	0.10438
V770	0.00314	0.87545	0.0191	0.10231
V771	0.16868	0.07615	0.65459	0.10059
V772	0.14169	0.10388	0.66222	0.0922
V773	0.13025	0.74141	0.02458	0.10375
V774	0.04495	0.07646	0.75383	0.12476
V775	0.10921	0.11507	0.25704	0.51868
V776	0.32384	0.41217	0.07842	0.18556
V777	0.14551	0.17803	0.15541	0.52105
V778	0.40516	0.29781	0.09968	0.19735
V779	0.15718	0.11122	0.4108	0.3208
V780	0.09074	0.69733	0.1216	0.09033
V781	0.04985	0.10673	0.08384	0.75958
V782	0.02741	0.18192	0.63222	0.15844
V783	0.61639	0.06701	0.10273	0.21387
V784	0.08657	0.78712	0.02786	0.09845
V785	0.02794	0.82721	0.02604	0.11881
V786	0.5623	0.19527	0.11988	0.12255
V787	0	0.75783	0.13965	0.10252
V788	0.39223	0.31775	0.16295	0.12707
V789	0.0624	0.37262	0.06129	0.5037
V790	0.34725	0.09153	0.12033	0.44089
V791	0.11999	0.38248	0.27237	0.22516
V792	0.10679	0.50391	0.0345	0.3548
V793	0.09821	0.59278	0.05281	0.25621
V794	0.06703	0.14347	0.62459	0.16492
V795	0.09753	0.11681	0.10328	0.68238
V796	0.05163	0.14464	0.68905	0.11468
V797	0.62723	0.04275	0.24243	0.08759
V798	0.48493	0.3107	0.10659	0.09778
V799	0.10558	0.68894	0.04244	0.16305
V800	0.07861	0.09979	0.4245	0.3971
V801	0.12543	0.1821	0.28392	0.40855
V802	0.04837	0.15398	0.24691	0.55074
V803	0.18601	0.49797	0.23225	0.08378
V804	0.4283	0.06857	0.35267	0.15046
V805	0.03768	0.07801	0.7962	0.08811
V806	0.03521	0.80356	0.02742	0.13381
V807	0.19906	0.20466	0.0816	0.51468
V808	0.51487	0.28893	0.08034	0.11586
V809	0.06542	0.10053	0.74797	0.08607
V810	0.00283	0.88143	0.01358	0.10215
V811	0.32973	0.13558	0.20702	0.32767
V812	0.41362	0.28667	0.08688	0.21283
V813	0.46671	0.22939	0.19432	0.10957
V814	0.33908	0.50411	0.06885	0.08796
V815	0	0.82252	0.07567	0.10181
V816	0.78028	0.03432	0.11744	0.06796
V817	0.05246	0.13631	0.70433	0.10691
V818	0.02189	0.12247	0.09041	0.76522
V819	0.6583	0.12205	0.09949	0.12017
V820	0.11028	0.16227	0.07608	0.65138
V821	0.1828	0.33517	0.32258	0.15945
V822	0.08929	0.09011	0.7074	0.11321
V823	0.04479	0.23944	0.5341	0.18166
V824	0.09177	0.38488	0.43701	0.08634
V825	0.18014	0.31795	0.22326	0.27866
V826	0.33874	0.40692	0.16009	0.09425
V827	0.29325	0.5545	0.03721	0.11504
V828	0.1773	0.21846	0.13191	0.47233
V829	0.04304	0.27895	0.07768	0.60033
V830	0.17294	0.26639	0.06776	0.49291
V831	0.60019	0.13356	0.08237	0.18388
V832	0.20997	0.39929	0.16178	0.22896
V833	0.12249	0.48095	0.16409	0.23247
V834	0.22748	0.14028	0.11766	0.51457
V835	0.27587	0.43555	0.1245	0.16409
V836	0.00588	0.61484	0.02858	0.35069
V837	0.17633	0.38536	0.17567	0.26264
V838	0.76284	0.07474	0.08669	0.07573
V839	0.23881	0.56163	0.10771	0.09185
V840	0.23192	0.65551	0.02777	0.08479
V841	0.02434	0.11019	0.71525	0.15021
V842	0.27869	0.2166	0.23796	0.26675
V843	0.04169	0.09136	0.69961	0.16733
V844	0.10905	0.15851	0.32282	0.40962
V845	0.08225	0.16905	0.59263	0.15607
V846	0.02183	0.08518	0.61271	0.28028
V847	0.0247	0.08863	0.07475	0.81192
V848	0.07761	0.48303	0.15801	0.28135
V849	0	0.84748	0.01854	0.13398
V850	0.80682	0.03442	0.07543	0.08334
V851	0.26833	0.50599	0.14459	0.08109
V852	0.09811	0.12468	0.15607	0.62114
V853	0.20395	0.26364	0.33417	0.19824
V854	0.4543	0.21122	0.1301	0.20439
V855	0.0247	0.08863	0.07475	0.81192
V856	0.04811	0.36885	0.29131	0.29172
V857	0.51733	0.21339	0.07578	0.1935
V858	0.46664	0.05701	0.39421	0.08214
V859	0.50446	0.26219	0.0622	0.17115
V860	0.15056	0.17641	0.09714	0.57589
V861	0.09129	0.36802	0.43769	0.10299
V862	0.13628	0.14826	0.57887	0.1366
V863	0.15957	0.12714	0.05973	0.65357
V864	0.06527	0.11215	0.09972	0.72286
V865	0.11005	0.08391	0.25123	0.5548
V866	0.59571	0.06069	0.25549	0.08811
V867	0.59581	0.06946	0.25481	0.07992
V868	0.39201	0.30151	0.14567	0.16081
V869	0.0117	0.86804	0.01901	0.10125
V870	0.08764	0.35323	0.0566	0.50254
V871	0	0.84748	0.01854	0.13398
V872	0.02859	0.09812	0.23667	0.63662
V873	0.71425	0.06842	0.10692	0.11041
V874	0.15684	0.71313	0.04222	0.08781
V875	0.02902	0.24489	0.19329	0.53279
V876	0.14009	0.34643	0.33638	0.1771
V877	0.04678	0.4036	0.24944	0.30018
V878	0.10726	0.73011	0.07295	0.08968
V879	0.14987	0.62286	0.05869	0.16859
V880	0.23359	0.51387	0.03349	0.21906
V881	0.14131	0.11182	0.48875	0.25812
V882	0.64106	0.03921	0.16739	0.15234
V883	0.24453	0.23532	0.43857	0.08158
V884	0.02686	0.3029	0.04478	0.62546
V885	0.571	0.23782	0.11786	0.07332
V886	0.02426	0.37972	0.3744	0.22162
V887	0.49235	0.11669	0.18006	0.2109
V888	0.11032	0.11396	0.59656	0.17916
V889	0.74619	0.08349	0.07772	0.0926
V890	0.05107	0.20473	0.49147	0.25273
V891	0.50097	0.09766	0.2772	0.12417
V892	0.2136	0.22899	0.05908	0.49833
V893	0.44739	0.24562	0.1661	0.14088
V894	0.07429	0.33398	0.4611	0.13062
V895	0.46149	0.11839	0.20733	0.2128
V896	0.02754	0.83356	0.02014	0.11876
V897	0.53548	0.27557	0.05087	0.13809
V898	0.35713	0.05844	0.06559	0.51884
V899	0.03591	0.24257	0.15309	0.56843
V900	0.07802	0.32408	0.29985	0.29805
V901	0.02655	0.73848	0.02187	0.2131
V902	0.0363	0.80504	0.05829	0.10038
V903	0.01477	0.42326	0.42013	0.14185
V904	0.01156	0.87383	0.0137	0.1009
V905	0.1326	0.07542	0.19003	0.60196
V906	0.30634	0.15309	0.13448	0.40609
V907	0.32856	0.48623	0.04748	0.13773
V908	0.0285	0.12279	0.11098	0.73773
V909	0.10316	0.71759	0.01616	0.16309
V910	0.13837	0.07568	0.15209	0.63386
V911	0.39176	0.39091	0.06521	0.15213
V912	0.29562	0.34225	0.13677	0.22536
V913	0.09743	0.0816	0.07272	0.74825
V914	0.15174	0.4724	0.24771	0.12814
V915	0.17592	0.07391	0.06978	0.68039
V916	0.22383	0.11607	0.52701	0.13308
V917	0.56096	0.07703	0.19104	0.17097
V918	0.04334	0.57875	0.19641	0.1815
V919	0.16492	0.27484	0.25755	0.30269
V920	0.46855	0.23503	0.1232	0.17322
V921	0.03777	0.21567	0.07742	0.66914
V922	0.09248	0.45195	0.3164	0.13916
V923	0.07398	0.09715	0.09574	0.73313
V924	0.03578	0.61133	0.22691	0.12599
V925	0.144	0.10687	0.07267	0.67646
V926	0.16127	0.09802	0.08598	0.65474
V927	0.03621	0.11403	0.10039	0.74937
V928	0.03423	0.78661	0.02065	0.1585
V929	0.04883	0.58235	0.12559	0.24323
V930	0.38361	0.3746	0.06628	0.17551
V931	0.12661	0.30419	0.40764	0.16156
V932	0.05206	0.17761	0.48484	0.28549
V933	0.46805	0.39206	0.04939	0.09051
V934	0.02122	0.21241	0.24546	0.52091
V935	0.43515	0.20536	0.20925	0.15024
V936	0.39364	0.29629	0.05934	0.25073
V937	0.40996	0.17828	0.12085	0.29092
V938	0.29914	0.11016	0.2848	0.30591
V939	0.58715	0.06866	0.12077	0.22341
V940	0.0225	0.70668	0.13592	0.1349
V941	0.02998	0.07793	0.79458	0.09751
V942	0.57769	0.21922	0.10591	0.09717
V943	0.32054	0.17895	0.36318	0.13733
V944	0.02634	0.29815	0.09673	0.57877
V945	0.42397	0.36136	0.04849	0.16618
V946	0.35441	0.28821	0.23667	0.1207
V947	0.08258	0.12684	0.22041	0.57017
V948	0.29467	0.08529	0.51516	0.10488
V949	0.01587	0.17956	0.19903	0.60555
V950	0.05193	0.50263	0.18597	0.25946
V951	0.678	0.05542	0.18841	0.07817
V952	0.07262	0.19334	0.23831	0.49573
V953	0.04255	0.11951	0.71318	0.12476
V954	0.0441	0.23431	0.15328	0.56831
V955	0.09775	0.54898	0.05054	0.30273
V956	0.05168	0.10026	0.42586	0.4222
V957	0.25587	0.08331	0.06066	0.60015
V958	0.0311	0.08793	0.0705	0.81048
V959	0.19523	0.29025	0.35548	0.15903
V960	0.18288	0.30091	0.10787	0.40834
V961	0.11988	0.39	0.28865	0.20147
V962	0.29184	0.21657	0.33663	0.15495
V963	0.45617	0.21087	0.17497	0.15799
V964	0.67222	0.07106	0.14467	0.11204
V965	0.05167	0.47776	0.17117	0.2994
V966	0.79844	0.04921	0.06897	0.08338
V967	0.06929	0.11657	0.4323	0.38183
V968	0.01814	0.20808	0.61477	0.15901
V969	0.01776	0.3143	0.07475	0.59319
V970	0.0483	0.18834	0.35083	0.41253
V971	0.39658	0.13973	0.30376	0.15993
V972	0.38086	0.23937	0.08842	0.29136
V973	0.20607	0.41204	0.09904	0.28285
V974	0.00608	0.69818	0.12107	0.17468
V975	0.10297	0.31579	0.48678	0.09446
V976	0.33142	0.27935	0.13363	0.2556
V977	0.26111	0.36502	0.28556	0.08831
V978	0.06333	0.15941	0.10719	0.67006
V979	0.65695	0.05888	0.20559	0.07858
V980	0.82624	0.03381	0.06554	0.07441
V981	0.27826	0.09521	0.37465	0.25187
V982	0.33352	0.39514	0.10136	0.16997
V983	0.53694	0.11198	0.0593	0.29178
V984	0.01411	0.74544	0.10437	0.13608
V985	0.06721	0.23782	0.0551	0.63987
V986	0.24677	0.49269	0.07243	0.1881
V987	0.18787	0.68109	0.01873	0.11231
V988	0.16831	0.09013	0.07294	0.66862
V989	0.34211	0.45561	0.09874	0.10354
V990	0.01986	0.11904	0.63658	0.22452
V991	0.50883	0.36307	0.0381	0.08999
V992	0.18495	0.0734	0.43786	0.3038
V993	0.05767	0.65088	0.15041	0.14103
V994	0.14885	0.70478	0.04285	0.10353
V995	0.56605	0.1527	0.08154	0.19971
V996	0.20662	0.18103	0.06293	0.54942
V997	0.04125	0.08434	0.66715	0.20727
V998	0.70152	0.05155	0.12135	0.12559
V999	0.09531	0.79102	0.01593	0.09774
V1000	0.23993	0.09136	0.06038	0.60833
