CD56NK	CD4MemoryT	CD19B	CD14
V1	0.05903	0.09709	0.11657	0.72732
V2	0.00558	0.07703	0.01138	0.90601
V3	0.00432	0.39133	0.00401	0.60033
V4	0.25188	0.54549	0	0.20263
V5	0.01004	0.39411	0.15246	0.44339
V6	0.00976	0.87623	0.01818	0.09583
V7	0.00812	0.23914	0.03524	0.71749
V8	0.02194	0.03173	0.78263	0.1637
V9	0.01176	0.16443	0.01288	0.81093
V10	0.00293	0.01164	0.76262	0.2228
V11	0.03197	0.4872	0.43888	0.04195
V12	0.00381	0.61846	0.30704	0.0707
V13	0.03835	0.84884	0.00492	0.10789
V14	0.00885	0.95456	0.00429	0.0323
V15	0.01029	0.47925	0.07499	0.43547
V16	0.26093	0.41987	0.04467	0.27453
V17	0.01109	0.88207	0.011	0.09584
V18	0.10443	0.61953	0.056	0.22004
V19	0.02175	0.90497	0.00458	0.0687
V20	0.00894	0.29814	0.00695	0.68597
V21	0.02137	0.07986	0.73803	0.16075
V22	0.00033	0.06995	0.05378	0.87594
V23	0.07555	0.12994	0.73956	0.05495
V24	0.38789	0.52068	0.08772	0.00371
V25	0.02847	0.23426	0.07622	0.66105
V26	0.03909	0.3801	0.01228	0.56853
V27	0.0031	0.0608	0.00069	0.93541
V28	3e-05	0.01356	0.98641	0
V29	0.07987	0.12519	0.60513	0.18981
V30	0.00724	0.1624	0.13158	0.69878
V31	0.01508	0.17253	0.16252	0.64986
V32	0.00217	0.04846	0.0029	0.94647
V33	0.00571	0.44415	0.2441	0.30604
V34	0.02163	0.0555	0.76037	0.16251
V35	0.02164	0.77218	0.07248	0.1337
V36	0.00022	0.04152	0.20517	0.75309
V37	0.05393	0.1419	0.06066	0.74351
V38	0.03943	0.06161	0.1035	0.79545
V39	0.01582	0.47984	0.08476	0.41958
V40	0.01419	0.91766	0.06814	0
V41	0.00017	0.43191	0.02241	0.54551
V42	0.01178	0.05671	0.08263	0.84887
V43	0.0188	0.40081	0.43613	0.14426
V44	0.00189	0.0696	0.43426	0.49425
V45	0.01098	0.54135	0.15542	0.29224
V46	0.24265	0.44074	0.24133	0.07528
V47	0.0718	0.34319	0.33721	0.24779
V48	0.20772	0.59676	0.01165	0.18387
V49	0.13222	0.44153	0	0.42625
V50	0.00922	0.88518	0.07248	0.03312
V51	0.04509	0.55336	0.24725	0.1543
V52	0.00462	0.11619	0.7305	0.14868
V53	0.20211	0.51518	0.28096	0.00174
V54	0.07506	0.36129	0.42541	0.13824
V55	0.01461	0.1237	0.12345	0.73824
V56	0.00103	0.04649	0.0165	0.93598
V57	0.01305	0.90245	0.01904	0.06546
V58	0.0683	0.10838	0.0287	0.79462
V59	0.0689	0.58945	0.11174	0.22991
V60	0.0098	0.13441	0.17871	0.67708
V61	0.16454	0.35953	0.01743	0.45851
V62	0.28138	0.41754	0.14763	0.15345
V63	0.00201	0.80895	0.09643	0.09261
V64	3e-04	0.62914	0	0.37055
V65	0	0.03878	0.01831	0.94291
V66	0.02633	0.70373	0.01678	0.25316
V67	0.02359	0.41357	0.47847	0.08436
V68	0.00691	0.10164	0.00482	0.88664
V69	0.00394	0.31765	0.47602	0.20239
V70	0.06907	0.26311	0.15623	0.51159
V71	0.01243	0.07952	0.21324	0.69481
V72	0.06413	0.25473	0.07507	0.60607
V73	0.01669	0.58064	0.1051	0.29758
V74	0.01046	0.27125	0.71829	0
V75	0.12469	0.15944	0.22429	0.49158
V76	0	0.09679	0.05655	0.84666
V77	0.00166	0.15187	0	0.84647
V78	0.02433	0.13052	0.10439	0.74076
V79	0.00112	0.09258	0.58802	0.31829
V80	0.04878	0.08111	0.47896	0.39115
V81	0.01038	0.19188	0.7558	0.04194
V82	0	0.05255	0.90536	0.04209
V83	0.00556	0.11417	0.02284	0.85743
V84	0.03422	0.09066	0.09665	0.77846
V85	0.00987	0.26916	0.23455	0.48643
V86	0.00804	0.05022	0.74801	0.19374
V87	0.00397	0.72474	0.04084	0.23045
V88	0.00846	0.073	0.10734	0.8112
V89	0.00032	0.04048	0.05308	0.90612
V90	0.00334	0.88612	0.04703	0.06351
V91	0.00454	0.72301	0.14921	0.12325
V92	0.0551	0.10188	0.31734	0.52568
V93	0.185	0.24375	0	0.57124
V94	0.00057	0.24041	0.00528	0.75373
V95	0.02565	0.41409	0.10905	0.45121
V96	0.00279	0.07688	0.00382	0.91651
V97	0.17609	0.40747	0.3484	0.06805
V98	0.15358	0.73121	0	0.11521
V99	0.24738	0.38066	0.29483	0.07713
V100	0.01383	0.03192	0.82914	0.12511
V101	0	0.0421	0	0.9579
V102	0.30428	0.51467	0.01797	0.16308
V103	0	0.0543	0.01887	0.92683
V104	0.00331	0.96118	0.00414	0.03137
V105	0.00746	0.94921	0.01149	0.03184
V106	0.01598	0.55304	0.2629	0.16808
V107	0.02547	0.26018	0.49016	0.22418
V108	0.0218	0.88985	0.08835	0
V109	0.00147	0.12942	0.29792	0.5712
V110	0.00729	0.86583	0.03224	0.09464
V111	0.33451	0.39655	0.17737	0.09157
V112	0.01023	0.07019	0.23714	0.68244
V113	0.00967	0.09395	0.06906	0.82732
V114	0.01108	0.06633	0.02712	0.89547
V115	8e-04	0.78135	0.18489	0.03297
V116	0.0122	0.27469	0.22074	0.49237
V117	0.13426	0.57268	0.05213	0.24093
V118	0.01237	0.44519	0.02101	0.52143
V119	0.00437	0.07261	0.01155	0.91148
V120	0.01395	0.08245	0.81767	0.08593
V121	0.06335	0.22805	0.0738	0.6348
V122	0.34994	0.43319	0.0395	0.17737
V123	1e-05	0.29689	0.01736	0.68574
V124	0.11693	0.57578	0	0.30729
V125	0.06056	0.62604	0.18712	0.12628
V126	0.00135	0.09324	0.0113	0.89412
V127	0.00834	0.06385	0.10172	0.82609
V128	0.00061	0.04725	0.02332	0.92882
V129	0.11369	0.48722	0.20523	0.19386
V130	9e-04	0.69504	0.27035	0.0337
V131	0.0027	0.75007	0	0.24723
V132	0.31555	0.37865	0.06958	0.23622
V133	0.3026	0.40905	0.12482	0.16354
V134	0.00774	0.28169	0.06534	0.64524
V135	0.00321	0.04894	0.0491	0.89875
V136	0.01726	0.31279	0.00468	0.66527
V137	0.12539	0.20185	0.29674	0.37602
V138	0.0184	0.35322	0.10973	0.51864
V139	0.02973	0.21804	0.11639	0.63584
V140	0.00059	0.07106	0.00939	0.91895
V141	0.00618	0.13602	0.28181	0.57598
V142	0.27051	0.29136	0.4357	0.00243
V143	0.0411	0.28239	0.04519	0.63132
V144	0.00945	0.12518	0.07441	0.79096
V145	0	0.78306	0.18428	0.03266
V146	0.00135	0.04475	0.00304	0.95086
V147	0.2534	0.37203	0.04315	0.33142
V148	0.0106	0.08809	0.3109	0.59042
V149	0.04039	0.69699	0.22063	0.04199
V150	0.01214	0.26079	0.4306	0.29646
V151	0.02093	0.55932	0.02572	0.39404
V152	0.02649	0.46604	0.16625	0.34121
V153	0.01064	0.62772	0.0136	0.34804
V154	0.03355	0.57557	0.24259	0.1483
V155	0.06536	0.25184	0.25402	0.42878
V156	0.00447	0.13766	0.44324	0.41463
V157	0.02714	0.17445	0.18655	0.61186
V158	0	0.03643	0.001	0.96257
V159	0.22513	0.42107	0	0.3538
V160	0.08216	0.12809	0.05342	0.73633
V161	0.00819	0.05342	0.00662	0.93177
V162	0.00397	0.17756	0.02979	0.78868
V163	0.00785	0.3609	0.09122	0.54003
V164	0.02914	0.28806	0.06342	0.61937
V165	0	0.14065	0	0.85935
V166	0	0.06988	0.01654	0.91358
V167	0.01944	0.05363	0	0.92692
V168	0.03571	0.65255	0.07245	0.2393
V169	0.00718	0.06858	0.00892	0.91532
V170	0.00907	0.04479	0.27906	0.66707
V171	0.01875	0.29711	0.50079	0.18336
V172	0.20429	0.23527	0.48651	0.07393
V173	0.00081	0.09304	0.0088	0.89735
V174	3e-04	0.09796	0.019	0.88274
V175	0.00857	0.02742	0.52949	0.43452
V176	0.00074	0.82916	0.13811	0.03199
V177	0.00059	0.93846	0	0.06095
V178	0.00024	0.53423	0.00097	0.46456
V179	0.01102	0.04166	0.19841	0.74891
V180	0.00353	0.93177	0.0647	0
V181	0.01652	0.15021	0.34439	0.48888
V182	0.0417	0.2729	0.41495	0.27045
V183	0.02549	0.9339	0.00496	0.03566
V184	0.44235	0.52504	0.02795	0.00466
V185	0.11476	0.81341	0.01953	0.0523
V186	0.01164	0.42508	0.16871	0.39457
V187	0.3713	0.44957	0.08347	0.09567
V188	0.00287	0.13287	0	0.86427
V189	0.1264	0.1969	0.0211	0.65561
V190	0.17573	0.20879	0.5462	0.06928
V191	0.0263	0.27925	0.50555	0.18891
V192	0.0285	0.42592	0.03556	0.51002
V193	0.08503	0.15352	0.21942	0.54203
V194	0.00441	0.89999	0.00373	0.09186
V195	0.00174	0.01596	0.93969	0.0426
V196	0	0.05899	0	0.94101
V197	0.02513	0.08523	0.00844	0.8812
V198	0.00897	0.49858	0.27816	0.21429
V199	0.00721	0.05304	0.05964	0.88011
V200	0.00886	0.40252	0.00927	0.57934
V201	0.00919	0.45282	0.11861	0.41938
V202	0.00187	0.02999	0.44701	0.52114
V203	0.02385	0.51891	0.34825	0.10899
V204	0	0.27867	0	0.72133
V205	0.00333	0.05662	0.85709	0.08297
V206	0.00898	0.11536	0.83249	0.04317
V207	0.0058	0.12654	0.01702	0.85065
V208	0.04468	0.13304	0.72765	0.09463
V209	0.02881	0.43262	0.04822	0.49034
V210	0.01068	0.73241	0.0731	0.18381
V211	0.02605	0.06949	0.01172	0.89275
V212	0.10468	0.17987	0.55795	0.15749
V213	0.07194	0.13877	0.08487	0.70442
V214	0.02764	0.1751	0.09893	0.69833
V215	0.01387	0.0956	0.005	0.88553
V216	0.00055	0.03827	9e-04	0.96028
V217	0.00442	0.36345	0.12626	0.50586
V218	0.0075	0.32566	0.08793	0.57892
V219	0.00815	0.44904	0.0051	0.53771
V220	0.00027	0.59255	0.00125	0.40593
V221	0.10699	0.16276	0.00418	0.72607
V222	0.03166	0.17428	0.24328	0.55079
V223	0.00109	0.14483	0.56314	0.29093
V224	0.42853	0.49303	0.07418	0.00426
V225	0.00766	0.91091	0.04899	0.03244
V226	0.0536	0.17728	0.67025	0.09887
V227	0.23574	0.25843	0.36188	0.14395
V228	0.1439	0.27395	0.0827	0.49944
V229	0.00324	0.01965	0.85695	0.12017
V230	0	0.04198	0.00091	0.95712
V231	0.00047	0.14996	0.03511	0.81446
V232	0.00355	0.41232	0	0.58412
V233	0.06869	0.20484	0.16749	0.55897
V234	0.00452	0.90763	0.02531	0.06253
V235	0.06726	0.16134	0.5928	0.1786
V236	0.00705	0.08095	0.60205	0.30994
V237	0.00653	0.05081	0.00675	0.9359
V238	0.01674	0.58372	0.20464	0.1949
V239	0.0039	0.22653	0.00539	0.76419
V240	0.08834	0.15586	0.48377	0.27202
V241	0.00275	0.01393	0.69856	0.28475
V242	0.01774	0.83135	0.08248	0.06843
V243	0.03571	0.09448	0.53648	0.33333
V244	0.02818	0.04547	0.56043	0.36592
V245	0.10128	0.53651	0.06283	0.29939
V246	0.00959	0.18257	0.69143	0.11641
V247	0.0314	0.05032	0.91812	0.00015
V248	0.00015	0.0488	0.00726	0.94379
V249	0	0.04053	0.6819	0.27757
V250	0.2275	0.26479	0.43023	0.07748
V251	0.3548	0.53354	0.02057	0.09109
V252	0.00076	0.87335	0.12589	0
V253	0.02862	0.10804	0.09532	0.76803
V254	0.00063	0.9286	0.03974	0.03103
V255	0.00554	0.8473	0	0.14716
V256	0.0216	0.25825	0.3991	0.32106
V257	0.03863	0.15307	0.14592	0.66239
V258	0.01809	0.27331	0.28384	0.42476
V259	0.00551	0.31903	0.50362	0.17184
V260	0	0.32131	0.6407	0.03799
V261	0.07549	0.14544	0.166	0.61307
V262	0.00319	0.06599	0.00069	0.93013
V263	0.00186	0.90777	0	0.09036
V264	0.01245	0.0622	0.24261	0.68274
V265	0.00061	0.04524	0.0303	0.92385
V266	0.15501	0.83305	0.01108	0.00086
V267	0	0.1158	0.1183	0.7659
V268	0.02452	0.0768	0.06235	0.83632
V269	0.00078	0.53118	0.28332	0.18472
V270	0.10886	0.1789	0.2753	0.43693
V271	0.14578	0.28571	0.04422	0.52429
V272	0.00605	0.68005	0.00784	0.30606
V273	0.00136	0.04735	0.00509	0.9462
V274	0.1159	0.15024	0.19967	0.53419
V275	0	0.01428	0.94318	0.04254
V276	0.05543	0.40292	0.00848	0.53316
V277	0.00175	0.12251	0.05109	0.82465
V278	0.0014	0.06271	0.08014	0.85574
V279	0.09562	0.20554	0.1068	0.59204
V280	0	0.03643	0.001	0.96257
V281	0.0581	0.11552	0.09614	0.73024
V282	0.00882	0.08487	0.65829	0.24801
V283	0.01994	0.50325	0.04246	0.43435
V284	0.00339	0.91705	0.04776	0.0318
V285	0.01343	0.01488	0.97169	0
V286	0.02783	0.55316	0.08503	0.33398
V287	0.01226	0.87961	0.01105	0.09707
V288	0.00129	0.20687	0.21239	0.57945
V289	0.03567	0.2966	0.35092	0.31682
V290	0.26421	0.70171	0.03195	0.00213
V291	0.0991	0.2208	0.56982	0.11029
V292	0.24955	0.31492	0	0.43553
V293	0.04938	0.07487	0.66338	0.21237
V294	0.00469	0.20478	0	0.79053
V295	5e-04	0.10856	0.06108	0.82986
V296	0.02221	0.16555	0.46682	0.34542
V297	0.00227	0.0452	0.01421	0.93832
V298	0.0512	0.20511	0.64543	0.09826
V299	0.00348	0.15471	0.00182	0.84
V300	0	0.04319	0.06066	0.89614
V301	0.0142	0.13656	0.43371	0.41553
V302	0.14168	0.74803	0	0.11029
V303	0	0.58725	0.28829	0.12446
V304	0.0063	0.04364	0.43579	0.51427
V305	0.00918	0.14587	0.23816	0.60679
V306	0.18743	0.40221	0.08463	0.32573
V307	0.00192	0.9258	0.01085	0.06143
V308	0.01752	0.20959	0.16357	0.60932
V309	0.02595	0.27234	0.01419	0.68752
V310	0.00511	0.20441	0.06292	0.72756
V311	0.09412	0.84869	0.00814	0.04905
V312	0.01334	0.76873	0.1189	0.09903
V313	0	0.07197	0.00074	0.9273
V314	0.00097	0.30312	0.05045	0.64546
V315	0.00917	0.46077	0.02047	0.5096
V316	0.03034	0.17473	0.26154	0.53339
V317	0.00761	0.51237	0.02685	0.45318
V318	0.0022	0.3186	0.00291	0.6763
V319	0.00983	0.07624	0.75972	0.1542
V320	0.00874	0.15468	0.41061	0.42596
V321	0.15135	0.83715	0.0107	8e-04
V322	0.01066	0.22651	0.03167	0.73116
V323	0.00149	0.05105	0.01882	0.92864
V324	0.1411	0.59633	0.10293	0.15965
V325	0.04562	0.85506	0.0588	0.04053
V326	0	0.34693	0.0422	0.61087
V327	0.00031	0.0907	0.0269	0.88209
V328	0.00537	0.04139	0.43009	0.52315
V329	0.00737	0.09677	0.0576	0.83826
V330	0.03538	0.06994	0.20863	0.68605
V331	0.0171	0.10116	0.0148	0.86694
V332	0	0.05242	0.04769	0.89989
V333	0.05177	0.1597	0.32868	0.45984
V334	0.03101	0.0633	0.21595	0.68974
V335	0.00299	0.29221	0.31537	0.38943
V336	0.01872	0.62919	0.01447	0.33763
V337	0.04002	0.53865	0.26975	0.15158
V338	0	0.96487	0.00423	0.0309
V339	0.02334	0.02685	0.90294	0.04687
V340	0.00554	0.1934	0.28519	0.51587
V341	0.00015	0.04868	0.01156	0.93961
V342	0.02968	0.05141	0.43124	0.48766
V343	0.3809	0.49851	0.02275	0.09784
V344	0.17894	0.51177	0.308	0.00128
V345	0.00183	0.01523	0.98294	0
V346	0.01729	0.12347	0.16154	0.6977
V347	0.00134	0.04251	0.03275	0.92341
V348	0.00565	0.50274	0.0861	0.40551
V349	0.03944	0.23347	0.30805	0.41905
V350	0.00367	0.85154	0.1448	0
V351	0.00058	0.04825	0.12973	0.82144
V352	0.00722	0.02953	0.65282	0.31044
V353	0.2046	0.29864	0.05718	0.43958
V354	0.00612	0.67424	0.16836	0.15127
V355	0.02519	0.11466	0.28524	0.5749
V356	6e-04	0.05015	0.02106	0.92819
V357	0.0085	0.25609	0.14256	0.59285
V358	0.04869	0.17373	0.03273	0.74485
V359	0.05583	0.13172	0.02171	0.79074
V360	0.10261	0.76965	0.02878	0.09896
V361	0	0.49401	0.46979	0.03621
V362	0	0.95768	0.0114	0.03092
V363	0.01214	0.12354	0.2486	0.61573
V364	0.01987	0.0971	0.51835	0.36468
V365	0.01258	0.05808	0.00242	0.92691
V366	0.00716	0.51825	0.05022	0.42437
V367	0.05561	0.2035	0.00143	0.73946
V368	0.0094	0.63143	0.05916	0.30001
V369	0.00284	0.45364	0.50642	0.0371
V370	0.04309	0.39936	0.39955	0.158
V371	0.02137	0.70602	0.02342	0.2492
V372	0.00692	0.0631	0.03956	0.89041
V373	0.0067	0.12406	0.24296	0.62629
V374	0.24388	0.30927	0.44444	0.00241
V375	0.00134	0.05191	0.0374	0.90935
V376	6e-04	0.05296	0.02094	0.9255
V377	0.0929	0.13992	0.00958	0.7576
V378	0	0.04746	0.13279	0.81975
V379	0.02125	0.17019	0.00384	0.80473
V380	0.0064	0.07636	0.06746	0.84978
V381	0.09469	0.15858	0.08422	0.6625
V382	0.01493	0.04486	0.89469	0.04551
V383	0.15088	0.18634	0.0603	0.60247
V384	0.05735	0.16049	0.09257	0.68958
V385	0.21086	0.2781	0.12338	0.38766
V386	0.01443	0.05954	0.0509	0.87513
V387	0.09306	0.31028	0.19356	0.4031
V388	0.03582	0.34794	0.10106	0.51518
V389	0.05568	0.6532	0.01175	0.27937
V390	0.04759	0.40866	0.49721	0.04655
V391	0.027	0.12085	0.00666	0.8455
V392	0.04126	0.26175	0.11176	0.58523
V393	0.02828	0.26134	0.24146	0.46892
V394	0.00442	0.13904	0.03626	0.82028
V395	0.0186	0.34634	0.12136	0.51369
V396	0.00058	0.90551	0.00371	0.0902
V397	0.17472	0.38247	0.16382	0.27899
V398	0.03862	0.17362	0.05724	0.73052
V399	0.01922	0.51932	0.1094	0.35207
V400	0	0.3456	0.02794	0.62645
V401	0.00515	0.16968	0.52727	0.2979
V402	0.24104	0.67854	0.07866	0.00175
V403	0.00016	0.04583	0.01378	0.94024
V404	0.01153	0.21789	0.4319	0.33868
V405	0.00944	0.06196	0.05776	0.87084
V406	0.0937	0.4374	0.02089	0.44801
V407	0	0.96487	0.00423	0.0309
V408	0.00723	0.19767	0.20373	0.59138
V409	0	0.03731	0.001	0.96169
V410	0.01109	0.86717	0.02564	0.0961
V411	0.02565	0.06412	0	0.91023
V412	0.01202	0.09391	0.26638	0.62769
V413	0.00485	0.33714	0.0913	0.5667
V414	0.0038	0.41708	0.20219	0.37693
V415	0.04113	0.09587	0.14709	0.7159
V416	0.00176	0.08158	0.91665	0
V417	0.0601	0.89175	0.00641	0.04175
V418	0.0028	0.08154	0.03772	0.87795
V419	0	0.03632	0.00309	0.96059
V420	0	0.70965	0.00781	0.28254
V421	0.01854	0.07473	0.48017	0.42656
V422	0.00096	0.05858	0	0.94046
V423	0.01383	0.03192	0.82914	0.12511
V424	0	0.04984	0.30365	0.64651
V425	0.00713	0.24017	0.39697	0.35573
V426	0.01269	0.06715	0.62786	0.29231
V427	0.00559	0.2854	0.0973	0.61171
V428	0.00946	0.66699	0.04019	0.28337
V429	0	0.03922	0.00543	0.95535
V430	0.14147	0.42869	0.02614	0.4037
V431	0.01309	0.05667	0.25234	0.6779
V432	0.0041	0.07885	0.01145	0.9056
V433	0.00518	0.51904	0	0.47579
V434	0.01652	0.09188	0.01771	0.8739
V435	0.04885	0.08899	0.07665	0.78551
V436	0.0221	0.0663	0.0494	0.86221
V437	0.00949	0.15177	0	0.83874
V438	0.06053	0.24565	0.02515	0.66866
V439	0.00059	0.07288	0	0.92653
V440	0.03243	0.09499	0.01435	0.85823
V441	0.00671	0.12767	0.32365	0.54196
V442	0.02808	0.32779	0.08732	0.5568
V443	0.09718	0.15003	0.08489	0.6679
V444	0.00183	0.01523	0.98294	0
V445	0.13123	0.18519	0.47227	0.21131
V446	0.00392	0.70813	0.04003	0.24791
V447	0.09257	0.24813	0.18196	0.47734
V448	0.00033	0.06203	0.05132	0.88632
V449	0.08339	0.15977	0.28116	0.47568
V450	0.01929	0.96781	0.0129	0
V451	0.28709	0.48779	0.00017	0.22495
V452	0.00056	0.04348	0.01382	0.94214
V453	0.17858	0.35207	0.10332	0.36603
V454	0	0.89914	0.03899	0.06187
V455	0.10754	0.18669	0.34959	0.35619
V456	0.03229	0.16935	0.26215	0.53621
V457	0	0.04021	0	0.95979
V458	0.01185	0.15537	0	0.83278
V459	0.00166	0.64801	0.06287	0.28745
V460	0.33948	0.41306	0.07553	0.17193
V461	0.00136	0.05048	0	0.94816
V462	0.02204	0.20172	0	0.77624
V463	0.02584	0.47099	0.11759	0.38559
V464	0.03799	0.14467	0.00042	0.81692
V465	0.03973	0.43282	0.01921	0.50823
V466	0.05901	0.26184	0.00196	0.67719
V467	0.04245	0.70266	0.07829	0.1766
V468	0.07243	0.59844	0.05651	0.27262
V469	0.00088	0.12301	0.11868	0.75744
V470	0.06105	0.22096	0.1383	0.57969
V471	0.01194	0.09621	0.01099	0.88086
V472	0.02385	0.27113	0	0.70502
V473	0.01421	0.60146	0.27905	0.10527
V474	0.00443	0.045	0.02809	0.92248
V475	0.01168	0.30782	0.04363	0.63687
V476	0.00626	0.05385	0.01448	0.92542
V477	0.06992	0.14911	0.16648	0.61449
V478	0.0088	0.41578	0.00055	0.57487
V479	0.00253	0.09449	0.58416	0.31882
V480	0.00375	0.16842	0.01323	0.8146
V481	0.02512	0.04505	0.83846	0.09137
V482	0.14129	0.44873	0.15994	0.25004
V483	0.00538	0.08693	0.02334	0.88435
V484	0.00014	0.06035	0.00283	0.93668
V485	0.01042	0.58478	0.00687	0.39792
V486	0.01991	0.23779	0.0734	0.66889
V487	0.00284	0.05985	0.02248	0.91483
V488	0	0.01224	0.61604	0.37172
V489	0.03375	0.17433	0.70077	0.09115
V490	0.02799	0.28894	0.04151	0.64156
V491	0.06447	0.61806	0.03665	0.28083
V492	0.00352	0.85575	0.10841	0.03232
V493	0	0.03652	0	0.96348
V494	0.02035	0.18833	0.35356	0.43776
V495	0.03106	0.73056	0.12967	0.10871
V496	0.03488	0.76631	0	0.19882
V497	0.00176	0.00356	0.95168	0.04299
V498	0.01519	0.10702	0.01791	0.85988
V499	0.13267	0.62856	0.18213	0.05665
V500	0.01588	0.16464	0.63266	0.18683
V501	0	0.03434	0.00533	0.96032
V502	0.0969	0.53457	0.18596	0.18257
V503	0.00973	0.09812	0.07769	0.81447
V504	0.0277	0.71003	0.01004	0.25223
V505	0.01363	0.19364	0.13884	0.65389
V506	0.00813	0.22113	0.24835	0.52239
V507	0.06615	0.21501	0.09964	0.6192
V508	0.1505	0.48471	0.06569	0.2991
V509	0.01981	0.0983	0.28732	0.59456
V510	0.03383	0.67449	0.25018	0.0415
V511	0.0027	0.23113	0.01513	0.75105
V512	0.01044	0.06977	0.02704	0.89275
V513	0.00928	0.59567	0.1542	0.24086
V514	0	0.05632	0	0.94368
V515	0.11851	0.24184	0.05446	0.58519
V516	0.30632	0.60984	0.00067	0.08317
V517	0.00138	0.05037	0.06793	0.88033
V518	0.36718	0.53649	0.00171	0.09463
V519	0.00255	0.68517	0.0019	0.31037
V520	0.00245	0.02215	0.30948	0.66592
V521	0.11636	0.20334	0.47813	0.20216
V522	0.00043	0.11007	0.28196	0.60754
V523	0.02926	0.16372	0.1547	0.65232
V524	0.00069	0.72916	0.14752	0.12263
V525	0.01113	0.14566	0.00787	0.83533
V526	0.06667	0.18899	0.0574	0.68694
V527	0.01564	0.05468	0.22626	0.70342
V528	0.01122	0.80506	0	0.18372
V529	0.00238	0.06612	0.0592	0.87229
V530	0.00088	0.20344	0.44937	0.34631
V531	0.00219	0.90279	0.09503	0
V532	0.00892	0.21862	0.01064	0.76183
V533	0.02239	0.31039	0.08062	0.58661
V534	0.00051	0.03165	0.34794	0.6199
V535	0.04005	0.07624	0.00363	0.88008
V536	0.01313	0.03751	0.19448	0.75488
V537	0.12108	0.56423	0.20693	0.10777
V538	0.03522	0.10678	0.04393	0.81407
V539	0.02565	0.41409	0.10905	0.45121
V540	0.02466	0.74547	0.06416	0.16571
V541	0.00076	0.29529	0.02494	0.67901
V542	0.01257	0.12644	0.12705	0.73394
V543	0.16545	0.22244	0.01655	0.59556
V544	0.00468	0.07713	0.0548	0.86339
V545	0.02372	0.14855	0.03366	0.79407
V546	0.00628	0.90515	0.05626	0.0323
V547	0.00502	0.67293	0.25189	0.07016
V548	0.02154	0.86507	0.07753	0.03586
V549	0.05651	0.10977	0.73204	0.10169
V550	0.04902	0.11045	0	0.84052
V551	0.02124	0.7289	0.03111	0.21874
V552	0	0.26968	0	0.73032
V553	0.03639	0.23987	0.59958	0.12415
V554	0.00148	0.07238	0.00282	0.92333
V555	0.00711	0.18752	0.17316	0.63221
V556	0	0.02794	0.82081	0.15126
V557	0.10991	0.19763	0.01149	0.68096
V558	0.00655	0.60655	0.01814	0.36876
V559	0.00079	0.84019	0.15902	0
V560	0.15529	0.78617	0	0.05854
V561	0	0.01428	0.94318	0.04254
V562	0.1389	0.18784	0.14524	0.52802
V563	0.04346	0.0534	0.85276	0.05038
V564	0.01025	0.10223	0.80339	0.08413
V565	0.0093	0.22175	0.2022	0.56675
V566	0.07881	0.21613	0.00254	0.70252
V567	0.01589	0.34221	0.01405	0.62785
V568	0.00894	0.05469	0.01443	0.92194
V569	0.07094	0.13458	0	0.79448
V570	0.00373	0.2972	0.44284	0.25623
V571	0.17362	0.42828	0	0.39809
V572	0.05423	0.0961	0.38484	0.46483
V573	0.00228	0.10458	0	0.89313
V574	0.00472	0.78839	0.14042	0.06647
V575	0.00032	0.07029	0.03265	0.89673
V576	0.02072	0.87554	0.03515	0.06859
V577	0.00137	0.05626	0.05653	0.88584
V578	0.00602	0.07975	0.37777	0.53646
V579	0.00066	0.83228	0.07469	0.09237
V580	0.00544	0.04924	0.03053	0.9148
V581	0.00184	0.06826	0	0.9299
V582	0.05727	0.23009	0.02467	0.68798
V583	0.00046	0.05241	0.29504	0.65208
V584	0.09205	0.34478	0.33742	0.22574
V585	1e-05	0.04125	0.14883	0.80991
V586	0.03197	0.05994	0.52488	0.38321
V587	0.04567	0.06753	0.71764	0.16916
V588	0.06322	0.14104	0.01702	0.77871
V589	0.00653	0.71435	0.04749	0.23163
V590	0.00658	0.80081	0.15935	0.03326
V591	0	0.04686	0.05276	0.90039
V592	0.02878	0.07626	0.89486	0.00011
V593	0.05954	0.09519	0.12867	0.71659
V594	0.04573	0.41266	0.31648	0.22513
V595	0.00015	0.04642	0.00095	0.95248
V596	0.00249	0.18161	0.09244	0.72346
V597	0	0.49524	0.2229	0.28186
V598	0.00319	0.14141	0.77469	0.08071
V599	0.11582	0.64573	0.04947	0.18898
V600	0.03825	0.48802	0.04068	0.43306
V601	0.00848	0.19149	0.03497	0.76506
V602	0.00013	0.04348	0	0.95639
V603	0	0.18675	0.00169	0.81156
V604	0.09342	0.2997	0.41787	0.18901
V605	0.00639	0.26536	0.21728	0.51096
V606	0.11087	0.34171	0.01226	0.53517
V607	0.06976	0.12112	0.08476	0.72436
V608	0.01677	0.16788	0.2192	0.59615
V609	0.00163	0.15597	0.09669	0.7457
V610	0.11651	0.18728	0.09843	0.59777
V611	0.01425	0.05249	0.0179	0.91537
V612	0.00405	0.109	0.61364	0.2733
V613	0.00538	0.35942	0.46486	0.17034
V614	0.10913	0.23315	0.05148	0.60625
V615	0.00469	0.06387	0	0.93145
V616	0.00665	0.50824	0.02658	0.45853
V617	0.09665	0.38916	0.51362	0.00058
V618	0.07594	0.12201	0	0.80205
V619	0.03436	0.08807	0.19451	0.68306
V620	9e-04	0.69504	0.27035	0.0337
V621	0.03807	0.19519	0.10822	0.65851
V622	0.05389	0.37268	0.40801	0.16542
V623	0.00033	0.0664	0.03807	0.8952
V624	0.19949	0.62424	0	0.17627
V625	0.02525	0.4545	0.0674	0.45285
V626	0.34488	0.4801	0.00112	0.1739
V627	0	0.04261	0.01391	0.94348
V628	0	0.1162	0.00112	0.88268
V629	0.00872	0.23306	0.14293	0.6153
V630	0.00524	0.35037	0.44393	0.20047
V631	0.00047	0.11434	0.03201	0.85319
V632	0.05796	0.09166	0.09159	0.75879
V633	0	0.04235	0.52664	0.43101
V634	0.0674	0.48079	0.40221	0.04959
V635	0.00225	0.52679	0.00101	0.46995
V636	0.01324	0.13403	0.41334	0.43938
V637	0.02002	0.17601	0.04169	0.76228
V638	0.03074	0.2578	0.04265	0.66881
V639	0.04227	0.63026	0.32747	0
V640	0.00562	0.17809	0.60508	0.2112
V641	0.21498	0.34535	0.04787	0.3918
V642	0.14326	0.45042	0	0.40632
V643	0.00037	0.1471	0.22814	0.6244
V644	0.28446	0.54567	0.01625	0.15363
V645	0.03748	0.55085	0.29494	0.11673
V646	0.00063	0.96413	0.00419	0.03106
V647	0.02029	0.13424	0.58967	0.2558
V648	0.05978	0.63665	0.1451	0.15847
V649	0.00429	0.07882	0.67214	0.24474
V650	0.0083	0.11426	0.59875	0.2787
V651	0.05721	0.06804	0.82237	0.05237
V652	0.00743	0.09365	0.23174	0.66718
V653	0.01144	0.55979	0.06867	0.36009
V654	0.12616	0.47264	0.08022	0.32098
V655	0.00256	0.35388	0.00757	0.63599
V656	0.00995	0.17911	0.00256	0.80838
V657	0.00014	0.06046	0	0.9394
V658	0.06896	0.33338	0.05247	0.54519
V659	0.02871	0.13072	0.22211	0.61846
V660	0.00315	0.90631	0	0.09054
V661	0.00388	0.25212	0.02129	0.72271
V662	0.05188	0.09588	0.39336	0.45889
V663	0.02813	0.12615	0.40789	0.43783
V664	0.02801	0.12513	0.61013	0.23672
V665	0.10709	0.39551	0.04923	0.44816
V666	0.05906	0.08524	0.06633	0.78937
V667	0.22061	0.44173	0.33572	0.00195
V668	0.01719	0.90574	0.07707	0
V669	0.02396	0.42328	0.17705	0.37571
V670	0.00958	0.89688	0	0.09354
V671	0.04096	0.36193	0.20553	0.39157
V672	0.00314	0.03207	0.81209	0.15269
V673	0.02073	0.34163	0.14415	0.49349
V674	0.09901	0.31836	0.01881	0.56382
V675	0.01016	0.27675	0.18084	0.53225
V676	0.00081	0.0812	0.02714	0.89085
V677	0.04019	0.44591	0.07604	0.43787
V678	0.09109	0.84181	0.01816	0.04893
V679	0.00791	0.36527	0.5479	0.07893
V680	0.04254	0.7061	0.13749	0.11387
V681	0.25063	0.45943	0.02781	0.26213
V682	0.01585	0.35292	0.45533	0.1759
V683	0.00064	0.98764	0.01172	0
V684	0.12827	0.41883	0.12583	0.32707
V685	0.07584	0.55053	0.13567	0.23795
V686	0.00448	0.12219	0.04902	0.82431
V687	0.00014	0.0406	9e-04	0.95836
V688	0.03731	0.51024	0	0.45245
V689	0.00976	0.05226	0.01187	0.92612
V690	0.06973	0.15786	0.43942	0.33299
V691	0.02793	0.03465	0.88964	0.04777
V692	0.01067	0.17042	0.54379	0.27512
V693	0.01765	0.1261	0.2067	0.64955
V694	0	0.04783	0.07885	0.87332
V695	0.01093	0.0511	0.05481	0.88315
V696	0.00233	0.07576	0.00068	0.92123
V697	0	0.05353	0	0.94647
V698	0.11177	0.16123	0.01114	0.71586
V699	0.07866	0.44224	0.06938	0.40971
V700	0.00877	0.06054	0	0.93068
V701	0.00837	0.3813	0.05913	0.55121
V702	0.05297	0.14848	0.00622	0.79234
V703	0.01016	0.07301	0.26034	0.65649
V704	0.14161	0.24394	0.03175	0.58271
V705	0.30686	0.35696	0.03364	0.30254
V706	0.01044	0.07496	0.57316	0.34144
V707	0.00502	0.44877	0.38468	0.16153
V708	0.00383	0.73171	0.0145	0.24996
V709	0.01627	0.29775	0.38886	0.29711
V710	0.06552	0.32072	0.04276	0.571
V711	0.01105	0.78571	0.07611	0.12713
V712	0.12619	0.2419	0.00505	0.62685
V713	0.03942	0.30993	0.0224	0.62824
V714	0.00011	0.40612	0.00819	0.58558
V715	0.03706	0.42486	0.25952	0.27856
V716	0.00055	0.05215	0.00716	0.94015
V717	0.0099	0.92656	0	0.06354
V718	0.01401	0.49338	0.12316	0.36945
V719	0.00529	0.49613	0.02098	0.4776
V720	0.12793	0.16119	0.28566	0.42521
V721	0.00953	0.15731	0.2507	0.58246
V722	0.00482	0.19195	0.00234	0.80089
V723	0.00415	0.07526	0	0.92059
V724	0.05765	0.11375	0.05548	0.77312
V725	0	0.10903	0.74439	0.14658
V726	0.00228	0.22583	0.04936	0.72253
V727	0.03787	0.83004	0.09254	0.03956
V728	0.00345	0.88599	0.07826	0.03229
V729	0.02863	0.07277	0.08148	0.81712
V730	0.25623	0.38555	0.08889	0.26934
V731	0.00209	0.14966	0.19173	0.65652
V732	0.03099	0.12686	0.21829	0.62386
V733	0.07254	0.30954	0.02985	0.58808
V734	0.03734	0.44375	0.4748	0.04411
V735	0.00121	0.0387	0.2318	0.72829
V736	0.00439	0.05106	0	0.94455
V737	0.03304	0.32023	0.16758	0.47915
V738	0.00843	0.30006	0.28031	0.4112
V739	0	0.02204	0.3058	0.67217
V740	0.25177	0.46901	0.13631	0.14291
V741	0.04681	0.16436	0.08111	0.70772
V742	0.06865	0.91466	0.01669	0
V743	0.02109	0.20301	0.65709	0.11881
V744	0.06953	0.14902	0.29918	0.48227
V745	0.00165	0.54585	0.11711	0.3354
V746	0.407	0.48659	0.00268	0.10373
V747	0.00562	0.03095	0.36681	0.59663
V748	0.01121	0.12276	0.33897	0.52705
V749	0.01482	0.1435	0.02048	0.82119
V750	0.0459	0.49385	0.01537	0.44489
V751	0.00537	0.76379	0.02902	0.20182
V752	0.04535	0.27795	0.09377	0.58294
V753	0	0.0393	0	0.9607
V754	0.00046	0.77819	0	0.22135
V755	0.01037	0.17319	0.18174	0.6347
V756	0.00015	0.04315	0.00741	0.94928
V757	0.04704	0.74124	0.06434	0.14738
V758	0.00531	0.65565	0.08639	0.25265
V759	0.00833	0.07499	0.19808	0.7186
V760	0.02264	0.09185	0.15453	0.73097
V761	0.00805	0.5157	0.18645	0.2898
V762	0	0.18898	0.0017	0.80932
V763	0.03216	0.33603	0.01639	0.61542
V764	0.00047	0.77535	0.00255	0.22163
V765	0.07147	0.19127	0	0.73726
V766	0.00146	0.24556	0.23277	0.52021
V767	0.05098	0.2063	0.17607	0.56665
V768	0.00719	0.88091	0.01787	0.09402
V769	0.01919	0.88582	0.02722	0.06777
V770	0.00063	0.96413	0.00419	0.03106
V771	0.02885	0.04949	0.82886	0.09279
V772	0.02418	0.08432	0.84479	0.04671
V773	0.02175	0.90497	0.00458	0.0687
V774	0.00316	0.00894	0.83512	0.15279
V775	0.00536	0.06288	0.09513	0.83662
V776	0.04936	0.48898	0.04501	0.41665
V777	0.00724	0.09981	0.04701	0.84594
V778	0.06101	0.37558	0.05895	0.50446
V779	0.01229	0.07033	0.26628	0.6511
V780	0.01642	0.86415	0.11943	0
V781	0.00096	0.04987	0.00294	0.94623
V782	0.00114	0.1359	0.59482	0.26814
V783	0.10403	0.17979	0.04851	0.66767
V784	0.01537	0.93907	0.01204	0.03351
V785	0.00441	0.89331	0.0106	0.09169
V786	0.14301	0.44441	0.12093	0.29165
V787	0	0.83882	0.12965	0.03153
V788	0.08057	0.50815	0.16675	0.24453
V789	0.00395	0.20598	0.00874	0.78133
V790	0.03076	0.087	0.03414	0.84811
V791	0.01145	0.33298	0.20179	0.45377
V792	0.00817	0.36395	0.00031	0.62758
V793	0.00962	0.48383	0.02159	0.48496
V794	0.00705	0.10126	0.58536	0.30633
V795	0.00419	0.06185	0.01443	0.91953
V796	0.00482	0.10622	0.77043	0.11853
V797	0.20489	0.2382	0.41574	0.14117
V798	0.11917	0.62246	0.10833	0.15005
V799	0.01431	0.69641	0.02195	0.26733
V800	0.00623	0.04281	0.26987	0.68108
V801	0.00869	0.11408	0.1594	0.71782
V802	0.00183	0.07395	0.09089	0.83333
V803	0.03404	0.6967	0.26925	0
V804	0.08904	0.13257	0.41593	0.36246
V805	0.00186	0.00211	0.99602	0
V806	0.00562	0.83582	0.00994	0.14863
V807	0.01159	0.12355	0.01124	0.85362
V808	0.12509	0.58027	0.06111	0.23354
V809	0.00737	0.04865	0.94398	0
V810	0.00062	0.96839	0	0.03099
V811	0.03839	0.12994	0.12525	0.70642
V812	0.05866	0.34839	0.04086	0.55209
V813	0.11519	0.4476	0.24156	0.19565
V814	0.07443	0.82423	0.05613	0.0452
V815	0	0.90558	0.06268	0.03174
V816	0.37247	0.44688	0.1767	0.00394
V817	0.00501	0.09559	0.81654	0.08286
V818	0	0.05126	0.00518	0.94356
V819	0.19746	0.39072	0.08505	0.32677
V820	0.00448	0.08354	0.00364	0.90833
V821	0.02586	0.36254	0.30918	0.30242
V822	0.01201	0.04215	0.82174	0.1241
V823	0.00359	0.20272	0.46317	0.33051
V824	0.01601	0.47279	0.5112	0
V825	0.01652	0.25759	0.14168	0.58421
V826	0.07023	0.66029	0.17682	0.09265
V827	0.05519	0.78176	0.0133	0.14975
V828	0.01069	0.13621	0.04307	0.81003
V829	0.00166	0.13661	0.01048	0.85125
V830	0.00921	0.15315	0.00779	0.82985
V831	0.12159	0.2838	0.03821	0.55639
V832	0.0236	0.3737	0.1086	0.49411
V833	0.01172	0.40791	0.10985	0.47051
V834	0.01373	0.0877	0.02733	0.87123
V835	0.04194	0.52073	0.10087	0.33646
V836	7e-05	0.39192	1e-05	0.60801
V837	0.01812	0.33056	0.11255	0.53877
V838	0.32212	0.51416	0.07579	0.08794
V839	0.04383	0.81055	0.10475	0.04087
V840	0.04432	0.94951	0.00617	0
V841	0	0.05051	0.70876	0.24073
V842	0.03251	0.20228	0.16728	0.59792
V843	0.00266	0.0345	0.65842	0.30442
V844	0.00781	0.09321	0.18725	0.71173
V845	0.0098	0.13762	0.57408	0.2785
V846	0	0.02908	0.38653	0.58439
V847	0	0.03461	0	0.96539
V848	0.00707	0.36444	0.09098	0.5375
V849	0	0.85137	0.00327	0.14536
V850	0.3554	0.42563	0.0399	0.17908
V851	0.05228	0.78181	0.1659	0
V852	0.00401	0.06357	0.03534	0.89707
V853	0.02519	0.25877	0.28028	0.43575
V854	0.06711	0.29347	0.09007	0.54936
V855	0	0.03461	0	0.96539
V856	0.00425	0.26372	0.18312	0.54891
V857	0.08821	0.32373	0.03252	0.55555
V858	0.12726	0.15588	0.65453	0.06233
V859	0.09733	0.4301	0.0211	0.45147
V860	0.00792	0.09642	0.01707	0.8786
V861	0.01516	0.42383	0.4798	0.08121
V862	0.0193	0.13406	0.62126	0.22538
V863	0.00741	0.07278	0	0.91981
V864	0.00187	0.05783	0.0096	0.93069
V865	0.00537	0.04333	0.09031	0.86099
V866	0.18684	0.25201	0.42695	0.13421
V867	0.19019	0.29125	0.44648	0.07209
V868	0.06998	0.42453	0.13044	0.37505
V869	0.00196	0.9628	0.00414	0.03111
V870	0.00524	0.19909	0.00553	0.79014
V871	0	0.85137	0.00327	0.14536
V872	0	0.04201	0.06606	0.89192
V873	0.23747	0.35843	0.0965	0.30759
V874	0.02707	0.94274	0.03019	0
V875	0.00052	0.11986	0.06477	0.81486
V876	0.01793	0.34882	0.30347	0.32978
V877	0.00427	0.29292	0.15231	0.5505
V878	0.01801	0.92077	0.06122	0
V879	0.02028	0.64493	0.03555	0.29925
V880	0.02819	0.48667	0.00166	0.48349
V881	0.01286	0.07499	0.34466	0.5675
V882	0.16184	0.18961	0.17128	0.47728
V883	0.04879	0.34967	0.60146	8e-05
V884	0.00043	0.14565	0	0.85392
V885	0.17828	0.66267	0.1578	0.00125
V886	0.00176	0.30531	0.27877	0.41417
V887	0.07324	0.1839	0.13143	0.61143
V888	0.01286	0.07846	0.54663	0.36205
V889	0.27445	0.46133	0.04748	0.21674
V890	0.0037	0.13847	0.32801	0.52983
V891	0.11931	0.23517	0.362	0.28352
V892	0.01295	0.139	0.00204	0.84601
V893	0.09729	0.40756	0.16666	0.32849
V894	0.01012	0.34773	0.46822	0.17393
V895	0.06422	0.17857	0.15679	0.60041
V896	0.00441	0.89999	0.00373	0.09186
V897	0.11313	0.5223	0.00623	0.35835
V898	0.029	0.06689	0	0.90411
V899	0.00112	0.11772	0.04485	0.83631
V900	0.00654	0.22981	0.18657	0.57708
V901	0.0034	0.61739	0.00149	0.37771
V902	0.00619	0.92028	0.04135	0.03219
V903	9e-04	0.41723	0.38955	0.19231
V904	0.00195	0.96685	0	0.0312
V905	0.00524	0.04529	0.04922	0.90024
V906	0.0313	0.1286	0.05924	0.78085
V907	0.06059	0.66394	0.02044	0.25504
V908	0	0.05749	0.01429	0.92821
V909	0.01411	0.72219	0	0.2637
V910	0.006	0.04637	0.03324	0.91439
V911	0.07057	0.55936	0.03677	0.3333
V912	0.03659	0.34983	0.08854	0.52504
V913	0.00333	0.04436	0	0.95231
V914	0.0235	0.55769	0.24488	0.17392
V915	0.00815	0.04955	0	0.9423
V916	0.03843	0.12187	0.5988	0.24089
V917	0.11958	0.19835	0.18616	0.49591
V918	0.00537	0.54137	0.15576	0.29749
V919	0.0138	0.21209	0.16189	0.61221
V920	0.08629	0.36602	0.09535	0.45234
V921	8e-04	0.09946	0.00619	0.89355
V922	0.01328	0.4843	0.30561	0.19681
V923	0.00227	0.05112	0.00739	0.93922
V924	0.00469	0.66453	0.2052	0.12559
V925	0.00675	0.06206	0.00143	0.92977
V926	0.0074	0.05902	0.00655	0.92703
V927	0.00015	0.05164	0.00935	0.93886
V928	0.00515	0.76332	0.00258	0.22894
V929	0.00532	0.46516	0.07546	0.45406
V930	0.06165	0.48638	0.03243	0.41954
V931	0.01616	0.30931	0.37875	0.29579
V932	0.00352	0.11126	0.30529	0.57993
V933	0.11608	0.76322	0.01874	0.10196
V934	0	0.10165	0.08882	0.80954
V935	0.09105	0.33224	0.21845	0.35826
V936	0.05411	0.33011	0.0134	0.60238
V937	0.05074	0.20122	0.05761	0.69043
V938	0.03227	0.10103	0.18713	0.67957
V939	0.09672	0.16877	0.06967	0.66484
V940	0.00325	0.73217	0.11517	0.14942
V941	1e-05	0.00171	0.95558	0.0427
V942	0.16291	0.55448	0.11216	0.17045
V943	0.05736	0.24732	0.41809	0.27723
V944	0.00046	0.14599	0.01978	0.83376
V945	0.0765	0.51186	0.01157	0.40006
V946	0.07188	0.44744	0.26875	0.21192
V947	0.00391	0.0593	0.07395	0.86284
V948	0.0579	0.11194	0.69131	0.13885
V949	0	0.07819	0.05372	0.86809
V950	0.00536	0.3952	0.11928	0.48016
V951	0.25893	0.33749	0.32338	0.0802
V952	0.00409	0.10201	0.09804	0.79585
V953	0.00309	0.06776	0.77942	0.14973
V954	0.00176	0.11428	0.04498	0.83898
V955	0.00837	0.41327	0.01367	0.56469
V956	0.00322	0.04101	0.25406	0.70171
V957	0.01573	0.05991	0	0.92437
V958	0	0.03652	0	0.96348
V959	0.02762	0.31981	0.34643	0.30615
V960	0.01318	0.20834	0.03665	0.74183
V961	0.01271	0.35703	0.22739	0.40287
V962	0.04576	0.27086	0.35721	0.32616
V963	0.09189	0.34342	0.16501	0.39967
V964	0.22167	0.30579	0.17456	0.29799
V965	0.00499	0.35188	0.09997	0.54316
V966	0.34731	0.45678	0.01995	0.17596
V967	0.00553	0.05735	0.27384	0.66328
V968	0	0.16224	0.57507	0.2627
V969	0	0.15415	0.01061	0.83524
V970	0.00313	0.10445	0.20997	0.68246
V971	0.0721	0.20763	0.3232	0.39708
V972	0.04734	0.24736	0.0335	0.6718
V973	0.02061	0.34043	0.04494	0.59402
V974	0.00049	0.63486	0.08908	0.27557
V975	0.0172	0.37155	0.57071	0.04055
V976	0.04347	0.2861	0.07947	0.59095
V977	0.04871	0.55151	0.35423	0.04556
V978	0.00233	0.07658	0.01681	0.90427
V979	0.24815	0.30998	0.36429	0.07758
V980	0.407	0.48659	0.00268	0.10373
V981	0.02975	0.0901	0.26497	0.61518
V982	0.05195	0.49257	0.06978	0.38571
V983	0.07752	0.17608	0.00227	0.74413
V984	0.00189	0.76413	0.08479	0.14919
V985	0.0034	0.11841	0	0.87819
V986	0.03371	0.53069	0.04215	0.39346
V987	0.0328	0.86129	0	0.10591
V988	0.00794	0.05629	0.00146	0.9343
V989	0.071	0.71033	0.09124	0.12742
V990	0	0.05877	0.48193	0.4593
V991	0.13681	0.75696	0	0.10623
V992	0.01607	0.05036	0.2863	0.64726
V993	0.0084	0.67915	0.13025	0.1822
V994	0.02521	0.87607	0.02806	0.07066
V995	0.09814	0.2737	0.03294	0.59522
V996	0.01213	0.10467	0.00204	0.88116
V997	0.00221	0.02861	0.53432	0.43486
V998	0.21347	0.28175	0.11149	0.3933
V999	0.01618	0.95008	0	0.03374
V1000	0.01524	0.06226	0	0.9225
