CD56NK	CD4MemoryT	CD19B	CD14
V1	0.08549	0.03612	0.14615	0.73224
V2	0.00864	0.05021	0.01516	0.92599
V3	0.00612	0.42085	0.00504	0.56798
V4	0.3655	0.42893	6e-04	0.20498
V5	0.01379	0.40938	0.17538	0.40145
V6	0.01219	0.88796	0.01938	0.08047
V7	0.01186	0.24268	0.04284	0.70263
V8	0.02697	0.00793	0.82769	0.13741
V9	0.01736	0.15371	0.01629	0.81263
V10	0.00363	0.00195	0.80843	0.18599
V11	0.03952	0.46466	0.46081	0.03501
V12	0.00475	0.61643	0.32044	0.05839
V13	0.04843	0.85272	0.00566	0.09319
V14	0.01089	0.95738	0.00485	0.02687
V15	0.01412	0.50601	0.08584	0.39404
V16	0.40224	0.24804	0.05973	0.28999
V17	0.01384	0.89359	0.01188	0.08068
V18	0.13804	0.59464	0.06443	0.2029
V19	0.02704	0.90976	0.00518	0.05802
V20	0.0133	0.31296	0.009	0.66475
V21	0.02641	0.05613	0.78198	0.13549
V22	0.00072	0.0464	0.06925	0.88363
V23	0.09351	0.07106	0.78895	0.04649
V24	0.59589	0.28001	0.11812	0.00598
V25	0.04053	0.22166	0.09183	0.64598
V26	0.05398	0.38742	0.01503	0.54357
V27	0.00498	0.03021	0.00158	0.96324
V28	4e-05	0.01299	0.98697	0
V29	0.10306	0.05762	0.66963	0.16969
V30	0.01025	0.15453	0.15498	0.68024
V31	0.0211	0.16155	0.19211	0.62524
V32	0.00358	0.01815	0.00437	0.9739
V33	0.00743	0.45577	0.26889	0.26791
V34	0.02667	0.03133	0.80529	0.13671
V35	0.0271	0.78069	0.07763	0.11458
V36	0.00045	0.02208	0.24356	0.7339
V37	0.07803	0.09431	0.07633	0.75133
V38	0.05497	0.0178	0.12441	0.80282
V39	0.02127	0.50293	0.09711	0.3787
V40	0.0173	0.91179	0.07091	0
V41	0.00044	0.46772	0.02617	0.50566
V42	0.01717	0.02681	0.10143	0.85458
V43	0.0236	0.38895	0.46412	0.12334
V44	0.0026	0.05506	0.50028	0.44205
V45	0.01436	0.55831	0.17152	0.25581
V46	0.33859	0.29502	0.29322	0.07316
V47	0.09493	0.29932	0.37993	0.22583
V48	0.29579	0.50786	0.01504	0.18131
V49	0.18904	0.38942	0	0.42154
V50	0.01136	0.88547	0.07572	0.02746
V51	0.05762	0.5361	0.27038	0.1359
V52	0.00563	0.10684	0.76386	0.12367
V53	0.27581	0.3918	0.32977	0.00263
V54	0.09637	0.31463	0.46691	0.12209
V55	0.0207	0.10446	0.14683	0.728
V56	0.00182	0.01423	0.0222	0.96176
V57	0.01615	0.90862	0.02026	0.05497
V58	0.10078	0.04016	0.03681	0.82225
V59	0.08908	0.57773	0.12563	0.20756
V60	0.01364	0.12238	0.20665	0.65732
V61	0.23899	0.27444	0.02255	0.46402
V62	0.42299	0.22702	0.19163	0.15836
V63	0.00263	0.8187	0.10116	0.07751
V64	6e-04	0.67313	0	0.32627
V65	0	0.00987	0.02447	0.96566
V66	0.03391	0.72491	0.01867	0.22251
V67	0.02905	0.39684	0.50382	0.07029
V68	0.01034	0.08482	0.00637	0.89847
V69	0.00496	0.31534	0.50795	0.17174
V70	0.09826	0.22229	0.1907	0.48876
V71	0.01718	0.05976	0.24632	0.67673
V72	0.0938	0.21692	0.0939	0.59537
V73	0.02195	0.59991	0.11632	0.26182
V74	0.0124	0.25669	0.73091	0
V75	0.18072	0.05323	0.28045	0.4856
V76	0	0.08808	0.06995	0.84197
V77	0.0026	0.15014	0	0.84726
V78	0.03428	0.10552	0.12441	0.73579
V79	0.00147	0.08399	0.64126	0.27328
V80	0.06511	0.03088	0.55028	0.35373
V81	0.01236	0.17868	0.77504	0.03392
V82	0	0.04971	0.9166	0.03369
V83	0.00849	0.0999	0.02885	0.86276
V84	0.04792	0.05405	0.11608	0.78195
V85	0.01369	0.27062	0.27344	0.44225
V86	0.0098	0.03694	0.79186	0.16139
V87	0.0052	0.75299	0.04425	0.19756
V88	0.01274	0.04441	0.13382	0.80903
V89	0.00071	0.01263	0.06826	0.91841
V90	0.00423	0.89376	0.04926	0.05274
V91	0.00575	0.7324	0.15731	0.10454
V92	0.07739	0.04545	0.3807	0.49647
V93	0.28313	0.11378	0	0.60309
V94	0.00101	0.25199	0.00679	0.74021
V95	0.03511	0.4239	0.1268	0.41419
V96	0.0044	0.05339	0.00543	0.93678
V97	0.23411	0.30123	0.40209	0.06257
V98	0.20853	0.6841	0	0.10736
V99	0.34543	0.2208	0.35886	0.07492
V100	0.01662	0.01606	0.86454	0.10278
V101	0	0.01669	0	0.98331
V102	0.47294	0.32794	0.02489	0.17423
V103	0	0.02532	0.02536	0.94932
V104	0.00419	0.96516	0.00467	0.02598
V105	0.00924	0.95197	0.01231	0.02649
V106	0.02013	0.55245	0.28267	0.14475
V107	0.03256	0.24015	0.53298	0.1943
V108	0.02672	0.88111	0.09217	0
V109	0.00214	0.12117	0.35115	0.52553
V110	0.00912	0.87743	0.03412	0.07933
V111	0.51732	0.14843	0.23631	0.09795
V112	0.01413	0.05079	0.27457	0.66051
V113	0.0142	0.07186	0.08493	0.82901
V114	0.01674	0.03667	0.03459	0.91201
V115	0.00111	0.78024	0.19157	0.02707
V116	0.01695	0.27551	0.25793	0.44961
V117	0.18352	0.52603	0.06164	0.22882
V118	0.01731	0.47215	0.02458	0.48596
V119	0.00686	0.04558	0.01536	0.9322
V120	0.0167	0.06687	0.84633	0.07011
V121	0.09426	0.18378	0.09341	0.62855
V122	0.55416	0.19592	0.05507	0.19486
V123	0.00023	0.31697	0.02101	0.6618
V124	0.1625	0.54376	0	0.29374
V125	0.07739	0.60632	0.20548	0.1108
V126	0.00223	0.07469	0.01493	0.90815
V127	0.01235	0.0369	0.12508	0.82567
V128	0.00119	0.01441	0.0313	0.95311
V129	0.14871	0.43882	0.2347	0.17777
V130	0.00123	0.69103	0.28015	0.02759
V131	0.00362	0.78391	0	0.21247
V132	0.48835	0.16423	0.09401	0.25341
V133	0.46726	0.19359	0.16586	0.1733
V134	0.01097	0.29053	0.07671	0.62179
V135	0.00505	0.01804	0.06326	0.91365
V136	0.0244	0.3215	0.00591	0.64819
V137	0.17368	0.10863	0.35652	0.36116
V138	0.02529	0.3629	0.12818	0.48363
V139	0.04301	0.20058	0.14245	0.61395
V140	0.00117	0.04478	0.01295	0.9411
V141	0.00866	0.12459	0.33267	0.53408
V142	0.37301	0.10016	0.52331	0.00352
V143	0.05886	0.26893	0.05524	0.61697
V144	0.01367	0.11116	0.08945	0.78573
V145	0	0.78292	0.19032	0.02676
V146	0.00232	0.01434	0.00455	0.97878
V147	0.39548	0.19259	0.0584	0.35354
V148	0.01511	0.06448	0.37314	0.54728
V149	0.04997	0.68048	0.23415	0.03539
V150	0.01555	0.25241	0.47423	0.2578
V151	0.02799	0.58747	0.02944	0.3551
V152	0.03531	0.47137	0.18778	0.30553
V153	0.01414	0.66292	0.01537	0.30757
V154	0.04281	0.56454	0.26365	0.129
V155	0.08925	0.21194	0.30037	0.39844
V156	0.00592	0.12706	0.50134	0.36567
V157	0.03858	0.15262	0.2255	0.5833
V158	0	0.00943	0.00186	0.98871
V159	0.34489	0.28288	2e-05	0.37222
V160	0.12271	0.04907	0.06879	0.75942
V161	0.01275	0.01741	0.00917	0.96067
V162	0.00582	0.17591	0.03622	0.78205
V163	0.01104	0.37949	0.10686	0.50261
V164	0.04164	0.28525	0.07741	0.59571
V165	5e-05	0.13892	0	0.86103
V166	0	0.05069	0.02147	0.92785
V167	0.02865	0.01552	0	0.95583
V168	0.04656	0.66101	0.08033	0.2121
V169	0.01111	0.03792	0.01206	0.9389
V170	0.0127	0.02118	0.32822	0.6379
V171	0.02364	0.28208	0.53724	0.15704
V172	0.27939	0.07746	0.57369	0.06946
V173	0.00144	0.07492	0.01176	0.91189
V174	0.00068	0.08172	0.02462	0.89299
V175	0.01122	0.00594	0.60004	0.3828
V176	0.00105	0.82958	0.14304	0.02633
V177	0.00091	0.94843	0	0.05065
V178	0.00051	0.57401	0.00139	0.42409
V179	0.01558	0.01517	0.23274	0.73651
V180	0.00441	0.92864	0.06695	0
V181	0.02256	0.13191	0.40035	0.44518
V182	0.05448	0.24325	0.46168	0.24059
V183	0.03157	0.93283	0.00561	0.02999
V184	0.73128	0.21907	0.04171	0.00793
V185	0.14863	0.7822	0.02236	0.04681
V186	0.01575	0.43899	0.19205	0.35321
V187	0.58046	0.20098	0.11399	0.10457
V188	0.00433	0.12641	0	0.86926
V189	0.19162	0.09786	0.02809	0.68243
V190	0.23256	0.08053	0.62369	0.06322
V191	0.03334	0.25854	0.54521	0.16292
V192	0.03944	0.44073	0.04193	0.4779
V193	0.12081	0.08381	0.27069	0.52468
V194	0.0056	0.91325	0.00424	0.07691
V195	0.00206	0.01241	0.95137	0.03416
V196	0	0.0356	0	0.9644
V197	0.03707	0.04774	0.0114	0.90378
V198	0.01138	0.50345	0.29969	0.18548
V199	0.01092	0.02443	0.07503	0.88961
V200	0.01257	0.428	0.01118	0.54825
V201	0.0125	0.47529	0.13498	0.37723
V202	0.00258	0.01181	0.51813	0.46748
V203	0.02983	0.5071	0.37015	0.09293
V204	0.00011	0.29925	0	0.70064
V205	0.00398	0.04984	0.87897	0.06721
V206	0.01059	0.10359	0.85117	0.03465
V207	0.0088	0.11273	0.02164	0.85684
V208	0.05491	0.09582	0.76978	0.07949
V209	0.04014	0.44908	0.05726	0.45353
V210	0.01356	0.75026	0.07847	0.1577
V211	0.03864	0.02689	0.0156	0.91887
V212	0.13568	0.10017	0.62337	0.14077
V213	0.10608	0.0729	0.10811	0.71291
V214	0.03889	0.15492	0.11786	0.68833
V215	0.02095	0.06962	0.00678	0.90264
V216	0.00106	0.00977	0.00173	0.98743
V217	0.0061	0.38204	0.1454	0.46646
V218	0.01064	0.34061	0.10357	0.54519
V219	0.01145	0.48225	0.0063	0.5
V220	0.00056	0.63679	0.00174	0.3609
V221	0.16565	0.06568	0.0062	0.76247
V222	0.04423	0.148	0.28951	0.51826
V223	0.00144	0.13786	0.61183	0.24887
V224	0.68618	0.20232	0.10437	0.00714
V225	0.00947	0.91241	0.05122	0.0269
V226	0.06699	0.13277	0.71662	0.08363
V227	0.3301	0.08862	0.44147	0.13981
V228	0.21013	0.18405	0.10548	0.50035
V229	0.0039	0.01253	0.88522	0.09835
V230	0	0.0165	0.00172	0.98178
V231	0.00089	0.14621	0.04357	0.80933
V232	0.00508	0.4464	0	0.54851
V233	0.10013	0.14921	0.20762	0.54304
V234	0.00569	0.9155	0.02666	0.05216
V235	0.08507	0.10878	0.64845	0.15771
V236	0.00889	0.06668	0.65897	0.26546
V237	0.01002	0.01647	0.00932	0.96419
V238	0.02127	0.58814	0.22188	0.16871
V239	0.00576	0.23377	0.00696	0.7535
V240	0.11522	0.08836	0.5481	0.24831
V241	0.00347	0.00236	0.75354	0.24063
V242	0.02198	0.83348	0.08701	0.05754
V243	0.04586	0.0589	0.60083	0.29441
V244	0.03634	0.01196	0.62977	0.32193
V245	0.13825	0.50663	0.07383	0.28129
V246	0.01165	0.17044	0.72166	0.09625
V247	0.03708	0.02328	0.93938	0.00026
V248	0.00048	0.02095	0.01006	0.96851
V249	0	0.03235	0.73372	0.23392
V250	0.31815	0.08934	0.51804	0.07447
V251	0.54615	0.32696	0.02858	0.09831
V252	0.00108	0.86933	0.12959	0
V253	0.04055	0.07639	0.11407	0.76899
V254	0.00095	0.93192	0.0415	0.02562
V255	0.00705	0.86786	0	0.12509
V256	0.02829	0.24337	0.44334	0.285
V257	0.056	0.1165	0.18015	0.64735
V258	0.02455	0.26705	0.3256	0.3828
V259	0.00685	0.3143	0.53325	0.14559
V260	0	0.31556	0.65375	0.03069
V261	0.10988	0.07901	0.209	0.6021
V262	0.00512	0.03475	0.00165	0.95849
V263	0.00247	0.92205	0	0.07548
V264	0.01749	0.03811	0.28416	0.66024
V265	0.0012	0.01113	0.04061	0.94706
V266	0.20216	0.78308	0.01319	0.00158
V267	0	0.11233	0.13868	0.74899
V268	0.03635	0.03447	0.07986	0.84932
V269	0.00111	0.53895	0.30271	0.15724
V270	0.15498	0.08725	0.33554	0.42223
V271	0.21686	0.19153	0.05732	0.53428
V272	0.00794	0.71421	0.00882	0.26903
V273	0.00233	0.01777	0.00721	0.97269
V274	0.16874	0.04987	0.25059	0.5308
V275	1e-05	0.01226	0.95369	0.03405
V276	0.07849	0.40179	0.01073	0.50899
V277	0.00273	0.11198	0.0636	0.82169
V278	0.00233	0.03408	0.10324	0.86035
V279	0.14142	0.13122	0.13577	0.59159
V280	0	0.00943	0.00186	0.98871
V281	0.08316	0.06082	0.11932	0.73669
V282	0.011	0.07056	0.7078	0.21063
V283	0.02702	0.52879	0.04898	0.3952
V284	0.00427	0.9196	0.04986	0.02626
V285	0.01562	0.00388	0.98045	5e-05
V286	0.03678	0.56821	0.0959	0.29911
V287	0.01534	0.8909	0.01196	0.08179
V288	0.00192	0.20929	0.24874	0.54005
V289	0.04718	0.27529	0.39397	0.28356
V290	0.37171	0.58506	0.03987	0.00335
V291	0.12639	0.14945	0.62762	0.09654
V292	0.39118	0.13691	0.00042	0.47149
V293	0.06253	0.0294	0.72293	0.18513
V294	0.00685	0.20963	0	0.78352
V295	0.00093	0.09636	0.07594	0.82676
V296	0.02906	0.14308	0.5231	0.30476
V297	0.00371	0.01128	0.01924	0.96577
V298	0.06422	0.16182	0.69091	0.08304
V299	0.00525	0.14965	0.00274	0.84236
V300	0	0.01973	0.0776	0.90266
V301	0.0188	0.11797	0.49434	0.36889
V302	0.18839	0.71052	0	0.10108
V303	0	0.59281	0.30286	0.10433
V304	0.00854	0.02177	0.50709	0.4626
V305	0.01313	0.13291	0.28354	0.57042
V306	0.26888	0.29882	0.10552	0.32678
V307	0.00252	0.93471	0.01162	0.05115
V308	0.0248	0.20055	0.19562	0.57903
V309	0.03699	0.27006	0.01741	0.67554
V310	0.00736	0.20469	0.07516	0.71278
V311	0.12179	0.8252	0.00952	0.04349
V312	0.01663	0.77437	0.12552	0.08348
V313	0	0.05114	0.00161	0.94724
V314	0.00151	0.31985	0.05916	0.61947
V315	0.01278	0.49121	0.02381	0.47219
V316	0.0422	0.14949	0.3099	0.49841
V317	0.01047	0.55011	0.03092	0.4085
V318	0.00331	0.34242	0.00393	0.65034
V319	0.01193	0.0626	0.79711	0.12836
V320	0.0117	0.14129	0.4694	0.37761
V321	0.19694	0.78882	0.01273	0.0015
V322	0.01553	0.22669	0.03885	0.71894
V323	0.00253	0.01832	0.02533	0.95382
V324	0.18912	0.54327	0.11961	0.148
V325	0.05691	0.84555	0.06305	0.03449
V326	0	0.37215	0.04877	0.57908
V327	0.00069	0.07272	0.03464	0.89195
V328	0.00726	0.02102	0.49963	0.47209
V329	0.0112	0.07276	0.07289	0.84315
V330	0.0505	0.02559	0.25447	0.66944
V331	0.02599	0.06864	0.01942	0.88595
V332	0	0.02862	0.06127	0.91012
V333	0.07168	0.11382	0.38681	0.42769
V334	0.04393	0.02294	0.26018	0.67295
V335	0.00404	0.29707	0.35449	0.3444
V336	0.02469	0.65937	0.01639	0.29955
V337	0.05089	0.52218	0.29418	0.13274
V338	0	0.96983	0.00474	0.02543
V339	0.02742	0.00694	0.92789	0.03775
V340	0.00764	0.18923	0.33186	0.47127
V341	0.00048	0.02079	0.01564	0.96308
V342	0.03969	0.01361	0.50412	0.44259
V343	0.60511	0.25353	0.03259	0.10877
V344	0.23395	0.41328	0.35079	0.00198
V345	0.00213	0.013	0.98486	0
V346	0.02401	0.10453	0.18878	0.68268
V347	0.00222	0.01362	0.04246	0.94169
V348	0.00769	0.53293	0.09728	0.3621
V349	0.05368	0.20705	0.35692	0.38236
V350	0.00456	0.84633	0.14911	0
V351	0.00105	0.02156	0.16223	0.81516
V352	0.00907	0.01357	0.71231	0.26505
V353	0.31424	0.14845	0.07585	0.46147
V354	0.00772	0.68403	0.17883	0.12941
V355	0.03549	0.08414	0.34175	0.53862
V356	0.00118	0.01805	0.0283	0.95247
V357	0.01201	0.25985	0.16834	0.5598
V358	0.07182	0.13116	0.04125	0.75577
V359	0.07987	0.0832	0.02711	0.80981
V360	0.13231	0.74714	0.03248	0.08807
V361	0	0.48924	0.48135	0.02941
V362	0	0.96248	0.01208	0.02544
V363	0.01744	0.10436	0.29819	0.58001
V364	0.02579	0.07238	0.58024	0.32159
V365	0.0186	0.02734	0.00346	0.9506
V366	0.00971	0.55256	0.05717	0.38055
V367	0.08036	0.16776	0.00231	0.74957
V368	0.01228	0.65951	0.06509	0.26312
V369	0.00348	0.4456	0.52073	0.03018
V370	0.05494	0.37393	0.43289	0.13823
V371	0.02769	0.72835	0.02583	0.21813
V372	0.01039	0.03838	0.04939	0.90184
V373	0.00936	0.11223	0.28565	0.59276
V374	0.34119	0.12228	0.53306	0.00347
V375	0.00222	0.02553	0.04832	0.92394
V376	0.00118	0.02174	0.02811	0.94897
V377	0.14368	0.04823	0.01319	0.7949
V378	2e-04	0.0213	0.16588	0.81263
V379	0.0306	0.15522	0.00506	0.80912
V380	0.00968	0.04992	0.08468	0.85573
V381	0.14418	0.06969	0.10981	0.67632
V382	0.01765	0.02971	0.91608	0.03656
V383	0.22491	0.07499	0.07896	0.62114
V384	0.08315	0.11265	0.11549	0.6887
V385	0.31441	0.12549	0.15959	0.4005
V386	0.02172	0.02297	0.06525	0.89006
V387	0.12841	0.25894	0.23165	0.381
V388	0.05036	0.34616	0.12115	0.48234
V389	0.07288	0.6602	0.01357	0.25335
V390	0.05922	0.37483	0.52685	0.0391
V391	0.03917	0.09043	0.0089	0.8615
V392	0.05857	0.24431	0.13597	0.56115
V393	0.03881	0.24778	0.28147	0.43195
V394	0.00667	0.12752	0.04543	0.82038
V395	0.0256	0.35451	0.14208	0.47781
V396	0.00091	0.91968	0.0042	0.07522
V397	0.24892	0.27535	0.20119	0.27453
V398	0.05546	0.1435	0.07037	0.73066
V399	0.02578	0.53743	0.12311	0.31369
V400	0	0.37284	0.03269	0.59447
V401	0.00657	0.16059	0.57691	0.25594
V402	0.32897	0.57397	0.09425	0.00281
V403	0.00049	0.01713	0.01856	0.96382
V404	0.01489	0.20744	0.48008	0.29759
V405	0.01429	0.03085	0.07288	0.88198
V406	0.13257	0.40921	0.02568	0.43254
V407	0	0.96983	0.00474	0.02543
V408	0.01024	0.19398	0.24041	0.55538
V409	0	0.01256	0.00186	0.98558
V410	0.01383	0.87797	0.02722	0.08097
V411	0.03818	0.02217	0	0.93965
V412	0.01709	0.07112	0.31846	0.59333
V413	0.00683	0.35541	0.10707	0.5307
V414	0.00514	0.43369	0.22774	0.33342
V415	0.05853	0.05194	0.17911	0.71042
V416	0.00207	0.0772	0.92073	0
V417	0.07584	0.88067	0.00738	0.03611
V418	0.00447	0.05725	0.04913	0.88915
V419	0	0.00934	0.00456	0.9861
V420	0	0.74728	0.00871	0.24401
V421	0.02439	0.04803	0.54852	0.37906
V422	0.00172	0.03253	0	0.96575
V423	0.01662	0.01606	0.86454	0.10278
V424	0	0.03841	0.3539	0.60768
V425	0.00933	0.23534	0.44226	0.31306
V426	0.01603	0.04812	0.68527	0.25059
V427	0.0078	0.29547	0.11296	0.58377
V428	0.01232	0.69685	0.04417	0.24665
V429	0	0.0102	0.00769	0.9821
V430	0.20072	0.3694	0.03262	0.39726
V431	0.01844	0.0309	0.29712	0.65353
V432	0.00642	0.05379	0.0152	0.92459
V433	0.00704	0.55572	0	0.43723
V434	0.02481	0.06079	0.02297	0.89143
V435	0.06964	0.03742	0.09387	0.79907
V436	0.03249	0.02654	0.06223	0.87874
V437	0.01439	0.13852	0	0.84709
V438	0.08922	0.21089	0.03198	0.66791
V439	0.00115	0.04827	0	0.95058
V440	0.04844	0.04989	0.0188	0.88287
V441	0.00927	0.11453	0.37893	0.49727
V442	0.03935	0.32921	0.10408	0.52736
V443	0.14769	0.0588	0.11086	0.68266
V444	0.00213	0.013	0.98486	0
V445	0.17701	0.08038	0.54558	0.19702
V446	0.00516	0.73713	0.04349	0.21422
V447	0.13038	0.18824	0.22162	0.45976
V448	0.00072	0.03743	0.06574	0.8961
V449	0.11595	0.09381	0.33925	0.45098
V450	0.02362	0.96257	0.01381	0
V451	0.44747	0.31024	0.00161	0.24069
V452	0.00111	0.01372	0.01863	0.96654
V453	0.25751	0.24558	0.12976	0.36714
V454	0	0.90809	0.04074	0.05117
V455	0.14886	0.09911	0.41421	0.33782
V456	0.04513	0.14121	0.31171	0.50195
V457	0	0.0163	0	0.9837
V458	0.01787	0.14121	0	0.84092
V459	0.00229	0.67916	0.06872	0.24984
V460	0.52908	0.18225	0.10277	0.1859
V461	0.00233	0.02171	0	0.97596
V462	0.03175	0.19127	0	0.77698
V463	0.03467	0.48227	0.13383	0.34924
V464	0.05589	0.10691	0.00106	0.83613
V465	0.05536	0.44548	0.02331	0.47585
V466	0.08591	0.2331	0.00291	0.67808
V467	0.05427	0.70385	0.08586	0.15602
V468	0.09747	0.58716	0.06491	0.25046
V469	0.00139	0.1161	0.14118	0.74133
V470	0.08855	0.17944	0.17206	0.55996
V471	0.01781	0.07317	0.01426	0.89476
V472	0.03376	0.27036	0	0.69588
V473	0.01763	0.59763	0.29624	0.08851
V474	0.00694	0.01134	0.03663	0.94509
V475	0.01645	0.3167	0.05095	0.61591
V476	0.00969	0.02038	0.01923	0.9507
V477	0.10191	0.08595	0.20902	0.60312
V478	0.01249	0.44317	0.00105	0.54329
V479	0.00324	0.08479	0.63773	0.27424
V480	0.00572	0.16528	0.01685	0.81215
V481	0.03034	0.02063	0.87401	0.07502
V482	0.19315	0.37888	0.18931	0.23866
V483	0.00812	0.06828	0.02921	0.89439
V484	0.00047	0.03559	0.00425	0.95969
V485	0.01412	0.62131	0.0081	0.35646
V486	0.02781	0.23256	0.08638	0.65325
V487	0.00448	0.03154	0.02932	0.93466
V488	0	0.0021	0.67686	0.32104
V489	0.04152	0.14489	0.7375	0.07609
V490	0.03953	0.28646	0.0499	0.62411
V491	0.08415	0.61792	0.0416	0.25633
V492	0.00441	0.85619	0.11272	0.02668
V493	0	0.00955	0	0.99045
V494	0.02745	0.17068	0.40717	0.3947
V495	0.03875	0.72934	0.13887	0.09305
V496	0.04505	0.78028	0	0.17467
V497	0.00208	0.00064	0.96287	0.03442
V498	0.02291	0.07834	0.02327	0.87549
V499	0.17498	0.56756	0.20621	0.05126
V500	0.01957	0.14763	0.67446	0.15834
V501	0	0.00894	0.00744	0.98363
V502	0.1276	0.49473	0.21095	0.16673
V503	0.01454	0.07447	0.09714	0.81385
V504	0.03585	0.73051	0.01133	0.22231
V505	0.0192	0.18599	0.16373	0.63108
V506	0.01125	0.21812	0.29002	0.4806
V507	0.09742	0.1665	0.12508	0.611
V508	0.2116	0.41619	0.07984	0.29237
V509	0.02786	0.06932	0.34709	0.55573
V510	0.04163	0.65878	0.2649	0.03469
V511	0.00403	0.23982	0.01875	0.73739
V512	0.01578	0.04144	0.03444	0.90834
V513	0.01192	0.61182	0.16716	0.20911
V514	0	0.03222	0	0.96778
V515	0.17521	0.16187	0.06999	0.59293
V516	0.46495	0.44524	0.00225	0.08756
V517	0.00229	0.02119	0.08744	0.88909
V518	0.57651	0.31567	0.00384	0.10398
V519	0.00348	0.72334	0.00241	0.27077
V520	0.00339	0.00464	0.36023	0.63174
V521	0.15216	0.12063	0.54189	0.18533
V522	0.00073	0.10092	0.33092	0.56744
V523	0.04212	0.13694	0.18854	0.6324
V524	0.00101	0.74097	0.15484	0.10319
V525	0.0167	0.13007	0.0105	0.84274
V526	0.09952	0.13483	0.07329	0.69235
V527	0.02137	0.03032	0.26248	0.68583
V528	0.01435	0.8284	0	0.15725
V529	0.00382	0.03881	0.07674	0.88063
V530	0.00123	0.20035	0.49663	0.30179
V531	0.00279	0.8991	0.09811	0
V532	0.01289	0.2205	0.01299	0.75361
V533	0.03149	0.31456	0.09647	0.55749
V534	0.00083	0.01158	0.4154	0.57219
V535	0.05934	0.02307	0.00525	0.91234
V536	0.01825	0.00972	0.2286	0.74343
V537	0.15703	0.51273	0.23363	0.0966
V538	0.05105	0.0665	0.05517	0.82729
V539	0.03511	0.4239	0.1268	0.41419
V540	0.03129	0.75575	0.06932	0.14364
V541	0.00128	0.31514	0.03023	0.65335
V542	0.01765	0.10992	0.1504	0.72203
V543	0.25641	0.09171	0.02274	0.62913
V544	0.00707	0.05672	0.06848	0.86774
V545	0.03417	0.12552	0.04159	0.79872
V546	0.00777	0.90678	0.0587	0.02675
V547	0.00625	0.67173	0.26398	0.05805
V548	0.02652	0.86209	0.08147	0.02992
V549	0.07065	0.06127	0.78201	0.08607
V550	0.073	0.05493	0	0.87208
V551	0.02716	0.74848	0.03402	0.19033
V552	0	0.29013	0	0.70987
V553	0.04486	0.21109	0.63833	0.10572
V554	0.00252	0.04548	0.00436	0.94763
V555	0.00998	0.18365	0.20208	0.60428
V556	0	0.02299	0.85214	0.12486
V557	0.16996	0.10544	0.01581	0.70879
V558	0.00878	0.64462	0.02049	0.32611
V559	0.00111	0.83551	0.16338	0
V560	0.20857	0.73709	0	0.05434
V561	1e-05	0.01226	0.95369	0.03405
V562	0.20592	0.07424	0.18564	0.5342
V563	0.0529	0.01494	0.89077	0.0414
V564	0.01227	0.08944	0.82976	0.06854
V565	0.01322	0.21915	0.23797	0.52965
V566	0.11705	0.16283	0.00379	0.71634
V567	0.02192	0.35613	0.01672	0.60523
V568	0.01396	0.01765	0.01935	0.94904
V569	0.10505	0.06912	0	0.82583
V570	0.00476	0.29565	0.47851	0.22108
V571	0.25252	0.34614	0	0.40134
V572	0.07586	0.03612	0.45678	0.43125
V573	0.00364	0.08806	0	0.9083
V574	0.00591	0.7926	0.14637	0.05512
V575	0.00071	0.0473	0.04211	0.90988
V576	0.02567	0.87915	0.03734	0.05785
V577	0.00226	0.02932	0.07253	0.8959
V578	0.00818	0.06298	0.43984	0.489
V579	0.00097	0.84377	0.0782	0.07706
V580	0.0085	0.01559	0.03976	0.93615
V581	0.00305	0.04113	0	0.95583
V582	0.08365	0.19458	0.03099	0.69078
V583	0.00074	0.03896	0.34308	0.61721
V584	0.12061	0.29115	0.38165	0.20659
V585	0.00022	0.01241	0.18629	0.80108
V586	0.04164	0.02328	0.59379	0.34128
V587	0.05677	0.02719	0.76946	0.14658
V588	0.09328	0.08242	0.02191	0.80239
V589	0.00843	0.74075	0.05156	0.19927
V590	0.00813	0.79883	0.16555	0.0275
V591	0	0.02408	0.06765	0.90828
V592	0.03411	0.05026	0.91541	0.00022
V593	0.0878	0.02981	0.16285	0.71954
V594	0.0592	0.39186	0.34866	0.20029
V595	0.00048	0.01777	0.00184	0.97991
V596	0.00362	0.18074	0.1099	0.70575
V597	0	0.51371	0.24338	0.24291
V598	0.00383	0.13374	0.7969	0.06554
V599	0.15655	0.61029	0.0575	0.17566
V600	0.05233	0.50125	0.04765	0.39878
V601	0.01233	0.18895	0.04208	0.75664
V602	0.00044	0.01679	0	0.98277
V603	4e-05	0.19162	0.00258	0.80575
V604	0.12151	0.23955	0.46741	0.17153
V605	0.00886	0.27011	0.25197	0.46907
V606	0.15984	0.29206	0.01584	0.53226
V607	0.10335	0.05247	0.10781	0.73637
V608	0.02366	0.15255	0.26031	0.56347
V609	0.00244	0.15357	0.11488	0.72911
V610	0.17387	0.09217	0.1268	0.60715
V611	0.02118	0.01805	0.02301	0.93776
V612	0.00512	0.09875	0.66355	0.23258
V613	0.00672	0.35619	0.49268	0.14442
V614	0.16334	0.15518	0.0666	0.61487
V615	0.00725	0.03649	0	0.95626
V616	0.00914	0.54496	0.0305	0.4154
V617	0.12134	0.32562	0.55207	0.00097
V618	0.11448	0.04654	0	0.83899
V619	0.04872	0.04877	0.23695	0.66556
V620	0.00123	0.69103	0.28015	0.02759
V621	0.0543	0.16999	0.1332	0.64251
V622	0.06891	0.34009	0.44503	0.14597
V623	0.00071	0.0426	0.049	0.90769
V624	0.28164	0.54583	0	0.17253
V625	0.0346	0.47177	0.07882	0.41481
V626	0.54398	0.26252	0.00299	0.19051
V627	0	0.0167	0.01869	0.96461
V628	0	0.10778	0.00199	0.89024
V629	0.01245	0.23426	0.16883	0.58446
V630	0.00658	0.34861	0.4743	0.17051
V631	0.00088	0.10559	0.03982	0.85371
V632	0.0848	0.02846	0.11592	0.77082
V633	0	0.02978	0.59429	0.37593
V634	0.08483	0.44079	0.43197	0.04241
V635	0.00315	0.56538	0.00143	0.43004
V636	0.0178	0.1153	0.47534	0.39156
V637	0.02928	0.15985	0.05186	0.75901
V638	0.04311	0.24833	0.05104	0.65752
V639	0.05178	0.60324	0.34489	9e-05
V640	0.00699	0.16909	0.64533	0.17858
V641	0.32776	0.19835	0.06311	0.41078
V642	0.20632	0.39071	0	0.40296
V643	0.00064	0.14421	0.26293	0.59222
V644	0.43273	0.38453	0.02213	0.16061
V645	0.04702	0.53446	0.31809	0.10043
V646	0.00095	0.96871	0.0047	0.02564
V647	0.02563	0.11245	0.64177	0.22015
V648	0.07738	0.62092	0.16026	0.14144
V649	0.00535	0.0682	0.71967	0.20678
V650	0.01049	0.10078	0.65033	0.2384
V651	0.07047	0.01956	0.86631	0.04367
V652	0.01021	0.07939	0.26723	0.64317
V653	0.01532	0.5882	0.07716	0.31931
V654	0.1752	0.41986	0.09614	0.3088
V655	0.00369	0.37784	0.00919	0.60928
V656	0.01464	0.17291	0.00359	0.80886
V657	0.00047	0.03578	0	0.96375
V658	0.10002	0.30532	0.06496	0.5297
V659	0.04079	0.10041	0.26838	0.59042
V660	0.00404	0.9202	0	0.07576
V661	0.00558	0.26257	0.02548	0.70637
V662	0.07102	0.04303	0.46389	0.42207
V663	0.03763	0.09591	0.4727	0.39376
V664	0.03574	0.09586	0.66394	0.20447
V665	0.15227	0.35121	0.06057	0.43595
V666	0.08453	0.02667	0.0828	0.806
V667	0.30392	0.29501	0.39815	0.00292
V668	0.02101	0.89858	0.08041	0
V669	0.03223	0.42804	0.2028	0.33692
V670	0.01198	0.90919	0	0.07883
V671	0.05577	0.35006	0.23903	0.35514
V672	0.00381	0.02399	0.84579	0.1264
V673	0.02861	0.34644	0.16892	0.45603
V674	0.14593	0.26703	0.02427	0.56276
V675	0.01429	0.2806	0.21111	0.494
V676	0.00143	0.06036	0.03503	0.90318
V677	0.05551	0.44976	0.08919	0.40554
V678	0.11827	0.81788	0.02057	0.04328
V679	0.00963	0.35638	0.56909	0.06491
V680	0.05405	0.69852	0.14877	0.09866
V681	0.38048	0.30934	0.03698	0.2732
V682	0.01991	0.3429	0.48663	0.15055
V683	0.00097	0.98658	0.01246	0
V684	0.1784	0.35563	0.15088	0.31508
V685	0.10031	0.52794	0.15396	0.21779
V686	0.00675	0.10698	0.06154	0.82473
V687	0.00045	0.01307	0.00173	0.98475
V688	0.0519	0.52917	0	0.41893
V689	0.01514	0.01403	0.01604	0.95478
V690	0.0941	0.09543	0.50434	0.30613
V691	0.03342	0.00931	0.91857	0.03871
V692	0.01358	0.15746	0.59166	0.23729
V693	0.02495	0.10559	0.24617	0.62329
V694	2e-05	0.02048	0.10095	0.87856
V695	0.01637	0.01687	0.06934	0.89742
V696	0.00384	0.0469	0.00164	0.94762
V697	0	0.02857	0	0.97143
V698	0.17176	0.06515	0.01542	0.74767
V699	0.10875	0.42216	0.08253	0.38656
V700	0.01357	0.02617	0	0.96026
V701	0.01176	0.4021	0.06918	0.51696
V702	0.07474	0.1074	0.00797	0.80989
V703	0.0142	0.05204	0.30635	0.62741
V704	0.21155	0.14821	0.04161	0.59863
V705	0.48361	0.13972	0.04669	0.32997
V706	0.01343	0.05682	0.63416	0.29559
V707	0.00631	0.44828	0.40782	0.13759
V708	0.00506	0.76338	0.01592	0.21564
V709	0.0212	0.28915	0.42952	0.26013
V710	0.09608	0.29419	0.05359	0.55614
V711	0.01391	0.79708	0.08095	0.10806
V712	0.18995	0.15475	0.00718	0.64811
V713	0.05619	0.30292	0.02747	0.61343
V714	0.00036	0.44005	0.00988	0.54971
V715	0.0484	0.41329	0.28951	0.2488
V716	0.0011	0.02471	0.00991	0.96428
V717	0.01228	0.93446	0	0.05326
V718	0.01881	0.51267	0.13864	0.32989
V719	0.00717	0.53072	0.02385	0.43826
V720	0.18241	0.05314	0.35069	0.41376
V721	0.01351	0.14544	0.2969	0.54416
V722	0.00703	0.19439	0.0032	0.79538
V723	0.00646	0.05001	0	0.94353
V724	0.08316	0.05955	0.06977	0.78752
V725	0	0.10401	0.77492	0.12107
V726	0.00335	0.23392	0.05865	0.70409
V727	0.04712	0.82087	0.09858	0.03343
V728	0.00435	0.88761	0.08142	0.02662
V729	0.04179	0.02975	0.1016	0.82685
V730	0.39038	0.211	0.11676	0.28187
V731	0.00298	0.14542	0.22248	0.62912
V732	0.04422	0.09364	0.26449	0.59765
V733	0.1059	0.27895	0.03771	0.57745
V734	0.04617	0.41778	0.49927	0.03677
V735	0.00176	0.02262	0.26789	0.70773
V736	0.00703	0.01612	0	0.97685
V737	0.04541	0.31345	0.19718	0.44397
V738	0.01127	0.30325	0.31751	0.36798
V739	0	0.00958	0.35203	0.63839
V740	0.35213	0.3397	0.16814	0.14003
V741	0.06648	0.12758	0.09915	0.70679
V742	0.08517	0.89617	0.01837	0.00029
V743	0.02605	0.18228	0.69185	0.09982
V744	0.09734	0.08805	0.35853	0.45609
V745	0.00229	0.57376	0.12879	0.29515
V746	0.67301	0.20199	0.00552	0.11948
V747	0.00775	0.00679	0.43702	0.54844
V748	0.01559	0.10425	0.39814	0.48202
V749	0.0218	0.12623	0.02584	0.82613
V750	0.06215	0.50776	0.01831	0.41179
V751	0.00692	0.78894	0.03127	0.17287
V752	0.06495	0.25978	0.1148	0.56047
V753	0	0.0131	0	0.9869
V754	0.00078	0.81035	0	0.18888
V755	0.0147	0.16485	0.21422	0.60623
V756	0.00048	0.01372	0.01026	0.97554
V757	0.05986	0.74011	0.07027	0.12975
V758	0.00691	0.68045	0.09388	0.21876
V759	0.01181	0.05434	0.23323	0.70062
V760	0.03158	0.06365	0.18394	0.72083
V761	0.01047	0.53119	0.20591	0.25243
V762	0	0.19626	0.00258	0.80116
V763	0.04556	0.33878	0.02001	0.59564
V764	0.00079	0.80708	0.00306	0.18907
V765	0.10452	0.13907	0	0.75641
V766	0.0021	0.25217	0.26809	0.47763
V767	0.07286	0.17014	0.21673	0.54027
V768	0.00902	0.89307	0.01905	0.07887
V769	0.02363	0.89038	0.0289	0.05709
V770	0.00095	0.96871	0.0047	0.02564
V771	0.03492	0.02208	0.86654	0.07647
V772	0.02903	0.06051	0.87264	0.03782
V773	0.02704	0.90976	0.00518	0.05802
V774	0.00383	0.00151	0.86819	0.12648
V775	0.00812	0.03414	0.11952	0.83822
V776	0.06681	0.49538	0.05266	0.38516
V777	0.01095	0.0774	0.05909	0.85257
V778	0.0869	0.36056	0.07165	0.48089
V779	0.01741	0.04603	0.31642	0.62014
V780	0.01986	0.85614	0.124	0
V781	0.00172	0.02137	0.00442	0.97249
V782	0.0015	0.12905	0.6417	0.22776
V783	0.15972	0.0878	0.06405	0.68843
V784	0.01885	0.94025	0.01293	0.02797
V785	0.00559	0.90618	0.01141	0.07682
V786	0.19754	0.37594	0.14476	0.28177
V787	0	0.84015	0.13394	0.02591
V788	0.107	0.4784	0.1901	0.2245
V789	0.00579	0.20951	0.01094	0.77377
V790	0.04544	0.04239	0.04379	0.86838
V791	0.01583	0.33903	0.23273	0.41241
V792	0.0117	0.38597	0.00073	0.60159
V793	0.01322	0.51553	0.02478	0.44647
V794	0.00891	0.08784	0.6405	0.26274
V795	0.00654	0.03246	0.01909	0.94191
V796	0.00581	0.0969	0.80016	0.09713
V797	0.28493	0.08087	0.4993	0.1349
V798	0.16023	0.57732	0.12463	0.13781
V799	0.01859	0.72467	0.02422	0.23252
V800	0.00845	0.0254	0.31043	0.65572
V801	0.01237	0.09839	0.18785	0.70139
V802	0.00284	0.052	0.11281	0.83235
V803	0.04174	0.67562	0.28264	0
V804	0.11997	0.05798	0.48266	0.33939
V805	0.00216	0.00062	0.99722	0
V806	0.00715	0.85563	0.01079	0.12644
V807	0.01736	0.10253	0.01468	0.86542
V808	0.17025	0.53734	0.07175	0.22067
V809	0.00862	0.04085	0.95054	0
V810	0.00095	0.97346	0	0.02559
V811	0.05443	0.09412	0.15222	0.69923
V812	0.08505	0.33276	0.05065	0.53155
V813	0.15171	0.39169	0.27675	0.17985
V814	0.09326	0.80634	0.06119	0.03921
V815	0	0.90916	0.06483	0.026
V816	0.58305	0.17234	0.23829	0.00632
V817	0.00598	0.08683	0.84008	0.06711
V818	0	0.02777	0.00729	0.96495
V819	0.28273	0.28172	0.10649	0.32906
V820	0.00708	0.05894	0.00527	0.9287
V821	0.0337	0.35496	0.34363	0.26772
V822	0.01437	0.02767	0.85607	0.10188
V823	0.00465	0.19705	0.5101	0.2882
V824	0.01908	0.45603	0.5249	0
V825	0.02329	0.25632	0.16855	0.55183
V826	0.08976	0.63553	0.19416	0.08055
V827	0.07087	0.78163	0.01497	0.13253
V828	0.01606	0.11915	0.0539	0.81089
V829	0.0026	0.13143	0.01331	0.85266
V830	0.01403	0.1399	0.01037	0.83571
V831	0.18004	0.20856	0.04912	0.56228
V832	0.03286	0.38123	0.12764	0.45827
V833	0.0162	0.42774	0.12711	0.42894
V834	0.02048	0.05896	0.035	0.88555
V835	0.05613	0.52462	0.11515	0.30411
V836	0.00031	0.42691	0.00042	0.57236
V837	0.02505	0.33796	0.13231	0.50468
V838	0.49658	0.30857	0.10101	0.09384
V839	0.05511	0.79802	0.11214	0.03473
V840	0.05494	0.93802	0.00703	1e-05
V841	0	0.04397	0.75349	0.20254
V842	0.04573	0.18156	0.20007	0.57264
V843	0.00339	0.02228	0.7151	0.25923
V844	0.01109	0.0753	0.21996	0.69365
V845	0.01238	0.12401	0.62482	0.2388
V846	0	0.01123	0.457	0.53176
V847	0	0.00914	0	0.99086
V848	0.00993	0.38407	0.10641	0.49958
V849	0	0.874	0.00375	0.12225
V850	0.57398	0.16992	0.05651	0.19959
V851	0.06525	0.75821	0.17635	0.00019
V852	0.00627	0.03526	0.04567	0.9128
V853	0.03416	0.24709	0.3241	0.39465
V854	0.098	0.25668	0.11148	0.53383
V855	0	0.00914	0	0.99086
V856	0.00596	0.27108	0.21347	0.50948
V857	0.12721	0.28686	0.041	0.54493
V858	0.16327	0.05996	0.72194	0.05483
V859	0.13705	0.40068	0.02596	0.43631
V860	0.0119	0.07648	0.02177	0.88985
V861	0.01834	0.41279	0.50178	0.0671
V862	0.02435	0.11275	0.66994	0.19296
V863	0.01145	0.04305	0	0.94551
V864	0.00313	0.02638	0.01329	0.9572
V865	0.00804	0.01386	0.11258	0.86551
V866	0.25604	0.11219	0.50527	0.1265
V867	0.26307	0.14191	0.52715	0.06787
V868	0.0953	0.404	0.15268	0.34801
V869	0.00256	0.96707	0.00466	0.02571
V870	0.00773	0.20013	0.00709	0.78505
V871	0	0.874	0.00375	0.12225
V872	0	0.01601	0.0846	0.89939
V873	0.35985	0.19365	0.12595	0.32056
V874	0.03352	0.93455	0.03193	0
V875	0.00095	0.10819	0.08048	0.81038
V876	0.02343	0.3458	0.33783	0.29294
V877	0.00597	0.3035	0.17772	0.51281
V878	0.02212	0.91393	0.06395	0
V879	0.02663	0.67021	0.03956	0.26359
V880	0.03917	0.51233	0.0024	0.4461
V881	0.01775	0.05019	0.40797	0.52409
V882	0.23544	0.06593	0.21714	0.48149
V883	0.05948	0.31191	0.62828	0.00033
V884	0.00083	0.14392	0	0.85525
V885	0.23763	0.57875	0.18157	0.00204
V886	0.00245	0.31383	0.31518	0.36855
V887	0.10765	0.12482	0.16633	0.6012
V888	0.01662	0.05802	0.6091	0.31625
V889	0.42086	0.28762	0.06317	0.22834
V890	0.00512	0.12893	0.38395	0.482
V891	0.16344	0.1436	0.42404	0.26891
V892	0.01942	0.12032	0.00318	0.85709
V893	0.12983	0.36873	0.19446	0.30699
V894	0.01262	0.34135	0.49789	0.14814
V895	0.09549	0.1204	0.19791	0.58621
V896	0.0056	0.91325	0.00424	0.07691
V897	0.16059	0.48588	0.00804	0.34549
V898	0.04347	0.01918	5e-05	0.9373
V899	0.00181	0.10703	0.0557	0.83546
V900	0.00921	0.23131	0.2196	0.53988
V901	0.00465	0.65902	0.00202	0.33431
V902	0.00767	0.92249	0.04318	0.02667
V903	0.00124	0.42021	0.41518	0.16337
V904	0.00255	0.97166	0	0.02579
V905	0.00819	0.01141	0.06359	0.91681
V906	0.0441	0.09915	0.07184	0.7849
V907	0.07925	0.66682	0.02324	0.23069
V908	0	0.02932	0.01939	0.95129
V909	0.01831	0.75225	0	0.22943
V910	0.00929	0.01185	0.0432	0.93566
V911	0.09608	0.55265	0.0429	0.30836
V912	0.0516	0.34773	0.10607	0.49459
V913	0.00538	0.01173	0	0.98289
V914	0.0298	0.55409	0.26519	0.15091
V915	0.01267	0.01331	0	0.97402
V916	0.04843	0.08737	0.65502	0.20918
V917	0.17234	0.1058	0.23177	0.49009
V918	0.00704	0.56173	0.17125	0.25997
V919	0.01972	0.20564	0.19259	0.58206
V920	0.12116	0.33021	0.11545	0.43319
V921	0.00143	0.08306	0.00844	0.90708
V922	0.0168	0.48425	0.32917	0.16978
V923	0.00372	0.01856	0.01035	0.96737
V924	0.00592	0.66988	0.2178	0.1064
V925	0.01047	0.02983	0.00245	0.95725
V926	0.01149	0.02542	0.00905	0.95404
V927	0.00048	0.02452	0.01277	0.96223
V928	0.00671	0.79402	0.00312	0.19616
V929	0.00734	0.49598	0.08642	0.41026
V930	0.08459	0.48537	0.03851	0.39153
V931	0.02103	0.30118	0.41887	0.25892
V932	0.00493	0.09892	0.3612	0.53495
V933	0.15167	0.73482	0.02167	0.09184
V934	0.00015	0.08677	0.11056	0.80252
V935	0.12245	0.28626	0.2564	0.33488
V936	0.07754	0.31706	0.01676	0.58863
V937	0.07445	0.1644	0.07218	0.68897
V938	0.04598	0.06495	0.22788	0.66119
V939	0.14698	0.08242	0.09094	0.67966
V940	0.00418	0.74672	0.12208	0.12702
V941	2e-05	0.00032	0.9655	0.03416
V942	0.22244	0.48346	0.1327	0.1614
V943	0.0745	0.20808	0.46716	0.25026
V944	0.00088	0.14174	0.02471	0.83267
V945	0.10504	0.50426	0.01409	0.37661
V946	0.09327	0.41407	0.30148	0.19118
V947	0.00593	0.03618	0.09231	0.86559
V948	0.07283	0.06164	0.74575	0.11978
V949	0	0.05936	0.06921	0.87143
V950	0.00737	0.41596	0.13671	0.43996
V951	0.3675	0.15451	0.39899	0.079
V952	0.00606	0.08582	0.11993	0.7882
V953	0.00375	0.05974	0.8123	0.1242
V954	0.00274	0.10238	0.0559	0.83898
V955	0.01191	0.44137	0.01633	0.5304
V956	0.00445	0.02398	0.29424	0.67733
V957	0.02374	0.02442	0	0.95184
V958	0	0.00955	0	0.99045
V959	0.036	0.3067	0.38561	0.27169
V960	0.01928	0.20294	0.04501	0.73278
V961	0.01717	0.36248	0.25924	0.36112
V962	0.0605	0.24173	0.40238	0.29538
V963	0.12611	0.29954	0.19701	0.37734
V964	0.31517	0.16802	0.2185	0.29831
V965	0.00698	0.37035	0.11617	0.5065
V966	0.54934	0.22915	0.02842	0.19309
V967	0.00753	0.04059	0.31774	0.63413
V968	0	0.15841	0.61859	0.223
V969	7e-05	0.15246	0.01348	0.83399
V970	0.00434	0.09452	0.24227	0.65887
V971	0.0973	0.15723	0.37744	0.36803
V972	0.06857	0.22483	0.0418	0.6648
V973	0.02916	0.35161	0.05411	0.56512
V974	8e-04	0.66469	0.09705	0.23746
V975	0.02084	0.35495	0.59096	0.03325
V976	0.06148	0.27231	0.09654	0.56966
V977	0.06117	0.52256	0.37774	0.03853
V978	0.0037	0.05298	0.02201	0.9213
V979	0.34349	0.14092	0.44066	0.07493
V980	0.67301	0.20199	0.00552	0.11948
V981	0.04273	0.04964	0.32434	0.5833
V982	0.07069	0.49365	0.08145	0.3542
V983	0.11467	0.11447	0.00342	0.76745
V984	0.00251	0.781	0.09005	0.12644
V985	0.00513	0.10844	0	0.88643
V986	0.04568	0.54653	0.04854	0.35925
V987	0.0412	0.86782	0	0.09098
V988	0.01228	0.02151	0.00251	0.96371
V989	0.09066	0.69633	0.10081	0.1122
V990	0	0.0472	0.54822	0.40458
V991	0.18099	0.72191	0	0.0971
V992	0.02273	0.01823	0.3441	0.61494
V993	0.01067	0.6936	0.13945	0.15628
V994	0.03145	0.87878	0.02997	0.05979
V995	0.14694	0.21142	0.04269	0.59894
V996	0.01806	0.08353	0.00302	0.89539
V997	0.00295	0.01201	0.6047	0.38033
V998	0.31973	0.12782	0.14491	0.40754
V999	0.01987	0.95196	0	0.02817
V1000	0.02272	0.0288	0	0.94848
