Neutrophils	Monocytes_CD14.CD16.	Macrophage	T_cells_.CD4..	NK_cells
V1	0.32774	0.15728	0.26754	0.09279	0.15465
V2	0.05124	0.82748	0.03217	0.04113	0.04798
V3	0.07365	0	0.53081	0.38051	0.01503
V4	0.00623	0	0.22598	0.02122	0.74657
V5	0.00482	0	0.04834	0.0571	0.88975
V6	0.34857	0.04289	0.30716	0.17377	0.1276
V7	0.00872	0.01329	0.42251	0.04202	0.51347
V8	0.01045	0	0.93845	0.0511	0
V9	0.0597	0	0.33616	0.58944	0.0147
V10	0.46566	0.0149	0.51261	0	0.00683
V11	0.02624	0.00926	0.09307	0.03109	0.84034
V12	0.07883	0.00055	0.24294	0.23346	0.44422
V13	0.12761	0.05655	0.03332	0.33934	0.44318
V14	0.17702	0.00287	0.08882	0.60102	0.13027
V15	0.01766	0.02731	0	0.90024	0.05478
V16	0.61056	0.12729	0	0.26216	0
V17	0.05385	0.24055	0	0.02525	0.68034
V18	0.08945	0.46016	0.27536	0.1657	0.00933
V19	0.01759	0	0	0.06519	0.91723
V20	0	0	0.80392	0.18691	0.00917
V21	0.0165	0.25692	0.12726	0.11218	0.48714
V22	0.82979	0.10352	0.05699	0	0.0097
V23	0.06384	0.01427	0.01237	0.08052	0.829
V24	0.42011	0.15951	0	0.00935	0.41103
V25	0.01737	0.02703	0.00803	0.33396	0.61361
V26	0.45939	0.23524	0.04647	0.01279	0.24611
V27	0.11565	0.50652	0.17491	0	0.20292
V28	0.03103	0.08238	0.256	0.57839	0.0522
V29	0	0	0.4101	0.56305	0.02685
V30	0.74134	0.1377	0.00901	0	0.11196
V31	0.41543	0.1967	0	0.17182	0.21606
V32	0.92939	0.02919	0	0	0.04143
V33	0.01557	0.19151	0.00193	0.07052	0.72046
V34	0.11205	0.886	0	0.00195	0
V35	0.09197	0.64548	0.24835	0.01421	0
V36	0.02259	0.16091	0.16278	0.05006	0.60366
V37	0.73215	0.00782	0	0	0.26003
V38	0.12946	0.0044	0.52976	0.15358	0.1828
V39	0.30829	0.04047	0.34075	0	0.31049
V40	0.2174	0.67243	0	0.07351	0.03665
V41	0.04706	0.86917	0	0.00055	0.08322
V42	0.87268	0.06154	0.00505	0	0.06073
V43	0.49022	0.12494	0.38454	3e-04	0
V44	0.03934	0.27654	0.56194	0	0.12219
V45	0.03735	0.71655	0.08635	0.10888	0.05087
V46	0.10919	0.81056	0.04523	0.01836	0.01665
V47	0	0	0.99871	0	0.00129
V48	0.17273	0.14463	0.252	0.26636	0.16428
V49	0.48052	0.17554	0.24491	0.09703	0.00201
V50	0.02585	0	0.97415	0	0
V51	0.09588	0.27017	0.18994	0.03178	0.41222
V52	0.05052	0.94384	0	0.00479	0.00085
V53	0.02501	0.22564	0	0.7207	0.02865
V54	0.23299	0.00744	0.0056	0.49127	0.26271
V55	0.0829	0.00174	0	0.87767	0.03769
V56	0.07375	0	0.00012	0.73631	0.18982
V57	0.15979	0.11138	0.5871	0.00642	0.13531
V58	0.05653	0	0.13384	0.13902	0.6706
V59	0.8732	0.04058	0.08622	0	0
V60	0.41982	0.2462	0.12177	0.0831	0.12912
V61	0.17846	0.01111	0.01921	0.1534	0.63782
V62	0.05466	0.0079	0.30606	0.08922	0.54217
V63	0.37247	0.29175	0.04596	0.00938	0.28044
V64	0.94644	0.04743	0.00612	0	0
V65	0.09031	0.09974	0.03993	0.56119	0.20882
V66	0.02573	0	0.17639	0.75964	0.03824
V67	0.00469	0	0.33311	0.05888	0.60332
V68	0.46185	0.0085	0.43721	0.00917	0.08327
V69	0.60176	0.12816	0.20843	0	0.06166
V70	0.06012	0.77653	0.02256	0.11945	0.02135
V71	0.09178	0.83595	0.01877	0.0443	0.00919
V72	0.03376	0.3944	0.00573	0.01242	0.5537
V73	0.05868	0	0.12007	0.51242	0.30883
V74	0.00688	0.07777	0.00291	0.77138	0.14106
V75	0.47601	0.18624	0.33363	0	0.00412
V76	0.00299	0	0.01826	0.85594	0.1228
V77	0.01771	0	0.96073	0.02156	0
V78	0.00144	0	0.9954	0	0.00317
V79	0.07448	0.42135	0.02349	0.09717	0.38351
V80	0.11385	0.7595	0	0.03342	0.09323
V81	0.00757	0	0.99243	0	0
V82	0.26176	0.2223	0.01994	0.47562	0.02038
V83	0.09921	0.09571	0.01602	0.47328	0.31578
V84	0.07825	0.15699	0	0.02814	0.73662
V85	0	0	1	0	0
V86	0.02508	0.27722	0.35144	0.33054	0.01571
V87	0.49898	0.05918	0.03655	0.38121	0.02407
V88	0.29922	0.20246	0.03851	0.1378	0.32202
V89	0.05236	0.06822	0.86006	0.01935	0
V90	0.01427	0.17244	0.0457	0.06782	0.69977
V91	0.00192	0	0.1059	0.85719	0.035
V92	0.20859	0.04212	0.01494	0.02162	0.71273
V93	0.00944	0.08674	0.18993	0.44975	0.26413
V94	0.03282	0.17318	0.01121	0.17877	0.60402
V95	0.05334	0.2275	0.00835	0.06783	0.64299
V96	0.79959	0.02432	0.01185	0	0.16424
V97	0.14277	0.02808	0.03545	0.07326	0.72043
V98	0.05226	0.38515	0.17779	0.08481	0.29998
V99	0.51043	0.18222	0	0.16281	0.14454
V100	0.52506	0.18951	0.03737	0.02312	0.22493
V101	0.05903	0.93621	0	0.00418	0.00058
V102	0.29893	0.27487	0.13089	0.06792	0.22739
V103	0.10201	0	0	0.02822	0.86977
V104	0.04427	0.40818	0.06709	0.01511	0.46534
V105	0.00798	0.00128	0.03255	0.06412	0.89407
V106	0.04986	0.78082	0.13241	0.00189	0.03501
V107	0.05715	0.19732	0.71526	0.02713	0.00314
V108	0.0252	0.13977	0.83503	0	0
V109	0.05446	0.22799	0.04902	0.2151	0.45343
V110	0.17704	0.54479	0.18442	0.07818	0.01557
V111	0.28308	0.21352	0.5034	0	0
V112	0.18716	0	0.12388	0.40562	0.28333
V113	0.22247	0.00231	0.10303	0.10131	0.57088
V114	0.58084	0.11734	0.03807	0.12281	0.14094
V115	0.86471	0.01661	0	0	0.11868
V116	0.00551	0	0	0.04354	0.95095
V117	0.05239	0	0.86649	0.05684	0.02427
V118	0.0432	0.00028	0	0.88875	0.06777
V119	0.34623	0.02819	0.44865	0.17693	0
V120	0.00671	0	0.8725	0.08299	0.0378
V121	0.17874	0.75072	0	0.00089	0.06964
V122	0.03314	0.41724	0.07668	0.17795	0.295
V123	0.49185	0.07609	0.06928	0.13875	0.22404
V124	0.20562	0.12615	0.05424	0.16484	0.44915
V125	0.04964	0.44132	0.50592	0	0.00313
V126	0.14937	0.19236	0.22096	0.07598	0.36133
V127	0.27794	0	0.69981	0.02225	0
V128	0.19134	0.7946	0	0	0.01406
V129	0.26711	0.03865	0.2875	0.12356	0.28318
V130	0.03218	0.54672	0.02677	0.173	0.22133
V131	0.01233	0	0.30103	0.66702	0.01963
V132	0.35252	0.03948	0	0.27175	0.33625
V133	0.00999	0.02385	0.56993	0.06162	0.33461
V134	0.07637	0	0.81864	0.00864	0.09636
V135	0.02996	0.06672	0.7593	0.01209	0.13193
V136	0.97293	0.02707	0	0	0
V137	0.90849	0.06269	0	0.00117	0.02766
V138	0.23644	0.16243	0.06893	0.09113	0.44108
V139	0.13591	0	0.20435	0.63233	0.02741
V140	0.01773	0	0.14386	0.0265	0.81192
V141	0.02586	0.19919	0.69837	0.07102	0.00556
V142	0.20433	0	0.34887	0.08844	0.35836
V143	0.02223	0.18115	0.51004	0.1085	0.17809
V144	0.5043	0.26456	0.05807	0.07939	0.09369
V145	0.00074	0	0.97995	0.00421	0.0151
V146	0.03209	0.37456	0	0.24772	0.34562
V147	0.10673	0.03308	0.75022	0.07622	0.03376
V148	0.14799	0.81641	0	0.01843	0.01716
V149	0.00324	0	0	0.88539	0.11137
V150	0.14837	0.17944	0.59815	0	0.07404
V151	0.45528	0.05538	0	0.33816	0.15118
V152	0.00872	0	0.14415	0.71592	0.13121
V153	0.17393	0.18236	0.47136	0.02536	0.147
V154	0.11023	0.6097	0.00424	0.01781	0.25802
V155	0.03819	0	0.17603	0.74815	0.03763
V156	0.09976	0.00823	0.42213	0.11087	0.35902
V157	0.09018	0.03608	0.1819	0.21595	0.47589
V158	0.18578	0	0.46123	0.02297	0.33002
V159	0.1231	0.28449	0.00348	0.52836	0.06058
V160	0.43306	0.19238	0.08297	0.01905	0.27254
V161	0.18775	0.01959	0.05033	0.01111	0.73122
V162	0.00094	0	0.99906	0	0
V163	0.04237	0	0.00377	0.05509	0.89878
V164	0.9199	0.0801	0	0	0
V165	0.61441	0.24561	0.07229	0.02146	0.04623
V166	0.05332	0	0.29903	0.52256	0.12509
V167	0.03682	0.67692	0.00063	0.09827	0.18736
V168	0.00094	0	0.99906	0	0
V169	0.058	0.72466	0.14432	0.05576	0.01726
V170	0.24364	0.43809	0.04186	0.14082	0.13559
V171	0.32051	0.09652	0.40267	0.12734	0.05297
V172	0.16217	0.23395	0.05414	0.01391	0.53582
V173	0.22354	0.12428	0.09671	0.33303	0.22244
V174	0.21114	0	0.3882	0.14919	0.25147
V175	0.07078	0.14146	0.11787	0.13527	0.53463
V176	0.41955	0.04531	0	0.52366	0.01148
V177	0.21356	0.0055	0.64696	0.13114	0.00285
V178	0.28968	0.03769	0.50377	0.0752	0.09366
V179	0.08069	0.00373	0	0.03047	0.8851
V180	0.02286	0	0.3348	0.01156	0.63079
V181	0.0555	0.26675	0	0.04832	0.62943
V182	0.57754	0.26672	0	0.112	0.04374
V183	0.06787	0.92309	0	0	0.00904
V184	0.34755	0.0136	0.34794	0.26277	0.02815
V185	0.09976	0.51242	0.00602	0.1057	0.2761
V186	0.12898	0.1979	0.01766	0.19451	0.46094
V187	0.07818	0.74714	0	0.16101	0.01367
V188	0.87245	0.05562	0.02181	0.04981	3e-04
V189	0.46763	0.3109	0.02056	0.19263	0.00828
V190	0.39382	0.08246	0.21649	0	0.30723
V191	0.22549	0.27608	0	0.34494	0.15349
V192	0.32325	0.23043	0.12723	0.15706	0.16204
V193	0.07545	0.19089	0.53567	0.02332	0.17467
V194	0.2456	0.05765	0.0796	0.07095	0.5462
V195	0.57948	0.17318	0.24734	0	0
V196	0.00151	0	0.04646	0.05687	0.89515
V197	0.06671	0.90111	0	0.02227	0.00992
V198	0.22341	0.25872	0.02129	0.15122	0.34535
V199	0.76662	0.00361	0.22977	0	0
V200	0.76972	0.00569	0.01985	0	0.20475
V201	0.034	0	0.02146	0.65653	0.28801
V202	0.9175	0.0825	0	0	0
V203	0.52556	0.28419	0.01082	0.02775	0.15169
V204	0.29767	0.10198	0.01681	0	0.58353
V205	0.1025	0.02383	0.1119	0.05878	0.703
V206	0.04623	0.12997	0	0.74207	0.08173
V207	0.01766	0.02731	0	0.90024	0.05478
V208	0.16411	0.21563	0.49352	0.02459	0.10215
V209	0.14027	0.01559	0.08947	0.03097	0.7237
V210	0	0	0.99689	0	0.00311
V211	0.1426	0.01287	0.1988	0.02203	0.6237
V212	0.05973	0.78855	0.05843	0.02761	0.06568
V213	0.0899	0	0.05785	0.20076	0.65149
V214	0.03248	0.55148	0.38605	0.00554	0.02446
V215	0.23828	0.24195	0.12843	0.05079	0.34056
V216	0.05429	0.01767	0.32543	0.03301	0.5696
V217	0	0	0.02679	0.81394	0.15927
V218	0.07841	0.19984	0.32448	0.2798	0.11747
V219	0.13928	0.29508	0.41101	0.14834	0.00628
V220	0.18203	0.77663	0.03559	0	0.00575
V221	0.04801	0.03371	0.50236	0.00897	0.40695
V222	0.01484	0	0	0.04789	0.93727
V223	0.54694	0.01381	0.35374	0.07766	0.00785
V224	0.04213	0.56192	0.00707	0.06125	0.32764
V225	0.70542	0.17507	0.11951	0	0
V226	0.44196	0.55804	0	0	0
V227	0.09927	0.32915	0	0.51127	0.06031
V228	0.60592	0.02651	0.29605	0.03682	0.0347
V229	0.26784	0.41596	0.2637	0.0223	0.03019
V230	0.01137	0	0	0.04795	0.94068
V231	0.06501	0.65239	0.04685	0.13154	0.1042
V232	0.79329	0.02049	0.18622	0	0
V233	0.05376	0.01047	0.14424	0.07726	0.71428
V234	0.02224	0.41879	0.2378	0.28477	0.0364
V235	0.96584	0.03416	0	0	0
V236	0.08734	0	0.70273	0.15046	0.05947
V237	0.13158	0.07331	0.29862	0.25291	0.24359
V238	0.00466	0	0	0.22922	0.76612
V239	0.06531	0.42954	0.03409	0.13206	0.339
V240	0.06434	0.85986	0	0.01108	0.06471
V241	0.05079	0.93944	0	0	0.00977
V242	0.03857	0.34782	0.31845	0.21824	0.07692
V243	0.47381	0.01044	0.35233	0.00498	0.15844
V244	0.03392	0.40772	0.18514	0.05801	0.31522
V245	0.04953	0.92771	0.00531	0.01655	9e-04
V246	0.59611	0.29879	0.00671	0	0.09839
V247	0.20515	0.0767	0.66245	0.02758	0.02813
V248	0.09017	0.61056	0.00524	0.00776	0.28627
V249	0.24475	0.06979	0.20714	0.06643	0.41188
V250	0.02792	0	0.66661	0.02271	0.28276
V251	0.24661	0.02762	0.11024	0.53197	0.08356
V252	0.03028	0.09752	0.58798	0.1165	0.16773
V253	0.2848	0.61241	0.06434	0.02433	0.01412
V254	0.51212	0.42507	0	0.04962	0.01319
V255	0.80786	0.09988	0	0	0.09226
V256	0.04195	0.76928	0	0.00813	0.18064
V257	0.43313	0.32705	0.1374	0.0141	0.08832
V258	0.17337	0.40425	0.03716	0.36839	0.01683
V259	0.53098	0.28795	0.1684	0	0.01267
V260	0.24202	0.03484	0.09904	0.05681	0.56729
V261	0.02603	0	0.56452	0.24041	0.16904
V262	0.90525	0.05573	0.03903	0	0
V263	0.82297	0.10985	0	0.06718	0
V264	0.06652	0.90433	0	0.02823	0.00092
V265	0.8277	0.10515	0.06715	0	0
V266	0.01004	0	0.0724	0.04671	0.87085
V267	0.04274	0	0	0.13178	0.82548
V268	0.19996	0.47373	0.13625	0.13213	0.05793
V269	0.09498	0.35013	0.3728	0.14458	0.03751
V270	0.0554	0.00092	0.04166	0.86584	0.03617
V271	0.20831	0.74754	0	0.01061	0.03353
V272	0.10037	0.84368	0.00186	0.00875	0.04535
V273	0.30358	0.02065	0.19906	0.26301	0.2137
V274	0.08592	0.03724	0.02999	0.15686	0.68999
V275	0.04911	0.73557	0.13471	0.06277	0.01784
V276	0.01146	0	0.76834	0.18958	0.03062
V277	0.35719	0	0.62418	0	0.01863
V278	0.00661	0.01972	0.39696	0.39464	0.18206
V279	0.16839	0.00699	0.01056	0.71176	0.10231
V280	0.21612	0.03063	0.03865	0.56066	0.15393
V281	0.02661	0.28156	0.04233	0.61691	0.03259
V282	0.05911	0.9315	0	0	0.00939
V283	0.32755	0.01926	0.10218	0.01164	0.53937
V284	0.03037	0.09789	0.5329	4e-05	0.33881
V285	0.50448	0.4848	0	0.00749	0.00323
V286	0.0892	0	0.88929	0.01968	0.00183
V287	0.25277	0.07611	0.18361	0.22757	0.25995
V288	0.19779	0	0.65227	0	0.14994
V289	0.17508	0.29228	0.0113	0.49891	0.02243
V290	0.4126	0.47411	0.11329	0	0
V291	0.42341	0.27561	0	0.28939	0.01158
V292	0.11741	0.00562	0.41307	0.02528	0.43862
V293	0.01152	0.07955	0.8625	0.03158	0.01485
V294	0.00584	0	0	0.043	0.95115
V295	0.01645	0.00986	0.39468	0.45762	0.1214
V296	0.83882	0.13703	0	0	0.02416
V297	0.02071	0	0.83293	0.09754	0.04882
V298	0.32457	0.01228	0	0.49073	0.17242
V299	0.31571	0.00046	0.00799	0.65702	0.01881
V300	0.96704	0.03296	0	0	0
V301	0.9685	0.02999	0	0.00111	4e-04
V302	0.00437	0	0	0.34276	0.65287
V303	0.10612	0.16998	0.22268	0.1332	0.36802
V304	0.19624	0.00354	0.78513	0	0.01509
V305	0.19965	0.34087	0.07806	0.07278	0.30863
V306	0.305	0.6791	0	0.00175	0.01415
V307	0.26753	0	0.33192	0.39782	0.00274
V308	0.24118	0	0.7146	0.04422	0
V309	0.66134	0.08871	0.03839	0.07685	0.13471
V310	0.0269	0.01204	0	0.09365	0.86741
V311	0.01053	0	0.05367	0.88352	0.05228
V312	0.0829	0.23948	0.23822	0.00185	0.43755
V313	0.06073	0.32666	0	0.25159	0.36103
V314	0.07861	0.00784	0	0.31128	0.60226
V315	0.94574	0.03179	0	0	0.02247
V316	0.10913	0.56078	0.24079	0.01642	0.07288
V317	0.37888	0.0709	0.5399	0	0.01031
V318	0.89528	0.01588	0	0	0.08885
V319	0.11334	0.02331	0.86334	0	0
V320	0.092	0	0.00188	0.85709	0.04902
V321	0.14095	0.36537	0.31732	0.1494	0.02696
V322	0.01713	0.24281	0.58622	0.03231	0.12153
V323	0.24987	0.21489	0.44503	0.00355	0.08666
V324	0.04309	0.054	0.05096	0.8074	0.04455
V325	0.64545	0.13225	0.07777	0.0747	0.06982
V326	0.04442	0.00304	0.04977	0.11396	0.7888
V327	0.31412	0.51772	0.09283	0.00613	0.06919
V328	0.05115	0.3372	0.18748	0.39501	0.02917
V329	0.00647	0.03502	0.47395	0.46337	0.0212
V330	0.08652	0	0.86475	0	0.04873
V331	0.12224	0.01547	0.08299	0.07223	0.70708
V332	0.46119	0.04011	0.48089	0	0.01781
V333	0.41075	0.04547	0.33612	0.11132	0.09635
V334	0.05035	0.28096	0.5684	0.05573	0.04456
V335	0.71854	0.07385	0.07448	0.00861	0.12452
V336	0.15724	0.58809	0.24482	0	0.00985
V337	0.0051	0	0.00582	0.13795	0.85113
V338	0.72003	0.02231	0.1568	0	0.10086
V339	0.19726	0.5496	0.16837	0	0.08477
V340	0.0312	0.15133	0.10119	0.04841	0.66787
V341	0.03047	0.47498	0.43085	0	0.0637
V342	0.29908	0.15339	0.48097	0.06657	0
V343	0.69218	0	0.30782	0	0
V344	0.09545	0.77532	0.02056	0.0153	0.09337
V345	0.21053	0.05523	0	0.22173	0.51251
V346	0.03866	0.33964	0.3435	0.2345	0.04371
V347	0.08545	0.59096	0.00806	0.25787	0.05767
V348	0.02006	0.12747	0.48339	0.19293	0.17615
V349	0.07107	0.29227	0.53015	0.00388	0.10262
V350	0.11128	0.45934	0.07452	0.17846	0.1764
V351	0.19789	0.00994	0.51006	0.2634	0.01872
V352	0.10983	0.53852	0.34842	0	0.00322
V353	0.2339	0.35081	0.01804	0.02818	0.36907
V354	0.55948	0	0.44052	0	0
V355	0.09969	0.00147	0.41601	0.4647	0.01812
V356	0.0994	0	0.86244	0.00662	0.03153
V357	0.0482	0.01177	0.51974	0.02172	0.39857
V358	0.03021	0.04058	0.0407	0.84025	0.04826
V359	0.05998	0.14958	0.00023	0.76057	0.02964
V360	0.74077	0.07047	0.08792	0.10084	0
V361	0.31715	0.51173	0.06857	0	0.10255
V362	0.80005	0.0256	0.0912	0	0.08315
V363	0.02731	0.02239	0	0.12634	0.82397
V364	0.03963	0.32915	0.0125	0.3684	0.25032
V365	0.0032	0.00027	0.00704	0.90555	0.08394
V366	0.21608	0.01995	0.63607	0.03585	0.09205
V367	0.2275	0.24581	0.21365	0.12017	0.19286
V368	0.74321	0.10607	0.12113	0	0.02959
V369	0.0435	0.66352	0.23673	0.05626	0
V370	0.0227	0.16415	0.12903	0.29532	0.3888
V371	0.0589	0.91828	0.02282	0	0
V372	0.67522	0.08243	0.15273	0.07085	0.01878
V373	0.11586	0.69455	0.11549	0.06628	0.00783
V374	0.11236	0.0388	0.45849	0.38636	0.00398
V375	0.30749	0	0.65455	0.03796	0
V376	0.00684	0	0.39172	0.01615	0.58528
V377	0.09211	0.54385	0.21474	0.14035	0.00895
V378	0.12702	0.54972	0.16342	0	0.15984
V379	0.02183	0	0.10308	0.07394	0.80115
V380	0.01827	0.0481	0.20135	0.43138	0.30091
V381	0.12892	0.0425	0	0.02084	0.80773
V382	0.417	0.01981	0	0.23416	0.32903
V383	0.03514	0	0.34883	0.6	0.01603
V384	0.31771	0.06408	0.19435	0.35506	0.06879
V385	0.0752	0.08799	0	0.02574	0.81107
V386	0.71767	0.03939	0	0.24294	0
V387	0.31154	0.03652	0	0.60038	0.05156
V388	0.05603	0.87546	0.01148	0.04671	0.01032
V389	0.11765	0.79882	0	0.02009	0.06344
V390	0.20271	0.00647	0	0.62979	0.16103
V391	0.71355	0.17976	0	0.0403	0.0664
V392	0.93932	0.06068	0	0	0
V393	0.10963	0.02059	0.18022	0.4627	0.22686
V394	0.74857	0.02634	0.01164	0.10971	0.10374
V395	0	0	0.46288	0.51315	0.02397
V396	0.54351	0.01188	0.44461	0	0
V397	0.69975	0.16548	0.02116	0.07327	0.04034
V398	0.06765	0	0.21247	0.58972	0.13017
V399	0.03719	0.02235	0	0.21574	0.72473
V400	0.16784	0.57093	0.15517	0.10606	0
V401	0.31702	0	0.67713	0.00585	0
V402	0.37132	0.02877	0.48564	0.03686	0.07741
V403	0.13527	0.07419	0	0.10756	0.68298
V404	0.00772	0.03276	0.56117	0.33548	0.06287
V405	0.34785	0.31583	0.06171	0.16175	0.11285
V406	0.02564	0	0.96347	0	0.01089
V407	0.90467	0.06229	0.02418	0.00886	0
V408	0.03376	0.40152	0	0.19882	0.36591
V409	0.12553	0.00148	0.07865	0.63164	0.16269
V410	0.1222	0.12276	0.32195	0.03032	0.40277
V411	0.00537	0	0	0.04933	0.94531
V412	0.02159	0.12885	0.11958	0.03183	0.69816
V413	0.02621	0.27684	0.16679	0.29817	0.23199
V414	0.04134	0.09542	0	0.38914	0.4741
V415	0.13805	0	0	0.02191	0.84004
V416	0.09718	0.08932	0.00977	0.11856	0.68516
V417	0.01051	0	0.81947	0.0984	0.07162
V418	0.54401	0.4281	0.00013	0	0.02776
V419	0.22669	0.02425	0.00795	0.09205	0.64906
V420	0.20694	0	0.09582	0.03427	0.66296
V421	0.00377	0	0.12064	0.05636	0.81923
V422	0.01598	0.00811	0.05928	0.66633	0.25031
V423	0.30179	0.2191	0.31168	0.14356	0.02387
V424	0.0022	0	0.47864	0.00846	0.5107
V425	0.30552	0.39117	0	0.00115	0.30215
V426	0.2553	0.23966	0.00714	0.38805	0.10985
V427	0.19976	0.66063	0.13761	0	0.002
V428	0.09362	0.67932	0.06332	0.06554	0.09821
V429	0.11768	0.81132	0	0.04387	0.02713
V430	0.03436	0	0.4322	0.14823	0.3852
V431	0.12123	0.41263	0.21234	0.19184	0.06196
V432	0.32004	0.09021	0.13752	0.27746	0.17477
V433	0.20927	0	0.59186	0.1742	0.02467
V434	0.24093	0.28266	0.38935	0	0.08706
V435	0.5589	0.03825	0.39915	0.0037	0
V436	0.06161	0.60178	0.09011	0.03519	0.2113
V437	0.17787	0.02183	0.01846	0.13134	0.65049
V438	0.14334	0.3463	0.21608	0.21985	0.07442
V439	0.66793	0.02979	0.04106	0.24458	0.01664
V440	0.03412	0.34435	0.56472	0.00434	0.05247
V441	0.04178	0.54549	0.39	0.01692	0.00581
V442	0.05971	0.94029	0	0	0
V443	0.95917	0.02981	0	0.01102	0
V444	0.1608	0.50872	0.01698	0.26745	0.04605
V445	0.0717	0.49594	0.03059	0.37147	0.03031
V446	0.12303	0.0358	0.12063	0.50313	0.2174
V447	0.068	0	0.00718	0.38507	0.53975
V448	0.14595	0	0.00967	0.03257	0.81181
V449	0.00094	0	0.99906	0	0
V450	0.20597	0.08989	0.2583	0.09616	0.34968
V451	0.28592	0.25539	0.05315	0.27097	0.13457
V452	0.0127	0	0.21121	0.68872	0.08737
V453	0.01676	0.00372	0	0.39323	0.58629
V454	0.01078	0	0.69394	0.01643	0.27885
V455	0.0627	0.21955	0.27561	0.0332	0.40894
V456	0.93661	0.03599	0	0	0.0274
V457	0.67722	0.23823	0.01903	0.02762	0.03789
V458	0.03462	0.36188	0.52332	0.03606	0.04411
V459	0.14478	0.07248	0.05637	0.41641	0.30997
V460	0.69811	0.04176	0.21567	0.02867	0.01579
V461	0.18216	0.31144	0.23888	0.00477	0.26275
V462	0.05222	0.09074	0.00645	0.43356	0.41703
V463	0.25233	0.08485	0.00649	0.62697	0.02937
V464	0.17084	0.16649	0.66267	0	0
V465	0.03887	0.08931	0.00279	0.04221	0.82682
V466	0.01964	0	0	0.10218	0.87818
V467	0.06204	0.31109	0.01453	0.47791	0.13444
V468	0.55221	0.3314	0.09558	0	0.0208
V469	0.02041	0.35606	0.04839	0.21808	0.35706
V470	0.8604	0.08254	0.01297	0.04365	0.00045
V471	0.37959	0.34265	0.01123	0.10081	0.16572
V472	0.00916	0.02006	0.03145	0.03875	0.90059
V473	0.0343	0.22377	0.27358	0.25244	0.2159
V474	0.31935	0.18664	0.0594	0.3755	0.05911
V475	0.16669	0	0.62493	0.01379	0.1946
V476	0.17942	0.04018	0.1241	0.55763	0.09866
V477	0.05118	0.94851	0	0	0.00031
V478	0.15315	0	0	0.02065	0.8262
V479	0.85977	0.08145	0.02195	0.03682	2e-05
V480	0.13713	0.70527	0.03883	0.08164	0.03713
V481	0.24232	0.41581	0.051	0.13358	0.1573
V482	0.11118	0.70093	0.17571	0	0.01217
V483	0.30113	0.57508	0	0.06996	0.05383
V484	0.22115	0.55738	0.11235	0.09245	0.01667
V485	0.68246	0.10243	0.11875	0.07718	0.01917
V486	0.06455	0.0584	0.28855	0.00692	0.58158
V487	0.15054	0.12881	0.47092	0.24103	0.00869
V488	0.41626	0.11214	0	0.26994	0.20166
V489	0.01747	0.20483	0.71231	0.05044	0.01495
V490	0.01093	0	0.81898	0.16209	0.008
V491	0.03774	0.47461	0.03398	0.07695	0.37671
V492	0.03495	0.18374	0.03318	0.68532	0.06282
V493	0.01189	0	0.00473	0.92647	0.05692
V494	0.36776	0.00721	0.01347	0.49197	0.11959
V495	0.33484	0.25078	0.22736	0.1216	0.06542
V496	0.11977	0.02478	0.04368	0.01957	0.79221
V497	0.09388	0.02299	0.14459	0.08439	0.65415
V498	0.07538	0.88966	0.00377	0.00357	0.02762
V499	0.04302	0.21271	0.26079	0.04921	0.43427
V500	0.11382	0.53944	0.10754	0.16667	0.07253
V501	0.06632	0.31658	0	0.01943	0.59767
V502	0.12979	0.8327	0.01975	0.01776	0
V503	0.44196	0.03789	0.22197	0.09928	0.19889
V504	0.4449	0.22051	0	0	0.33459
V505	0.61708	0.02832	0.00889	0.0544	0.29131
V506	0.03131	0.51829	0.0503	0.01363	0.38647
V507	0.88227	0.00643	0.0241	0.05796	0.02924
V508	0.03404	0.64153	0.21225	0.02665	0.08553
V509	0.05835	0.49352	0.13988	0.14754	0.16071
V510	0.40419	0.54353	0.02658	0.02139	0.00431
V511	0.0725	0.30807	0.525	0.0216	0.07283
V512	0.14676	0.47284	0.17078	0.02957	0.18005
V513	0.16491	0.7148	0.0571	0.02868	0.03451
V514	0.00792	0	0.21369	0.04524	0.73315
V515	0.0856	0.17094	0	0.71666	0.02679
V516	0.16971	0.42813	0.1123	0.26706	0.0228
V517	0.01711	0.03875	0.06583	0.83149	0.04682
V518	0.42714	0.03166	0.37087	0.1389	0.03143
V519	0.82962	0.07711	0	0.09048	0.00279
V520	0.07495	0.88417	0	0.03988	0.001
V521	0.24285	0	0.17336	0.56192	0.02186
V522	0.05558	0.18553	0.60997	0.10155	0.04737
V523	0.15926	0.02531	0.79243	0.02254	0.00046
V524	0.33189	0.01871	0.59303	0	0.05636
V525	0.01561	0.18679	0.01847	0.03221	0.74692
V526	0.04978	0.00201	0.9045	0.00952	0.03419
V527	0.08929	0.48129	0.40416	0.00293	0.02233
V528	0.1832	0	0.02247	0.76792	0.0264
V529	0.21736	0.00516	0.77242	0	0.00506
V530	0.02565	0	0.91774	0.03135	0.02526
V531	0.1686	0.53391	0.07566	0.00729	0.21454
V532	0.06326	0.25439	0.28511	0.00145	0.39578
V533	0.23691	0.00376	0	0.01206	0.74728
V534	0.14667	0.09185	0	0.70045	0.06103
V535	0.81222	0.14999	0.03779	0	0
V536	0.12585	0.17398	0.38637	0.01842	0.29539
V537	0.01796	0.01174	0.00549	0.03946	0.92536
V538	0.60566	0.1282	0	0.01028	0.25586
V539	0.02209	0.1267	0.69505	0.07451	0.08165
V540	0.15718	0.4891	0.07813	0.03297	0.24262
V541	0.03408	0.40098	0.00612	0.03046	0.52836
V542	0.04194	0.39291	0.12212	0.35753	0.0855
V543	0.07277	0.07802	0.7108	0.02941	0.109
V544	0.32762	0.21742	0.18079	0.03917	0.23499
V545	0.61966	0.38034	0	0	0
V546	0.06854	0.79689	0.06756	0.00287	0.06415
V547	0.08989	0.81218	0	0.06951	0.02842
V548	0.00676	0.08227	0.00434	0.85501	0.05162
V549	0.00483	0	0.01478	0.1498	0.83058
V550	0.04723	0.86714	0.07459	0.00263	0.00843
V551	0.01193	0	0	0.94329	0.04478
V552	0.19746	0.01223	0.00825	0.03733	0.74473
V553	0.81512	0.03134	0.0029	0.09965	0.05098
V554	0.12425	0.02984	0.5687	0.25744	0.01978
V555	0.04905	0.92262	0	0	0.02833
V556	0.09236	0.06611	0.06812	0.67481	0.09861
V557	0.32341	0.31422	0.02266	0.27502	0.06469
V558	0.01458	0	0.84336	0.11409	0.02798
V559	0.10639	0.41521	0.44902	0	0.02937
V560	0.6188	0.25841	0.12279	0	0
V561	0.70785	0	0.14253	0	0.14962
V562	0.1157	0.04461	0.15414	0.07328	0.61228
V563	0.21199	0.28238	0.20807	0.07611	0.22145
V564	0.3588	0.04275	0.05886	0.27798	0.26161
V565	0.00567	0	0.00524	0.06669	0.9224
V566	0.30089	0.18775	0.01275	0.25547	0.24314
V567	0.01827	0	0.9816	0	0.00013
V568	0.03532	0.23803	0.48028	0.24487	0.0015
V569	0.64851	0.12339	0.10872	0.0799	0.03947
V570	0.14883	0.01634	0.34245	0.39234	0.10004
V571	0.28179	0	0.27768	0.27487	0.16566
V572	0.8223	0.02263	0	0	0.15507
V573	0.08583	0.06167	0.39297	0.31313	0.1464
V574	0.52467	0.3339	0.06524	0.05518	0.02101
V575	0.33568	0.0437	0.11284	0.02944	0.47833
V576	0.04783	0.88095	0	0.00597	0.06525
V577	0.40449	0.54503	0.01801	0.02782	0.00466
V578	0.03251	0.15116	0.57154	0.18056	0.06423
V579	0.03025	0.51151	0.31716	0.01406	0.12702
V580	0.21269	0.60282	0	0.15413	0.03035
V581	0.0595	0.49816	0.38124	0.05472	0.00638
V582	0.00907	0.01212	0.97882	0	0
V583	0.61874	0.00614	0.37513	0	0
V584	0.21167	0.52288	0.09544	0.01614	0.15388
V585	0.05107	0.79221	0.04917	0.04086	0.06669
V586	0.04158	0.79913	0.1525	0.0068	0
V587	0.05377	0.67889	0	0.02058	0.24677
V588	0.22727	0.39798	0.37476	0	0
V589	0.10547	0.48459	0.03857	0.333	0.03837
V590	0.05028	0.77286	0	0.00761	0.16924
V591	0.45223	0.52898	0.01801	0	0.00077
V592	0.01584	0	0.77465	0.02003	0.18949
V593	0.45529	0.0397	0	0.42981	0.07519
V594	0.01121	0.10673	0.70668	0.11446	0.06092
V595	0.55404	0.08333	0.06404	0.24948	0.04911
V596	0.46383	0.21767	0.22083	0.07706	0.02061
V597	0.02417	0.18198	0	0.09544	0.69841
V598	0.54209	0.0168	0	0	0.44111
V599	0.08112	0.46786	0.09341	0.30964	0.04797
V600	0.29784	0.01709	0.21861	0.31176	0.15469
V601	0.14468	0.11512	0	0.39943	0.34077
V602	0.81398	0.18602	0	0	0
V603	0.11979	0.14174	0.01696	0.10441	0.6171
V604	0.02466	0	0.74718	0.07694	0.15122
V605	0.02745	0.04944	0.12336	0.06674	0.733
V606	0.82061	0.01512	0	0	0.16427
V607	0.14354	0.10528	0.00717	0.0215	0.72251
V608	0.76844	0.0343	0.02073	0.04712	0.12941
V609	0.19252	0.37941	0	0.32392	0.10416
V610	0.08659	0.72047	0	0.17859	0.01436
V611	0.27574	0.01153	0.65663	0.00116	0.05494
V612	0.36052	0.05669	0.32276	0	0.26002
V613	0.39879	0.57464	0.01817	0.00839	0
V614	0.50884	0.06137	0	0.04491	0.38488
V615	0.00972	0.10282	0.15616	0.50066	0.23064
V616	0.69179	0.0127	0.16443	0.09244	0.03864
V617	0.23057	0.06612	0.49426	0.05804	0.15101
V618	0.71743	0.10647	0.05547	0	0.12064
V619	0.52335	0.05527	0.15111	0	0.27028
V620	0.05042	0.01279	0.44189	0.47492	0.01997
V621	0.13477	0.22016	0.28599	0	0.35907
V622	0.02243	0.18814	0.34346	0.01113	0.43483
V623	0.07521	0.00069	0.00067	0.63775	0.28568
V624	0.90745	0.01702	0	0	0.07553
V625	0.00682	0.07515	0.12517	0.75268	0.04017
V626	0.08581	0.00703	0.6349	0.24108	0.03119
V627	0.09761	0.14609	0.1086	0.02686	0.62083
V628	0.95383	0.04617	0	0	0
V629	0.13215	0.22364	0.63857	0.0046	0.00103
V630	0.01518	0.16868	0.01023	0.04044	0.76547
V631	0.00241	0	0.26214	0.02458	0.71087
V632	0.05089	0.77143	0	0.02488	0.1528
V633	0.057	0	0.10406	0.44852	0.39042
V634	0.39453	0.4726	0.13288	0	0
V635	0.03811	0.08832	0.17876	0.02645	0.66836
V636	0.20512	0.18895	0.33221	0.13625	0.13747
V637	0.22983	0	0.4722	0.19031	0.10766
V638	0.07699	0.47425	0.00516	0.06276	0.38083
V639	0.51652	0.42333	0.06015	0	0
V640	0.10697	0.19677	0.07762	0.17911	0.43954
V641	0.098	0.77054	0.00375	0.09765	0.03005
V642	0.77938	0.05993	0	0.16069	0
V643	0.05748	0.87989	0.048	0.01463	0
V644	0.05004	0.51424	0.01076	0.37189	0.05307
V645	0.15649	0.78948	0	0.05403	0
V646	0.13751	0.58762	0.01564	0.17458	0.08465
V647	0.94606	0.03054	0	0.0234	0
V648	0.44059	0.15291	0	0.2105	0.196
V649	0.25069	0.10457	0.06865	0.0758	0.5003
V650	0.02318	0	0.07774	0.8629	0.03618
V651	0.16158	0.26847	0	0.55506	0.01489
V652	0.40994	0.02945	0.03313	0.49584	0.03163
V653	0.3834	0.0366	0.05483	0.46035	0.06483
V654	0.02912	0.06683	0	0.07087	0.83319
V655	0.17792	0.05553	0.36897	0.38376	0.01381
V656	0.10058	0.00354	0	0.0882	0.80769
V657	0.04146	0.54675	0.01924	0.25582	0.13673
V658	0.0281	0.03173	0.03131	0.53487	0.37399
V659	0.0163	0.02155	0.09898	0.74176	0.12141
V660	0.05799	0.33094	0.00574	0.03605	0.56928
V661	0.04726	0.69431	0	0.13264	0.1258
V662	0.03608	0.42606	0.00562	0.01154	0.52069
V663	0.97261	0.02739	0	0	0
V664	0.01868	0	0.12703	0.32259	0.53171
V665	0.03461	0.64416	0.21584	0.05844	0.04696
V666	0.09336	0.8839	0.02112	0.00162	0
V667	0.04219	0.56131	0.26862	0.07105	0.05682
V668	0.64594	0.27056	0.03724	0.02709	0.01917
V669	0.45608	0.35126	0.01154	0.05557	0.12555
V670	0.0913	0.63401	0.03248	0.02347	0.21874
V671	0.78523	0.00223	0.21149	0.00105	0
V672	0.09162	0.07289	0.09284	0.24067	0.50197
V673	0.0087	0.00956	0	0.10346	0.87828
V674	0.35579	0.09176	0.52523	0	0.02721
V675	0.70829	0.02391	0.02898	0.10384	0.13498
V676	0.25166	0.09644	0.50815	0	0.14374
V677	0.04902	0.3022	0.25515	0.31127	0.08236
V678	0.04761	0.30637	0	0.03472	0.6113
V679	0.01581	0	0.55218	0.41343	0.01858
V680	0.16458	0.0032	0.01293	0.27868	0.54061
V681	0.54375	0.07283	0.03226	0.23439	0.11677
V682	0.00094	0	0.99906	0	0
V683	0.07486	0.15844	0.64469	0	0.12201
V684	0.0698	0.00287	0.00454	0.88453	0.03826
V685	0.01477	0	0.90391	0.07565	0.00567
V686	0.27255	0.65055	0.05583	0.00694	0.01412
V687	0.00122	0	0.6729	0.30063	0.02526
V688	0.00077	0	0.98488	0	0.01436
V689	0.49084	0.07782	0.20616	0.06577	0.15942
V690	0.10199	0.87497	0	0.01414	0.0089
V691	0.15876	0.16792	0.05002	0.56156	0.06174
V692	0.07911	0.02725	0.01212	0.72048	0.16104
V693	0.03194	0.50403	0.44137	0.01707	0.00558
V694	0.09498	0.24039	0.03691	0.51657	0.11115
V695	0.11496	0.10306	0.13822	0.01839	0.62537
V696	0.11825	0	0.75952	0	0.12222
V697	0.11098	0.11089	0.36285	0.27315	0.14213
V698	0.01553	0	0.16876	0.03096	0.78475
V699	0.0387	0.00841	0.05554	0.59168	0.30567
V700	0.0629	0.82172	0.05314	0	0.06224
V701	0.01529	0.16821	0.00193	0.03535	0.77921
V702	0.02197	0.14774	0	0.60326	0.22704
V703	0.01645	0.0137	0.03084	0.88593	0.05308
V704	0.04586	0.03608	0.38925	0.01843	0.51038
V705	0.93091	0.04348	0	0	0.02562
V706	0.16612	0.17571	0.18607	0.36227	0.10983
V707	0.13868	0.13206	0.06912	0.21258	0.44755
V708	0.03414	0.58387	0.38199	0	0
V709	0.00841	0.00132	0.02339	0.03953	0.92734
V710	0.12854	0.00153	0.48761	0	0.38232
V711	0.04774	0	0.01022	0.04672	0.89532
V712	0.06883	0	0.77288	0.14223	0.01606
V713	0.24984	0.42619	0.32397	0	0
V714	0.04148	0	0	0.03844	0.92009
V715	0.01946	0.27194	0.63167	0.07085	0.00609
V716	0.73889	0.22228	0	0.02019	0.01864
V717	0.37165	0.18839	0.11311	0.00797	0.31889
V718	0.67426	0	0.29082	0	0.03492
V719	0.39344	0.27985	0.09885	0.07689	0.15097
V720	0.11181	0.03381	0.0815	0.04109	0.73178
V721	0.02313	0	0.03855	0.04901	0.88931
V722	0.02537	0.27326	0.05685	0.41356	0.23096
V723	0.12126	0.26946	0.12704	0.44113	0.04111
V724	0.12924	0.71609	0.02078	0.12322	0.01066
V725	0.02401	0	0	0.04108	0.93492
V726	0.21183	0.52462	0.03864	0.03666	0.18826
V727	0.01129	0	0.97517	0	0.01354
V728	0.80634	0.03095	0.12905	0.03367	0
V729	0.64615	0.16116	0.01052	0.17621	0.00596
V730	0.13407	0.01215	0.45082	0.32093	0.08204
V731	0.00347	0.01115	0.08133	0.86733	0.03672
V732	0.01206	0	0.00503	0.93911	0.0438
V733	0.04	0.00126	0.94845	0	0.01029
V734	0.50599	0.08621	0.38927	0.0125	0.00604
V735	0.06844	0.14395	0.21217	0.02387	0.55156
V736	0.00982	0.02986	0	0.04012	0.9202
V737	0.96527	0.03473	0	0	0
V738	0.02855	0.4435	0	0.0189	0.50904
V739	0.01736	0.01406	0	0.92571	0.04288
V740	0.19672	0.08129	0.0957	0.01453	0.61176
V741	0.51528	0.05796	0	0.24969	0.17707
V742	0.08188	0.00395	0.57826	0.13126	0.20465
V743	0.02739	0.04144	0.0676	0.09872	0.76484
V744	0.2188	0.07575	0.20629	0.43552	0.06364
V745	0.19799	0.03163	0.0556	0.68262	0.03216
V746	0.35323	0.59026	0.01733	0	0.03919
V747	0.03993	0.00082	0.93655	0	0.0227
V748	0.1604	0.21849	0.27544	0.03839	0.30729
V749	0.20038	0.12194	0.13534	0.35551	0.18683
V750	0.75894	0.22405	0	0.01702	0
V751	0.04632	0.3644	0.57686	0.00872	0.0037
V752	0.02191	0.11798	0.01119	0.03685	0.81207
V753	0.54336	0.06286	0.25266	0.00372	0.1374
V754	0.12695	0.40361	0	0.44775	0.02169
V755	0.22742	0.75177	0.01718	0	0.00363
V756	0.02109	0.10002	0.01182	0.06759	0.79948
V757	0.2042	0	0.12727	0.64104	0.02748
V758	0.07384	0.51608	0	0.38917	0.0209
V759	0.0813	0.02124	0.09065	0.0215	0.78531
V760	0.07871	0.02179	0.22695	0.19984	0.47271
V761	0.06919	0.23652	0.69361	0	0.00068
V762	0.01789	0.03267	0.19189	0.32653	0.43102
V763	0.02737	0.25194	0	0.02233	0.69836
V764	0.13179	0.07941	0.10322	0.6439	0.04167
V765	0.1802	0.00079	0.69121	0.02444	0.10335
V766	0.07675	0.48586	0.24605	0.03156	0.15978
V767	0.26228	0.50548	0.04848	0.02812	0.15563
V768	0.06495	0.86358	0.02908	0.03307	0.00932
V769	0.75678	0.01111	0.19596	0	0.03615
V770	0.3255	0.00513	0.56221	0.10646	7e-04
V771	0.06831	0.74913	0	0.06698	0.11559
V772	0.05749	0	0.94251	0	0
V773	0.02316	0	0	0.14874	0.8281
V774	0.15177	0	0.54053	0	0.30771
V775	0.93853	0.0203	0.00581	0.02562	0.00973
V776	0.34962	0.45991	0.15167	0.0092	0.02959
V777	0.21837	0.40582	0.25067	0.07148	0.05365
V778	0.53104	0.1019	0	0.15777	0.20928
V779	0.07785	0.40528	0.50245	0.00213	0.01229
V780	0.01822	0	0.98178	0	0
V781	0.16863	0.31201	0.16339	0	0.35598
V782	0.21196	0.25195	0.00103	0.00658	0.52849
V783	0.00202	0	0.63523	0.02069	0.34206
V784	0.03726	0.66336	0	0.19181	0.10757
V785	0.71892	0.16409	0	0.05918	0.05781
V786	0.18678	0.26502	0.00101	0.50126	0.04594
V787	0.13724	0.6405	0	0.14137	0.08089
V788	0.3579	0.44547	0.05305	0	0.14357
V789	0.0134	0.17285	0	0.32782	0.48592
V790	0.27171	0.25693	0.04771	0.07991	0.34374
V791	0.17667	0.24296	0.06207	0.14572	0.37259
V792	0.94332	0.04821	0.00563	0	0.00284
V793	0.31439	0.30181	0.03801	0.06348	0.28231
V794	0.01666	0.01006	0.09966	0.14774	0.72588
V795	0.12957	0.85214	0	0.00116	0.01713
V796	0.29619	0.46247	0.101	0.10515	0.03519
V797	0.11929	0	0	0.03672	0.84399
V798	0.12733	0.52423	0	0.06206	0.28637
V799	0.0352	0.20524	0.05337	0.61144	0.09474
V800	0.02635	0.0033	0.00582	0.11523	0.84929
V801	0.41576	0.02995	0.14274	0.36653	0.04502
V802	0.03356	0.18728	0.00122	0.03108	0.74687
V803	0.35006	0.05317	0	0.5484	0.04837
V804	0.21546	0.19441	0.2278	0.29572	0.06662
V805	0.1565	0.13661	0.4685	0.12279	0.1156
V806	0.4637	0.03332	0.20156	0.03559	0.26582
V807	0.73044	0.01258	0.05582	0.02219	0.17898
V808	0.829	0.0271	0.03688	0	0.10702
V809	0.19096	0.63875	0	0.01903	0.15125
V810	0.02889	0.06325	0.03735	0.38794	0.48257
V811	0.04871	0.09415	0.01129	0.09759	0.74826
V812	0.03549	0.67355	0.19537	0.0584	0.03718
V813	0.03287	0.20096	0.20883	0.00772	0.54962
V814	0.20113	0.60074	0.05311	0.11669	0.02833
V815	0.2227	0.72988	0.00709	0.03334	0.00698
V816	0.03332	0.5868	0	0.3284	0.05148
V817	0.79833	0.04933	0.15233	0	0
V818	0.04138	0.1945	0.35074	0.02787	0.3855
V819	0.9508	0.0492	0	0	0
V820	0.07853	0.42199	0.12954	0.3213	0.04865
V821	0.00551	0	0	0.04354	0.95095
V822	0.22537	0.02085	0.00992	0.72096	0.0229
V823	0.046	0.06755	0.21649	0.01188	0.65808
V824	0.06335	0.02311	0.01164	0.03148	0.87042
V825	0.15487	0	0.71559	0.12954	0
V826	0.04294	0	0.95101	0.00605	0
V827	0.35847	0.20213	0	0.30543	0.13397
V828	0.22865	0.15852	0.09521	0.04051	0.4771
V829	0.09123	0.07849	0.32225	0.1348	0.37322
V830	0.1508	0	0.71828	0.00602	0.1249
V831	0.03962	0.7796	0.03463	0.11445	0.0317
V832	0.20291	0	0.06645	0.19033	0.54031
V833	0.18009	0.77878	0	0	0.04113
V834	0.74714	0.16663	0.01906	0.00259	0.06458
V835	0.26158	0.33836	0.08639	0.2073	0.10638
V836	0.37673	0.07746	0.48548	0.06033	0
V837	0.04493	0.84069	0	0.02996	0.08443
V838	0	0	0.10233	0.84931	0.04837
V839	0.03567	0.01993	0.06545	0.03123	0.84771
V840	0.94576	0.04072	0.01352	0	0
V841	0.2236	0	0.7764	0	0
V842	0.55252	0.06824	0.22575	0.14157	0.01192
V843	0.44269	0.02552	0.14758	0.04455	0.33966
V844	0.02446	0.14252	0.79955	0.00997	0.02349
V845	0.02546	0	0	0.54366	0.43088
V846	0.1028	0.03442	0.09223	0.05991	0.71063
V847	0.19619	9e-04	0.04484	0.10113	0.65695
V848	0.74687	0.04887	0	0.05478	0.14948
V849	0.14467	0.02112	0.73436	0	0.09985
V850	0.21744	0.02805	0.31024	0.11149	0.33279
V851	0.9748	0.0252	0	0	0
V852	0.23479	0.06608	0.0745	0.13211	0.49251
V853	0.04252	0.10631	0.65183	0.10489	0.09445
V854	0.04989	0.3502	0.24769	0.0557	0.29653
V855	0.11198	0.43912	0.08985	0.24751	0.11154
V856	0.15011	0.39703	0.03705	0.00234	0.41348
V857	0.08314	0.03884	0.19519	0.35075	0.33208
V858	0.03017	0.36177	0.19935	0.16068	0.24804
V859	0.15761	0.01883	0.02222	0.72546	0.07588
V860	0.04592	0.17829	0.07634	0.59391	0.10554
V861	0.16852	0.02662	0.16666	0.61244	0.02576
V862	0.06149	0	0.01219	0.09423	0.8321
V863	0.04905	0.91728	0	0.005	0.02868
V864	0.03784	0	0.92157	0.04059	0
V865	0.08901	0	0.71484	0.19616	0
V866	0.0408	0.02804	0.71272	0.18862	0.02981
V867	0.53439	0.04606	0	0	0.41955
V868	0.23751	0.23841	0.42868	0.0744	0.02099
V869	0.0112	0	0.01162	0.04617	0.93101
V870	0.27607	0.20426	0.07267	0.18758	0.25942
V871	0.03655	0.04119	0.09572	0.08885	0.7377
V872	0.42278	0.0861	0	0.41698	0.07413
V873	0.06304	0.36817	0.16746	0.30708	0.09424
V874	0.08252	0.04032	0	0.03429	0.84287
V875	0.01381	0.20776	0.01526	0.41882	0.34435
V876	0.44255	0.08526	0.04384	0.00144	0.42691
V877	0.22737	0.67675	0.01944	0.05939	0.01706
V878	0.03791	0.74032	0.02974	0.16766	0.02437
V879	0.9269	0.07302	0	8e-05	0
V880	0.08432	0.08978	0.02405	0.35778	0.44406
V881	0.01213	0	0.52712	0.00647	0.45428
V882	0.05331	0.55857	0.00174	0.37586	0.01053
V883	0.51583	0.21854	0	0.13328	0.13234
V884	0.00199	0	0	0.04947	0.94853
V885	0.17113	0.05778	0.41265	0.08006	0.27838
V886	0.00103	0	0.02276	0.19115	0.78507
V887	0.09213	0.87239	0	0	0.03548
V888	0.06875	0.12852	0.06559	0.6292	0.10794
V889	0.11976	0.83122	0.01938	0.01266	0.01699
V890	0.03909	0.0047	0.17825	0.59025	0.18772
V891	0.00881	0.01331	0.97553	0.00235	0
V892	0.5865	0.26379	0	0	0.14971
V893	0.15532	0.18242	0.53858	0.05091	0.07278
V894	0.10524	0.58608	0.03651	0.20704	0.06513
V895	0.69455	0	0.30545	0	0
V896	0.22573	0.26269	0.26313	0.23962	0.00883
V897	0	0	0.04752	0.73449	0.21799
V898	0.3509	0.02506	0	0.01323	0.61082
V899	0.56458	0.3372	0.068	0	0.03022
V900	0.26767	0.2645	0.29872	0.14461	0.02451
V901	0.6976	0.07553	0	0.13227	0.0946
V902	0.86348	0.07209	0.00397	0.01368	0.04677
V903	0.3112	0.10509	0.07695	0.44305	0.06371
V904	0.72267	0.11058	0.15903	0	0.00771
V905	0.02875	0.34278	0.06059	0.26895	0.29893
V906	0.15808	0.02521	0.49161	0.05057	0.27453
V907	0.73219	0.13037	0.05781	0.03253	0.0471
V908	0.03188	0.39437	0.04586	0.43539	0.09249
V909	0.02148	0.1418	0.01088	0.68181	0.14402
V910	0.68161	0.1971	0	0.03487	0.08642
V911	0.04732	0.24451	0.52743	0	0.18073
V912	0.03507	0.00846	0.15348	0.0658	0.73718
V913	0.16662	0.02826	0.08922	0.61228	0.10362
V914	0.79718	0.05614	0	0.0864	0.06028
V915	0.17901	0.18818	0.03646	0.00934	0.58702
V916	0.78707	0.0292	0.11514	0	0.06859
V917	0.40419	0.05966	0	0.00425	0.5319
V918	0.59763	0.1485	0.23194	0.00621	0.01572
V919	0.43741	0.21731	0	0.21854	0.12674
V920	0.22141	0.00316	0.15249	0.59902	0.02392
V921	0.18147	0.19122	0.10168	0	0.52563
V922	0.03847	0	0.70185	0	0.25967
V923	0.14645	0.48782	0.00343	0.03705	0.32525
V924	0.52005	0.15351	0	0.19312	0.13332
V925	0.15735	0.10886	0.52083	0.122	0.09096
V926	0.0181	0.01129	0	0.04598	0.92463
V927	0.54614	0.28029	0.10833	0.05411	0.01112
V928	0.12357	0.28371	0.22782	0.13276	0.23213
V929	0.05451	0.25385	0	0.01874	0.6729
V930	0.0688	0	0.05392	0.028	0.84927
V931	0.46367	0.16509	0	0.02709	0.34415
V932	0.05088	0.11672	0.04158	0.25867	0.53216
V933	0.30628	0.00059	0.04766	0.21932	0.42615
V934	0.67283	0.04966	0.27751	0	0
V935	0.5844	0.12902	0.12705	0.02927	0.13025
V936	0.34431	0.0954	0.132	0.37022	0.05807
V937	0.1354	0.72264	0.0848	0.0229	0.03426
V938	0.0859	0.90654	0.00496	0.0026	0
V939	0.00091	0	0.00567	0.26683	0.72659
V940	0.55865	0.10428	0.07313	0.02789	0.23605
V941	0.02138	0.13531	0.13654	0.39843	0.30834
V942	0.74549	0.25451	0	0	0
V943	0.04742	0.09004	0.045	0.03113	0.78642
V944	0.38385	0.05153	0.13382	0.40575	0.02505
V945	0.05928	0.24713	0.60862	0.02193	0.06304
V946	0.04127	0.4716	0.48328	0	0.00385
V947	0.3674	0.05443	0.01027	0.0849	0.48301
V948	0.07741	0.73905	0.02044	0.0852	0.0779
V949	0.8629	0.12405	0.01305	0	0
V950	0.0822	0.01574	0.02732	0.84127	0.03348
V951	0.34473	0.03478	0	0.4436	0.17689
V952	0.15071	0.04012	0.05146	0.5747	0.183
V953	0.5045	0.14434	0	0.29835	0.05281
V954	0.23617	0.55676	0.04996	0.04152	0.1156
V955	0.07953	0	0.63496	0.27521	0.0103
V956	0.0403	0.53071	0.09394	0.2969	0.03814
V957	0.10699	0.78448	0.04035	0.05006	0.01812
V958	0.05518	0.8623	0	0.03523	0.0473
V959	0.08036	0	0.84646	0.04031	0.03287
V960	0.52818	0.07572	0.15063	0.06624	0.17924
V961	0.05621	0.87316	0	0.0056	0.06503
V962	0.17359	0.10222	0	0.04756	0.67663
V963	0.02194	0	0.5138	0.42175	0.04251
V964	0.01129	0	0.97517	0	0.01354
V965	0	0	0.5229	0.39908	0.07802
V966	0.02668	0	0.50309	0.06316	0.40707
V967	0.3286	0.52029	0	0	0.15111
V968	0.05826	0.92134	0	0.01045	0.00995
V969	0.12084	0.52083	0.13442	0.09205	0.13186
V970	0.16669	0.36361	0.45367	0	0.01602
V971	0.74001	0.06028	0.19036	0.00335	0.00599
V972	0.08298	0.86745	0	0.03973	0.00984
V973	0.04746	0	0.62286	0.19214	0.13754
V974	0.03692	0.72716	0.09529	0.08095	0.05967
V975	0.04995	0.9381	0	0.01094	0.00101
V976	0.01393	0	0	0.08394	0.90213
V977	0.02151	0.12544	0.14633	0.1092	0.59752
V978	0.37394	0.17025	0.22172	0.09161	0.14247
V979	0.88362	0.11638	0	0	0
V980	0.31395	0.11813	0.11958	0.08524	0.36311
V981	0.06403	0.04093	0.04579	0.03761	0.81164
V982	0.36994	0.44688	0.11158	0.00405	0.06755
V983	0.63171	0.23134	0	0	0.13695
V984	0.17868	0.04952	0.13446	0.51447	0.12287
V985	0.03161	0.09099	0.11071	0.74071	0.02599
V986	0.50157	0.11173	0.37692	0	0.00978
V987	0.04638	0.17095	0.72714	0.04177	0.01375
