CD56NK	CD4MemoryT	CD19B	CD14
V1	0.51903	0	0.15019	0.33078
V2	0.11939	0.05155	0.03326	0.7958
V3	0.05316	0.56295	0.00692	0.37696
V4	0.87447	0.09667	0	0.02886
V5	0.10906	0.44402	0.23877	0.20815
V6	0.0805	0.87408	0.01691	0.02851
V7	0.1301	0.30267	0.06608	0.50116
V8	0.1378	0	0.81731	0.04489
V9	0.20676	0.18395	0.02574	0.58355
V10	0.01665	0	0.91138	0.07197
V11	0.2222	0.33914	0.43185	0.00681
V12	0.0283	0.58831	0.36577	0.01761
V13	0.27579	0.69264	0.00338	0.02818
V14	0.07209	0.91633	0.00412	0.00746
V15	0.11766	0.57021	0.10886	0.20328
V16	0.91647	0.02574	0.01813	0.03966
V17	0.0908	0.871	0.00964	0.02855
V18	0.58349	0.32722	0.03849	0.0508
V19	0.16652	0.8123	0.00341	0.01777
V20	0.15175	0.40509	0.01291	0.43026
V21	0.13836	0.0251	0.79202	0.04451
V22	0.01326	0.05355	0.16116	0.77203
V23	0.40441	0.01578	0.57198	0.00784
V24	0.95551	0.0152	0.02871	0.00058
V25	0.32664	0.19426	0.11309	0.36602
V26	0.37981	0.34902	0.01408	0.25709
V27	0.07412	0.02609	0.00809	0.8917
V28	0.00128	0.01338	0.98473	0.00062
V29	0.45879	0.00611	0.49347	0.04163
V30	0.09112	0.16486	0.24355	0.50047
V31	0.19248	0.14874	0.27031	0.38846
V32	0.05663	0.00651	0.01577	0.9211
V33	0.04594	0.47642	0.34771	0.12994
V34	0.13778	0.00952	0.80812	0.04458
V35	0.16855	0.71744	0.07372	0.0403
V36	0.00574	0.01229	0.41851	0.56347
V37	0.51302	0.04385	0.08214	0.36099
V38	0.38571	0	0.14582	0.46847
V39	0.1648	0.53793	0.11846	0.17881
V40	0.10439	0.82634	0.06927	0
V41	0.00928	0.62526	0.03491	0.33054
V42	0.19267	0.00893	0.17222	0.62619
V43	0.13833	0.31812	0.50102	0.04254
V44	0.01473	0.04047	0.71998	0.22483
V45	0.10014	0.57598	0.20861	0.11527
V46	0.82305	0.05178	0.11779	0.00738
V47	0.46834	0.15765	0.3097	0.06431
V48	0.81464	0.15266	0.00452	0.02818
V49	0.72803	0.16577	0	0.10619
V50	0.07095	0.84516	0.07716	0.00672
V51	0.32633	0.38316	0.24958	0.04093
V52	0.02669	0.07482	0.85295	0.04553
V53	0.75177	0.10072	0.14739	0.00012
V54	0.44635	0.16204	0.36239	0.02922
V55	0.19534	0.08714	0.21159	0.50593
V56	0.03084	0.00053	0.05746	0.91116
V57	0.10244	0.86286	0.01719	0.01751
V58	0.59061	0	0.03376	0.37562
V59	0.44504	0.39103	0.10102	0.0629
V60	0.12199	0.10866	0.29514	0.47422
V61	0.80278	0.08119	0.00968	0.10635
V62	0.89864	0.01831	0.06517	0.01789
V63	0.02033	0.83962	0.11154	0.02851
V64	0.01086	0.82192	0	0.16722
V65	0.00746	0	0.06726	0.92527
V66	0.21907	0.67855	0.01549	0.08688
V67	0.16369	0.30793	0.51047	0.01791
V68	0.13013	0.10015	0.01262	0.7571
V69	0.02649	0.28672	0.61847	0.06831
V70	0.54765	0.11894	0.17202	0.16138
V71	0.15205	0.03975	0.33985	0.46834
V72	0.56888	0.1244	0.08591	0.2208
V73	0.15505	0.60116	0.12996	0.11383
V74	0.06101	0.1985	0.74049	0
V75	0.70116	0	0.18145	0.11738
V76	0.00042	0.12124	0.14619	0.73214
V77	0.03052	0.22784	0.00117	0.74047
V78	0.28344	0.07771	0.16295	0.4759
V79	0.00678	0.06232	0.80879	0.12211
V80	0.36323	0	0.52221	0.11456
V81	0.06047	0.13027	0.80102	0.00824
V82	0.00049	0.03598	0.95361	0.00991
V83	0.11223	0.1277	0.05518	0.70489
V84	0.36384	0.02216	0.14114	0.47286
V85	0.1089	0.27913	0.38733	0.22465
V86	0.04768	0.01923	0.87504	0.05805
V87	0.0375	0.82777	0.047	0.08774
V88	0.14587	0.03068	0.23112	0.59234
V89	0.01343	0	0.15862	0.82795
V90	0.03022	0.90233	0.0496	0.01785
V91	0.03764	0.74236	0.17896	0.04104
V92	0.45808	0.00376	0.36453	0.17364
V93	0.86981	0.00384	0	0.12635
V94	0.01516	0.37861	0.01245	0.59379
V95	0.25862	0.40322	0.1469	0.19126
V96	0.05573	0.06219	0.01366	0.86842
V97	0.7109	0.07962	0.20218	0.00729
V98	0.69718	0.28492	0	0.01791
V99	0.82143	0.02709	0.14403	0.00744
V100	0.08205	0.00426	0.88105	0.03264
V101	0.00965	0.01112	0	0.97923
V102	0.93903	0.03645	0.00558	0.01893
V103	0.00707	0.0201	0.06555	0.90728
V104	0.0321	0.95618	0.00413	0.00759
V105	0.06155	0.92039	0.01076	0.0073
V106	0.12444	0.50491	0.31667	0.05397
V107	0.19925	0.16838	0.56486	0.06751
V108	0.15897	0.75458	0.08645	0
V109	0.01455	0.1189	0.56101	0.30555
V110	0.05966	0.87968	0.03205	0.0286
V111	0.92522	0	0.06655	0.00823
V112	0.12026	0.0328	0.39015	0.45679
V113	0.16662	0.06751	0.14758	0.61829
V114	0.20771	0.02242	0.06224	0.70762
V115	0.01127	0.76448	0.21735	0.0069
V116	0.1421	0.27773	0.35615	0.22401
V117	0.68774	0.2307	0.03104	0.05052
V118	0.15858	0.53926	0.02808	0.27408
V119	0.09172	0.04542	0.03396	0.8289
V120	0.08204	0.0384	0.85928	0.02028
V121	0.58608	0.09599	0.08555	0.23238
V122	0.96855	0	0.01234	0.01911
V123	0.0082	0.45084	0.03352	0.50745
V124	0.65836	0.2685	0	0.07314
V125	0.40374	0.39881	0.16902	0.02843
V126	0.0295	0.1029	0.03392	0.83368
V127	0.14364	0.02344	0.21946	0.61346
V128	0.02192	0.00048	0.08072	0.89688
V129	0.59745	0.20616	0.15615	0.04024
V130	0.01057	0.66361	0.31888	0.00694
V131	0.02895	0.87353	0	0.09753
V132	0.94583	0	0.02543	0.02874
V133	0.92831	0.00421	0.04911	0.01837
V134	0.10214	0.34158	0.11285	0.44343
V135	0.06328	0.00447	0.14225	0.79
V136	0.22656	0.35256	0.007	0.41389
V137	0.66213	0.01694	0.23505	0.08588
V138	0.20949	0.36784	0.16462	0.25805
V139	0.34542	0.16742	0.18	0.30716
V140	0.02178	0.05513	0.03476	0.88833
V141	0.0632	0.11733	0.51411	0.30537
V142	0.80318	0	0.19646	0.00036
V143	0.41913	0.22353	0.0593	0.29804
V144	0.14794	0.11232	0.14202	0.59772
V145	0.00406	0.77207	0.21689	0.00698
V146	0.0401	0.00124	0.01657	0.94209
V147	0.92172	0.01027	0.01802	0.05
V148	0.12782	0.0435	0.55087	0.27781
V149	0.27535	0.50758	0.21052	0.00655
V150	0.09103	0.21325	0.58708	0.10864
V151	0.20635	0.6032	0.02901	0.16144
V152	0.24049	0.42248	0.20906	0.12798
V153	0.10754	0.73039	0.01499	0.14708
V154	0.25565	0.44232	0.26095	0.04108
V155	0.48715	0.11219	0.27412	0.12654
V156	0.03415	0.10466	0.68667	0.17453
V157	0.30161	0.11992	0.29347	0.28499
V158	0.00941	0	0.01194	0.97865
V159	0.88944	0.04919	0	0.06137
V160	0.65574	0	0.05684	0.28742
V161	0.17404	0	0.02032	0.80564
V162	0.05814	0.24303	0.06395	0.63489
V163	0.09581	0.45354	0.15388	0.29677
V164	0.33107	0.26946	0.09551	0.30396
V165	0.00775	0.20986	0	0.78239
V166	0.00704	0.06317	0.04966	0.88013
V167	0.2957	0	0.00222	0.70208
V168	0.29201	0.55965	0.07244	0.0759
V169	0.15668	0.03034	0.02608	0.7869
V170	0.10026	0.00477	0.47744	0.41754
V171	0.13789	0.21657	0.58988	0.05566
V172	0.73302	0	0.25936	0.00762
V173	0.022	0.10416	0.02683	0.84701
V174	0.01387	0.11982	0.05561	0.8107
V175	0.06466	0	0.76444	0.1709
V176	0.01156	0.82218	0.15938	0.00687
V177	0.01352	0.96753	0	0.01895
V178	0.0101	0.72558	0.00161	0.26271
V179	0.14689	0	0.33783	0.51528
V180	0.03228	0.89728	0.07043	0
V181	0.16697	0.09881	0.52272	0.2115
V182	0.31635	0.15112	0.45295	0.07958
V183	0.18841	0.80075	0.00373	0.00711
V184	0.99115	0	0.0081	0.00076
V185	0.57753	0.40459	0.01087	0.00702
V186	0.12074	0.45995	0.25029	0.16901
V187	0.96492	0	0.02656	0.00852
V188	0.04822	0.18219	0	0.76959
V189	0.79116	0.00843	0.01549	0.18492
V190	0.68117	0	0.31121	0.00762
V191	0.19921	0.18128	0.56428	0.05523
V192	0.29666	0.43337	0.044	0.22597
V193	0.60084	0.01555	0.22493	0.15868
V194	0.0409	0.9265	0.00338	0.02922
V195	0.00869	0.00867	0.9725	0.01014
V196	0.00824	0.04407	0.00369	0.944
V197	0.3615	0.02839	0.01923	0.59088
V198	0.06803	0.49427	0.35865	0.07906
V199	0.14039	0.00916	0.14377	0.70668
V200	0.12259	0.51911	0.01332	0.34498
V201	0.09816	0.53165	0.17722	0.19298
V202	0.01438	0.00276	0.74742	0.23545
V203	0.17455	0.41537	0.38078	0.0293
V204	0.00848	0.47027	8e-04	0.52045
V205	0.01759	0.03233	0.92883	0.02126
V206	0.04991	0.06847	0.87286	0.00876
V207	0.11244	0.14519	0.04038	0.70199
V208	0.26927	0.04138	0.6705	0.01886
V209	0.2997	0.43783	0.06146	0.20101
V210	0.09001	0.76271	0.08335	0.06394
V211	0.36673	0.00281	0.02574	0.60472
V212	0.53094	0.01995	0.41994	0.02917
V213	0.61063	0.01443	0.10066	0.27428
V214	0.31199	0.12384	0.14782	0.41636
V215	0.24896	0.06619	0.01254	0.67231
V216	0.02479	0	0.0113	0.96392
V217	0.0441	0.45711	0.21376	0.28503
V218	0.09503	0.4061	0.15197	0.3469
V219	0.10358	0.59505	0.00732	0.29406
V220	0.01046	0.79506	0.00179	0.19268
V221	0.77087	0	0.00333	0.2258
V222	0.31629	0.10237	0.34867	0.23267
V223	0.00708	0.10972	0.77417	0.10903
V224	0.9775	0	0.02181	0.00069
V225	0.06098	0.88206	0.05011	0.00685
V226	0.32762	0.05924	0.59468	0.01846
V227	0.79767	0	0.18484	0.01749
V228	0.77403	0.0466	0.06091	0.11845
V229	0.01726	0.00606	0.9426	0.03409
V230	0.00868	0.01017	0.01129	0.96986
V231	0.01414	0.22149	0.08845	0.67593
V232	0.04403	0.59812	0	0.35785
V233	0.56443	0.06367	0.18749	0.18441
V234	0.04068	0.91657	0.02485	0.01791
V235	0.3968	0.0379	0.52329	0.04201
V236	0.04578	0.04327	0.80183	0.10912
V237	0.12896	0	0.02108	0.84996
V238	0.13502	0.54887	0.25093	0.06518
V239	0.05864	0.3409	0.01223	0.58823
V240	0.50506	0.01892	0.41186	0.06416
V241	0.01606	0	0.88698	0.09696
V242	0.13554	0.7625	0.08503	0.01692
V243	0.25191	0.02142	0.62171	0.10496
V244	0.21104	0	0.67248	0.11648
V245	0.6073	0.27259	0.04571	0.0744
V246	0.0591	0.12469	0.78467	0.03154
V247	0.17837	0.00591	0.81547	0.00025
V248	0.01501	0.01427	0.02969	0.94103
V249	2e-05	0.02056	0.88194	0.09748
V250	0.77973	0	0.21265	0.00762
V251	0.95514	0.03027	0.00604	0.00856
V252	0.01295	0.84419	0.14286	0
V253	0.33386	0.04454	0.14242	0.47918
V254	0.01297	0.93756	0.04207	0.00739
V255	0.04935	0.89916	0	0.05149
V256	0.18403	0.18619	0.51065	0.11913
V257	0.40996	0.07111	0.21637	0.30256
V258	0.18071	0.23643	0.4114	0.17147
V259	0.03602	0.27719	0.63043	0.05635
V260	0.00144	0.27415	0.71623	0.00819
V261	0.60548	0.01502	0.1852	0.19429
V262	0.07409	0.03299	0.00807	0.88485
V263	0.02195	0.94837	0	0.02968
V264	0.15273	0.01732	0.39005	0.43989
V265	0.02157	0	0.10281	0.87562
V266	0.65401	0.3407	0.00529	0
V267	0.00027	0.13424	0.24124	0.62425
V268	0.34296	0.00817	0.12106	0.52781
V269	0.00926	0.55057	0.37429	0.06588
V270	0.64777	0.00924	0.23416	0.10883
V271	0.79384	0.04674	0.02973	0.1297
V272	0.05685	0.80024	0.00817	0.13474
V273	0.03932	0.00704	0.02273	0.93092
V274	0.68774	0	0.17195	0.14031
V275	5e-04	0.00972	0.97902	0.01076
V276	0.49149	0.3073	0.00819	0.19301
V277	0.02982	0.15721	0.12951	0.68346
V278	0.02862	0.03134	0.23981	0.70023
V279	0.68005	0.03759	0.10295	0.17941
V280	0.00941	0	0.01194	0.97865
V281	0.51348	0.01403	0.12503	0.34746
V282	0.05691	0.04409	0.81578	0.08323
V283	0.20788	0.55074	0.05324	0.18815
V284	0.0308	0.91213	0.05003	0.00704
V285	0.0762	0.0013	0.92212	0.00039
V286	0.24662	0.52801	0.09977	0.1256
V287	0.10127	0.86056	0.00965	0.02851
V288	0.01512	0.23923	0.39477	0.35088
V289	0.29246	0.19212	0.41063	0.10479
V290	0.83562	0.15153	0.01262	0.00023
V291	0.50998	0.04632	0.42593	0.01776
V292	0.92798	0	0	0.07202
V293	0.30976	0.00099	0.63485	0.0544
V294	0.07598	0.30538	0	0.61864
V295	0.01363	0.13014	0.15603	0.70021
V296	0.18367	0.09395	0.60243	0.11994
V297	0.0554	0	0.04903	0.89557
V298	0.31809	0.07734	0.5862	0.01838
V299	0.05724	0.21862	0.00674	0.71739
V300	1e-05	0.01263	0.1846	0.80277
V301	0.12126	0.08393	0.63364	0.16117
V302	0.65609	0.32604	0	0.01787
V303	0.00297	0.59335	0.36198	0.04171
V304	0.05334	0.00809	0.71508	0.22349
V305	0.11584	0.12483	0.42941	0.32993
V306	0.81849	0.07399	0.04621	0.06131
V307	0.0218	0.94933	0.01047	0.0184
V308	0.21885	0.19099	0.27534	0.31483
V309	0.30556	0.26958	0.01978	0.40508
V310	0.06948	0.26133	0.12634	0.54286
V311	0.52198	0.46672	0.00423	0.00707
V312	0.10138	0.73843	0.13163	0.02856
V313	0.0015	0.07478	0.00914	0.91458
V314	0.01568	0.41979	0.0931	0.47143
V315	0.11484	0.58414	0.02793	0.27308
V316	0.30524	0.10365	0.37061	0.22051
V317	0.08598	0.66586	0.03629	0.21186
V318	0.03258	0.4922	0.00653	0.46869
V319	0.05846	0.03703	0.85894	0.04557
V320	0.07698	0.11327	0.63555	0.1742
V321	0.64259	0.35215	0.00525	0
V322	0.17231	0.27018	0.05759	0.49993
V323	0.0386	0.00537	0.06419	0.89184
V324	0.67411	0.23362	0.06406	0.02821
V325	0.31202	0.63307	0.04834	0.00657
V326	0.00214	0.50424	0.07507	0.41856
V327	0.01379	0.10249	0.07885	0.80487
V328	0.04315	0.00805	0.71232	0.23648
V329	0.14429	0.07541	0.1391	0.6412
V330	0.36319	0	0.30651	0.33031
V331	0.2934	0.05793	0.03236	0.6163
V332	0.00614	0.02563	0.14345	0.82478
V333	0.42421	0.04944	0.37441	0.15194
V334	0.32912	0	0.32496	0.34592
V335	0.0254	0.30725	0.49509	0.17226
V336	0.17384	0.67622	0.01509	0.13485
V337	0.2905	0.38624	0.28204	0.04122
V338	0.00571	0.98202	0.0043	0.00797
V339	0.12957	0	0.86141	0.00902
V340	0.05398	0.19181	0.50015	0.25406
V341	0.01459	0.01381	0.04312	0.92849
V342	0.24163	0	0.58063	0.17774
V343	0.97881	0.00592	0.00636	0.0089
V344	0.6944	0.13022	0.17538	0
V345	0.01018	0.01127	0.97803	0.00053
V346	0.20966	0.07987	0.25355	0.45692
V347	0.03011	2e-04	0.09512	0.87457
V348	0.05585	0.62731	0.12729	0.18956
V349	0.3472	0.13525	0.37523	0.14232
V350	0.03098	0.80804	0.16098	0
V351	0.01297	0.01159	0.33387	0.64158
V352	0.04615	0.00377	0.84162	0.10846
V353	0.87748	0.00896	0.03036	0.08321
V354	0.04823	0.69044	0.20858	0.05275
V355	0.26663	0.04994	0.43675	0.24668
V356	0.02195	0.00571	0.07253	0.89981
V357	0.10532	0.28903	0.25363	0.35202
V358	0.49946	0.07564	0.04147	0.38343
V359	0.51669	0.03587	0.0265	0.42094
V360	0.55146	0.41434	0.01715	0.01705
V361	0.00222	0.44897	0.54122	0.00759
V362	0.00571	0.97514	0.01134	0.00781
V363	0.16058	0.08557	0.43783	0.31602
V364	0.15697	0.03828	0.67193	0.13281
V365	0.21331	0.01069	0.00748	0.76851
V366	0.07601	0.6531	0.07041	0.20048
V367	0.52367	0.1098	0.00205	0.36448
V368	0.08811	0.71514	0.07189	0.12485
V369	0.01812	0.39542	0.57894	0.00752
V370	0.30478	0.25268	0.40093	0.04161
V371	0.18626	0.70379	0.02289	0.08706
V372	0.1297	0.0297	0.09377	0.74683
V373	0.07231	0.10306	0.43465	0.38998
V374	0.79276	0	0.20689	0.00035
V375	0.02907	0.01842	0.11022	0.84229
V376	0.02168	0.0131	0.07207	0.89315
V377	0.73256	0	0.00891	0.25853
V378	0.00563	0.01183	0.34238	0.64016
V379	0.29042	0.15559	0.00667	0.54732
V380	0.12226	0.04482	0.16387	0.66905
V381	0.7039	0.00262	0.08366	0.20982
V382	0.08417	0.01315	0.89363	0.00905
V383	0.80556	0	0.04416	0.15027
V384	0.52337	0.05306	0.11922	0.30434
V385	0.85433	0.00326	0.07043	0.07197
V386	0.25059	0.00286	0.11795	0.6286
V387	0.58592	0.12058	0.18229	0.11121
V388	0.36272	0.2976	0.13599	0.20369
V389	0.40735	0.49774	0.00884	0.08607
V390	0.30604	0.23541	0.45158	0.00697
V391	0.36	0.074	0.01258	0.55341
V392	0.4068	0.18718	0.15265	0.25336
V393	0.27444	0.19721	0.33322	0.19513
V394	0.07577	0.17434	0.08915	0.66075
V395	0.21002	0.3584	0.1854	0.24618
V396	0.0129	0.95399	0.00371	0.0294
V397	0.78614	0.06578	0.09787	0.05022
V398	0.40908	0.10222	0.08323	0.40547
V399	0.18967	0.5319	0.13913	0.13931
V400	0.0022	0.52107	0.04999	0.42673
V401	0.03523	0.12873	0.72706	0.10898
V402	0.80577	0.16009	0.03401	0.00013
V403	0.01455	0.00702	0.05075	0.92768
V404	0.0899	0.16799	0.60752	0.13458
V405	0.18062	0.01531	0.13599	0.66807
V406	0.62712	0.22536	0.01536	0.13216
V407	0.00571	0.98202	0.0043	0.00797
V408	0.08424	0.20587	0.36829	0.3416
V409	0.00253	0.00401	0.01204	0.98143
V410	0.09048	0.85659	0.02438	0.02855
V411	0.36669	0	0	0.63331
V412	0.14722	0.0499	0.46477	0.33811
V413	0.0533	0.43962	0.16093	0.34615
V414	0.03518	0.48294	0.31291	0.16897
V415	0.40866	0.0149	0.209	0.36744
V416	0.00955	0.05673	0.93351	0.00021
V417	0.38211	0.60704	0.00397	0.00689
V418	0.05582	0.06795	0.11043	0.7658
V419	0.00915	0	0.01795	0.9729
V420	0.00427	0.86583	0.00866	0.12125
V421	0.1544	0.02127	0.66574	0.1586
V422	0.032	0.03572	0.00328	0.929
V423	0.08205	0.00426	0.88105	0.03264
V424	0	0.02891	0.56485	0.40623
V425	0.05622	0.21086	0.58483	0.14809
V426	0.08983	0.02421	0.7905	0.09545
V427	0.06255	0.34718	0.1684	0.42186
V428	0.08824	0.75392	0.04616	0.11168
V429	0.00882	0	0.02485	0.96633
V430	0.74229	0.14631	0.01587	0.09553
V431	0.16369	0.01048	0.40979	0.41604
V432	0.08254	0.06055	0.03377	0.82314
V433	0.05491	0.68207	0	0.26302
V434	0.28193	0.05043	0.04008	0.62755
V435	0.45616	0.00241	0.10543	0.436
V436	0.32407	0.00274	0.09533	0.57786
V437	0.19116	0.18071	0.00086	0.62727
V438	0.57425	0.13126	0.02803	0.26647
V439	0.02286	0.06477	0.00269	0.90968
V440	0.41853	0.02122	0.02581	0.53444
V441	0.06425	0.1	0.568	0.26775
V442	0.30068	0.30692	0.12537	0.26703
V443	0.70873	0	0.08312	0.20815
V444	0.01018	0.01127	0.97803	0.00053
V445	0.62289	0.00435	0.3324	0.04036
V446	0.03735	0.81628	0.04665	0.09972
V447	0.62113	0.07298	0.17103	0.13485
V448	0.01331	0.03906	0.15165	0.79598
V449	0.55538	0.0242	0.28476	0.13566
V450	0.14794	0.84049	0.01157	0
V451	0.93446	0.03634	0	0.0292
V452	0.02297	0.00084	0.05056	0.92563
V453	0.80912	0.05587	0.06214	0.07287
V454	0.00517	0.9349	0.04174	0.01819
V455	0.60151	0.01722	0.29484	0.08642
V456	0.31737	0.09388	0.36903	0.21973
V457	0.00255	0.01125	0.00571	0.98048
V458	0.22331	0.1806	0.00088	0.59521
V459	0.01861	0.77589	0.08129	0.12422
V460	0.95531	0	0.02588	0.01881
V461	0.04049	0.01438	0.00366	0.94147
V462	0.30054	0.20266	0	0.4968
V463	0.24802	0.45068	0.1482	0.1531
V464	0.44602	0.07424	0.00166	0.47808
V465	0.38486	0.39643	0.02168	0.19703
V466	0.54266	0.15873	0.00207	0.29654
V467	0.31565	0.5595	0.07313	0.05173
V468	0.49504	0.38423	0.04581	0.07493
V469	0.01395	0.13419	0.24431	0.60756
V470	0.53258	0.09821	0.17021	0.199
V471	0.21958	0.07423	0.02555	0.68064
V472	0.28588	0.28484	0	0.42928
V473	0.10224	0.54252	0.32608	0.02916
V474	0.09036	0	0.0783	0.83134
V475	0.16547	0.35069	0.06716	0.41668
V476	0.12842	0.00437	0.04108	0.82613
V477	0.57552	0.0228	0.19432	0.20736
V478	0.12203	0.53667	0.00123	0.34007
V479	0.01564	0.0621	0.80034	0.12193
V480	0.06673	0.24895	0.03239	0.65193
V481	0.15223	0.00401	0.82362	0.02014
V482	0.69954	0.1411	0.10851	0.05085
V483	0.10119	0.0754	0.05537	0.76803
V484	0.01492	0.04193	0.01548	0.92768
V485	0.11624	0.70341	0.00796	0.17239
V486	0.24463	0.22499	0.11218	0.4182
V487	0.05518	0.02513	0.06392	0.85577
V488	0	0	0.85256	0.14744
V489	0.22237	0.07978	0.67893	0.01892
V490	0.31384	0.27597	0.05914	0.35105
V491	0.43564	0.44788	0.03018	0.0863
V492	0.02996	0.84057	0.12269	0.00678
V493	0.01078	0	0.00054	0.98867
V494	0.19301	0.12968	0.50531	0.172
V495	0.22775	0.61312	0.13069	0.02844
V496	0.27166	0.66606	0	0.06228
V497	0.009	0.00177	0.97883	0.0104
V498	0.26337	0.07432	0.03974	0.62257
V499	0.62408	0.24945	0.11961	0.00686
V500	0.10274	0.09966	0.74094	0.05666
V501	0.00246	0	0.02555	0.97198
V502	0.55383	0.25867	0.14737	0.04013
V503	0.16806	0.06821	0.16812	0.5956
V504	0.22991	0.67463	0.00869	0.08678
V505	0.18007	0.17768	0.22924	0.41302
V506	0.08626	0.22179	0.42642	0.26553
V507	0.58772	0.07948	0.11271	0.22009
V508	0.75128	0.14866	0.03837	0.06169
V509	0.21902	0.04208	0.47787	0.26104
V510	0.23198	0.51166	0.24975	0.00661
V511	0.04028	0.35505	0.03294	0.57173
V512	0.19855	0.02909	0.06225	0.71011
V513	0.07863	0.63252	0.19865	0.0902
V514	0.00893	0.03808	0	0.95299
V515	0.74483	0.04577	0.04389	0.16552
V516	0.91731	0.0742	0	0.00849
V517	0.02866	0.01073	0.20212	0.75849
V518	0.96755	0.02303	0.00029	0.00913
V519	0.02817	0.83612	0.00205	0.13366
V520	0.02199	0	0.55453	0.42348
V521	0.57451	0.02702	0.35777	0.04069
V522	0.00589	0.09768	0.53153	0.3649
V523	0.33148	0.09885	0.23858	0.3311
V524	0.01063	0.76984	0.17868	0.04086
V525	0.21416	0.16229	0.0186	0.60494
V526	0.60662	0.06067	0.06705	0.26565
V527	0.18352	0.00995	0.35589	0.45064
V528	0.09904	0.83791	0	0.06305
V529	0.04645	0.03851	0.17773	0.73731
V530	0.00699	0.18144	0.66462	0.14694
V531	0.02213	0.87213	0.10575	0
V532	0.14683	0.27388	0.01895	0.56034
V533	0.26373	0.31655	0.12489	0.29483
V534	0.00592	0.00212	0.65978	0.33218
V535	0.47188	0	0.00752	0.52059
V536	0.16661	0	0.3245	0.50889
V537	0.59725	0.2384	0.14738	0.01698
V538	0.40155	0.03585	0.07192	0.49067
V539	0.25862	0.40322	0.1469	0.19126
V540	0.20058	0.68366	0.06399	0.05177
V541	0.01578	0.44626	0.04953	0.48844
V542	0.17344	0.09628	0.22177	0.50851
V543	0.85237	0	0.01	0.13763
V544	0.08344	0.0597	0.1369	0.71996
V545	0.3179	0.11017	0.05695	0.51498
V546	0.05094	0.88303	0.05915	0.00688
V547	0.03819	0.64159	0.30279	0.01743
V548	0.15874	0.75858	0.07609	0.00658
V549	0.33726	0.01553	0.62847	0.01874
V550	0.51476	0.01514	0	0.4701
V551	0.1766	0.71756	0.03046	0.07539
V552	0.00214	0.45694	0.00084	0.54008
V553	0.23599	0.12719	0.60628	0.03054
V554	0.03909	0.05555	0.01434	0.89103
V555	0.08256	0.19025	0.30028	0.42691
V556	0.00021	0.01474	0.93761	0.04745
V557	0.77839	0.01531	0.00912	0.19718
V558	0.06632	0.75109	0.022	0.16059
V559	0.01257	0.80724	0.18019	0
V560	0.68384	0.30848	0	0.00768
V561	5e-04	0.00972	0.97902	0.01076
V562	0.76096	0	0.11115	0.12788
V563	0.25287	0	0.73882	0.00832
V564	0.05994	0.05779	0.86197	0.02031
V565	0.11684	0.22888	0.35095	0.30333
V566	0.65171	0.07704	0.00256	0.26869
V567	0.19715	0.39911	0.02004	0.3837
V568	0.19248	0	0.04015	0.76737
V569	0.61448	0.0149	0	0.37062
V570	0.02596	0.27368	0.60533	0.09503
V571	0.80712	0.10924	0	0.08364
V572	0.43667	0	0.42599	0.13734
V573	0.04773	0.12848	0.00168	0.82211
V574	0.03921	0.78268	0.1609	0.01721
V575	0.01357	0.05438	0.09511	0.83694
V576	0.15719	0.79371	0.03192	0.01718
V577	0.02868	0.0242	0.16788	0.77924
V578	0.05334	0.0461	0.64759	0.25296
V579	0.01166	0.87516	0.08442	0.02876
V580	0.11777	0	0.0856	0.79663
V581	0.04808	0.04897	0	0.90295
V582	0.53954	0.12103	0.0276	0.31184
V583	0.00591	0.02833	0.53537	0.43039
V584	0.52634	0.13566	0.28564	0.05237
V585	0.00566	0.00028	0.38022	0.61384
V586	0.23625	0.00071	0.63357	0.12948
V587	0.27456	0.00187	0.68053	0.04304
V588	0.56969	0.02837	0.02014	0.38181
V589	0.05801	0.79912	0.0551	0.08777
V590	0.05029	0.76283	0.18017	0.00671
V591	0.00011	0.01945	0.15934	0.82109
V592	0.16706	0.02249	0.81025	2e-04
V593	0.53802	0	0.16748	0.2945
V594	0.34015	0.26983	0.32492	0.06509
V595	0.01646	0.00897	0.01098	0.96359
V596	0.03063	0.23335	0.19122	0.5448
V597	0.0025	0.56279	0.31943	0.11529
V598	0.01736	0.09878	0.86344	0.02041
V599	0.62415	0.3052	0.03111	0.03954
V600	0.34628	0.44695	0.04469	0.16208
V601	0.1382	0.22716	0.0648	0.56984
V602	0.01672	0.01017	0.00462	0.9685
V603	0.00768	0.30404	0.00685	0.68144
V604	0.52448	0.09822	0.33646	0.04084
V605	0.06456	0.29745	0.37405	0.26394
V606	0.70235	0.13399	0.00905	0.15461
V607	0.60346	0.00253	0.0996	0.29442
V608	0.20741	0.13209	0.35908	0.30142
V609	0.02208	0.19168	0.1991	0.58714
V610	0.74229	0.00812	0.08499	0.1646
V611	0.23324	0	0.04009	0.72667
V612	0.0256	0.07172	0.80648	0.0962
V613	0.03604	0.32205	0.58593	0.05598
V614	0.73391	0.04553	0.04364	0.17692
V615	0.10083	0.03275	0.00211	0.86431
V616	0.07548	0.66416	0.0361	0.22426
V617	0.48751	0.1449	0.36759	0
V618	0.65571	0	0	0.34429
V619	0.35793	0.01558	0.29068	0.3358
V620	0.01057	0.66361	0.31888	0.00694
V621	0.39948	0.12593	0.15856	0.31603
V622	0.36482	0.20637	0.3874	0.04141
V623	0.01346	0.04697	0.11034	0.82923
V624	0.78946	0.18213	0	0.02842
V625	0.25664	0.46482	0.08899	0.18955
V626	0.96691	0.01349	0	0.01959
V627	0.00149	0.00858	0.0524	0.93753
V628	0.00114	0.17516	0.0073	0.8164
V629	0.11511	0.25538	0.25248	0.37703
V630	0.03589	0.3206	0.57558	0.06793
V631	0.0141	0.1468	0.0802	0.7589
V632	0.52867	0	0.1219	0.34944
V633	0	0.01783	0.8079	0.17427
V634	0.41018	0.251	0.33189	0.00692
V635	0.02654	0.70801	0.00159	0.26386
V636	0.12095	0.08353	0.62194	0.17359
V637	0.27031	0.15915	0.07414	0.4964
V638	0.3442	0.22318	0.05858	0.37403
V639	0.27595	0.42212	0.30193	0
V640	0.0359	0.13236	0.76205	0.06969
V641	0.87983	0.02418	0.02396	0.07203
V642	0.7494	0.15606	0	0.09454
V643	0.00622	0.15158	0.40734	0.43486
V644	0.9141	0.06214	0.00523	0.01853
V645	0.26783	0.39846	0.30469	0.02902
V646	0.01377	0.97425	0.00415	0.00783
V647	0.14796	0.06895	0.70148	0.0816
V648	0.41304	0.41719	0.12965	0.04013
V649	0.02571	0.04563	0.84496	0.0837
V650	0.05667	0.0705	0.77698	0.09585
V651	0.32153	0	0.67027	0.00819
V652	0.08015	0.06546	0.39361	0.46078
V653	0.11917	0.63931	0.09022	0.1513
V654	0.69191	0.17969	0.0542	0.0742
V655	0.03278	0.50768	0.01283	0.44672
V656	0.17392	0.22066	0.0063	0.59912
V657	0.01556	0.04279	0.00341	0.93824
V658	0.57988	0.18489	0.0522	0.18303
V659	0.30974	0.06517	0.34237	0.28272
V660	0.03098	0.93966	0	0.02936
V661	0.05023	0.35831	0.04066	0.5508
V662	0.40698	0.00435	0.45007	0.13859
V663	0.23942	0.05317	0.55004	0.15737
V664	0.20786	0.04867	0.67547	0.068
V665	0.67586	0.16595	0.03727	0.12092
V666	0.52039	0	0.08787	0.39174
V667	0.77958	0.05559	0.16465	0.00018
V668	0.1256	0.79587	0.07853	0
V669	0.22751	0.3903	0.24001	0.14217
V670	0.08133	0.88949	0	0.02917
V671	0.35972	0.26337	0.24863	0.12827
V672	0.01704	0.01294	0.92333	0.04669
V673	0.2235	0.33927	0.2164	0.22083
V674	0.6938	0.12378	0.01519	0.16722
V675	0.12865	0.29503	0.30047	0.27585
V676	0.02132	0.07699	0.07935	0.82234
V677	0.37282	0.37497	0.08917	0.16304
V678	0.51377	0.46858	0.01069	0.00696
V679	0.049	0.30363	0.62857	0.0188
V680	0.30814	0.53339	0.13016	0.02831
V681	0.89944	0.04961	0.01131	0.03964
V682	0.11398	0.285	0.5456	0.05542
V683	0.01507	0.97267	0.01226	0
V684	0.69668	0.13947	0.08979	0.07407
V685	0.49347	0.32456	0.11922	0.06275
V686	0.07566	0.13849	0.1216	0.66426
V687	0.01646	0.0022	0.01135	0.96999
V688	0.35609	0.47558	0	0.16833
V689	0.20104	0	0.033	0.76595
V690	0.47079	0.02681	0.4132	0.0892
V691	0.1645	0	0.82668	0.00882
V692	0.07913	0.11786	0.70748	0.09553
V693	0.21458	0.08232	0.34175	0.36135
V694	0.00558	0.01146	0.23639	0.74658
V695	0.19697	0	0.12599	0.67704
V696	0.05623	0.05528	0.00784	0.88065
V697	0.0087	0.0307	0.0044	0.9562
V698	0.77542	0	0.00932	0.21526
V699	0.55521	0.26029	0.06198	0.12252
V700	0.1837	0.01112	0.00203	0.80315
V701	0.105	0.48037	0.09611	0.31852
V702	0.48218	0.05853	0.00731	0.45198
V703	0.1224	0.03365	0.44641	0.39754
V704	0.79512	0.03012	0.02285	0.15192
V705	0.94877	0	0.01169	0.03953
V706	0.07769	0.03216	0.769	0.12115
V707	0.03627	0.42161	0.4871	0.05502
V708	0.03772	0.84783	0.01574	0.0987
V709	0.13615	0.24426	0.5125	0.10709
V710	0.57759	0.18384	0.04385	0.19471
V711	0.09093	0.78471	0.08379	0.04057
V712	0.78387	0.03842	0.00335	0.17437
V713	0.40297	0.26229	0.02774	0.307
V714	0.00915	0.60309	0.01358	0.37419
V715	0.30142	0.31403	0.29343	0.09112
V716	0.02274	0.02071	0.02906	0.92749
V717	0.08186	0.89968	0	0.01846
V718	0.14367	0.53467	0.16752	0.15415
V719	0.05499	0.65701	0.02813	0.25987
V720	0.68482	0	0.22025	0.09493
V721	0.11682	0.13489	0.44283	0.30546
V722	0.07641	0.27715	0.0062	0.64024
V723	0.08295	0.05484	0.00187	0.86034
V724	0.5241	0.01399	0.07254	0.38937
V725	0.00039	0.07681	0.87665	0.04615
V726	0.03115	0.31959	0.10027	0.54899
V727	0.26998	0.63872	0.08486	0.00644
V728	0.03038	0.87634	0.08637	0.0069
V729	0.35618	0.00257	0.13872	0.50253
V730	0.90364	0.01749	0.03929	0.03958
V731	0.02259	0.15883	0.35557	0.46302
V732	0.33247	0.05636	0.33005	0.28112
V733	0.61465	0.16278	0.02871	0.19387
V734	0.24781	0.29168	0.45364	0.00687
V735	0.01333	0.01207	0.42208	0.55252
V736	0.11022	0.00048	0.00292	0.88638
V737	0.31972	0.26099	0.22618	0.19311
V738	0.07728	0.30493	0.4324	0.18539
V739	0	0.00164	0.54227	0.45609
V740	0.84892	0.0688	0.06466	0.01762
V741	0.44496	0.07698	0.11029	0.36776
V742	0.40262	0.58585	0.01153	0
V743	0.13982	0.12082	0.70825	0.03111
V744	0.5101	0.02459	0.31684	0.14847
V745	0.01792	0.66378	0.16679	0.15151
V746	0.98997	0	0.00049	0.00954
V747	0.05189	0	0.66421	0.28391
V748	0.11881	0.08083	0.56071	0.23964
V749	0.23878	0.13739	0.04039	0.58344
V750	0.39717	0.42853	0.01467	0.15962
V751	0.04845	0.84532	0.0307	0.07553
V752	0.44059	0.19675	0.12394	0.23873
V753	0.01019	0.00491	0.00016	0.98474
V754	0.01193	0.90192	0	0.08614
V755	0.13591	0.16062	0.31281	0.39066
V756	0.01559	0.00183	0.03004	0.95255
V757	0.3371	0.56691	0.05597	0.04002
V758	0.0475	0.74206	0.10967	0.10077
V759	0.10864	0.03975	0.35704	0.49456
V760	0.26138	0.03824	0.24861	0.45177
V761	0.06765	0.55623	0.26006	0.11606
V762	0.0017	0.31414	0.00683	0.67733
V763	0.35569	0.31627	0.02048	0.30756
V764	0.01168	0.89935	0.00247	0.0865
V765	0.60904	0.06777	0	0.3232
V766	0.01547	0.2855	0.41021	0.28882
V767	0.468	0.09984	0.23055	0.20162
V768	0.05988	0.89438	0.01713	0.02861
V769	0.14535	0.81296	0.02444	0.01724
V770	0.01377	0.97425	0.00415	0.00783
V771	0.17489	0.00386	0.80125	0.02
V772	0.14198	0.02913	0.82042	0.00847
V773	0.16652	0.8123	0.00341	0.01777
V774	0.01702	0.00016	0.93581	0.04701
V775	0.09318	0.0238	0.23532	0.64771
V776	0.41556	0.39162	0.04468	0.14814
V777	0.14307	0.08358	0.11252	0.66083
V778	0.51799	0.24859	0.06103	0.17239
V779	0.15604	0.02578	0.45764	0.36054
V780	0.11494	0.76135	0.12371	0
V781	0.03179	0.01376	0.01623	0.93821
V782	0.00714	0.10072	0.79561	0.09654
V783	0.75063	0.00781	0.04317	0.19839
V784	0.11404	0.86835	0.01048	0.00714
V785	0.04044	0.92076	0.00992	0.02888
V786	0.71749	0.14001	0.08076	0.06173
V787	0.00441	0.83783	0.15075	0.00701
V788	0.5092	0.28121	0.14647	0.06313
V789	0.05818	0.29984	0.019	0.62298
V790	0.39158	0.01439	0.0628	0.53122
V791	0.13086	0.346	0.3131	0.21005
V792	0.12021	0.47758	0.00118	0.40103
V793	0.11556	0.60746	0.02816	0.24882
V794	0.04587	0.06165	0.78358	0.10891
V795	0.08247	0.02525	0.04147	0.85081
V796	0.02695	0.06652	0.87388	0.03265
V797	0.7609	0	0.22149	0.01761
V798	0.62104	0.27815	0.07267	0.02814
V799	0.13082	0.74735	0.02275	0.09907
V800	0.05928	0.0119	0.46288	0.46594
V801	0.12017	0.08938	0.29005	0.5004
V802	0.02901	0.05392	0.22618	0.69089
V803	0.23148	0.50927	0.25924	0
V804	0.52313	0.00394	0.37378	0.09915
V805	0.01082	0.00352	0.985	0.00066
V806	0.04947	0.88963	0.0092	0.0517
V807	0.21237	0.11662	0.02564	0.64537
V808	0.6586	0.25222	0.03857	0.05061
V809	0.04162	0.02672	0.9314	0.00026
V810	0.01427	0.97758	0	0.00815
V811	0.39115	0.05319	0.183	0.37266
V812	0.52444	0.2356	0.04397	0.19599
V813	0.59987	0.1747	0.18517	0.04026
V814	0.43477	0.51837	0.04017	0.00668
V815	0.00513	0.91842	0.06905	0.00739
V816	0.93818	0	0.06126	0.00056
V817	0.02738	0.05907	0.89285	0.0207
V818	0.0016	0.03014	0.02328	0.94498
V819	0.82709	0.06534	0.04624	0.06132
V820	0.10093	0.06854	0.01299	0.81755
V821	0.21862	0.29467	0.38166	0.10504
V822	0.07038	0.01189	0.88497	0.03277
V823	0.02542	0.16988	0.66961	0.13508
V824	0.09438	0.37117	0.53446	0
V825	0.20815	0.25775	0.23381	0.30029
V826	0.4365	0.39748	0.14916	0.01687
V827	0.37567	0.57506	0.00949	0.03978
V828	0.18839	0.12869	0.09037	0.59255
V829	0.03001	0.19292	0.02594	0.75113
V830	0.18406	0.18178	0.01851	0.61565
V831	0.7469	0.07039	0.02917	0.15354
V832	0.25797	0.36788	0.15566	0.21849
V833	0.14147	0.47234	0.16634	0.21986
V834	0.2421	0.05061	0.06265	0.64464
V835	0.35364	0.42383	0.10953	0.113
V836	0.00938	0.60577	0.0013	0.38355
V837	0.20902	0.34576	0.17372	0.2715
V838	0.93694	0.02872	0.02605	0.00829
V839	0.30498	0.59491	0.09363	0.00648
V840	0.29458	0.70059	0.00483	0
V841	0.00012	0.0293	0.88617	0.08441
V842	0.33635	0.13944	0.24197	0.28224
V843	0.01578	0.01036	0.86426	0.1096
V844	0.09932	0.06384	0.33937	0.49747
V845	0.06839	0.08906	0.74707	0.09548
V846	0	0.00307	0.71293	0.284
V847	0.00319	0	0.00673	0.99009
V848	0.08528	0.46426	0.15385	0.29661
V849	0.0051	0.93971	0.00339	0.0518
V850	0.96858	0	0.01233	0.01909
V851	0.34049	0.51805	0.14147	0
V852	0.08173	0.03098	0.10117	0.78611
V853	0.24018	0.20016	0.38965	0.17002
V854	0.57368	0.14557	0.09629	0.18446
V855	0.00319	0	0.00673	0.99009
V856	0.04271	0.31574	0.32744	0.31411
V857	0.64748	0.15411	0.02912	0.16929
V858	0.56799	0.00032	0.424	0.00769
V859	0.63727	0.21506	0.0155	0.13217
V860	0.15131	0.08281	0.04027	0.72561
V861	0.09401	0.34602	0.54173	0.01824
V862	0.13641	0.06966	0.72529	0.06863
V863	0.15656	0.03901	0	0.80443
V864	0.0473	0.01918	0.03503	0.89849
V865	0.09144	0	0.22083	0.68773
V866	0.73394	0.00449	0.24417	0.0174
V867	0.7353	0.01185	0.24528	0.00757
V868	0.50576	0.25494	0.12733	0.11197
V869	0.02281	0.96546	0.00414	0.00759
V870	0.08619	0.27882	0.01214	0.62285
V871	0.0051	0.93971	0.00339	0.0518
V872	0.00585	0.00548	0.20034	0.78833
V873	0.88695	0.01707	0.04645	0.04954
V874	0.20108	0.77318	0.02574	0
V875	0.01355	0.14805	0.16612	0.67228
V876	0.15812	0.30723	0.40364	0.13101
V877	0.04295	0.35719	0.27431	0.32555
V878	0.13584	0.80402	0.06013	0
V879	0.18668	0.66413	0.03757	0.11163
V880	0.29106	0.51229	0.00188	0.19477
V881	0.13848	0.02805	0.57079	0.26267
V882	0.77624	0	0.11937	0.1044
V883	0.29272	0.18538	0.5219	0
V884	0.01495	0.21808	0	0.76697
V885	0.71505	0.19997	0.08498	0
V886	0.01619	0.33842	0.44844	0.19695
V887	0.6103	0.04574	0.14831	0.19564
V888	0.09933	0.03174	0.73539	0.13353
V889	0.9185	0.0348	0.01828	0.02842
V890	0.03328	0.12058	0.59088	0.25525
V891	0.62785	0.03324	0.27652	0.06239
V892	0.23332	0.14314	0.00628	0.61726
V893	0.57493	0.19313	0.14498	0.08696
V894	0.06955	0.29678	0.57779	0.05588
V895	0.57104	0.04631	0.18638	0.19627
V896	0.0409	0.9265	0.00338	0.02922
V897	0.67465	0.23684	0.00327	0.08523
V898	0.38701	0	0.00197	0.61102
V899	0.02146	0.14702	0.11219	0.71934
V900	0.07364	0.26039	0.33765	0.32831
V901	0.03692	0.79083	0.00188	0.17037
V902	0.05092	0.90048	0.04164	0.00695
V903	0.00858	0.40881	0.51541	0.06719
V904	0.02321	0.96883	0	0.00796
V905	0.11696	0	0.14013	0.74291
V906	0.35374	0.06753	0.09079	0.48794
V907	0.42067	0.48891	0.01577	0.07465
V908	0.00716	0.02735	0.05029	0.9152
V909	0.13004	0.77226	0	0.09771
V910	0.12654	0	0.09227	0.78119
V911	0.50325	0.36888	0.02988	0.09799
V912	0.37216	0.29579	0.11669	0.21535
V913	0.08377	0	0.00366	0.91257
V914	0.1845	0.47873	0.28295	0.05383
V915	0.17294	0	0.00238	0.82469
V916	0.2561	0.03878	0.63806	0.06706
V917	0.69573	0.01556	0.15767	0.13104
V918	0.04635	0.60831	0.21788	0.12745
V919	0.18378	0.20235	0.27447	0.3394
V920	0.59927	0.17776	0.08836	0.1346
V921	0.02209	0.12092	0.02004	0.83695
V922	0.10259	0.45025	0.38099	0.06616
V923	0.05627	0.0058	0.02861	0.90932
V924	0.03732	0.66285	0.25852	0.0413
V925	0.13862	0.01789	0.00757	0.83592
V926	0.15674	0.01082	0.02017	0.81227
V927	0.01463	0.02078	0.03631	0.92827
V928	0.04873	0.86199	0.00248	0.08681
V929	0.05544	0.60066	0.11689	0.22702
V930	0.48968	0.34608	0.02927	0.13497
V931	0.13617	0.2553	0.50161	0.10692
V932	0.03274	0.09048	0.57112	0.30565
V933	0.59238	0.38007	0.01025	0.0173
V934	0.00616	0.11339	0.22917	0.65127
V935	0.55623	0.14095	0.2031	0.09972
V936	0.49025	0.24153	0.01415	0.25406
V937	0.50347	0.1031	0.07546	0.31798
V938	0.348	0.03082	0.28337	0.33781
V939	0.71457	0.00782	0.06718	0.21043
V940	0.02861	0.77935	0.13966	0.05239
V941	0.00088	0.00301	0.98492	0.01118
V942	0.73581	0.17223	0.06381	0.02814
V943	0.39804	0.1087	0.41483	0.07843
V944	0.01444	0.21059	0.04787	0.7271
V945	0.53957	0.33068	0.00871	0.12104
V946	0.45534	0.24403	0.24792	0.05271
V947	0.0645	0.03061	0.18853	0.71636
V948	0.34819	0.01488	0.60667	0.03025
V949	0.00023	0.07803	0.1623	0.75944
V950	0.05465	0.49352	0.19444	0.25738
V951	0.83523	0.0045	0.15259	0.00768
V952	0.05765	0.09547	0.22346	0.62343
V953	0.01671	0.0393	0.8978	0.04619
V954	0.02966	0.13786	0.11193	0.72055
V955	0.11286	0.54477	0.02058	0.32179
V956	0.02996	0.01191	0.4582	0.49992
V957	0.26907	0.00436	0	0.72658
V958	0.01078	0	0.00054	0.98867
V959	0.23147	0.23897	0.42421	0.10536
V960	0.20444	0.23003	0.06577	0.49977
V961	0.13241	0.35964	0.33749	0.17047
V962	0.36202	0.1476	0.3865	0.10388
V963	0.58572	0.14943	0.15346	0.11139
V964	0.83625	0.01677	0.09709	0.04989
V965	0.05355	0.45243	0.17192	0.32209
V966	0.9699	0.00491	0.00598	0.0192
V967	0.0501	0.02666	0.47864	0.4446
V968	0.00046	0.13238	0.77119	0.09597
V969	0.00703	0.22959	0.02615	0.73723
V970	0.03079	0.09152	0.38021	0.49747
V971	0.49611	0.06725	0.32341	0.11324
V972	0.46982	0.17013	0.04243	0.31762
V973	0.24969	0.37772	0.06842	0.30417
V974	0.01017	0.75863	0.11891	0.11229
V975	0.10437	0.28016	0.60814	0.00732
V976	0.41462	0.21735	0.1055	0.26253
V977	0.32631	0.3433	0.32363	0.00677
V978	0.04706	0.06148	0.04863	0.84284
V979	0.80879	0.00475	0.1789	0.00757
V980	0.98997	0	0.00049	0.00954
V981	0.32042	0.01732	0.40776	0.25449
V982	0.4299	0.37475	0.07108	0.12427
V983	0.64226	0.04373	0.00245	0.31155
V984	0.01958	0.82622	0.10208	0.05211
V985	0.05651	0.14676	0.00157	0.79516
V986	0.31225	0.49318	0.04493	0.14964
V987	0.24067	0.73093	0	0.0284
V988	0.16505	0.00475	0.00757	0.82263
V989	0.44145	0.45705	0.07327	0.02823
V990	0	0.03384	0.76784	0.19831
V991	0.63679	0.34539	0	0.01782
V992	0.18932	0	0.48066	0.33002
V993	0.06862	0.70793	0.15928	0.06417
V994	0.18983	0.76847	0.02449	0.01721
V995	0.70471	0.08716	0.02914	0.179
V996	0.21957	0.09059	0.00677	0.68308
V997	0.01499	0.00363	0.80793	0.17346
V998	0.86291	0.00329	0.06204	0.07176
V999	0.12485	0.86766	0	0.00749
V1000	0.25143	0.01069	0	0.73789
