Neutrophils	Monocytes_CD14.CD16.	Macrophage	T_cells_.CD4..	NK_cells
V1	0.33698	0.13787	0.26597	0.10797	0.15121
V2	0.06028	0.81015	0.03783	0.0458	0.04595
V3	0.06852	0	0.50608	0.40083	0.02457
V4	0.00525	0	0.22486	0.04009	0.7298
V5	0.00444	0	0.0482	0.07919	0.86817
V6	0.35498	0.02087	0.30166	0.19493	0.12756
V7	0.00637	0.01373	0.42168	0.05774	0.50048
V8	0.00788	0	0.9326	0.05943	9e-05
V9	0.05494	0	0.30886	0.60852	0.02767
V10	0.48226	0.00315	0.50461	0	0.00998
V11	0.02644	0.00757	0.09301	0.05082	0.82217
V12	0.07669	0	0.2326	0.261	0.4297
V13	0.12721	0.04815	0.03309	0.36801	0.42354
V14	0.16811	0	0.0808	0.6198	0.13129
V15	0.01628	0.02425	0	0.89006	0.06941
V16	0.61175	0.09751	0.00014	0.28293	0.00767
V17	0.05839	0.23969	0.00306	0.04253	0.65633
V18	0.09248	0.44932	0.26714	0.17732	0.01374
V19	0.01789	0	0	0.08877	0.89334
V20	0	0	0.7832	0.20051	0.01629
V21	0.01927	0.25683	0.12497	0.13091	0.46804
V22	0.84289	0.08414	0.0615	0	0.01146
V23	0.06573	0.01031	0.01341	0.10468	0.80587
V24	0.43883	0.13647	0.00525	0.0238	0.39565
V25	0.01711	0.02454	0.00837	0.36398	0.586
V26	0.47098	0.21945	0.05079	0.0224	0.23638
V27	0.12317	0.50702	0.17442	0.00174	0.19365
V28	0.02842	0.07667	0.23642	0.59697	0.06152
V29	0	0	0.38108	0.58013	0.03879
V30	0.75347	0.11641	0.01624	0.00442	0.10947
V31	0.42625	0.17135	0	0.19246	0.20993
V32	0.95689	0	0	0	0.04311
V33	0.01816	0.19106	0.00454	0.09076	0.69549
V34	0.12221	0.87167	0	0.00492	0.0012
V35	0.09915	0.63501	0.24773	0.01812	0
V36	0.02419	0.1624	0.16065	0.06879	0.58396
V37	0.74605	0	0	0	0.25395
V38	0.12718	0.00292	0.51917	0.17234	0.17839
V39	0.32403	0.02426	0.34224	0	0.30947
V40	0.22587	0.65511	0.001	0.081	0.03702
V41	0.05653	0.86002	0	0.00445	0.07901
V42	0.88995	0.03781	0.01156	0	0.06068
V43	0.50161	0.11691	0.37599	0.00497	0.00052
V44	0.03987	0.27728	0.5629	0	0.11996
V45	0.04465	0.70351	0.08624	0.11575	0.04986
V46	0.11816	0.79043	0.05237	0.02203	0.01701
V47	0	0	0.99371	0	0.00629
V48	0.17261	0.13442	0.24174	0.29015	0.16108
V49	0.48768	0.15681	0.24094	0.10834	0.00623
V50	0.02398	0	0.97602	0	0
V51	0.10059	0.2643	0.1894	0.04569	0.40001
V52	0.06053	0.92915	0	0.00767	0.00265
V53	0.0254	0.20827	0.00156	0.7226	0.04217
V54	0.22617	0	0.00629	0.51554	0.25199
V55	0.07659	0	0	0.86974	0.05367
V56	0.06874	0	0	0.7451	0.18616
V57	0.16158	0.10847	0.58455	0.01309	0.13231
V58	0.05641	0	0.12933	0.16563	0.64862
V59	0.89308	0.01694	0.08998	0	0
V60	0.43067	0.22581	0.12262	0.09575	0.12514
V61	0.18236	0.00269	0.02061	0.18168	0.61266
V62	0.05434	0.00531	0.30246	0.11023	0.52765
V63	0.38597	0.27584	0.05057	0.01923	0.26838
V64	0.96903	0.01714	0.01384	0	0
V65	0.08768	0.08946	0.03805	0.58304	0.20176
V66	0.02231	0	0.15922	0.76688	0.05159
V67	0.00323	0	0.33202	0.07822	0.58653
V68	0.47319	0	0.42724	0.01567	0.08391
V69	0.61359	0.1157	0.20742	0.00077	0.06252
V70	0.06771	0.75273	0.02926	0.12698	0.02332
V71	0.10044	0.81317	0.02698	0.04885	0.01057
V72	0.03925	0.3933	0.01075	0.02634	0.53036
V73	0.0551	0	0.11095	0.53843	0.29552
V74	0.00649	0.07139	0.0032	0.77583	0.14309
V75	0.48617	0.18038	0.3263	0	0.00715
V76	0.00186	0	0.01638	0.85301	0.12875
V77	0.01562	0	0.95691	0.02747	0
V78	0	0	0.99161	0	0.00839
V79	0.07988	0.41315	0.02789	0.11293	0.36615
V80	0.12361	0.74857	0	0.03947	0.08834
V81	0.00584	0	0.99416	0	0
V82	0.25646	0.1955	0.0231	0.49492	0.03001
V83	0.09767	0.08605	0.0165	0.49943	0.30035
V84	0.08294	0.15584	0	0.04677	0.71445
V85	0	0	1	0	0
V86	0.02625	0.27018	0.33392	0.3464	0.02325
V87	0.49738	0.02422	0.04012	0.40551	0.03278
V88	0.30726	0.17964	0.04314	0.15907	0.31089
V89	0.0496	0.07351	0.8522	0.02469	0
V90	0.01634	0.17183	0.0471	0.088	0.67672
V91	0.00037	0	0.09501	0.85373	0.05089
V92	0.21764	0.03182	0.01779	0.04193	0.69082
V93	0.00814	0.08284	0.1787	0.47621	0.25411
V94	0.03496	0.1692	0.01324	0.20362	0.57897
V95	0.05733	0.22518	0.01142	0.08774	0.61833
V96	0.81399	0.00314	0.01796	0.00595	0.15897
V97	0.14735	0.02087	0.03668	0.09674	0.69836
V98	0.05646	0.38111	0.17504	0.09985	0.28754
V99	0.52047	0.15583	0	0.1819	0.1418
V100	0.53446	0.17341	0.0421	0.03347	0.21656
V101	0.06886	0.92187	0	0.00698	0.00229
V102	0.30874	0.25833	0.13174	0.08149	0.21969
V103	0.10502	0	0	0.04927	0.84572
V104	0.04934	0.40572	0.07027	0.02669	0.44799
V105	0.00784	4e-05	0.03316	0.0869	0.87206
V106	0.05833	0.76892	0.13397	0.00491	0.03388
V107	0.05616	0.19986	0.70552	0.03193	0.00654
V108	0.02272	0.14816	0.82911	0	0
V109	0.0572	0.22197	0.04953	0.23805	0.43324
V110	0.18254	0.53271	0.18144	0.08571	0.01762
V111	0.29278	0.2121	0.49512	0	0
V112	0.1814	0	0.11442	0.43302	0.27115
V113	0.22494	0	0.10025	0.12563	0.54918
V114	0.58919	0.09002	0.04315	0.13963	0.138
V115	0.8834	0	0	0	0.1166
V116	0.006	0	0	0.06541	0.9286
V117	0.0498	0	0.85776	0.06444	0.028
V118	0.03942	0	0	0.88025	0.08033
V119	0.35377	0.00739	0.43922	0.19869	0.00093
V120	0.00367	0	0.86238	0.0924	0.04155
V121	0.19007	0.73813	0	0.00501	0.0668
V122	0.03768	0.40861	0.07761	0.19646	0.27963
V123	0.50214	0.04861	0.07248	0.15834	0.21843
V124	0.20899	0.11355	0.05576	0.18907	0.43262
V125	0.05129	0.44487	0.49794	0	0.0059
V126	0.15368	0.18316	0.21865	0.09312	0.3514
V127	0.28249	0	0.68698	0.02832	0.0022
V128	0.20241	0.78255	0	0	0.01504
V129	0.27201	0.02496	0.2833	0.14395	0.27578
V130	0.03744	0.53462	0.03108	0.1884	0.20846
V131	0.00965	0	0.27516	0.68125	0.03394
V132	0.35697	0.01947	0	0.29926	0.3243
V133	0.00621	0.02607	0.56718	0.07567	0.32486
V134	0.07437	0	0.81583	0.01421	0.09559
V135	0.0271	0.07089	0.7548	0.0183	0.1289
V136	1	0	0	0	0
V137	0.92979	0.03427	0	0.00628	0.02966
V138	0.24273	0.14745	0.07142	0.11115	0.42725
V139	0.12709	0	0.18483	0.64845	0.03962
V140	0.0177	0	0.142	0.0459	0.79441
V141	0.02406	0.20337	0.68444	0.07845	0.00969
V142	0.20535	0	0.33931	0.10684	0.34849
V143	0.02167	0.1836	0.50197	0.12177	0.17099
V144	0.51247	0.24282	0.06209	0.0908	0.09183
V145	0	0	0.97347	0.00743	0.0191
V146	0.03633	0.36619	0	0.26912	0.32835
V147	0.10397	0.03614	0.7374	0.08556	0.03694
V148	0.15781	0.80205	0	0.02238	0.01776
V149	0.00264	0	0	0.87782	0.11953
V150	0.15143	0.1758	0.59828	0	0.07449
V151	0.45928	0.02339	0.00118	0.36529	0.15086
V152	0.00689	0	0.13048	0.72834	0.13429
V153	0.17733	0.17466	0.46994	0.03425	0.14382
V154	0.11831	0.60286	0.01064	0.02659	0.2416
V155	0.03403	0	0.15865	0.75653	0.05079
V156	0.09937	0.00504	0.41708	0.13004	0.34847
V157	0.09021	0.03116	0.17533	0.24331	0.45999
V158	0.18827	0	0.45393	0.0355	0.32231
V159	0.12144	0.26279	0.00656	0.54234	0.06688
V160	0.44801	0.17193	0.08699	0.03	0.26307
V161	0.19549	0.0109	0.05212	0.03053	0.71097
V162	0	0	1	0	0
V163	0.04302	0	0.00388	0.07744	0.87566
V164	0.94118	0.05394	0.00488	0	0
V165	0.62033	0.22791	0.07728	0.02801	0.04648
V166	0.04981	0	0.27548	0.54748	0.12723
V167	0.0443	0.66697	0.00622	0.10818	0.17433
V168	0	0	1	0	0
V169	0.06498	0.70935	0.14567	0.06141	0.01858
V170	0.24894	0.41986	0.04587	0.15499	0.13035
V171	0.32748	0.07782	0.39498	0.14342	0.0563
V172	0.16992	0.22364	0.05842	0.02986	0.51817
V173	0.22213	0.11083	0.09374	0.35848	0.21482
V174	0.21093	0	0.37516	0.16974	0.24417
V175	0.07268	0.13819	0.11559	0.15763	0.51591
V176	0.41116	0.01923	0	0.546	0.0236
V177	0.21265	0.0024	0.63134	0.14502	0.00859
V178	0.29612	0.02303	0.49755	0.08838	0.09492
V179	0.08397	0	0	0.05179	0.86424
V180	0.02192	0	0.33553	0.02791	0.61464
V181	0.06049	0.26634	0	0.0665	0.60668
V182	0.57921	0.251	0	0.12411	0.04569
V183	0.07811	0.91068	0	0.00078	0.01044
V184	0.34614	0	0.33456	0.28451	0.0348
V185	0.10569	0.50285	0.01144	0.11959	0.26044
V186	0.13193	0.18859	0.02023	0.21787	0.44138
V187	0.0859	0.72696	0	0.1699	0.01724
V188	0.88134	0.02908	0.02801	0.05735	0.00422
V189	0.47241	0.27995	0.02668	0.20741	0.01355
V190	0.41011	0.06205	0.21818	0.01033	0.29934
V191	0.2263	0.25433	0	0.36822	0.15115
V192	0.33016	0.20945	0.12696	0.17581	0.15763
V193	0.07595	0.19151	0.53215	0.03195	0.16845
V194	0.25338	0.04499	0.08093	0.09291	0.52779
V195	0.58957	0.1656	0.24483	0	0
V196	0.00139	0	0.0461	0.07937	0.87314
V197	0.07633	0.88657	0	0.02594	0.01116
V198	0.22857	0.24154	0.026	0.17202	0.33187
V199	0.77684	0	0.22316	0	0
V200	0.77402	0	0.0219	0.00764	0.19644
V201	0.03167	0	0.01877	0.67447	0.2751
V202	0.94066	0.05934	0	0	0
V203	0.53201	0.2696	0.01673	0.03677	0.14489
V204	0.31521	0.08151	0.02238	0.01475	0.56615
V205	0.1053	0.01866	0.11123	0.08107	0.68375
V206	0.04455	0.11828	0	0.74736	0.0898
V207	0.01628	0.02425	0	0.89006	0.06941
V208	0.16704	0.20926	0.49082	0.0322	0.10067
V209	0.14515	0.00906	0.08979	0.05182	0.70418
V210	0	0	0.99165	0	0.00835
V211	0.14712	0.00696	0.19803	0.04115	0.60674
V212	0.06842	0.774	0.06299	0.03236	0.06223
V213	0.08944	0	0.05491	0.2296	0.62604
V214	0.03646	0.55028	0.37975	0.00856	0.02495
V215	0.24665	0.22823	0.12984	0.06599	0.32929
V216	0.05436	0.01514	0.32524	0.05031	0.55494
V217	0	0	0.02366	0.81566	0.16068
V218	0.07856	0.19382	0.31098	0.29991	0.11673
V219	0.14058	0.2826	0.4043	0.16142	0.01109
V220	0.1924	0.75644	0.04344	0.00074	0.00698
V221	0.04648	0.03495	0.50152	0.01961	0.39745
V222	0.01512	0	0	0.06994	0.91494
V223	0.55461	0	0.34386	0.08916	0.01237
V224	0.0486	0.55641	0.01259	0.07331	0.30909
V225	0.71657	0.16157	0.12186	0	0
V226	0.45351	0.54463	0	0	0.00186
V227	0.09957	0.30843	0	0.52551	0.06649
V228	0.61567	0.0109	0.29094	0.04529	0.03719
V229	0.27566	0.40593	0.26014	0.02752	0.03075
V230	0.01189	0	0	0.07002	0.91809
V231	0.07144	0.63911	0.04936	0.14088	0.09922
V232	0.81365	0	0.18635	0	0
V233	0.05431	0.0075	0.14223	0.10018	0.69578
V234	0.02511	0.40776	0.22573	0.30016	0.04124
V235	0.9941	0.0059	0	0	0
V236	0.0839	0	0.68864	0.165	0.06247
V237	0.13082	0.06833	0.28716	0.27813	0.23555
V238	0.00432	0	0	0.25955	0.73613
V239	0.07047	0.4208	0.0377	0.14905	0.32198
V240	0.07392	0.84899	0	0.0152	0.06189
V241	0.06074	0.92667	0	0.00158	0.01101
V242	0.04106	0.33903	0.30838	0.23376	0.07778
V243	0.48596	0	0.34503	0.01294	0.15606
V244	0.03803	0.40661	0.18244	0.0712	0.30172
V245	0.05863	0.90536	0.01397	0.0195	0.00254
V246	0.60686	0.28156	0.01477	0	0.09681
V247	0.20774	0.07281	0.65446	0.03402	0.03097
V248	0.09838	0.60622	0.01123	0.01619	0.26798
V249	0.25145	0.05707	0.20576	0.08503	0.40069
V250	0.02452	0.00147	0.66624	0.03313	0.27464
V251	0.23805	0.01737	0.10248	0.55323	0.08886
V252	0.02798	0.10002	0.57894	0.13051	0.16256
V253	0.29419	0.59256	0.06944	0.02889	0.01492
V254	0.51864	0.40853	0	0.05726	0.01557
V255	0.8241	0.08091	0	0.00372	0.09128
V256	0.05065	0.76194	0.00368	0.01435	0.16937
V257	0.44306	0.31316	0.13801	0.02044	0.08533
V258	0.17387	0.37468	0.04085	0.38598	0.02462
V259	0.53923	0.2763	0.16998	0	0.01449
V260	0.25025	0.023	0.09975	0.07852	0.54848
V261	0.02228	0	0.55114	0.26103	0.16555
V262	0.92908	0.02532	0.04561	0	0
V263	0.8316	0.08881	0.00165	0.07794	0
V264	0.0761	0.88901	0	0.03195	0.00294
V265	0.84294	0.08547	0.07159	0	0
V266	0.00993	0	0.07151	0.06808	0.85047
V267	0.04297	0	0	0.15855	0.79848
V268	0.20497	0.458	0.13503	0.14387	0.05813
V269	0.09685	0.33943	0.36629	0.15713	0.0403
V270	0.0503	0	0.03678	0.86115	0.05177
V271	0.22002	0.73215	0	0.01475	0.03309
V272	0.10973	0.82385	0.01077	0.01232	0.04332
V273	0.30458	0.0055	0.19214	0.28925	0.20854
V274	0.08763	0.03175	0.03051	0.18422	0.66589
V275	0.05601	0.71969	0.13638	0.06868	0.01924
V276	0.0076	0	0.75166	0.20431	0.03643
V277	0.36595	0	0.61221	0	0.02185
V278	0.00395	0.01969	0.37823	0.41946	0.17867
V279	0.15962	0	0.01022	0.72228	0.10789
V280	0.20885	0.01949	0.03716	0.58188	0.15262
V281	0.02781	0.264	0.0407	0.62444	0.04305
V282	0.06926	0.91888	0	0.00116	0.0107
V283	0.34277	0	0.10499	0.02982	0.52242
V284	0.02906	0.10201	0.53124	0.00897	0.32872
V285	0.50877	0.47383	0	0.01211	0.00529
V286	0.0873	0	0.8828	0.024	0.00589
V287	0.25438	0.06216	0.17816	0.25317	0.25213
V288	0.20187	0	0.6488	0	0.14933
V289	0.17196	0.26637	0.01478	0.51491	0.03198
V290	0.42198	0.45984	0.11818	0	0
V291	0.42703	0.24577	0	0.30825	0.01895
V292	0.11843	0.00299	0.41115	0.0391	0.42833
V293	0.00754	0.0861	0.85117	0.0366	0.01859
V294	0.00603	0	0	0.06494	0.92903
V295	0.01353	0.00934	0.37295	0.48069	0.12348
V296	0.85745	0.1157	0	0	0.02685
V297	0.01752	0	0.8223	0.10818	0.05201
V298	0.31651	0	0	0.51413	0.16936
V299	0.29695	0	0.00657	0.66448	0.032
V300	0.9944	0.0056	0	0	0
V301	0.98975	0	0	0.00595	0.00429
V302	0.00383	0	0	0.37295	0.62321
V303	0.10846	0.16723	0.21624	0.15368	0.35439
V304	0.19919	0.00079	0.78163	0	0.01838
V305	0.20666	0.32879	0.08084	0.08812	0.29559
V306	0.31687	0.66276	0	0.00535	0.01503
V307	0.25799	0	0.31004	0.41903	0.01294
V308	0.24314	0	0.70118	0.0518	0.00389
V309	0.66721	0.06856	0.04306	0.08987	0.13129
V310	0.02765	0.01022	0	0.11894	0.84318
V311	0.00889	0	0.04729	0.87712	0.0667
V312	0.08714	0.2372	0.23738	0.01331	0.42497
V313	0.06427	0.3154	0.00378	0.2733	0.34325
V314	0.07874	0.00323	0	0.34226	0.57577
V315	0.97066	0	0.0046	0	0.02474
V316	0.11557	0.55761	0.23598	0.02141	0.06942
V317	0.39393	0.0598	0.53269	0	0.01358
V318	0.9126	0	0	0	0.0874
V319	0.11287	0.02521	0.86192	0	0
V320	0.08465	0	0.00079	0.85151	0.06304
V321	0.14352	0.35231	0.31146	0.16232	0.03038
V322	0.0166	0.24663	0.57953	0.03974	0.11749
V323	0.25758	0.20532	0.4421	0.00895	0.08605
V324	0.0399	0.04719	0.04603	0.80901	0.05787
V325	0.65046	0.11268	0.08091	0.08593	0.07003
V326	0.04492	0	0.04942	0.13954	0.76612
V327	0.32449	0.50213	0.09621	0.01083	0.06634
V328	0.05266	0.32312	0.17647	0.41123	0.03653
V329	0.00343	0.03431	0.44787	0.48247	0.03192
V330	0.08521	0	0.8643	0	0.05049
V331	0.12575	0.00947	0.08272	0.09579	0.68627
V332	0.47742	0.02774	0.47387	0	0.02097
V333	0.42253	0.0218	0.3308	0.12742	0.09745
V334	0.05024	0.27756	0.56295	0.06336	0.04589
V335	0.73023	0.05427	0.07822	0.01615	0.12114
V336	0.16541	0.57887	0.24472	0	0.01101
V337	0.00477	0	0.00602	0.16467	0.82454
V338	0.73453	0.00755	0.15686	0.00068	0.10038
V339	0.20692	0.5411	0.16998	0	0.082
V340	0.03319	0.15088	0.10118	0.06772	0.64703
V341	0.03288	0.47708	0.42494	0.00349	0.0616
V342	0.30736	0.14116	0.47352	0.07795	0
V343	0.70138	0	0.29862	0	0
V344	0.10491	0.76018	0.02717	0.02013	0.08761
V345	0.21336	0.04497	0	0.25037	0.4913
V346	0.04071	0.32984	0.33232	0.24978	0.04736
V347	0.08999	0.56695	0.01363	0.2701	0.05933
V348	0.01883	0.12685	0.47293	0.21084	0.17053
V349	0.07216	0.29124	0.52757	0.00895	0.10008
V350	0.11558	0.44413	0.07637	0.1952	0.16871
V351	0.19417	0.00623	0.49052	0.28319	0.0259
V352	0.11539	0.5378	0.34161	0	0.00521
V353	0.24324	0.33801	0.02381	0.04095	0.35398
V354	0.57071	0	0.42929	0	0
V355	0.09415	0	0.39098	0.48614	0.02873
V356	0.09771	0	0.8579	0.01047	0.03392
V357	0.04593	0.0125	0.51794	0.03348	0.39015
V358	0.02763	0.03556	0.03653	0.83833	0.06195
V359	0.05738	0.1352	0.0016	0.762	0.04382
V360	0.74631	0.04807	0.09118	0.11445	0
V361	0.33025	0.49572	0.07485	0	0.09918
V362	0.82286	0	0.09481	0	0.08232
V363	0.02799	0.02043	0	0.1528	0.79877
V364	0.04269	0.31593	0.01515	0.38875	0.23747
V365	0.00228	0.00021	0.00645	0.89562	0.09544
V366	0.21863	0.01454	0.62973	0.04475	0.09236
V367	0.23294	0.23059	0.21156	0.13754	0.18737
V368	0.75905	0.08542	0.12416	0	0.03137
V369	0.05022	0.65768	0.22914	0.06125	0.0017
V370	0.02325	0.15928	0.1244	0.32121	0.37186
V371	0.06825	0.89975	0.03073	0	0.00128
V372	0.67939	0.06597	0.1519	0.08086	0.02187
V373	0.12307	0.67655	0.11797	0.07255	0.00986
V374	0.10808	0.03435	0.43659	0.40701	0.01396
V375	0.31255	0	0.6408	0.04665	0
V376	0.00585	0	0.39134	0.03189	0.57092
V377	0.09646	0.53191	0.20862	0.15032	0.01268
V378	0.13523	0.54827	0.16372	0	0.15277
V379	0.02138	0	0.10124	0.09662	0.78076
V380	0.01657	0.0456	0.1896	0.45915	0.28908
V381	0.13491	0.03753	0	0.04158	0.78599
V382	0.42208	0	0	0.26004	0.31788
V383	0.03146	0	0.3212	0.61808	0.02926
V384	0.31511	0.04519	0.186	0.37982	0.07388
V385	0.07909	0.08577	0	0.04584	0.7893
V386	0.71537	0.01321	0	0.2645	0.00692
V387	0.3005	0.02238	0	0.61626	0.06086
V388	0.06481	0.85243	0.01998	0.05109	0.01169
V389	0.12732	0.78516	0.0016	0.02497	0.06094
V390	0.19399	0	0	0.6466	0.15941
V391	0.72117	0.16314	0	0.04913	0.06657
V392	0.9647	0.0353	0	0	0
V393	0.10631	0.01426	0.16881	0.49092	0.2197
V394	0.74997	0.00515	0.01757	0.1243	0.10301
V395	0	0	0.43301	0.53169	0.0353
V396	0.56015	0.0015	0.43835	0	0
V397	0.69921	0.14919	0.0266	0.08318	0.04182
V398	0.06312	0	0.19404	0.61088	0.13196
V399	0.0379	0.01966	0	0.24563	0.69681
V400	0.17328	0.55674	0.15292	0.11469	0.00237
V401	0.32416	0	0.66474	0.0111	0
V402	0.38497	0.01181	0.4782	0.04615	0.07887
V403	0.14003	0.06779	0	0.1322	0.65998
V404	0.0039	0.03273	0.54068	0.35453	0.06816
V405	0.35475	0.29138	0.06478	0.17815	0.11094
V406	0.0233	0	0.96172	0	0.01498
V407	0.91672	0.03871	0.02981	0.01477	0
V408	0.03847	0.39416	0	0.21847	0.34889
V409	0.1182	0	0.0712	0.65008	0.16052
V410	0.12515	0.11874	0.32073	0.04405	0.39133
V411	0.00581	0	0	0.07179	0.9224
V412	0.02294	0.12885	0.11938	0.05001	0.67883
V413	0.02834	0.27076	0.15914	0.32015	0.22161
V414	0.0418	0.08926	0	0.41747	0.45148
V415	0.14259	0	0	0.04297	0.81444
V416	0.10033	0.08294	0.01178	0.14326	0.66169
V417	0.00723	0	0.80935	0.10981	0.07361
V418	0.54875	0.41412	0.00829	0	0.02883
V419	0.23388	0.01339	0.01053	0.11714	0.62505
V420	0.21135	0	0.09357	0.05549	0.63958
V421	0.00314	0	0.11937	0.07782	0.79968
V422	0.01427	0.00622	0.05444	0.68415	0.24092
V423	0.30709	0.20051	0.30614	0.15827	0.02799
V424	0.00016	0	0.47949	0.0213	0.49906
V425	0.31917	0.3822	0	0.01061	0.28802
V426	0.2533	0.21456	0.0117	0.4096	0.11084
V427	0.20888	0.64745	0.14035	0	0.00332
V428	0.10127	0.66798	0.0655	0.07267	0.09259
V429	0.12748	0.79561	0	0.04929	0.02762
V430	0.03201	0	0.4251	0.16926	0.37362
V431	0.12413	0.39843	0.2064	0.20748	0.06356
V432	0.32144	0.06919	0.13443	0.30332	0.17163
V433	0.20698	0	0.57184	0.19098	0.0302
V434	0.24834	0.27889	0.38366	0.00345	0.08566
V435	0.57307	0.027	0.39071	0.00922	0
V436	0.06852	0.59823	0.09133	0.04402	0.19791
V437	0.18222	0.01288	0.02011	0.15838	0.62641
V438	0.1453	0.33161	0.20946	0.23765	0.07597
V439	0.66537	0	0.04547	0.26546	0.0237
V440	0.03449	0.34435	0.56054	0.00818	0.05243
V441	0.04574	0.54335	0.38293	0.02032	0.00766
V442	0.06974	0.92748	0	0.00066	0.00211
V443	0.98226	0	0	0.01774	0
V444	0.16357	0.48498	0.02173	0.28064	0.04908
V445	0.0745	0.47025	0.03372	0.38478	0.03674
V446	0.11949	0.02803	0.11273	0.52933	0.21042
V447	0.06606	0	0.00643	0.41454	0.51298
V448	0.14943	0	0.00973	0.05407	0.78678
V449	0	0	1	0	0
V450	0.2099	0.07974	0.2553	0.11541	0.33966
V451	0.28827	0.22799	0.05662	0.29374	0.13338
V452	0.01017	0	0.1921	0.70291	0.09482
V453	0.01646	0.00214	0	0.42324	0.55816
V454	0.00797	0	0.69443	0.02619	0.2714
V455	0.06563	0.21811	0.27395	0.04671	0.3956
V456	0.96309	0.00547	0	0.00067	0.03077
V457	0.68009	0.22165	0.02534	0.03437	0.03854
V458	0.0352	0.36078	0.51709	0.04206	0.04487
V459	0.14303	0.06239	0.0545	0.44396	0.29612
V460	0.70528	0.02828	0.21216	0.03573	0.01856
V461	0.18973	0.30402	0.23903	0.01388	0.25334
V462	0.05187	0.08352	0.0074	0.46077	0.39643
V463	0.24177	0.06989	0.00802	0.6395	0.04083
V464	0.17434	0.16399	0.65882	0	0.00284
V465	0.04106	0.08784	0.00461	0.06309	0.80341
V466	0.02038	0	0	0.12759	0.85202
V467	0.06337	0.29332	0.01652	0.49417	0.13262
V468	0.56135	0.31572	0.10116	0	0.02177
V469	0.02429	0.34797	0.05004	0.23846	0.33924
V470	0.86722	0.05832	0.01949	0.05082	0.00415
V471	0.38863	0.3222	0.0171	0.11434	0.15773
V472	0.00933	0.01917	0.03229	0.05932	0.8799
V473	0.03552	0.22161	0.26125	0.27411	0.20751
V474	0.31693	0.15947	0.06068	0.3983	0.06461
V475	0.16745	0	0.61984	0.02258	0.19013
V476	0.17281	0.03011	0.115	0.57905	0.10303
V477	0.06106	0.93551	0	0.00104	0.00239
V478	0.1575	0	0	0.04143	0.80107
V479	0.86727	0.05758	0.02801	0.04356	0.00357
V480	0.14435	0.68461	0.04486	0.0889	0.03728
V481	0.24808	0.39764	0.05475	0.14862	0.1509
V482	0.12016	0.68947	0.17727	0	0.0131
V483	0.31234	0.55556	0	0.07854	0.05356
V484	0.22698	0.5419	0.11217	0.10028	0.01867
V485	0.68822	0.08086	0.12052	0.088	0.0224
V486	0.06603	0.05689	0.2888	0.0222	0.56609
V487	0.14821	0.12234	0.45501	0.25881	0.01562
V488	0.42425	0.0818	0	0.29605	0.1979
V489	0.01532	0.21057	0.69893	0.05686	0.01831
V490	0.00741	0	0.80254	0.17532	0.01473
V491	0.04326	0.47004	0.03776	0.09073	0.35821
V492	0.03423	0.16926	0.03153	0.69331	0.07167
V493	0.01067	0	0.00366	0.91359	0.07208
V494	0.35447	0	0.01315	0.51179	0.12058
V495	0.3418	0.23294	0.22363	0.13524	0.06639
V496	0.12419	0.01904	0.04488	0.03953	0.77236
V497	0.09589	0.01834	0.14243	0.10782	0.63552
V498	0.08468	0.86963	0.01242	0.00655	0.02673
V499	0.04548	0.21397	0.25656	0.06419	0.4198
V500	0.11845	0.52413	0.10665	0.17901	0.07176
V501	0.07204	0.3149	0.00208	0.03514	0.57583
V502	0.13879	0.81127	0.02786	0.02135	0.00073
V503	0.45497	0.01221	0.22093	0.11655	0.19533
V504	0.46169	0.20769	0	0.00798	0.32264
V505	0.62959	0.00227	0.01529	0.06969	0.28317
V506	0.03708	0.51728	0.0541	0.02345	0.36809
V507	0.87797	0	0.02515	0.06565	0.03123
V508	0.04071	0.6396	0.20675	0.032	0.08094
V509	0.06293	0.48378	0.13759	0.16187	0.15384
V510	0.41143	0.52294	0.03373	0.02601	0.00588
V511	0.07351	0.30587	0.52114	0.02761	0.07187
V512	0.15379	0.46822	0.16907	0.0385	0.17042
V513	0.17338	0.69764	0.06198	0.03331	0.03368
V514	0.00745	0	0.2111	0.066	0.71546
V515	0.08249	0.15509	0	0.72199	0.04043
V516	0.17207	0.40555	0.11079	0.28345	0.02814
V517	0.01519	0.03451	0.05918	0.83068	0.06044
V518	0.43808	0.00859	0.3613	0.15585	0.03619
V519	0.82977	0.06171	0	0.101	0.00753
V520	0.08418	0.86448	0.00429	0.044	0.00304
V521	0.23046	0	0.15706	0.57929	0.03319
V522	0.05433	0.18618	0.59841	0.11174	0.04935
V523	0.15897	0.02492	0.78431	0.0275	0.0043
V524	0.34517	0.00545	0.59072	0	0.05866
V525	0.01817	0.18767	0.02084	0.05061	0.72271
V526	0.04619	0.00478	0.89904	0.01339	0.0366
V527	0.09282	0.48136	0.39679	0.00596	0.02307
V528	0.1703	0	0.01911	0.76958	0.04101
V529	0.22117	0.0013	0.76892	0	0.00861
V530	0.02253	0	0.91193	0.03683	0.02871
V531	0.17681	0.52657	0.07901	0.01486	0.20276
V532	0.06683	0.2516	0.28648	0.01178	0.38331
V533	0.24554	0	0	0.03176	0.7227
V534	0.14011	0.07951	0	0.70948	0.0709
V535	0.82848	0.12765	0.04387	0	0
V536	0.12881	0.16882	0.38621	0.02951	0.28665
V537	0.01855	0.01029	0.00662	0.06093	0.9036
V538	0.6185	0.11257	0	0.02077	0.24816
V539	0.01947	0.13205	0.68373	0.08379	0.08096
V540	0.1647	0.4822	0.08049	0.04292	0.2297
V541	0.03945	0.39851	0.01101	0.04479	0.50624
V542	0.04486	0.37732	0.11722	0.37331	0.08729
V543	0.07071	0.0825	0.70296	0.03685	0.10698
V544	0.33941	0.20046	0.18131	0.05105	0.22777
V545	0.62577	0.37423	0	0	0
V546	0.07764	0.784	0.07153	0.00646	0.06037
V547	0.09932	0.79491	0	0.07633	0.02944
V548	0.00638	0.07519	0.00443	0.84869	0.0653
V549	0.00442	0	0.0147	0.1771	0.80378
V550	0.05561	0.84935	0.08057	0.00519	0.00928
V551	0.01114	0	0	0.92676	0.0621
V552	0.20548	0.00258	0.01068	0.05932	0.72193
V553	0.81825	0.00686	0.00972	0.11207	0.0531
V554	0.11987	0.02939	0.54811	0.27584	0.02679
V555	0.05881	0.91112	0	0.00209	0.02797
V556	0.08768	0.05681	0.06273	0.68913	0.10365
V557	0.32547	0.28573	0.02783	0.29335	0.06762
V558	0.01098	0	0.83102	0.12523	0.03277
V559	0.10977	0.41764	0.44198	0	0.03062
V560	0.6286	0.2443	0.1271	0	0
V561	0.71514	0	0.1387	0	0.14617
V562	0.11854	0.03942	0.15199	0.09547	0.59459
V563	0.21834	0.27045	0.20679	0.09048	0.21394
V564	0.36107	0.02215	0.05945	0.30431	0.25302
V565	0.00554	0	0.00571	0.09009	0.89866
V566	0.30412	0.16271	0.01785	0.28026	0.23507
V567	0.01639	0	0.97878	0	0.00484
V568	0.03508	0.2322	0.46486	0.25928	0.00858
V569	0.65344	0.10349	0.11057	0.09096	0.04154
V570	0.14468	0.01078	0.32468	0.41658	0.10328
V571	0.27685	0	0.26262	0.29843	0.1621
V572	0.84706	0	0	0	0.15294
V573	0.08356	0.05739	0.37723	0.33667	0.14515
V574	0.53012	0.31373	0.07004	0.06329	0.02281
V575	0.35101	0.02135	0.11598	0.04771	0.46395
V576	0.05717	0.87075	0	0.00982	0.06226
V577	0.41163	0.52386	0.02538	0.03279	0.00633
V578	0.03062	0.15234	0.5564	0.19432	0.06632
V579	0.03455	0.51151	0.31384	0.01989	0.12022
V580	0.21795	0.58305	0.00273	0.16382	0.03245
V581	0.06291	0.49362	0.37419	0.06039	0.00889
V582	0.00462	0.01943	0.97595	0	0
V583	0.63274	0	0.36726	0	0
V584	0.22012	0.51363	0.09758	0.02331	0.14536
V585	0.05947	0.77667	0.05433	0.04612	0.06341
V586	0.05002	0.78647	0.15315	0.00977	0.00059
V587	0.06278	0.67842	0	0.02891	0.22989
V588	0.23479	0.39795	0.36726	0	0
V589	0.10764	0.45935	0.04167	0.34779	0.04355
V590	0.05991	0.76749	0	0.01378	0.15882
V591	0.45786	0.51402	0.02543	0	0.00269
V592	0.01363	0	0.77327	0.02829	0.18482
V593	0.45273	0.01007	0	0.45599	0.08121
V594	0.00797	0.11092	0.69319	0.12522	0.0627
V595	0.55705	0.05243	0.06661	0.27012	0.05379
V596	0.4713	0.20106	0.21738	0.08687	0.0234
V597	0.02683	0.18153	0	0.11744	0.6742
V598	0.56559	0	0	0.00291	0.43151
V599	0.08377	0.44704	0.09223	0.32497	0.052
V600	0.29634	0.00396	0.20874	0.33776	0.1532
V601	0.14412	0.10526	0	0.42613	0.32448
V602	0.8295	0.1705	0	0	0
V603	0.12404	0.13579	0.01932	0.12748	0.59336
V604	0.02131	0	0.74175	0.08862	0.14831
V605	0.02778	0.04776	0.12222	0.08842	0.71383
V606	0.83899	0	0	0	0.16101
V607	0.14986	0.09921	0.01013	0.04062	0.70017
V608	0.77607	0.01381	0.02617	0.05774	0.12621
V609	0.19476	0.35466	0.00161	0.34405	0.10493
V610	0.09391	0.70081	0	0.18726	0.01802
V611	0.28314	0.00273	0.65158	0.00577	0.05677
V612	0.37604	0.03811	0.3219	0.00811	0.25585
V613	0.40619	0.55546	0.02562	0.01273	0
V614	0.52509	0.03481	0.00626	0.0622	0.37164
V615	0.0087	0.09711	0.1464	0.52508	0.22272
V616	0.69272	0	0.16128	0.10458	0.04142
V617	0.23447	0.05607	0.48999	0.07052	0.14895
V618	0.73044	0.09124	0.06003	0	0.11829
V619	0.54211	0.03666	0.15415	0.00013	0.26696
V620	0.04668	0.01052	0.41633	0.49579	0.03068
V621	0.14008	0.21289	0.28878	0.00712	0.35113
V622	0.02384	0.19011	0.34266	0.0226	0.42079
V623	0.07088	0	0.00029	0.65629	0.27254
V624	0.92274	0	0	0.00193	0.07532
V625	0.00552	0.06921	0.11346	0.75868	0.05313
V626	0.08139	0.00587	0.61618	0.25915	0.03742
V627	0.1018	0.14309	0.10887	0.04489	0.60134
V628	0.97855	0.01728	0	0.00417	0
V629	0.13368	0.2219	0.63259	0.00784	0.004
V630	0.01738	0.16829	0.01268	0.05953	0.74212
V631	0.00145	0	0.26102	0.04317	0.69436
V632	0.05979	0.7648	0	0.03163	0.14378
V633	0.05418	0	0.09702	0.47727	0.37153
V634	0.4053	0.45725	0.13745	0	0
V635	0.03926	0.08753	0.17771	0.04478	0.65072
V636	0.20827	0.17414	0.3287	0.15346	0.13543
V637	0.22681	0	0.45541	0.2095	0.10828
V638	0.08292	0.46724	0.01069	0.07608	0.36308
V639	0.52248	0.41112	0.06641	0	0
V640	0.10964	0.18954	0.0772	0.20169	0.42192
V641	0.10608	0.74699	0.01156	0.10454	0.03083
V642	0.78179	0.03772	0	0.17797	0.00252
V643	0.06599	0.8601	0.05479	0.01761	0.00151
V644	0.05377	0.48867	0.01526	0.38481	0.05749
V645	0.16606	0.77021	0.00174	0.05965	0.00234
V646	0.14244	0.56843	0.02082	0.18593	0.08237
V647	0.96903	0	0	0.03097	0
V648	0.44992	0.12565	0	0.23307	0.19135
V649	0.25857	0.08988	0.07094	0.09713	0.48349
V650	0.02046	0	0.06867	0.85896	0.05191
V651	0.15817	0.24693	0	0.56857	0.02633
V652	0.40134	0.00548	0.03447	0.51745	0.04127
V653	0.37643	0.01443	0.05437	0.48355	0.07122
V654	0.03081	0.06569	0	0.09372	0.80978
V655	0.17329	0.04892	0.34942	0.40523	0.02313
V656	0.10368	0	0	0.11385	0.78248
V657	0.04629	0.52843	0.02342	0.27015	0.13171
V658	0.02696	0.02789	0.02961	0.56127	0.35427
V659	0.0142	0.01889	0.08988	0.7517	0.12533
V660	0.0633	0.32778	0.01027	0.05242	0.54622
V661	0.05434	0.67907	0.00584	0.14197	0.11878
V662	0.04176	0.42446	0.01095	0.02443	0.4984
V663	1	0	0	0	0
V664	0.01755	0	0.12023	0.3526	0.50963
V665	0.0409	0.63919	0.20955	0.06437	0.046
V666	0.10292	0.86306	0.02903	0.00427	0.00073
V667	0.04686	0.55614	0.26273	0.07844	0.05583
V668	0.64813	0.255	0.04275	0.03338	0.02075
V669	0.46401	0.33336	0.01744	0.06527	0.11992
V670	0.09939	0.62848	0.03667	0.03149	0.20397
V671	0.78964	0	0.20435	0.00601	0
V672	0.09222	0.06659	0.09024	0.26844	0.48251
V673	0.00907	0.00876	0	0.12924	0.85293
V674	0.36996	0.08162	0.51873	0	0.0297
V675	0.71359	0	0.03418	0.11927	0.13296
V676	0.26038	0.08706	0.50931	0	0.14325
V677	0.05056	0.29323	0.24183	0.32993	0.08445
V678	0.05264	0.30487	0.00278	0.05141	0.5883
V679	0.01192	0	0.52645	0.43298	0.02865
V680	0.16356	0	0.01271	0.30833	0.5154
V681	0.54867	0.04145	0.03664	0.25611	0.11714
V682	0	0	1	0	0
V683	0.07468	0.16149	0.64365	0	0.12018
V684	0.06448	0	0.00423	0.87715	0.05413
V685	0.01137	0	0.89386	0.08381	0.01096
V686	0.28168	0.63233	0.0611	0.01039	0.01449
V687	0	0	0.64895	0.31781	0.03324
V688	0	0	0.98102	0	0.01898
V689	0.50431	0.05465	0.20566	0.07942	0.15596
V690	0.11157	0.85692	0.00426	0.01741	0.00983
V691	0.15381	0.15297	0.04782	0.57681	0.06859
V692	0.07476	0.02105	0.01149	0.73235	0.16035
V693	0.0343	0.50272	0.43468	0.02058	0.00772
V694	0.09409	0.22411	0.03649	0.53301	0.1123
V695	0.11946	0.09999	0.13781	0.03659	0.60615
V696	0.11923	0	0.759	0	0.12177
V697	0.10965	0.10653	0.34882	0.29481	0.14019
V698	0.01476	0	0.16721	0.05063	0.76741
V699	0.03659	0.0053	0.05146	0.61499	0.29165
V700	0.07182	0.80721	0.06022	0.00093	0.05982
V701	0.01757	0.16802	0.00455	0.05423	0.75563
V702	0.02209	0.13793	0.00019	0.62113	0.21866
V703	0.01453	0.01156	0.02753	0.87903	0.06735
V704	0.04559	0.03527	0.38933	0.03264	0.49718
V705	0.95694	0.01427	0	0	0.02879
V706	0.16441	0.16331	0.17635	0.38499	0.11095
V707	0.14056	0.12353	0.06847	0.23746	0.42998
V708	0.03878	0.58439	0.37595	0.00088	0
V709	0.00844	0.00016	0.02431	0.06108	0.906
V710	0.12977	0.00074	0.48686	0.00722	0.37541
V711	0.04886	0	0.00985	0.06873	0.87256
V712	0.06526	0	0.75819	0.15493	0.02162
V713	0.25844	0.42354	0.31802	0	0
V714	0.04279	0	0	0.05974	0.89747
V715	0.01846	0.27398	0.61937	0.07816	0.01002
V716	0.7491	0.20362	0	0.02649	0.0208
V717	0.38678	0.17052	0.11592	0.01917	0.30762
V718	0.68145	0	0.282	0	0.03654
V719	0.40459	0.25944	0.10116	0.08967	0.14514
V720	0.11547	0.02861	0.08162	0.06211	0.71219
V721	0.02308	0	0.03825	0.07053	0.86813
V722	0.02765	0.26271	0.05554	0.43373	0.22037
V723	0.12012	0.25232	0.12055	0.45865	0.04836
V724	0.13585	0.69113	0.02791	0.13157	0.01353
V725	0.02454	0	0	0.0624	0.91307
V726	0.22008	0.51296	0.04354	0.04576	0.17766
V727	0.00893	0	0.973	0	0.01807
V728	0.81573	0.01175	0.12965	0.04092	0.00195
V729	0.6452	0.13357	0.01732	0.19218	0.01173
V730	0.13041	0.00783	0.43234	0.3437	0.08572
V731	0.00202	0.00991	0.07296	0.8625	0.05261
V732	0.01087	0	0.004	0.92423	0.0609
V733	0.03606	0.00598	0.94381	0	0.01414
V734	0.51739	0.0748	0.38073	0.0179	0.00917
V735	0.07127	0.14374	0.21009	0.04015	0.53475
V736	0.01044	0.02963	0	0.0615	0.89843
V737	0.99244	0.00756	0	0	0
V738	0.03406	0.44325	0.0036	0.03154	0.48755
V739	0.01586	0.01227	0	0.91212	0.05974
V740	0.20439	0.07216	0.09726	0.03291	0.59328
V741	0.52261	0.02857	0	0.27473	0.17409
V742	0.07919	0.00343	0.56953	0.14847	0.19939
V743	0.02781	0.03917	0.06723	0.12276	0.74303
V744	0.21364	0.06456	0.19322	0.45872	0.06987
V745	0.18835	0.02129	0.05151	0.69455	0.04429
V746	0.36282	0.57355	0.02492	0	0.03871
V747	0.03608	0.00513	0.93245	0	0.02633
V748	0.16558	0.20829	0.27615	0.05147	0.2985
V749	0.1984	0.11065	0.12905	0.38015	0.18176
V750	0.76875	0.20743	0	0.02382	0
V751	0.04678	0.36455	0.5703	0.01199	0.00639
V752	0.02379	0.11758	0.01306	0.05642	0.78914
V753	0.55668	0.04605	0.25142	0.01131	0.13454
V754	0.12755	0.37856	0	0.46342	0.03047
V755	0.23832	0.73085	0.02598	0	0.00485
V756	0.02259	0.09897	0.01338	0.08963	0.77542
V757	0.19197	0	0.11395	0.65467	0.0394
V758	0.07707	0.49148	0	0.40273	0.02873
V759	0.08386	0.01747	0.09063	0.04084	0.76719
V760	0.07829	0.01831	0.21901	0.22625	0.45813
V761	0.06939	0.23984	0.68669	0	0.00408
V762	0.01639	0.03131	0.1827	0.35564	0.41396
V763	0.03142	0.25465	0	0.03947	0.67446
V764	0.12571	0.06872	0.09497	0.65839	0.05222
V765	0.18085	0	0.68412	0.03216	0.10287
V766	0.08198	0.48589	0.24116	0.03963	0.15134
V767	0.27167	0.49294	0.0526	0.03611	0.14669
V768	0.07365	0.8422	0.03667	0.03699	0.01049
V769	0.76978	0	0.1929	0	0.03732
V770	0.32758	0	0.54664	0.11971	0.00607
V771	0.07691	0.73756	0	0.07518	0.11035
V772	0.05593	0	0.94407	0	0
V773	0.02335	0	0	0.17583	0.80081
V774	0.15512	0	0.53946	0.00087	0.30456
V775	0.94513	0	0.01074	0.03141	0.01273
V776	0.35965	0.44392	0.15323	0.0135	0.0297
V777	0.2238	0.39535	0.24693	0.08035	0.05356
V778	0.54298	0.07259	0	0.17896	0.20546
V779	0.07961	0.40644	0.49479	0.00503	0.01413
V780	0.01666	0	0.98334	0	0
V781	0.17703	0.30646	0.1648	0.00678	0.34492
V782	0.22212	0.24074	0.00684	0.0221	0.5082
V783	0	0	0.6348	0.03151	0.3337
V784	0.04409	0.64931	0	0.20284	0.10375
V785	0.72681	0.14486	0	0.06933	0.059
V786	0.18301	0.24049	0.00506	0.51793	0.05351
V787	0.14375	0.6259	0	0.15161	0.07874
V788	0.37148	0.43225	0.05852	0	0.13776
V789	0.01488	0.16739	0	0.35458	0.46316
V790	0.2807	0.23973	0.0519	0.09674	0.33094
V791	0.18096	0.22974	0.06429	0.16682	0.35819
V792	0.96371	0.01724	0.01324	0	0.0058
V793	0.32522	0.28452	0.04258	0.07724	0.27043
V794	0.01611	0.00854	0.09781	0.17437	0.70316
V795	0.13961	0.83542	0.00364	0.00408	0.01725
V796	0.30326	0.44291	0.10224	0.11512	0.03647
V797	0.12307	0	0	0.0587	0.81823
V798	0.13508	0.51954	0	0.07462	0.27075
V799	0.03494	0.19056	0.05054	0.62496	0.09899
V800	0.02676	0.00106	0.00661	0.14098	0.82459
V801	0.41451	0.00395	0.13828	0.39119	0.05208
V802	0.03681	0.18747	0.00397	0.04957	0.72218
V803	0.33955	0.03541	0	0.56772	0.05732
V804	0.21496	0.17827	0.21835	0.31799	0.07042
V805	0.15671	0.13064	0.46088	0.13768	0.11409
V806	0.47907	0.00971	0.20207	0.0488	0.26035
V807	0.73711	0	0.05828	0.03201	0.17259
V808	0.85183	0	0.04268	0	0.10549
V809	0.20056	0.62269	0.00783	0.02594	0.14297
V810	0.0285	0.05853	0.03622	0.41701	0.45975
V811	0.05067	0.09085	0.01286	0.12082	0.7248
V812	0.04205	0.66722	0.18989	0.06395	0.03689
V813	0.03552	0.20405	0.20695	0.02204	0.53144
V814	0.20652	0.58281	0.05607	0.12494	0.02966
V815	0.23269	0.70438	0.01654	0.03802	0.00837
V816	0.03831	0.56549	0	0.34076	0.05543
V817	0.8198	0.0257	0.1545	0	0
V818	0.04337	0.19487	0.34882	0.03981	0.37312
V819	0.97343	0.01828	0.0048	0.00349	0
V820	0.08063	0.40306	0.12555	0.33775	0.05301
V821	0.006	0	0	0.06541	0.9286
V822	0.214	0.01067	0.01032	0.72801	0.037
V823	0.04724	0.06668	0.21585	0.02915	0.64107
V824	0.06581	0.01944	0.01299	0.05212	0.84965
V825	0.15397	0	0.70097	0.1449	0.00015
V826	0.04115	0	0.94824	0.0106	0
V827	0.36293	0.17298	0	0.33009	0.134
V828	0.23713	0.14441	0.09768	0.05832	0.46246
V829	0.09194	0.07522	0.31617	0.15576	0.36091
V830	0.15129	0	0.71324	0.01242	0.12305
V831	0.04764	0.75904	0.03954	0.12123	0.03256
V832	0.20235	0	0.06298	0.21762	0.51705
V833	0.19167	0.76774	0	0	0.04059
V834	0.75538	0.14743	0.02547	0.00821	0.0635
V835	0.26465	0.31768	0.08724	0.22498	0.10544
V836	0.38907	0.06025	0.47672	0.07014	0.00382
V837	0.05393	0.82741	0.00254	0.03542	0.0807
V838	0	0	0.09132	0.84609	0.06259
V839	0.03651	0.01786	0.06569	0.05123	0.82871
V840	0.96477	0.00763	0.02096	0.00393	0.00271
V841	0.22743	0	0.77257	0	0
V842	0.5584	0.04473	0.22259	0.15722	0.01707
V843	0.45865	0.00113	0.14907	0.0604	0.33075
V844	0.02182	0.14991	0.78861	0.01365	0.02599
V845	0.02421	0	0	0.56852	0.40727
V846	0.10586	0.02915	0.09194	0.08222	0.69082
V847	0.1986	0	0.04383	0.12604	0.63154
V848	0.75576	0.03139	0	0.06689	0.14597
V849	0.14518	0.02236	0.73234	0	0.10012
V850	0.2204	0.01975	0.30538	0.13158	0.3229
V851	0.99898	0	0	0	0.00102
V852	0.23898	0.05533	0.07464	0.15607	0.47498
V853	0.03982	0.10994	0.64022	0.11648	0.09354
V854	0.05368	0.34719	0.24513	0.06905	0.28495
V855	0.11508	0.42075	0.08971	0.26467	0.1098
V856	0.15791	0.39055	0.04192	0.01301	0.39661
V857	0.08158	0.03394	0.18527	0.38041	0.3188
V858	0.03357	0.35731	0.19351	0.17899	0.23662
V859	0.14935	0.01009	0.02097	0.73516	0.08444
V860	0.04492	0.16519	0.07145	0.60981	0.10864
V861	0.16105	0.01801	0.15299	0.63032	0.03763
V862	0.06203	0	0.01188	0.1192	0.80689
V863	0.05838	0.90009	0.00554	0.00807	0.02791
V864	0.03606	0	0.91583	0.04811	0
V865	0.08529	0	0.69729	0.21326	0.00416
V866	0.03626	0.02954	0.6958	0.20311	0.03529
V867	0.55981	0.02662	0	0.00192	0.41165
V868	0.2421	0.22689	0.42236	0.08442	0.02423
V869	0.01145	0	0.01156	0.06814	0.90885
V870	0.28057	0.18326	0.07492	0.21012	0.25113
V871	0.03705	0.03875	0.09464	0.11177	0.71779
V872	0.42054	0.05552	0.00246	0.44189	0.07958
V873	0.06544	0.35441	0.1598	0.32549	0.09486
V874	0.08622	0.03731	0	0.05549	0.82098
V875	0.01529	0.19854	0.01668	0.44379	0.32571
V876	0.46163	0.06238	0.04883	0.01583	0.41133
V877	0.23536	0.65461	0.02659	0.06531	0.01813
V878	0.04528	0.71987	0.03343	0.17473	0.0267
V879	0.94342	0.04472	0.00409	0.00467	0.00311
V880	0.08419	0.08172	0.02435	0.38619	0.42356
V881	0.00975	0	0.52713	0.01756	0.44557
V882	0.05707	0.53093	0.00707	0.38642	0.0185
V883	0.52405	0.19747	0	0.1493	0.12918
V884	0.0027	0	0	0.07216	0.92514
V885	0.17291	0.05287	0.40738	0.09631	0.27053
V886	0.00079	0	0.02197	0.21998	0.75726
V887	0.10245	0.86202	0	0.00056	0.03497
V888	0.06617	0.11668	0.0612	0.64464	0.11131
V889	0.12893	0.81041	0.02749	0.01602	0.01715
V890	0.03603	0.00256	0.16429	0.61278	0.18434
V891	0.00432	0.01979	0.9695	0.00639	0
V892	0.59782	0.24945	0.00704	0	0.14569
V893	0.15658	0.17578	0.53435	0.06013	0.07317
V894	0.10995	0.56583	0.04005	0.219	0.06517
V895	0.70306	0	0.29694	0	0
V896	0.22728	0.2424	0.25636	0.25868	0.01527
V897	0	0	0.04265	0.74507	0.21228
V898	0.37153	0.00362	0	0.0343	0.59055
V899	0.57256	0.32231	0.07435	0	0.03078
V900	0.27188	0.24752	0.29323	0.15897	0.02839
V901	0.70016	0.05648	0	0.14832	0.09505
V902	0.87463	0.04759	0.01087	0.01974	0.04718
V903	0.30517	0.08374	0.07501	0.46618	0.0699
V904	0.7373	0.09259	0.16038	0	0.00973
V905	0.0324	0.33347	0.061	0.28983	0.28331
V906	0.15873	0.02441	0.4857	0.06442	0.26674
V907	0.73618	0.11476	0.06171	0.03987	0.04748
V908	0.03498	0.3756	0.04606	0.44923	0.09414
V909	0.02115	0.13061	0.01111	0.69301	0.14412
V910	0.69011	0.1807	0	0.04383	0.08535
V911	0.04783	0.24471	0.52703	0.00602	0.1744
V912	0.03501	0.00658	0.15151	0.08781	0.71908
V913	0.15967	0.01899	0.08248	0.63108	0.10779
V914	0.80247	0.03612	0.00125	0.09835	0.06181
V915	0.1873	0.17802	0.04076	0.02625	0.56766
V916	0.80388	0.01062	0.11681	0	0.06869
V917	0.42613	0.03757	0	0.02271	0.51359
V918	0.60426	0.13774	0.22903	0.0112	0.01777
V919	0.44623	0.18849	0	0.23921	0.12606
V920	0.20986	0	0.13859	0.61583	0.03571
V921	0.18949	0.1813	0.10463	0.01453	0.51005
V922	0.03721	0	0.70524	0.00234	0.25521
V923	0.154	0.47956	0.00954	0.04871	0.30819
V924	0.52974	0.12365	0	0.21406	0.13255
V925	0.15653	0.10437	0.51141	0.13641	0.09128
V926	0.01877	0.01016	0	0.06803	0.90304
V927	0.54873	0.26595	0.10989	0.06186	0.01357
V928	0.1272	0.27332	0.22424	0.15131	0.22393
V929	0.05948	0.25536	0	0.03547	0.64968
V930	0.06989	0	0.05315	0.04837	0.82859
V931	0.48089	0.14519	0	0.04108	0.33284
V932	0.0518	0.11059	0.04152	0.28638	0.50971
V933	0.30382	0	0.04496	0.24509	0.40612
V934	0.68419	0.04259	0.27322	0	0
V935	0.59446	0.11196	0.1284	0.03869	0.12648
V936	0.34154	0.07236	0.12761	0.39452	0.06396
V937	0.14371	0.707	0.08862	0.02725	0.03342
V938	0.09522	0.88479	0.01355	0.00516	0.00128
V939	7e-04	0	0.00534	0.29753	0.69642
V940	0.57159	0.0825	0.07735	0.03932	0.22925
V941	0.02113	0.12943	0.12979	0.42502	0.29464
V942	0.75692	0.24308	0	0	0
V943	0.04968	0.08789	0.04617	0.05075	0.76551
V944	0.37974	0.02682	0.12901	0.43044	0.03399
V945	0.05916	0.24744	0.60281	0.0277	0.0629
V946	0.04319	0.47528	0.47491	0.00015	0.00647
V947	0.38317	0.02704	0.01564	0.10814	0.46601
V948	0.08518	0.71914	0.0276	0.09313	0.07495
V949	0.88015	0.0998	0.02005	0	0
V950	0.07638	0.0108	0.02466	0.83928	0.04888
V951	0.33953	0.01845	0	0.46835	0.17367
V952	0.14556	0.03059	0.04845	0.59652	0.17888
V953	0.50943	0.11099	0	0.3211	0.05848
V954	0.24379	0.54477	0.05351	0.04891	0.10902
V955	0.07501	0	0.61254	0.29406	0.01839
V956	0.04407	0.51036	0.09268	0.31037	0.04252
V957	0.11578	0.76493	0.04565	0.05487	0.01876
V958	0.06448	0.84926	0	0.0402	0.04606
V959	0.0785	0	0.83877	0.04701	0.03572
V960	0.54013	0.05319	0.15137	0.08019	0.17512
V961	0.06565	0.86288	0	0.00945	0.06203
V962	0.18097	0.09565	0	0.06925	0.65413
V963	0.01854	0	0.4881	0.44257	0.05079
V964	0.00893	0	0.973	0	0.01807
V965	0	0	0.49761	0.41933	0.08307
V966	0.02477	0	0.49917	0.07854	0.39752
V967	0.34427	0.50954	0	0	0.14618
V968	0.0679	0.90755	0	0.01361	0.01094
V969	0.12647	0.51165	0.13313	0.10289	0.12586
V970	0.17091	0.36742	0.444	0	0.01766
V971	0.74754	0.04775	0.18803	0.00808	0.0086
V972	0.09254	0.85183	0	0.04423	0.0114
V973	0.04355	0	0.60991	0.21025	0.13629
V974	0.04482	0.71624	0.09467	0.087	0.05727
V975	0.05978	0.92333	0	0.01402	0.00288
V976	0.01436	0	0	0.10871	0.87693
V977	0.02221	0.12398	0.14394	0.13122	0.57865
V978	0.38492	0.14969	0.22033	0.10606	0.139
V979	0.90365	0.09635	0	0	0
V980	0.3244	0.09749	0.12113	0.1045	0.35248
V981	0.06626	0.03783	0.04651	0.0585	0.79091
V982	0.38042	0.4307	0.11472	0.00886	0.06531
V983	0.64463	0.22101	0	0	0.13436
V984	0.17293	0.04034	0.12498	0.53719	0.12456
