Neutrophils	Monocytes_CD14.CD16.	Macrophage	T_cells_.CD4..	NK_cells
V1	0.33858	0.13451	0.26524	0.11097	0.15071
V2	0.0628	0.80553	0.03917	0.0466	0.0459
V3	0.06766	0	0.50054	0.40454	0.02725
V4	0.00496	0	0.22488	0.04392	0.72624
V5	0.00418	0	0.04837	0.08357	0.86388
V6	0.35569	0.01761	0.29988	0.19896	0.12786
V7	0.00607	0.01344	0.42176	0.06104	0.4977
V8	0.00764	0	0.93001	0.06061	0.00174
V9	0.05397	0	0.30326	0.61164	0.03112
V10	0.48506	0.00197	0.50184	0	0.01113
V11	0.02645	0.00695	0.0933	0.05481	0.81849
V12	0.07626	0	0.23053	0.26658	0.42663
V13	0.12704	0.04648	0.03316	0.37366	0.41966
V14	0.16604	0	0.07913	0.62263	0.1322
V15	0.01589	0.02348	0	0.88743	0.07319
V16	0.60977	0.09255	0.00157	0.28607	0.01003
V17	0.05945	0.23916	0.00403	0.04601	0.65135
V18	0.09365	0.44602	0.26556	0.17963	0.01515
V19	0.01782	0	0	0.09346	0.88872
V20	0	0	0.77857	0.2031	0.01833
V21	0.02002	0.25612	0.12489	0.13484	0.46412
V22	0.84367	0.08173	0.06219	0	0.01241
V23	0.06606	0.00938	0.01384	0.10957	0.80116
V24	0.44203	0.13266	0.00671	0.02672	0.39189
V25	0.01694	0.02375	0.00863	0.37006	0.58061
V26	0.47309	0.21657	0.05172	0.02433	0.23429
V27	0.12521	0.50572	0.17447	0.00296	0.19164
V28	0.02796	0.07511	0.23254	0.60018	0.0642
V29	0	0	0.37506	0.58293	0.04201
V30	0.7543	0.11341	0.01759	0.00569	0.10901
V31	0.4277	0.16719	0	0.19637	0.20875
V32	0.95619	0	0	0	0.04381
V33	0.01873	0.19062	0.00532	0.09487	0.69046
V34	0.12487	0.86781	0	0.00539	0.00194
V35	0.10133	0.63203	0.24773	0.01891	0
V36	0.02466	0.16223	0.16058	0.07268	0.57986
V37	0.7475	0	0	0	0.2525
V38	0.12698	0.00248	0.51663	0.17606	0.17785
V39	0.32702	0.02191	0.34205	3e-04	0.30871
V40	0.22776	0.64966	0.00289	0.08228	0.03742
V41	0.05912	0.85732	0	0.0051	0.07845
V42	0.89112	0.03506	0.01275	0	0.06107
V43	0.50339	0.1157	0.37354	0.00577	0.00159
V44	0.04058	0.27663	0.56301	0	0.11978
V45	0.04681	0.69945	0.08653	0.11709	0.05011
V46	0.12058	0.78545	0.0539	0.02264	0.01743
V47	0	0	0.99218	0	0.00782
V48	0.17262	0.13227	0.23953	0.29471	0.16087
V49	0.48861	0.15355	0.23972	0.1105	0.00762
V50	0.02406	0	0.97594	0	0
V51	0.10185	0.26279	0.18951	0.04859	0.39725
V52	0.06321	0.92526	0	0.00813	0.00341
V53	0.02547	0.20433	0.00205	0.72245	0.04569
V54	0.22415	0	0.00621	0.51946	0.25018
V55	0.07512	0	0	0.86718	0.0577
V56	0.06759	0	0	0.74618	0.18623
V57	0.16233	0.1077	0.58364	0.01439	0.13193
V58	0.05631	0	0.12861	0.1711	0.64397
V59	0.89528	0.01427	0.09045	0	0
V60	0.43249	0.222	0.1227	0.0982	0.12461
V61	0.18308	0.0012	0.02103	0.18741	0.60727
V62	0.05439	0.00459	0.30189	0.11463	0.52449
V63	0.38865	0.27272	0.05162	0.0212	0.26581
V64	0.971	0.01379	0.01521	0	0
V65	0.08707	0.08725	0.03778	0.58689	0.20102
V66	0.0215	0	0.15583	0.76755	0.05512
V67	0.0029	0	0.33194	0.08221	0.58296
V68	0.47473	0	0.42405	0.01697	0.08424
V69	0.61494	0.11379	0.20675	0.00177	0.06275
V70	0.06987	0.74686	0.03075	0.12839	0.02414
V71	0.1028	0.8076	0.02875	0.04963	0.01122
V72	0.04065	0.39258	0.01204	0.02914	0.52559
V73	0.05426	0	0.10919	0.54323	0.29332
V74	0.00633	0.06978	0.00338	0.77619	0.14432
V75	0.48805	0.17931	0.32443	0	0.00821
V76	0.00145	0	0.01609	0.85169	0.13077
V77	0.01555	0	0.95573	0.02865	7e-05
V78	0	0	0.99008	0	0.00992
V79	0.08131	0.41083	0.02903	0.11616	0.36266
V80	0.12619	0.7455	0	0.04059	0.08772
V81	0.00591	0	0.99409	0	0
V82	0.25506	0.1905	0.02372	0.49799	0.03273
V83	0.09727	0.08402	0.0167	0.50429	0.29773
V84	0.08398	0.15557	0	0.05055	0.7099
V85	0	0	1	0	0
V86	0.02682	0.26771	0.33049	0.34953	0.02546
V87	0.4956	0.01918	0.04062	0.40932	0.03527
V88	0.30857	0.17564	0.04414	0.16327	0.30839
V89	0.04972	0.07382	0.85066	0.02581	0
V90	0.01682	0.17133	0.04767	0.09214	0.67204
V91	0	0	0.09291	0.85219	0.0549
V92	0.21946	0.03009	0.01852	0.04607	0.68586
V93	0.00791	0.08161	0.1766	0.48125	0.25264
V94	0.03541	0.16808	0.01387	0.20872	0.57391
V95	0.05826	0.22436	0.01228	0.0918	0.61331
V96	0.81492	0.00072	0.01906	0.00748	0.15783
V97	0.14828	0.0195	0.03711	0.10155	0.69356
V98	0.0577	0.37945	0.17477	0.10292	0.28516
V99	0.52144	0.15163	0	0.18543	0.1415
V100	0.53594	0.17069	0.04307	0.03553	0.21477
V101	0.0715	0.91752	0.00056	0.00741	0.003
V102	0.31068	0.255	0.13194	0.08422	0.21816
V103	0.10567	0	0	0.05352	0.84081
V104	0.05073	0.40466	0.07125	0.02909	0.44428
V105	0.00759	0	0.03341	0.0914	0.8676
V106	0.06076	0.76541	0.13447	0.00538	0.03398
V107	0.05659	0.19953	0.70341	0.03283	0.00765
V108	0.02295	0.14912	0.82793	0	0
V109	0.05787	0.22026	0.0499	0.24275	0.42922
V110	0.18421	0.52923	0.18096	0.08716	0.01845
V111	0.29508	0.2118	0.49312	0	0
V112	0.1802	0	0.1126	0.43811	0.26909
V113	0.22539	0	0.09972	0.13058	0.54431
V114	0.58975	0.08581	0.04406	0.14278	0.1376
V115	0.88374	0	0	0	0.11626
V116	0.00594	0	0	0.06971	0.92435
V117	0.04958	0	0.85536	0.06585	0.0292
V118	0.03852	0	0	0.8778	0.08369
V119	0.35437	0.00443	0.43585	0.20235	0.003
V120	0.0033	0	0.85978	0.09415	0.04277
V121	0.19283	0.73491	0	0.00574	0.06652
V122	0.0389	0.40591	0.07809	0.20021	0.27689
V123	0.50327	0.04444	0.07299	0.16209	0.21721
V124	0.20963	0.11125	0.05619	0.19396	0.42897
V125	0.05239	0.4444	0.4964	0	0.00681
V126	0.15474	0.18124	0.21823	0.09667	0.34913
V127	0.28365	0	0.68342	0.02945	0.00348
V128	0.20516	0.77925	0	0	0.0156
V129	0.27283	0.02283	0.28211	0.14806	0.27416
V130	0.03892	0.53108	0.03217	0.19146	0.20637
V131	0.00901	0	0.26995	0.68336	0.03768
V132	0.35719	0.01663	0	0.30439	0.32179
V133	0.00578	0.02595	0.56681	0.07856	0.3229
V134	0.07432	0	0.81471	0.01523	0.09574
V135	0.02707	0.07097	0.7539	0.01947	0.12859
V136	0.99963	0	0	0	0.00037
V137	0.93105	0.03106	0	0.00733	0.03056
V138	0.24396	0.14479	0.07204	0.11526	0.42395
V139	0.12528	0	0.18094	0.65086	0.04292
V140	0.01757	0	0.14188	0.04983	0.79072
V141	0.02433	0.2031	0.6817	0.07989	0.01098
V142	0.20576	0	0.33728	0.11065	0.34631
V143	0.02201	0.18309	0.50045	0.12443	0.17002
V144	0.5136	0.23882	0.06285	0.09298	0.09176
V145	0	0	0.97167	0.00795	0.02038
V146	0.03735	0.36397	0	0.27345	0.32523
V147	0.10389	0.03623	0.73446	0.08738	0.03805
V148	0.16035	0.79834	0	0.02306	0.01825
V149	0.00236	0	0	0.87559	0.12205
V150	0.15247	0.17485	0.59778	0	0.0749
V151	0.4585	0.01852	0.00233	0.36964	0.15102
V152	0.00633	0	0.12783	0.73015	0.13569
V153	0.17834	0.17294	0.46932	0.03603	0.14336
V154	0.12052	0.60049	0.01216	0.02826	0.23857
V155	0.03308	0	0.15523	0.75742	0.05427
V156	0.09952	0.00428	0.41594	0.13399	0.34626
V157	0.09024	0.03009	0.17416	0.24889	0.45662
V158	0.18902	0	0.45234	0.0381	0.32054
V159	0.12111	0.2581	0.00727	0.54461	0.06891
V160	0.45064	0.16846	0.08777	0.03223	0.26089
V161	0.19708	0.0094	0.05265	0.03451	0.70636
V162	0	0	1	0	0
V163	0.04303	0	0.00408	0.0819	0.87098
V164	0.94277	0.05088	0.00634	0	0
V165	0.62087	0.22483	0.07813	0.02928	0.04689
V166	0.04903	0	0.27071	0.55189	0.12837
V167	0.0464	0.66364	0.00757	0.11012	0.17226
V168	0	0	1	0	0
V169	0.06709	0.70519	0.14605	0.06244	0.01922
V170	0.25023	0.41548	0.04684	0.15775	0.1297
V171	0.32854	0.07486	0.39264	0.14653	0.05743
V172	0.17164	0.22162	0.0595	0.03314	0.5141
V173	0.22168	0.10826	0.09318	0.36322	0.21366
V174	0.21102	0	0.37228	0.17388	0.24283
V175	0.07318	0.13721	0.11542	0.16229	0.51189
V176	0.40836	0.01564	0	0.54908	0.02691
V177	0.21262	0.00195	0.62739	0.14773	0.01032
V178	0.29723	0.02091	0.4954	0.091	0.09547
V179	0.08436	0	0	0.05605	0.85959
V180	0.02176	0	0.33583	0.03125	0.61117
V181	0.06164	0.2661	0	0.07019	0.60206
V182	0.5789	0.24816	0	0.12638	0.04656
V183	0.08079	0.907	0	0.00121	0.011
V184	0.34461	0	0.33045	0.28819	0.03675
V185	0.10733	0.49997	0.01273	0.12237	0.2576
V186	0.13259	0.18655	0.02093	0.22262	0.43731
V187	0.08803	0.72189	0	0.17163	0.01845
V188	0.88067	0.02592	0.02903	0.05877	0.00561
V189	0.47268	0.2742	0.02788	0.21004	0.01521
V190	0.41306	0.05892	0.21824	0.01248	0.2973
V191	0.22625	0.25014	0	0.37244	0.15117
V192	0.33124	0.2055	0.12684	0.17942	0.157
V193	0.07657	0.19087	0.53146	0.03365	0.16745
V194	0.25487	0.0429	0.08129	0.0974	0.52355
V195	0.5914	0.16448	0.24412	0	0
V196	0.00117	0	0.04624	0.08382	0.86878
V197	0.07892	0.88273	0	0.02656	0.01179
V198	0.22957	0.23818	0.02708	0.17616	0.32901
V199	0.77836	0	0.22164	0	0
V200	0.77374	0	0.02225	0.00932	0.19469
V201	0.03099	0	0.01832	0.67749	0.27319
V202	0.94177	0.05696	0	0	0.00127
V203	0.53305	0.26675	0.01797	0.03852	0.14372
V204	0.31837	0.0782	0.02358	0.01835	0.5615
V205	0.10591	0.01756	0.11132	0.08567	0.67955
V206	0.04414	0.11578	0	0.74784	0.09225
V207	0.01589	0.02348	0	0.88743	0.07319
V208	0.16804	0.20763	0.48997	0.03371	0.10066
V209	0.14619	0.00782	0.09005	0.05613	0.69981
V210	0	0	0.9901	0	0.0099
V211	0.14815	0.00586	0.198	0.04513	0.60285
V212	0.07087	0.76997	0.0641	0.03318	0.06187
V213	0.0893	0	0.05448	0.23549	0.62073
V214	0.03802	0.54881	0.3787	0.00906	0.02541
V215	0.2484	0.22554	0.13021	0.0691	0.32675
V216	0.05454	0.01444	0.32538	0.05392	0.55173
V217	0	0	0.02313	0.81512	0.16176
V218	0.07883	0.19193	0.30823	0.30383	0.11718
V219	0.14125	0.27955	0.40261	0.164	0.0126
V220	0.19495	0.75127	0.04513	0.00116	0.00749
V221	0.04651	0.03479	0.50157	0.02182	0.39531
V222	0.01503	0	0	0.07428	0.91069
V223	0.55451	0	0.34042	0.09129	0.01379
V224	0.05038	0.55434	0.01394	0.07573	0.30561
V225	0.71812	0.15968	0.1222	0	0
V226	0.45557	0.54163	0	0	0.00281
V227	0.09969	0.30381	0	0.52798	0.06852
V228	0.61673	0.00893	0.28926	0.04696	0.03812
V229	0.27759	0.40328	0.25938	0.02851	0.03124
V230	0.01183	0	0	0.07437	0.9138
V231	0.07336	0.63505	0.05015	0.14274	0.0987
V232	0.8148	0	0.1852	0	0
V233	0.05444	0.00668	0.14209	0.10492	0.69186
V234	0.0261	0.40433	0.22353	0.3032	0.04284
V235	0.99683	0.00317	0	0	0
V236	0.08347	0	0.68516	0.1678	0.06358
V237	0.13075	0.06719	0.28472	0.28308	0.23425
V238	0.00405	0	0	0.2657	0.73025
V239	0.07184	0.41822	0.03869	0.15251	0.31873
V240	0.0765	0.84596	0	0.01591	0.06163
V241	0.06339	0.92301	0	0.00202	0.01158
V242	0.04196	0.33623	0.30642	0.23685	0.07853
V243	0.48746	0	0.34249	0.01455	0.1555
V244	0.0393	0.40546	0.18223	0.07389	0.29912
V245	0.06115	0.89978	0.01587	0.01996	0.00324
V246	0.60837	0.27852	0.01639	0	0.09672
V247	0.20854	0.0721	0.65212	0.03528	0.03196
V248	0.10063	0.60432	0.01269	0.01778	0.26458
V249	0.25276	0.05499	0.2054	0.08889	0.39796
V250	0.0242	0.00132	0.66621	0.03521	0.27305
V251	0.23606	0.01566	0.10092	0.55669	0.09068
V252	0.02795	0.0997	0.57713	0.13329	0.16193
V253	0.29639	0.58787	0.07056	0.02972	0.01546
V254	0.5196	0.40516	0	0.05871	0.01653
V255	0.82511	0.07873	0	0.00497	0.09119
V256	0.05303	0.75873	0.00555	0.01544	0.16725
V257	0.44507	0.31018	0.13807	0.02167	0.08501
V258	0.17401	0.36837	0.04166	0.38909	0.02687
V259	0.5406	0.27401	0.17009	0	0.01529
V260	0.25184	0.02107	0.09999	0.08297	0.54414
V261	0.02166	0	0.54798	0.26503	0.16533
V262	0.93162	0.0217	0.04668	0	0
V263	0.83095	0.08584	0.00315	0.08006	0
V264	0.07868	0.885	0	0.03258	0.00374
V265	0.84382	0.08296	0.07221	0	0.00102
V266	0.00973	0	0.07153	0.07234	0.84639
V267	0.0429	0	0	0.16398	0.79312
V268	0.20635	0.45394	0.13491	0.14616	0.05864
V269	0.09772	0.33646	0.36484	0.15962	0.04136
V270	0.04909	0	0.03583	0.85937	0.0557
V271	0.2228	0.72838	0	0.01548	0.03334
V272	0.11223	0.81891	0.01272	0.0129	0.04323
V273	0.30435	0.00323	0.19049	0.29421	0.20772
V274	0.08794	0.03056	0.0308	0.18983	0.66087
V275	0.05811	0.7154	0.13683	0.06976	0.0199
V276	0.00702	0	0.74772	0.20709	0.03817
V277	0.36805	0	0.60899	0	0.02296
V278	0.00352	0.01927	0.37435	0.42424	0.17862
V279	0.15728	0	0.00993	0.72305	0.10974
V280	0.20713	0.01763	0.03688	0.58533	0.15303
V281	0.02812	0.25979	0.04054	0.6256	0.04595
V282	0.07194	0.9152	0	0.00159	0.01127
V283	0.3443	0	0.10471	0.03343	0.51756
V284	0.02922	0.10216	0.53121	0.01078	0.32664
V285	0.50957	0.47126	0	0.01299	0.00618
V286	0.08732	0	0.88073	0.02478	0.00717
V287	0.25448	0.05982	0.17692	0.25813	0.25065
V288	0.20304	0	0.64758	0	0.14938
V289	0.17126	0.26107	0.01552	0.51747	0.03469
V290	0.42409	0.45671	0.1192	0	0
V291	0.42691	0.2405	0	0.31146	0.02113
V292	0.11892	0.00237	0.4108	0.04201	0.4259
V293	0.0074	0.08644	0.84885	0.03752	0.01979
V294	0.0059	0	0	0.06924	0.92487
V295	0.01304	0.00885	0.36847	0.485	0.12464
V296	0.85893	0.11314	0	0	0.02793
V297	0.01712	0	0.81958	0.11018	0.05311
V298	0.31355	0	0	0.51735	0.1691
V299	0.29312	0	0.00636	0.66501	0.03551
V300	0.99693	0.00307	0	0	0
V301	0.98745	0	0	0.00687	0.00568
V302	0.00352	0	0	0.37905	0.61742
V303	0.10914	0.16625	0.21511	0.15788	0.35162
V304	0.20014	0.00042	0.77995	0	0.01949
V305	0.20828	0.32596	0.0816	0.09122	0.29295
V306	0.31939	0.65901	0	0.006	0.0156
V307	0.25609	0	0.30533	0.42278	0.0158
V308	0.24382	0	0.69765	0.05328	0.00525
V309	0.66726	0.0657	0.04389	0.09236	0.13079
V310	0.02771	0.00972	0	0.12404	0.83854
V311	0.00837	0	0.04611	0.87511	0.07042
V312	0.08834	0.23638	0.23746	0.0157	0.42212
V313	0.06513	0.31259	0.0048	0.27761	0.33988
V314	0.07866	0.0023	0	0.34853	0.57051
V315	0.96916	0	0.00515	0	0.02569
V316	0.1176	0.5557	0.23528	0.02232	0.06909
V317	0.39669	0.05844	0.53017	0	0.01469
V318	0.91264	0	0	0	0.08736
V319	0.11331	0.02527	0.8607	0.00073	0
V320	0.08307	0	0.00067	0.84958	0.06668
V321	0.14446	0.34894	0.31015	0.16487	0.03158
V322	0.01709	0.24626	0.57841	0.04118	0.11706
V323	0.25932	0.20345	0.44104	0.01001	0.08619
V324	0.03918	0.0456	0.04516	0.80868	0.06137
V325	0.65047	0.10969	0.08134	0.08806	0.07043
V326	0.04471	0	0.04937	0.14471	0.76121
V327	0.32689	0.49835	0.09699	0.0117	0.06607
V328	0.05322	0.31928	0.17446	0.4143	0.03873
V329	0.00301	0.0337	0.44241	0.48598	0.03489
V330	0.08535	0	0.86344	0	0.05122
V331	0.12648	0.00826	0.08287	0.10063	0.68175
V332	0.48019	0.02631	0.47144	0	0.02206
V333	0.4242	0.01834	0.32896	0.13053	0.09797
V334	0.05082	0.27601	0.56176	0.06484	0.04657
V335	0.73128	0.05172	0.07876	0.01766	0.12058
V336	0.16767	0.57602	0.24472	0	0.01159
V337	0.00451	0	0.00623	0.17006	0.8192
V338	0.73567	0.00588	0.1564	0.00191	0.10014
V339	0.20938	0.53852	0.1704	0	0.08171
V340	0.03369	0.15043	0.10151	0.0717	0.64266
V341	0.0341	0.47633	0.42394	0.00409	0.06154
V342	0.30907	0.13912	0.47145	0.08036	0
V343	0.70328	0	0.29672	0	0
V344	0.10747	0.75606	0.02871	0.02097	0.08678
V345	0.21381	0.04331	0	0.25609	0.48679
V346	0.04153	0.32686	0.3301	0.25282	0.04869
V347	0.09134	0.56104	0.0149	0.27248	0.06024
V348	0.0189	0.12604	0.47072	0.21443	0.1699
V349	0.07298	0.29024	0.52701	0.00989	0.09987
V350	0.1168	0.44015	0.07695	0.1985	0.16759
V351	0.19351	0.00555	0.48599	0.28693	0.02802
V352	0.11725	0.53639	0.34041	0	0.00595
V353	0.24535	0.33521	0.02516	0.04356	0.35072
V354	0.57324	0	0.42676	0	0
V355	0.09302	0	0.38545	0.48985	0.03168
V356	0.09776	0	0.85627	0.01115	0.03481
V357	0.04579	0.01229	0.51778	0.03593	0.38821
V358	0.02702	0.03429	0.03583	0.83735	0.06551
V359	0.05682	0.1321	0.00195	0.76165	0.04748
V360	0.7461	0.04515	0.09156	0.11719	0
V361	0.33306	0.49203	0.07621	0	0.09871
V362	0.82338	0	0.09435	0	0.08227
V363	0.02804	0.01989	0	0.15819	0.79388
V364	0.04343	0.31254	0.01586	0.39269	0.23548
V365	0.00196	0	0.00647	0.89295	0.09862
V366	0.21932	0.01374	0.62768	0.04652	0.09274
V367	0.23408	0.22747	0.21102	0.14099	0.18644
V368	0.76074	0.08266	0.12442	0	0.03217
V369	0.05234	0.65495	0.22796	0.06215	0.0026
V370	0.02342	0.1578	0.12371	0.3264	0.36867
V371	0.0708	0.8947	0.03249	0	0.00201
V372	0.67913	0.06371	0.15138	0.08277	0.023
V373	0.12517	0.67188	0.11858	0.07372	0.01065
V374	0.1074	0.03333	0.43171	0.41081	0.01676
V375	0.31397	0	0.63746	0.04856	0
V376	0.00563	0	0.39144	0.03511	0.56782
V377	0.09795	0.52828	0.20757	0.15229	0.01391
V378	0.13743	0.54652	0.1639	0.00091	0.15124
V379	0.02116	0	0.10107	0.10123	0.77654
V380	0.01622	0.04472	0.18737	0.46451	0.28717
V381	0.13615	0.03669	0	0.0458	0.78136
V382	0.42083	0	0	0.26436	0.31482
V383	0.03068	0	0.31553	0.62103	0.03276
V384	0.31404	0.04223	0.18401	0.38418	0.07554
V385	0.07991	0.08531	0	0.04991	0.78487
V386	0.71262	0.00996	0	0.26803	0.00938
V387	0.29779	0.0203	0	0.61836	0.06355
V388	0.06723	0.84678	0.02182	0.05182	0.01234
V389	0.12973	0.7802	0.00366	0.02578	0.06064
V390	0.19163	0	0	0.64865	0.15972
V391	0.72133	0.16085	0	0.05084	0.06697
V392	0.96721	0.03279	0	0	0
V393	0.10558	0.01298	0.16654	0.49612	0.21879
V394	0.74864	0.00254	0.01863	0.12702	0.10317
V395	0	0	0.42671	0.5349	0.03839
V396	0.56305	0.00063	0.43632	0	0
V397	0.69812	0.14666	0.0276	0.08504	0.04257
V398	0.0621	0	0.19037	0.61447	0.13305
V399	0.03793	0.01904	0	0.25173	0.6913
V400	0.1749	0.5527	0.15259	0.1163	0.00351
V401	0.32606	0	0.66166	0.01228	0
V402	0.38729	0.00951	0.47574	0.04801	0.07945
V403	0.14098	0.06671	0	0.13723	0.65509
V404	0.00343	0.03218	0.53629	0.35818	0.06992
V405	0.35584	0.28652	0.06545	0.18127	0.11093
V406	0.02321	0	0.96054	0	0.01625
V407	0.9171	0.03603	0.03077	0.0161	0
V408	0.03964	0.39214	0	0.2225	0.34573
V409	0.11654	0	0.06971	0.65295	0.1608
V410	0.12603	0.11775	0.32053	0.04693	0.38876
V411	0.00575	0	0	0.07622	0.91803
V412	0.0233	0.1285	0.11968	0.05374	0.67479
V413	0.02896	0.26861	0.15789	0.32447	0.22007
V414	0.0418	0.08792	0	0.42307	0.44721
V415	0.14363	0	0	0.04725	0.80912
V416	0.10097	0.08161	0.01237	0.14829	0.65675
V417	0.00679	0	0.80678	0.11197	0.07446
V418	0.54953	0.41103	0.00998	0	0.02945
V419	0.23525	0.0116	0.01118	0.12222	0.61976
V420	0.21241	0	0.0933	0.05985	0.63444
V421	0.00286	0	0.11933	0.08215	0.79566
V422	0.01381	0.00554	0.05363	0.68724	0.23978
V423	0.30802	0.19695	0.30457	0.16111	0.02934
V424	0	0	0.47975	0.02392	0.49632
V425	0.32211	0.38026	0	0.0125	0.28514
V426	0.2526	0.20979	0.01264	0.41334	0.11163
V427	0.21126	0.64379	0.14099	0	0.00395
V428	0.10352	0.66437	0.06622	0.07402	0.09187
V429	0.13001	0.79163	0	0.05026	0.02809
V430	0.03163	0	0.42355	0.17359	0.37123
V431	0.1251	0.39472	0.20525	0.21053	0.0644
V432	0.32118	0.06579	0.13362	0.30809	0.17132
V433	0.20666	0	0.56721	0.19423	0.0319
V434	0.25012	0.27764	0.38229	0.00437	0.08558
V435	0.57491	0.02576	0.38798	0.01015	0.0012
V436	0.07055	0.59624	0.09191	0.04572	0.19559
V437	0.18305	0.0113	0.02058	0.16388	0.6212
V438	0.14596	0.32799	0.20813	0.2411	0.07682
V439	0.66078	0	0.04507	0.26844	0.02571
V440	0.03523	0.34347	0.55967	0.00885	0.05278
V441	0.04729	0.5417	0.3817	0.02091	0.00839
V442	0.07239	0.92283	0.00091	0.00105	0.00281
V443	0.98087	0	0	0.01913	0
V444	0.16445	0.47928	0.02282	0.28316	0.05028
V445	0.07536	0.46419	0.0345	0.38726	0.0387
V446	0.11866	0.02648	0.11121	0.53405	0.2096
V447	0.06554	0	0.00639	0.42033	0.50774
V448	0.15023	0	0.00992	0.05844	0.78141
V449	0	0	1	0	0
V450	0.21074	0.07794	0.25456	0.11935	0.33741
V451	0.28836	0.22287	0.05732	0.29792	0.13354
V452	0.00952	0	0.18831	0.70505	0.09712
V453	0.01626	0.00169	0	0.42924	0.55281
V454	0.00758	0	0.6944	0.02811	0.26991
V455	0.06655	0.21734	0.27383	0.04953	0.39274
V456	0.96432	0.00222	0	0.00172	0.03174
V457	0.67984	0.21886	0.02655	0.03567	0.03908
V458	0.03598	0.35955	0.51587	0.0432	0.0454
V459	0.14256	0.06041	0.05421	0.44913	0.2937
V460	0.70558	0.02673	0.21098	0.03711	0.0196
V461	0.19162	0.30214	0.23911	0.01572	0.25142
V462	0.05172	0.08186	0.00774	0.46605	0.39263
V463	0.23938	0.06726	0.00832	0.64107	0.04397
V464	0.1754	0.16324	0.65714	0.00028	0.00393
V465	0.0415	0.08729	0.00521	0.06728	0.79871
V466	0.02038	0	0	0.13268	0.84694
V467	0.06373	0.2891	0.01707	0.49713	0.13297
V468	0.56276	0.31269	0.10213	0	0.02241
V469	0.02527	0.34555	0.05065	0.2426	0.33593
V470	0.86638	0.05534	0.02062	0.05216	0.0055
V471	0.39029	0.31798	0.01837	0.11693	0.15643
V472	0.00929	0.0187	0.03272	0.06341	0.87588
V473	0.03599	0.22031	0.25895	0.27842	0.20633
V474	0.3159	0.15466	0.06087	0.40219	0.06637
V475	0.16793	0	0.61839	0.02434	0.18934
V476	0.17131	0.02828	0.11318	0.58258	0.10464
V477	0.06368	0.93068	0.00111	0.00143	0.0031
V478	0.15854	0	0	0.04567	0.79579
V479	0.8666	0.05465	0.02903	0.04483	0.00488
V480	0.1464	0.67943	0.04622	0.09025	0.0377
V481	0.24941	0.39339	0.05566	0.15156	0.14998
V482	0.12264	0.68605	0.1777	0	0.01361
V483	0.31472	0.55121	0	0.08016	0.0539
V484	0.22863	0.53777	0.11231	0.10178	0.01951
V485	0.68807	0.0778	0.12053	0.09004	0.02356
V486	0.06653	0.05638	0.28904	0.02537	0.56268
V487	0.148	0.12072	0.45138	0.26224	0.01767
V488	0.42475	0.07726	0	0.30071	0.19727
V489	0.01554	0.2106	0.69633	0.0581	0.01943
V490	0.00693	0	0.7986	0.17781	0.01666
V491	0.04477	0.46825	0.03882	0.09357	0.35459
V492	0.03408	0.16591	0.03133	0.69442	0.07425
V493	0.01024	0	0.00354	0.91026	0.07596
V494	0.35103	0	0.01289	0.51469	0.12139
V495	0.34307	0.22938	0.22265	0.13789	0.06702
V496	0.12513	0.0179	0.04534	0.04363	0.768
V497	0.09635	0.01732	0.14223	0.11268	0.63143
V498	0.08721	0.86458	0.01431	0.00701	0.02689
V499	0.04626	0.21363	0.25603	0.06732	0.41676
V500	0.1199	0.51985	0.1067	0.18145	0.0721
V501	0.07341	0.31394	0.00329	0.0383	0.57106
V502	0.14116	0.8059	0.02961	0.02191	0.00142
V503	0.45682	0.00846	0.22023	0.11994	0.19455
V504	0.4646	0.2056	0	0.01016	0.31964
V505	0.63023	0	0.01618	0.07266	0.28092
V506	0.03873	0.5162	0.0552	0.02542	0.36446
V507	0.87547	0	0.02528	0.06711	0.03214
V508	0.04279	0.63781	0.20602	0.03298	0.08041
V509	0.06433	0.48067	0.13738	0.16474	0.15288
V510	0.41297	0.5183	0.03524	0.02686	0.00663
V511	0.07432	0.30461	0.52029	0.02874	0.07203
V512	0.15576	0.46624	0.16897	0.04025	0.16878
V513	0.17569	0.69318	0.06314	0.03413	0.03387
V514	0.00722	0	0.21081	0.07023	0.71173
V515	0.0818	0.15183	0	0.72237	0.044
V516	0.17276	0.40029	0.11059	0.28655	0.02982
V517	0.01473	0.03334	0.05799	0.82994	0.064
V518	0.43945	0.00535	0.35847	0.15905	0.03767
V519	0.82786	0.06009	0	0.10294	0.00911
V520	0.08665	0.8586	0.00629	0.04464	0.00381
V521	0.2279	0	0.15381	0.58199	0.03631
V522	0.05465	0.18533	0.59606	0.11374	0.05022
V523	0.15936	0.0247	0.78195	0.02845	0.00554
V524	0.34766	0.00381	0.58905	0	0.05948
V525	0.01876	0.18748	0.0216	0.05431	0.71786
V526	0.04606	0.00473	0.89765	0.01407	0.0375
V527	0.09428	0.48024	0.39544	0.00647	0.02357
V528	0.16767	0	0.01854	0.769	0.04479
V529	0.22224	0.00085	0.76713	0	0.00979
V530	0.02223	0	0.91012	0.0378	0.02985
V531	0.17901	0.52418	0.07993	0.0163	0.20058
V532	0.06794	0.25057	0.28696	0.01391	0.38062
V533	0.24722	0	0	0.03578	0.717
V534	0.13864	0.07721	0	0.71044	0.07371
V535	0.83031	0.12474	0.04496	0	0
V536	0.12977	0.16754	0.38608	0.03179	0.28481
V537	0.01859	0.00975	0.00711	0.06517	0.89938
V538	0.62025	0.11048	0	0.0229	0.24637
V539	0.01951	0.13207	0.68153	0.0856	0.08129
V540	0.16672	0.47986	0.08123	0.04487	0.22731
V541	0.04083	0.39749	0.01226	0.04772	0.5017
V542	0.04572	0.37314	0.11647	0.37636	0.08831
V543	0.07084	0.08264	0.70133	0.03828	0.10692
V544	0.34168	0.19732	0.18132	0.05346	0.22623
V545	0.62685	0.37315	0	0	0
V546	0.08019	0.78029	0.07255	0.00704	0.05994
V547	0.10179	0.7906	0	0.07758	0.03003
V548	0.00622	0.07344	0.00457	0.84689	0.06887
V549	0.00413	0	0.01485	0.18262	0.79839
V550	0.05801	0.84472	0.08189	0.00558	0.0098
V551	0.01082	0	0	0.92274	0.06644
V552	0.20709	0.00096	0.01133	0.0638	0.71683
V553	0.81679	0.00394	0.01093	0.11435	0.05399
V554	0.11929	0.02897	0.54353	0.27934	0.02887
V555	0.06146	0.90777	0	0.00257	0.02821
V556	0.08665	0.05485	0.06174	0.6913	0.10545
V557	0.32552	0.28017	0.02889	0.29663	0.06879
V558	0.01052	0	0.82791	0.12733	0.03424
V559	0.11118	0.41698	0.44064	0	0.0312
V560	0.63012	0.24204	0.12784	0	0
V561	0.71636	0	0.13797	0	0.14566
V562	0.11919	0.03835	0.15176	0.10007	0.59063
V563	0.21981	0.26778	0.20652	0.09338	0.21251
V564	0.36088	0.01904	0.05952	0.3092	0.25137
V565	0.00533	0	0.006	0.09472	0.89396
V566	0.30432	0.15834	0.01889	0.28489	0.23357
V567	0.01637	0	0.97736	0	0.00627
V568	0.03548	0.23011	0.46163	0.26214	0.01063
V569	0.65338	0.10049	0.11067	0.09306	0.0424
V570	0.14385	0.00973	0.32079	0.42103	0.1046
V571	0.27585	0	0.25939	0.30292	0.16184
V572	0.84772	0	0	0	0.15228
V573	0.08325	0.05631	0.37378	0.3412	0.14545
V574	0.53085	0.30976	0.07093	0.06483	0.02363
V575	0.35375	0.01792	0.11654	0.05146	0.46033
V576	0.05974	0.86783	0	0.01046	0.06197
V577	0.41314	0.51912	0.02693	0.0337	0.0071
V578	0.03071	0.1516	0.55334	0.19705	0.0673
V579	0.03608	0.51034	0.31341	0.02096	0.11922
V580	0.21934	0.57751	0.00425	0.16558	0.03333
V581	0.0643	0.49155	0.37289	0.06147	0.00978
V582	0.00443	0.02017	0.9754	0	0
V583	0.635	0	0.365	0	0
V584	0.22232	0.51083	0.09825	0.02468	0.14392
V585	0.06185	0.77244	0.05556	0.04705	0.06309
V586	0.05244	0.78262	0.15346	0.01019	0.00128
V587	0.06524	0.67732	0	0.03048	0.22696
V588	0.23672	0.39696	0.36557	0	0.00075
V589	0.10836	0.45344	0.04242	0.35055	0.04523
V590	0.06247	0.7656	0	0.01488	0.15705
V591	0.45906	0.51041	0.02701	0	0.00352
V592	0.01338	0	0.77269	0.02986	0.18407
V593	0.45089	0.00601	0	0.46005	0.08305
V594	0.00786	0.11076	0.69049	0.12733	0.06356
V595	0.55629	0.04782	0.0669	0.27368	0.0553
V596	0.47249	0.19793	0.21639	0.08875	0.02444
V597	0.0274	0.18125	0	0.12194	0.6694
V598	0.56717	0	0	0.00585	0.42698
V599	0.08463	0.44187	0.09217	0.32791	0.05343
V600	0.29562	0.002	0.20648	0.34254	0.15335
V601	0.1439	0.10334	0	0.43121	0.32154
V602	0.8312	0.1688	0	0	0
V603	0.12498	0.13448	0.02	0.13219	0.58835
V604	0.02086	0	0.74022	0.09089	0.14803
V605	0.02787	0.04712	0.12228	0.0929	0.70983
V606	0.83973	0	0	0	0.16027
V607	0.15121	0.09805	0.01093	0.0445	0.69532
V608	0.77602	0.01133	0.02713	0.0598	0.12572
V609	0.19506	0.3489	0.00299	0.3475	0.10555
V610	0.096	0.69573	0	0.18901	0.01927
V611	0.28466	0.00165	0.64952	0.00667	0.05749
V612	0.37884	0.03535	0.3212	0.01001	0.25459
V613	0.40797	0.55115	0.02724	0.01363	0
V614	0.52753	0.03086	0.00756	0.06565	0.36839
V615	0.0085	0.09552	0.1446	0.52962	0.22176
V616	0.69098	0	0.15983	0.10678	0.04241
V617	0.23532	0.05444	0.48851	0.07302	0.14872
V618	0.73196	0.08923	0.06082	0	0.118
V619	0.54461	0.0339	0.15433	0.00203	0.26513
V620	0.04606	0.00981	0.41091	0.49956	0.03366
V621	0.14142	0.21122	0.28926	0.00916	0.34895
V622	0.02444	0.1899	0.34279	0.02498	0.41787
V623	0.06983	0	0.00026	0.65934	0.27056
V624	0.92166	0	0	0.00302	0.07532
V625	0.00523	0.0676	0.11129	0.75932	0.05657
V626	0.08085	0.00534	0.6119	0.26261	0.03931
V627	0.10282	0.14228	0.1092	0.04861	0.59709
V628	0.98019	0.01424	0	0.00557	0
V629	0.13453	0.22109	0.63095	0.00843	0.005
V630	0.01787	0.16793	0.01343	0.06338	0.7374
V631	0.00116	0	0.26103	0.04696	0.69085
V632	0.06223	0.76263	0	0.03287	0.14228
V633	0.05347	0	0.0957	0.48277	0.36806
V634	0.40767	0.45395	0.13838	0	0
V635	0.0396	0.0871	0.1778	0.04857	0.64692
V636	0.20897	0.17123	0.32759	0.15686	0.13535
V637	0.22634	0	0.45152	0.21324	0.10889
V638	0.08451	0.46514	0.01203	0.0788	0.35951
V639	0.52378	0.4085	0.06772	0	0
V640	0.11031	0.18778	0.07736	0.20632	0.41824
V641	0.10833	0.7412	0.01326	0.10582	0.03139
V642	0.77959	0.03508	0	0.18073	0.0046
V643	0.06838	0.85505	0.05629	0.01808	0.0022
V644	0.05481	0.48261	0.0163	0.38724	0.05903
V645	0.16834	0.76408	0.00382	0.06057	0.00318
V646	0.14394	0.56343	0.02205	0.18815	0.08243
V647	0.96755	0	0	0.03245	0
V648	0.45086	0.12136	0	0.23724	0.19054
V649	0.26006	0.08741	0.07149	0.1015	0.47955
V650	0.01973	0	0.06697	0.85743	0.05587
V651	0.15741	0.24252	0	0.57061	0.02946
V652	0.39865	0.00211	0.03462	0.52062	0.04401
V653	0.37421	0.01121	0.05416	0.48722	0.07321
V654	0.03111	0.06537	0	0.09834	0.80518
V655	0.17238	0.04759	0.34511	0.40912	0.02579
V656	0.10405	0	0	0.119	0.77695
V657	0.04765	0.52364	0.02445	0.27299	0.13127
V658	0.02661	0.02686	0.02942	0.5662	0.35091
V659	0.01371	0.01802	0.08821	0.75314	0.12693
V660	0.06462	0.32674	0.01143	0.05576	0.54144
V661	0.05637	0.67471	0.00723	0.14382	0.11788
V662	0.04323	0.42361	0.01229	0.02704	0.49383
V663	1	0	0	0	0
V664	0.01713	0	0.11902	0.35866	0.50519
V665	0.04288	0.63678	0.20864	0.06549	0.04621
V666	0.10547	0.85773	0.03078	0.00465	0.00137
V667	0.04846	0.55385	0.26177	0.07987	0.05605
V668	0.64795	0.25215	0.04379	0.03459	0.02152
V669	0.46547	0.32963	0.01869	0.06713	0.11909
V670	0.10166	0.62615	0.03782	0.033	0.20137
V671	0.78948	0	0.20261	0.00694	0.00097
V672	0.09235	0.06519	0.08991	0.27409	0.47847
V673	0.00903	0.00848	0	0.13442	0.84807
V674	0.37262	0.08031	0.51645	0	0.03062
V675	0.71127	0	0.03428	0.12194	0.13251
V676	0.26224	0.08559	0.5089	0	0.14328
V677	0.05116	0.29045	0.23931	0.33356	0.08552
V678	0.05384	0.30403	0.0039	0.05477	0.58345
V679	0.01125	0	0.52078	0.43653	0.03144
V680	0.16313	0	0.01265	0.31414	0.51008
V681	0.54832	0.0368	0.03738	0.25994	0.11755
V682	0	0	1	0	0
V683	0.07522	0.16141	0.64328	0	0.12009
V684	0.06312	0	0.00413	0.87463	0.05813
V685	0.01099	0	0.89116	0.08531	0.01253
V686	0.28394	0.62784	0.0623	0.01099	0.01493
V687	0	0	0.64354	0.32095	0.03551
V688	0	0	0.97947	0.00023	0.0203
V689	0.50626	0.05114	0.20514	0.08211	0.15535
V690	0.11408	0.85142	0.00623	0.01791	0.01036
V691	0.15276	0.14977	0.04748	0.57924	0.07076
V692	0.07375	0.01977	0.01146	0.73403	0.16099
V693	0.03553	0.5013	0.43344	0.0212	0.00852
V694	0.09395	0.22036	0.03655	0.53587	0.11327
V695	0.12053	0.09924	0.13798	0.04034	0.60191
V696	0.11973	0	0.75816	0.00028	0.12183
V697	0.10956	0.10528	0.3458	0.29902	0.14035
V698	0.01451	0	0.16713	0.05463	0.76372
V699	0.03605	0.00446	0.05079	0.61923	0.28947
V700	0.07426	0.80306	0.06176	0.00146	0.05947
V701	0.01807	0.16771	0.00534	0.058	0.75088
V702	0.02205	0.13551	0.00063	0.62416	0.21765
V703	0.01405	0.01086	0.027	0.87705	0.07104
V704	0.04576	0.03484	0.38952	0.0356	0.49428
V705	0.95879	0.0112	0	0	0.03001
V706	0.16405	0.16058	0.1744	0.38918	0.11179
V707	0.14097	0.12172	0.06853	0.2425	0.42628
V708	0.0405	0.58319	0.37491	0.00141	0
V709	0.00827	0	0.02467	0.06532	0.90174
V710	0.13029	0.00045	0.4865	0.00934	0.37341
V711	0.04897	0	0.00997	0.07312	0.86794
V712	0.06482	0	0.75454	0.15736	0.02328
V713	0.26075	0.42234	0.31691	0	0
V714	0.04297	0	0	0.06398	0.89306
V715	0.01891	0.27324	0.617	0.07959	0.01126
V716	0.74902	0.20014	0.00152	0.02766	0.02166
V717	0.38962	0.16745	0.11647	0.02146	0.305
V718	0.68265	0	0.28001	0	0.03734
V719	0.40656	0.25548	0.1016	0.09216	0.14421
V720	0.11626	0.02752	0.08187	0.06645	0.7079
V721	0.02293	0	0.03838	0.07481	0.86389
V722	0.0282	0.25978	0.0555	0.43761	0.21891
V723	0.11998	0.24834	0.11936	0.46176	0.05056
V724	0.13774	0.68511	0.02947	0.13313	0.01455
V725	0.02451	0	0	0.0666	0.90889
V726	0.22221	0.50974	0.04474	0.04752	0.1758
V727	0.00881	0	0.97178	0	0.0194
V728	0.81563	0.00956	0.12934	0.04222	0.00325
V729	0.64365	0.12925	0.01856	0.19501	0.01353
V730	0.1298	0.00694	0.42815	0.34799	0.08712
V731	0.00166	0.00933	0.07145	0.86093	0.05663
V732	0.01045	0	0.00389	0.92049	0.06517
V733	0.03591	0.00627	0.94244	0	0.01538
V734	0.5192	0.07326	0.3783	0.01898	0.01027
V735	0.07206	0.14335	0.20995	0.04354	0.53109
V736	0.01048	0.02942	0	0.06575	0.89435
V737	0.99499	0.00501	0	0	0
V738	0.03551	0.44244	0.00493	0.03411	0.48302
V739	0.01545	0.01178	0	0.90879	0.06397
V740	0.206	0.07056	0.09774	0.03669	0.58901
V741	0.5227	0.02444	0	0.27917	0.17369
V742	0.07898	0.00301	0.5675	0.15191	0.19861
V743	0.02787	0.03842	0.06741	0.12769	0.73862
V744	0.21242	0.0625	0.19046	0.46277	0.07185
V745	0.18619	0.01952	0.05073	0.69599	0.04758
V746	0.36497	0.56949	0.02658	0	0.03895
V747	0.03592	0.00535	0.93125	0	0.02748
V748	0.16687	0.20616	0.27622	0.05417	0.29658
V749	0.19789	0.10837	0.12782	0.38471	0.18122
V750	0.76955	0.20513	0	0.02532	0
V751	0.04757	0.36367	0.56888	0.01256	0.00731
V752	0.02419	0.11721	0.0137	0.06034	0.78456
V753	0.55872	0.04367	0.25072	0.01285	0.13405
V754	0.12776	0.37311	0	0.46614	0.03299
V755	0.24092	0.72573	0.02788	0	0.00547
V756	0.02288	0.09845	0.01395	0.09409	0.77063
V757	0.18948	0	0.11136	0.65651	0.04265
V758	0.07797	0.4858	0	0.40524	0.031
V759	0.08443	0.01659	0.0909	0.04482	0.76327
V760	0.07826	0.01749	0.21755	0.23168	0.45502
V761	0.07008	0.23974	0.68502	0	0.00517
V762	0.01607	0.03068	0.18104	0.36148	0.41072
V763	0.03237	0.25497	0	0.04292	0.66975
V764	0.1244	0.06652	0.09339	0.66052	0.05518
V765	0.18124	0	0.68202	0.03368	0.10306
V766	0.08367	0.48467	0.24048	0.04119	0.14999
V767	0.27396	0.48959	0.05363	0.03764	0.14518
V768	0.07607	0.83687	0.03832	0.03764	0.01109
V769	0.77047	0	0.19155	0	0.03798
V770	0.32773	0	0.54228	0.12228	0.00772
V771	0.07926	0.73437	0	0.07674	0.10963
V772	0.05609	0	0.94391	0	0
V773	0.02325	0	0	0.18133	0.79542
V774	0.15585	0	0.53847	0.00272	0.30296
V775	0.94254	0	0.01112	0.03245	0.01389
V776	0.36184	0.44028	0.1535	0.0143	0.03009
V777	0.2253	0.3925	0.24616	0.08209	0.05396
V778	0.54418	0.06827	0	0.18294	0.20462
V779	0.08069	0.40565	0.49327	0.00552	0.01487
V780	0.01675	0	0.98325	0	0
V781	0.17898	0.30481	0.16522	0.00883	0.34216
V782	0.22427	0.23864	0.00819	0.02525	0.50366
V783	0	0	0.63454	0.03365	0.33182
V784	0.04599	0.64536	0	0.2051	0.10355
V785	0.72684	0.14225	0	0.07126	0.05964
V786	0.18214	0.23555	0.00591	0.5206	0.0558
V787	0.14559	0.62198	0	0.15362	0.0788
V788	0.37437	0.42911	0.05973	0	0.13679
V789	0.01515	0.16603	0	0.35999	0.45883
V790	0.28246	0.23643	0.05287	0.10014	0.3281
V791	0.1819	0.22698	0.06492	0.17107	0.35512
V792	0.96459	0.01375	0.01457	0	0.0071
V793	0.32737	0.28104	0.04364	0.07999	0.26795
V794	0.01595	0.00791	0.09771	0.17987	0.69857
V795	0.14214	0.83009	0.00564	0.00455	0.01758
V796	0.30488	0.43833	0.10257	0.11703	0.03718
V797	0.12392	0	0	0.06316	0.81292
V798	0.13712	0.51785	0	0.07713	0.26789
V799	0.03491	0.18714	0.05012	0.6272	0.10063
V800	0.02675	0.00038	0.007	0.14618	0.8197
V801	0.41321	0.00026	0.13702	0.39532	0.05419
V802	0.03754	0.1872	0.00479	0.05328	0.71719
V803	0.33679	0.0328	0	0.57049	0.05991
V804	0.21478	0.17502	0.21628	0.32213	0.07179
V805	0.15705	0.12916	0.45896	0.14064	0.11419
V806	0.48153	0.00628	0.2018	0.0515	0.25888
V807	0.73654	0	0.05831	0.03392	0.17123
V808	0.85201	0	0.04281	0	0.10517
V809	0.20293	0.6186	0.00973	0.02723	0.14151
V810	0.02834	0.05729	0.03616	0.42279	0.45542
V811	0.05106	0.08996	0.0134	0.12557	0.72001
V812	0.04412	0.66455	0.18911	0.06499	0.03723
V813	0.0363	0.20412	0.20695	0.02499	0.52764
V814	0.20812	0.57811	0.05686	0.12653	0.03038
V815	0.23505	0.69854	0.01853	0.03884	0.00903
V816	0.03969	0.56022	0	0.34322	0.05687
V817	0.82257	0.02289	0.15454	0	0
V818	0.04412	0.19436	0.34867	0.0423	0.37055
V819	0.97431	0.01461	0.00627	0.00481	0
V820	0.08136	0.39834	0.12491	0.34087	0.05452
V821	0.00594	0	0	0.06971	0.92435
V822	0.21145	0.00907	0.01042	0.72836	0.0407
V823	0.04763	0.06626	0.21601	0.03272	0.63738
V824	0.06628	0.01858	0.01349	0.05628	0.84538
V825	0.15386	0	0.69672	0.14744	0.00197
V826	0.0412	0	0.94729	0.01152	0
V827	0.363	0.16814	0	0.33444	0.13441
V828	0.23883	0.14194	0.0983	0.06201	0.45891
V829	0.09228	0.07434	0.31493	0.16009	0.35837
V830	0.15171	0	0.7117	0.01365	0.12294
V831	0.04993	0.75367	0.04073	0.12251	0.03317
V832	0.2023	0	0.06243	0.22314	0.51212
V833	0.19453	0.76468	0	0	0.04079
V834	0.75578	0.14461	0.02667	0.00933	0.06362
V835	0.26524	0.31321	0.08749	0.22835	0.10571
V836	0.39107	0.05775	0.47393	0.07205	0.00521
V837	0.05637	0.82256	0.00462	0.03632	0.08012
V838	0	0	0.08921	0.84453	0.06626
V839	0.03665	0.0172	0.06601	0.05526	0.82487
V840	0.96517	0.0038	0.0222	0.00482	0.00401
V841	0.22863	0	0.77087	0	0.00049
V842	0.55856	0.04127	0.22136	0.16012	0.01869
V843	0.46008	0	0.14839	0.06351	0.32801
V844	0.02196	0.15043	0.7864	0.0143	0.02691
V845	0.02378	0	0	0.57315	0.40307
V846	0.10652	0.02803	0.09211	0.08682	0.68651
V847	0.19913	0	0.04373	0.1311	0.62604
V848	0.75594	0.02944	0	0.06924	0.14538
V849	0.14573	0.02239	0.73142	0	0.10047
V850	0.22102	0.01838	0.30415	0.13569	0.32076
V851	0.99727	0	0	0	0.00273
V852	0.23977	0.05347	0.07479	0.16094	0.47103
V853	0.03979	0.10976	0.63786	0.11876	0.09383
V854	0.05486	0.34582	0.24482	0.07179	0.28271
V855	0.11601	0.41615	0.08986	0.268	0.10997
V856	0.15988	0.38878	0.04317	0.01519	0.39298
V857	0.08125	0.03283	0.18334	0.38619	0.31639
V858	0.0346	0.35539	0.19261	0.18269	0.23471
V859	0.1475	0.0086	0.02077	0.73618	0.08696
V860	0.04473	0.16211	0.07063	0.6125	0.11003
V861	0.1594	0.01646	0.15024	0.63303	0.04087
V862	0.06204	0	0.01199	0.12424	0.80173
V863	0.06093	0.89493	0.00753	0.00853	0.02807
V864	0.03604	0	0.91425	0.04962	9e-05
V865	0.08477	0	0.69271	0.21627	0.00626
V866	0.03579	0.02922	0.69209	0.20591	0.03698
V867	0.56315	0.02393	0	0.00482	0.4081
V868	0.24321	0.22444	0.42062	0.08639	0.02534
V869	0.01132	0	0.01175	0.07246	0.90448
V870	0.2812	0.17942	0.07542	0.21449	0.24948
V871	0.03715	0.03798	0.0947	0.11652	0.71365
V872	0.41881	0.05077	0.00349	0.44566	0.08126
V873	0.06621	0.35066	0.15847	0.32905	0.09561
V874	0.08697	0.0367	0	0.05978	0.81655
V875	0.01558	0.19623	0.01714	0.44859	0.32246
V876	0.46496	0.05887	0.04984	0.01877	0.40755
V877	0.23739	0.64934	0.02815	0.06639	0.01874
V878	0.04741	0.71439	0.03441	0.17615	0.02765
V879	0.94329	0.04121	0.00551	0.00559	0.0044
V880	0.0841	0.07998	0.02455	0.39179	0.41958
V881	0.00936	0	0.52733	0.01984	0.44346
V882	0.05816	0.5244	0.00826	0.38842	0.02077
V883	0.52466	0.19357	0.00081	0.15221	0.12876
V884	0.00268	0	0	0.07665	0.92068
V885	0.17347	0.0519	0.40606	0.09964	0.26893
V886	0.00051	0	0.02199	0.22581	0.75168
V887	0.10513	0.85874	0	0.00106	0.03507
V888	0.0656	0.11404	0.06044	0.64716	0.11276
V889	0.13136	0.80529	0.02925	0.01657	0.01754
V890	0.03538	0.00184	0.16162	0.6168	0.18435
V891	0.00411	0.02034	0.96825	0.0072	9e-05
V892	0.59949	0.24691	0.00861	0	0.145
V893	0.15721	0.17414	0.53309	0.06195	0.07361
V894	0.1114	0.56057	0.04097	0.22135	0.06571
V895	0.70409	0	0.2948	0.00073	0.00038
V896	0.22756	0.23828	0.25468	0.26227	0.01721
V897	0	0	0.04176	0.74636	0.21188
V898	0.37509	0.00027	0.00076	0.03853	0.58535
V899	0.57373	0.31942	0.07554	0	0.03131
V900	0.27275	0.24401	0.29179	0.16176	0.0297
V901	0.69917	0.05404	0	0.15129	0.0955
V902	0.87465	0.04463	0.01211	0.02093	0.04768
V903	0.30345	0.08015	0.07454	0.47001	0.07184
V904	0.73885	0.09022	0.16025	0	0.01068
V905	0.03333	0.33073	0.06134	0.29399	0.28061
V906	0.15916	0.02413	0.4843	0.06725	0.26517
V907	0.73591	0.11252	0.06233	0.04128	0.04795
V908	0.03579	0.37089	0.0463	0.45184	0.09519
V909	0.02103	0.128	0.01128	0.69477	0.14492
V910	0.6903	0.17787	0.00094	0.04553	0.08536
V911	0.04849	0.244	0.52695	0.00725	0.17331
V912	0.03501	0.00593	0.15141	0.09237	0.71528
V913	0.1581	0.01733	0.08117	0.63401	0.10939
V914	0.80106	0.03341	0.00257	0.10049	0.06246
V915	0.18907	0.17615	0.04182	0.02971	0.56325
V916	0.80561	0.00851	0.11683	0	0.06905
V917	0.42998	0.03445	0	0.02644	0.50913
V918	0.60506	0.13605	0.22809	0.01218	0.01862
V919	0.44708	0.18363	1e-04	0.24294	0.12626
V920	0.20725	0	0.13566	0.61817	0.03892
V921	0.19125	0.17945	0.10541	0.01758	0.50631
V922	0.03713	0	0.7052	0.00381	0.25385
V923	0.15596	0.47717	0.01098	0.05104	0.30485
V924	0.5304	0.1191	0	0.21785	0.13266
V925	0.15666	0.10321	0.50909	0.13925	0.09178
V926	0.01881	0.00978	0	0.07241	0.899
V927	0.54899	0.26303	0.1101	0.06334	0.01454
V928	0.12819	0.27077	0.22353	0.15502	0.22249
V929	0.06065	0.25549	0	0.03885	0.64501
V930	0.07008	0	0.05319	0.05248	0.82426
V931	0.48383	0.14214	0	0.04392	0.33011
V932	0.05197	0.10912	0.04171	0.29204	0.50515
V933	0.30332	0	0.04453	0.25016	0.40199
V934	0.6859	0.04211	0.272	0	0
V935	0.59579	0.10931	0.12847	0.04055	0.12589
V936	0.34033	0.06865	0.12652	0.3987	0.06581
V937	0.14603	0.70281	0.08955	0.02801	0.03359
V938	0.09775	0.87934	0.01545	0.00554	0.00193
V939	0.00043	0	0.00545	0.30372	0.6904
V940	0.57344	0.0792	0.07808	0.04162	0.22765
V941	0.0211	0.12777	0.12863	0.43017	0.29233
V942	0.75839	0.24161	0	0	0
V943	0.05017	0.08722	0.04668	0.05474	0.7612
V944	0.37802	0.02317	0.12775	0.43451	0.03655
V945	0.05974	0.24663	0.60159	0.02878	0.06324
V946	0.04433	0.47466	0.47325	0.00049	0.00726
V947	0.38575	0.02286	0.01673	0.11276	0.46189
V948	0.08737	0.7141	0.0292	0.09461	0.07472
V949	0.88183	0.09683	0.02135	0	0
V950	0.0751	0.00976	0.02423	0.83811	0.0528
V951	0.33781	0.01617	0	0.47248	0.17354
V952	0.14436	0.02882	0.04791	0.6002	0.17871
V953	0.50901	0.10586	0	0.32491	0.06022
V954	0.24583	0.54135	0.05445	0.0503	0.10806
V955	0.07432	0	0.6074	0.29758	0.0207
V956	0.04524	0.50509	0.09264	0.31302	0.04401
V957	0.11821	0.75988	0.04691	0.05573	0.01927
V958	0.067	0.84577	0	0.04107	0.04616
V959	0.07844	0	0.83658	0.04826	0.03672
V960	0.54173	0.04982	0.15122	0.08293	0.1743
V961	0.06823	0.85994	0	0.01009	0.06174
V962	0.18248	0.09464	0	0.07366	0.64923
V963	0.01792	0	0.4825	0.44638	0.0532
V964	0.00881	0	0.97178	0	0.0194
V965	0	0	0.49214	0.42306	0.0848
V966	0.02449	0	0.49842	0.08173	0.39537
V967	0.34758	0.50705	0	0	0.14537
V968	0.07052	0.90385	0	0.01412	0.01152
V969	0.12818	0.50864	0.13312	0.10503	0.12504
V970	0.1724	0.36715	0.44209	0	0.01836
V971	0.74786	0.04634	0.18716	0.00903	0.00962
V972	0.0951	0.84779	0	0.04501	0.01211
V973	0.04297	0	0.6068	0.21375	0.13648
V974	0.04713	0.71258	0.09489	0.08816	0.05723
V975	0.06241	0.91942	0	0.01452	0.00365
V976	0.0143	0	0	0.11365	0.87205
V977	0.02243	0.12332	0.14378	0.13581	0.57466
V978	0.38675	0.1461	0.21972	0.10889	0.13853
V979	0.90565	0.09435	0	0	0
V980	0.32618	0.09414	0.12139	0.1084	0.34989
V981	0.06671	0.03703	0.0469	0.06275	0.7866
