mature.neutrophil	CD14.pos.CD16.neg.classical.monocyte	macrophage	memory.CD4.pos.AB.T.cell	cytotoxic.CD56.dim.NK.cell
V1	0.27867	0.20703	0.21789	0.17437	0.12204
V2	0.06444	0.69922	0.08824	0.10928	0.03881
V3	0.05432	0.15057	0.34698	0.4249	0.02323
V4	0.01447	0.10153	0.20311	0.10016	0.58072
V5	0.01928	0.05218	0.06389	0.15155	0.7131
V6	0.27896	0.13729	0.22711	0.2563	0.10034
V7	0.00992	0.1571	0.34606	0.11064	0.37628
V8	0.01053	0.23907	0.63843	0.09614	0.01583
V9	0.04615	0.10319	0.21459	0.61788	0.01819
V10	0.38422	0.18826	0.3612	0.03277	0.03355
V11	0.03595	0.07721	0.09921	0.11617	0.67146
V12	0.07042	0.10032	0.1877	0.32947	0.31209
V13	0.1144	0.0864	0.04384	0.45091	0.30444
V14	0.13469	0.06392	0.06992	0.64635	0.08513
V15	0.01742	0.05238	0.01042	0.88813	0.03166
V16	0.48005	0.12339	0.02134	0.35729	0.01793
V17	0.06641	0.22705	0.03322	0.11109	0.56223
V18	0.08102	0.41133	0.2408	0.25225	0.0146
V19	0.03134	0.04521	0.01384	0.16928	0.74033
V20	0.00149	0.19565	0.54231	0.23725	0.0233
V21	0.02272	0.26286	0.13145	0.20739	0.37558
V22	0.69343	0.15948	0.06547	0.0458	0.03583
V23	0.07379	0.05869	0.03268	0.18359	0.65124
V24	0.40349	0.1554	0.03088	0.09627	0.31397
V25	0.02272	0.05945	0.02495	0.45857	0.43431
V26	0.41927	0.22762	0.06741	0.08931	0.19639
V27	0.12139	0.46957	0.18851	0.05187	0.16866
V28	0.02428	0.13754	0.17451	0.62563	0.03804
V29	0.0023	0.10961	0.26787	0.5951	0.02513
V30	0.63059	0.1619	0.03432	0.07281	0.10038
V31	0.36881	0.16847	0.02439	0.27566	0.16267
V32	0.78097	0.09053	0.01397	0.05576	0.05877
V33	0.02668	0.18743	0.03223	0.16836	0.5853
V34	0.13703	0.76363	0.04487	0.05447	0
V35	0.09729	0.57233	0.25824	0.06873	0.00341
V36	0.02905	0.20714	0.15885	0.13678	0.46818
V37	0.63995	0.07729	0.00737	0.06639	0.20901
V38	0.10302	0.16907	0.37616	0.22119	0.13056
V39	0.27628	0.15726	0.27042	0.05575	0.24029
V40	0.22523	0.53962	0.04501	0.15705	0.03308
V41	0.06274	0.76106	0.05313	0.0517	0.07137
V42	0.72702	0.11809	0.02628	0.05941	0.0692
V43	0.40257	0.23347	0.28213	0.06184	0.01999
V44	0.03431	0.36553	0.45929	0.03828	0.10259
V45	0.04309	0.59661	0.12142	0.19847	0.04041
V46	0.12538	0.68019	0.10169	0.07751	0.01523
V47	0.00267	0.25242	0.69387	0.028	0.02304
V48	0.14406	0.19027	0.19225	0.35506	0.11835
V49	0.39028	0.21879	0.19441	0.17633	0.02019
V50	0.02079	0.25964	0.67688	0.02696	0.01574
V51	0.09756	0.28431	0.18453	0.10775	0.32584
V52	0.06943	0.8256	0.04938	0.05559	0
V53	0.02398	0.16367	0.02189	0.77211	0.01836
V54	0.18549	0.05081	0.02078	0.5739	0.16903
V55	0.06217	0.04095	0.00914	0.86387	0.02387
V56	0.06125	0.03477	0.01527	0.77738	0.11133
V57	0.13468	0.25829	0.43706	0.06032	0.10967
V58	0.06514	0.06687	0.12512	0.24553	0.49733
V59	0.71225	0.12294	0.08179	0.05822	0.02479
V60	0.36916	0.23829	0.11911	0.16806	0.10538
V61	0.1729	0.05984	0.03591	0.27006	0.46128
V62	0.05366	0.12555	0.25292	0.17292	0.39495
V63	0.35704	0.26565	0.07051	0.08454	0.22226
V64	0.78598	0.10704	0.02711	0.05231	0.02756
V65	0.07494	0.10715	0.04535	0.64052	0.13204
V66	0.02163	0.07196	0.11758	0.76134	0.02749
V67	0.01092	0.12362	0.28215	0.13722	0.44609
V68	0.37948	0.15735	0.3093	0.07359	0.08028
V69	0.4961	0.20328	0.17188	0.06267	0.06606
V70	0.06756	0.62221	0.07538	0.218	0.01686
V71	0.10594	0.69299	0.07922	0.11459	0.00726
V72	0.04454	0.35294	0.04666	0.09141	0.46446
V73	0.0507	0.06487	0.09373	0.59479	0.19592
V74	0.00994	0.08074	0.01835	0.80965	0.08132
V75	0.39968	0.26892	0.25734	0.04891	0.02515
V76	0.00703	0.04168	0.02399	0.85903	0.06828
V77	0.01902	0.24034	0.6596	0.06504	0.016
V78	0.00297	0.25459	0.68411	0.03556	0.02278
V79	0.07926	0.35916	0.05917	0.19408	0.30833
V80	0.13465	0.64385	0.03789	0.10414	0.07946
V81	0.01136	0.25231	0.69291	0.02718	0.01624
V82	0.20594	0.17276	0.03954	0.55903	0.02274
V83	0.08597	0.102	0.03109	0.57611	0.20484
V84	0.09184	0.16333	0.02323	0.11654	0.60506
V85	0.00263	0.25229	0.69345	0.03525	0.01638
V86	0.02336	0.28578	0.26451	0.40747	0.01887
V87	0.38275	0.08003	0.0457	0.45933	0.03218
V88	0.27373	0.18413	0.0603	0.24137	0.24047
V89	0.04047	0.27965	0.60107	0.06475	0.01406
V90	0.02444	0.18339	0.06761	0.16254	0.56202
V91	0.00523	0.05754	0.07451	0.84028	0.02244
V92	0.21371	0.08333	0.03743	0.1153	0.55023
V93	0.00959	0.13353	0.14517	0.54006	0.17164
V94	0.03984	0.16666	0.03642	0.29795	0.45912
V95	0.06396	0.21442	0.0389	0.16632	0.5164
V96	0.6631	0.09424	0.03093	0.07767	0.13405
V97	0.14656	0.07655	0.0517	0.17429	0.5509
V98	0.05395	0.36229	0.17721	0.17134	0.23521
V99	0.44292	0.16038	0.01711	0.26543	0.11415
V100	0.46324	0.19676	0.05796	0.10278	0.17926
V101	0.07886	0.81027	0.05613	0.05474	0
V102	0.27436	0.26308	0.13129	0.15243	0.17884
V103	0.12103	0.03803	0.01836	0.12356	0.69902
V104	0.0516	0.37434	0.09927	0.08709	0.3877
V105	0.02003	0.05483	0.04958	0.16146	0.71409
V106	0.06137	0.68249	0.1751	0.05024	0.03081
V107	0.04706	0.33658	0.52265	0.0754	0.01831
V108	0.01914	0.33055	0.60976	0.02765	0.01291
V109	0.05792	0.21124	0.06598	0.32869	0.33617
V110	0.16807	0.47026	0.18594	0.1559	0.01983
V111	0.24656	0.31959	0.38455	0.03765	0.01165
V112	0.15505	0.06758	0.09826	0.49347	0.18565
V113	0.20921	0.07655	0.09876	0.20468	0.41079
V114	0.48208	0.13411	0.05387	0.21682	0.11312
V115	0.73103	0.08363	0.01298	0.06466	0.1077
V116	0.02311	0.03905	0.01459	0.1425	0.78076
V117	0.04428	0.22319	0.59331	0.10422	0.03499
V118	0.03471	0.03922	0.00948	0.87754	0.03905
V119	0.26677	0.15742	0.30636	0.2536	0.01584
V120	0.01	0.21667	0.60068	0.13029	0.04236
V121	0.20664	0.63598	0.0367	0.05781	0.06286
V122	0.03647	0.35401	0.0975	0.29014	0.22188
V123	0.41487	0.11103	0.07399	0.23222	0.1679
V124	0.1902	0.14244	0.06671	0.27225	0.3284
V125	0.04434	0.47439	0.42779	0.03932	0.01416
V126	0.14007	0.22885	0.19585	0.16019	0.27504
V127	0.22717	0.19339	0.47944	0.07844	0.02156
V128	0.21859	0.67399	0.04633	0.04513	0.01596
V129	0.22592	0.13784	0.2236	0.20837	0.20426
V130	0.0347	0.44384	0.06436	0.28855	0.16855
V131	0.01166	0.0936	0.19184	0.68379	0.01911
V132	0.30714	0.06722	0.0082	0.38211	0.23533
V133	0.00706	0.19278	0.43836	0.12252	0.23928
V134	0.06307	0.22341	0.5767	0.05516	0.08167
V135	0.02354	0.26388	0.54972	0.05892	0.10392
V136	0.80621	0.09479	0.01483	0.05526	0.02892
V137	0.74949	0.11089	0.01423	0.08036	0.04503
V138	0.22209	0.17261	0.08236	0.18857	0.33437
V139	0.10311	0.07604	0.13638	0.65854	0.02593
V140	0.0329	0.07006	0.14194	0.10993	0.64516
V141	0.01998	0.32989	0.50671	0.12479	0.01864
V142	0.18119	0.12053	0.26879	0.16887	0.26062
V143	0.02041	0.28092	0.39662	0.17252	0.12952
V144	0.43748	0.2394	0.07427	0.16643	0.08241
V145	0.00287	0.25027	0.67382	0.04375	0.02929
V146	0.03659	0.30158	0.02833	0.37522	0.25827
V147	0.08295	0.23553	0.51078	0.13021	0.04053
V148	0.16984	0.68742	0.04724	0.08008	0.01542
V149	0.00782	0.03775	0.01013	0.8825	0.0618
V150	0.12829	0.30746	0.45745	0.03441	0.07239
V151	0.36826	0.07015	0.01967	0.4316	0.11033
V152	0.01314	0.05895	0.10222	0.74618	0.07951
V153	0.15039	0.27421	0.37134	0.08572	0.11835
V154	0.12353	0.52136	0.05292	0.08833	0.21387
V155	0.03047	0.07229	0.11713	0.75298	0.02712
V156	0.08709	0.15046	0.32144	0.18634	0.25468
V157	0.08325	0.11037	0.14974	0.31759	0.33905
V158	0.16774	0.14672	0.35148	0.0906	0.24346
V159	0.10322	0.20834	0.02917	0.61557	0.0437
V160	0.39618	0.19879	0.09438	0.0974	0.21325
V161	0.19285	0.07699	0.06468	0.09988	0.5656
V162	0.00327	0.25887	0.69411	0.02754	0.0162
V163	0.0573	0.04305	0.0267	0.15402	0.71893
V164	0.7716	0.12757	0.02186	0.05828	0.02069
V165	0.5231	0.24337	0.08568	0.0954	0.05245
V166	0.04646	0.09099	0.19998	0.57927	0.0833
V167	0.04471	0.56034	0.04917	0.19528	0.15051
V168	0.00327	0.25887	0.69411	0.02754	0.0162
V169	0.06326	0.6145	0.1781	0.12768	0.01645
V170	0.22796	0.35399	0.07041	0.24071	0.10692
V171	0.25707	0.19427	0.29152	0.20298	0.05416
V172	0.16874	0.22805	0.08012	0.09886	0.42423
V173	0.18517	0.14322	0.0881	0.43016	0.15335
V174	0.18043	0.12571	0.28472	0.22899	0.18015
V175	0.0733	0.17393	0.11674	0.23641	0.39963
V176	0.31462	0.06576	0.01384	0.58563	0.02015
V177	0.16421	0.19323	0.42857	0.19247	0.02151
V178	0.23252	0.18439	0.35662	0.14445	0.08203
V179	0.09514	0.04989	0.01934	0.12558	0.71005
V180	0.02822	0.12725	0.28719	0.08357	0.47377
V181	0.06766	0.2465	0.02039	0.14187	0.52358
V182	0.49148	0.23498	0.02026	0.20593	0.04735
V183	0.0892	0.81036	0.04805	0.04692	0.00548
V184	0.26389	0.12654	0.23963	0.33376	0.03618
V185	0.10456	0.42417	0.0477	0.20489	0.21868
V186	0.12508	0.18301	0.04166	0.30735	0.3429
V187	0.08759	0.59066	0.03548	0.27579	0.01048
V188	0.6928	0.11255	0.03754	0.13208	0.02502
V189	0.39694	0.24259	0.04783	0.29242	0.02023
V190	0.35214	0.15591	0.18522	0.0726	0.23413
V191	0.19474	0.21157	0.02144	0.46034	0.11191
V192	0.28071	0.2214	0.12125	0.25218	0.12445
V193	0.06593	0.29873	0.42133	0.07959	0.13442
V194	0.23321	0.10842	0.08585	0.17031	0.4022
V195	0.48321	0.24508	0.20176	0.05025	0.0197
V196	0.019	0.04536	0.06366	0.15247	0.7195
V197	0.08571	0.77882	0.04621	0.08333	0.00594
V198	0.20956	0.22264	0.04928	0.2574	0.26112
V199	0.63269	0.13423	0.17738	0.03805	0.01765
V200	0.64114	0.08114	0.03633	0.07945	0.16194
V201	0.03382	0.03693	0.02932	0.7271	0.17283
V202	0.77289	0.13027	0.01002	0.05987	0.02695
V203	0.47039	0.25642	0.04088	0.10697	0.12533
V204	0.30249	0.11954	0.04399	0.087	0.44697
V205	0.10666	0.0919	0.1105	0.15256	0.53839
V206	0.03902	0.1092	0.01227	0.79007	0.04943
V207	0.01742	0.05238	0.01042	0.88813	0.03166
V208	0.14158	0.30151	0.38635	0.08306	0.0875
V209	0.14361	0.08292	0.09402	0.12086	0.5586
V210	0.00258	0.24986	0.68905	0.03562	0.0229
V211	0.14083	0.10905	0.17716	0.10747	0.46549
V212	0.07214	0.67321	0.10978	0.09007	0.0548
V213	0.09403	0.05029	0.06448	0.31851	0.47268
V214	0.03197	0.53339	0.35663	0.05134	0.02668
V215	0.22522	0.24396	0.13149	0.13559	0.26374
V216	0.05474	0.13962	0.27408	0.10806	0.4235
V217	0.00662	0.03662	0.03065	0.83587	0.09024
V218	0.06754	0.23878	0.24695	0.36029	0.08645
V219	0.11697	0.32002	0.32286	0.22283	0.01731
V220	0.20288	0.64868	0.08982	0.05007	0.00855
V221	0.04297	0.19031	0.39849	0.06689	0.30133
V222	0.03126	0.04081	0.02107	0.14569	0.76118
V223	0.42659	0.14127	0.24976	0.15384	0.02854
V224	0.0503	0.47923	0.05182	0.14787	0.27078
V225	0.60511	0.2195	0.1144	0.04013	0.02086
V226	0.44291	0.47006	0.02728	0.04518	0.01456
V227	0.08665	0.23686	0.02399	0.60925	0.04325
V228	0.47585	0.14813	0.21883	0.10998	0.04721
V229	0.24372	0.39927	0.23783	0.08369	0.03549
V230	0.03106	0.03399	0.02098	0.14705	0.7669
V231	0.06993	0.5322	0.08488	0.23082	0.08217
V232	0.65825	0.12736	0.15044	0.04597	0.01798
V233	0.05879	0.08908	0.13451	0.17164	0.54598
V234	0.02201	0.36353	0.20068	0.38273	0.03105
V235	0.79592	0.09716	0.00875	0.07562	0.02254
V236	0.07073	0.1869	0.47963	0.20711	0.05563
V237	0.11043	0.15871	0.22336	0.33932	0.16818
V238	0.01623	0.03755	0.01878	0.35869	0.56876
V239	0.06861	0.36214	0.06677	0.23676	0.26571
V240	0.08209	0.74365	0.05187	0.06761	0.05478
V241	0.0697	0.82824	0.04945	0.04741	0.0052
V242	0.03641	0.33687	0.2624	0.30352	0.0608
V243	0.3935	0.14151	0.2604	0.07309	0.13151
V244	0.03718	0.38644	0.18742	0.13723	0.25172
V245	0.06462	0.79189	0.07139	0.0721	0
V246	0.53865	0.26944	0.04107	0.05729	0.09356
V247	0.1669	0.24782	0.46334	0.08244	0.0395
V248	0.10454	0.52746	0.05382	0.07419	0.24
V249	0.22126	0.14478	0.17772	0.15308	0.30316
V250	0.02183	0.20193	0.49449	0.07737	0.20439
V251	0.18391	0.08632	0.08403	0.58541	0.06033
V252	0.02487	0.24083	0.43557	0.17713	0.1216
V253	0.28519	0.50569	0.10064	0.08941	0.01907
V254	0.47477	0.34864	0.02029	0.13214	0.02416
V255	0.68696	0.13986	0.00955	0.07563	0.088
V256	0.05368	0.66814	0.05514	0.06731	0.15572
V257	0.38898	0.31202	0.13689	0.08217	0.07994
V258	0.14852	0.29438	0.06137	0.47673	0.01901
V259	0.46147	0.30205	0.1596	0.04587	0.03101
V260	0.23065	0.09854	0.09965	0.15379	0.41738
V261	0.01987	0.16219	0.40065	0.30076	0.11653
V262	0.74554	0.11594	0.05079	0.06179	0.02594
V263	0.66365	0.14205	0.02105	0.15535	0.0179
V264	0.08429	0.77093	0.05368	0.0911	0
V265	0.68114	0.15954	0.07149	0.06458	0.02325
V266	0.0267	0.05227	0.08448	0.13919	0.69736
V267	0.0546	0.03987	0.01856	0.24791	0.63906
V268	0.18544	0.3984	0.14281	0.22246	0.05089
V269	0.08347	0.35113	0.30576	0.22211	0.03752
V270	0.04226	0.0482	0.03709	0.84956	0.02289
V271	0.23471	0.61943	0.04266	0.07136	0.03183
V272	0.12012	0.71255	0.06464	0.06418	0.03851
V273	0.24558	0.10325	0.14974	0.35088	0.15056
V274	0.08972	0.07768	0.04565	0.27187	0.51508
V275	0.05381	0.62136	0.17118	0.1373	0.01635
V276	0.01004	0.19552	0.51791	0.24028	0.03624
V277	0.29918	0.18689	0.43569	0.03816	0.04009
V278	0.00527	0.13727	0.27652	0.46072	0.12022
V279	0.12587	0.04818	0.02129	0.74023	0.06442
V280	0.16688	0.07013	0.04154	0.62102	0.10044
V281	0.02555	0.21132	0.05217	0.68834	0.02261
V282	0.0797	0.81902	0.04868	0.04721	0.00538
V283	0.31361	0.0855	0.10297	0.10126	0.39666
V284	0.02783	0.24272	0.42482	0.05348	0.25115
V285	0.47583	0.40883	0.02326	0.07595	0.01613
V286	0.07069	0.23697	0.60678	0.06406	0.02149
V287	0.21185	0.13513	0.14658	0.32283	0.18362
V288	0.17183	0.19122	0.46827	0.04555	0.12313
V289	0.14146	0.21288	0.03584	0.58829	0.02153
V290	0.39092	0.42629	0.13617	0.03841	0.00821
V291	0.35586	0.20906	0.02016	0.3932	0.02171
V292	0.10684	0.15419	0.32567	0.0932	0.3201
V293	0.00671	0.28645	0.60475	0.0749	0.02719
V294	0.02252	0.04097	0.02176	0.14013	0.77462
V295	0.01239	0.1294	0.26648	0.51002	0.08172
V296	0.71852	0.1618	0.01097	0.06542	0.0433
V297	0.01879	0.21306	0.57161	0.14748	0.04905
V298	0.25176	0.05418	0.01376	0.56694	0.11335
V299	0.22802	0.04875	0.02025	0.68208	0.02089
V300	0.80669	0.09869	0.00921	0.06253	0.02288
V301	0.78482	0.09144	0.01401	0.08152	0.0282
V302	0.0137	0.03688	0.01784	0.47062	0.46096
V303	0.10039	0.21584	0.18859	0.22449	0.27069
V304	0.15868	0.22901	0.54314	0.03573	0.03345
V305	0.19405	0.30362	0.09802	0.16315	0.24115
V306	0.32304	0.56423	0.03241	0.06172	0.0186
V307	0.19631	0.11545	0.21919	0.45169	0.01737
V308	0.19453	0.19917	0.48339	0.10152	0.02139
V309	0.54214	0.13054	0.05228	0.1646	0.11044
V310	0.03879	0.05327	0.02005	0.20164	0.68626
V311	0.0144	0.04211	0.04497	0.86756	0.03096
V312	0.08575	0.27823	0.22322	0.06846	0.34434
V313	0.06264	0.26371	0.03279	0.37411	0.26674
V314	0.07639	0.0466	0.01659	0.4359	0.42452
V315	0.78569	0.09321	0.02006	0.05452	0.04652
V316	0.11186	0.51166	0.23917	0.07348	0.06382
V317	0.31883	0.226	0.38372	0.03874	0.03271
V318	0.75339	0.08704	0.01333	0.05705	0.08919
V319	0.09027	0.25507	0.59882	0.04117	0.01467
V320	0.0703	0.03658	0.01537	0.84725	0.0305
V321	0.1235	0.35117	0.26515	0.23013	0.03005
V322	0.01491	0.34233	0.46111	0.08515	0.09649
V323	0.21649	0.29535	0.34917	0.05956	0.07943
V324	0.03461	0.07774	0.04549	0.81388	0.02829
V325	0.52647	0.16594	0.08067	0.15892	0.068
V326	0.05219	0.05924	0.06066	0.2211	0.60681
V327	0.30612	0.445	0.11832	0.06708	0.06349
V328	0.04559	0.28596	0.15471	0.48772	0.02602
V329	0.00434	0.15677	0.31106	0.50454	0.02328
V330	0.07089	0.23738	0.60774	0.02997	0.05402
V331	0.12531	0.0795	0.08735	0.17014	0.5377
V332	0.38092	0.19575	0.34291	0.04065	0.03977
V333	0.33489	0.14685	0.24558	0.18938	0.08329
V334	0.0418	0.35625	0.44482	0.11249	0.04464
V335	0.59628	0.13421	0.07693	0.08485	0.10773
V336	0.16157	0.53188	0.25156	0.0364	0.0186
V337	0.01851	0.0405	0.02677	0.25317	0.66105
V338	0.58771	0.12463	0.12855	0.06605	0.09306
V339	0.20195	0.49134	0.18531	0.04314	0.07827
V340	0.03973	0.18425	0.1113	0.13782	0.5269
V341	0.02757	0.48708	0.38371	0.04461	0.05703
V342	0.24551	0.25418	0.34931	0.13788	0.01312
V343	0.56205	0.1449	0.2275	0.04863	0.01692
V344	0.11337	0.65577	0.07647	0.07531	0.07907
V345	0.19474	0.0819	0.01637	0.34064	0.36636
V346	0.03531	0.33189	0.2767	0.31749	0.03861
V347	0.08338	0.44489	0.04873	0.37847	0.04453
V348	0.01776	0.23218	0.36227	0.26341	0.12438
V349	0.06242	0.36803	0.43001	0.05238	0.08717
V350	0.10683	0.37567	0.09677	0.28672	0.13402
V351	0.14803	0.16469	0.33652	0.32228	0.02848
V352	0.10902	0.51784	0.31929	0.04174	0.01211
V353	0.23672	0.30334	0.0537	0.10993	0.29632
V354	0.46334	0.17252	0.31536	0.03267	0.0161
V355	0.07351	0.12827	0.26989	0.50481	0.02352
V356	0.07954	0.23351	0.59563	0.05062	0.0407
V357	0.04181	0.17778	0.40559	0.08108	0.29374
V358	0.02533	0.06781	0.03843	0.83925	0.02919
V359	0.0483	0.11948	0.01931	0.79324	0.01967
V360	0.58112	0.12998	0.08337	0.18844	0.01708
V361	0.31599	0.44073	0.10303	0.04718	0.09308
V362	0.67069	0.10685	0.08736	0.04844	0.08667
V363	0.03768	0.05936	0.01977	0.24054	0.64265
V364	0.0409	0.25744	0.03953	0.48978	0.17235
V365	0.00728	0.04003	0.01718	0.88841	0.0471
V366	0.17476	0.20585	0.4437	0.09446	0.08123
V367	0.20112	0.2544	0.18699	0.20872	0.14877
V368	0.6194	0.16645	0.11082	0.05636	0.04697
V369	0.04852	0.58558	0.23966	0.12336	0.00288
V370	0.02396	0.17919	0.1178	0.40433	0.27473
V371	0.0756	0.7933	0.08757	0.04353	0
V372	0.53412	0.15426	0.12595	0.1512	0.03447
V373	0.12148	0.57598	0.14909	0.14352	0.00993
V374	0.08473	0.16058	0.30206	0.43658	0.01605
V375	0.24613	0.1939	0.44307	0.10142	0.01549
V376	0.01784	0.12701	0.33062	0.08598	0.43855
V377	0.08787	0.46507	0.20502	0.22893	0.0131
V378	0.13418	0.49995	0.18183	0.04899	0.13505
V379	0.03329	0.06487	0.10519	0.16842	0.62822
V380	0.01698	0.11387	0.15146	0.52118	0.19652
V381	0.14159	0.0792	0.0192	0.1139	0.64611
V382	0.3593	0.05363	0.01317	0.34196	0.23194
V383	0.02839	0.10454	0.2227	0.6261	0.01828
V384	0.2449	0.12279	0.14334	0.43076	0.05821
V385	0.08915	0.11223	0.02158	0.11665	0.6604
V386	0.54844	0.07938	0.01286	0.33971	0.01961
V387	0.23148	0.06672	0.01449	0.64667	0.04064
V388	0.06885	0.73234	0.07468	0.1176	0.00652
V389	0.13632	0.67128	0.05429	0.08324	0.05487
V390	0.15545	0.04747	0.01439	0.68142	0.10127
V391	0.6117	0.18539	0.01148	0.12385	0.06758
V392	0.78761	0.11527	0.01554	0.05996	0.02162
V393	0.08832	0.09266	0.13201	0.54025	0.14675
V394	0.59144	0.08732	0.03068	0.20059	0.08996
V395	0.00268	0.125	0.29888	0.54892	0.02452
V396	0.44776	0.17935	0.31832	0.03302	0.02156
V397	0.56953	0.18178	0.04198	0.15899	0.04772
V398	0.05677	0.07511	0.14595	0.63797	0.0842
V399	0.04419	0.0568	0.01209	0.34586	0.54106
V400	0.16027	0.47863	0.16383	0.1917	0.00557
V401	0.2607	0.19337	0.46689	0.0635	0.01553
V402	0.30556	0.17678	0.34056	0.10316	0.07395
V403	0.14154	0.09804	0.0126	0.21948	0.52833
V404	0.00419	0.17772	0.38336	0.38448	0.05026
V405	0.30662	0.26165	0.0782	0.26123	0.0923
V406	0.02056	0.25512	0.6676	0.02784	0.02889
V407	0.72894	0.12302	0.03875	0.0898	0.01949
V408	0.0389	0.3273	0.02971	0.31957	0.28452
V409	0.09735	0.05905	0.06367	0.67881	0.10112
V410	0.11519	0.21167	0.27118	0.10064	0.30133
V411	0.02281	0.03882	0.01442	0.15022	0.77374
V412	0.03006	0.17183	0.126	0.11482	0.55729
V413	0.02717	0.26109	0.14649	0.40288	0.16237
V414	0.04195	0.09894	0.01254	0.51608	0.33049
V415	0.15625	0.04019	0.01754	0.1183	0.66771
V416	0.10344	0.10967	0.03317	0.22851	0.52521
V417	0.0109	0.20952	0.56662	0.14991	0.06306
V418	0.49944	0.36278	0.04011	0.06049	0.03718
V419	0.22211	0.06772	0.02915	0.19978	0.48124
V420	0.20771	0.06927	0.0981	0.12923	0.49569
V421	0.01634	0.06905	0.1211	0.14581	0.64769
V422	0.01608	0.05604	0.0518	0.72671	0.14937
V423	0.24877	0.25265	0.24324	0.22294	0.0324
V424	0.00861	0.15173	0.39413	0.07001	0.37553
V425	0.31963	0.33765	0.02077	0.07509	0.24687
V426	0.21048	0.18669	0.03328	0.48859	0.08095
V427	0.21129	0.57244	0.16773	0.03823	0.01031
V428	0.10276	0.57025	0.10207	0.14455	0.08037
V429	0.13761	0.68128	0.03993	0.11791	0.02328
V430	0.03157	0.14099	0.32944	0.22482	0.27317
V431	0.10902	0.36157	0.18974	0.28725	0.05241
V432	0.26044	0.12859	0.11467	0.36973	0.12657
V433	0.16442	0.1682	0.39435	0.23805	0.03498
V434	0.21449	0.3375	0.3158	0.05331	0.0789
V435	0.44792	0.1807	0.28117	0.06869	0.02151
V436	0.06894	0.52729	0.12393	0.10732	0.17252
V437	0.17406	0.06654	0.03639	0.2449	0.47811
V438	0.1246	0.31326	0.18579	0.31518	0.06117
V439	0.50837	0.07589	0.04988	0.3341	0.03177
V440	0.0287	0.41079	0.46033	0.04924	0.05095
V441	0.0406	0.52589	0.35461	0.06658	0.01233
V442	0.07947	0.81813	0.05675	0.04565	0
V443	0.77903	0.09044	0.01384	0.09462	0.02207
V444	0.14813	0.38194	0.05132	0.38066	0.03796
V445	0.06598	0.36271	0.0591	0.48788	0.02433
V446	0.09903	0.08904	0.09363	0.57959	0.13871
V447	0.06509	0.04168	0.02275	0.50345	0.36703
V448	0.15578	0.05022	0.03079	0.12763	0.63558
V449	0.00327	0.25887	0.69411	0.02754	0.0162
V450	0.18182	0.16777	0.21335	0.18126	0.25579
V451	0.24299	0.20918	0.06896	0.37635	0.10252
V452	0.01255	0.07767	0.13974	0.71434	0.0557
V453	0.02192	0.04174	0.01081	0.51874	0.40679
V454	0.01278	0.19436	0.52038	0.06938	0.2031
V455	0.06423	0.26939	0.24783	0.10398	0.31458
V456	0.77556	0.09418	0.00812	0.07577	0.04637
V457	0.57386	0.22945	0.04485	0.10513	0.0467
V458	0.0291	0.40938	0.42818	0.0898	0.04354
V459	0.12292	0.10016	0.05828	0.5138	0.20484
V460	0.55044	0.14791	0.16452	0.10264	0.0345
V461	0.17495	0.32604	0.22216	0.06908	0.20778
V462	0.04936	0.09695	0.02517	0.5484	0.28012
V463	0.18699	0.09361	0.0226	0.671	0.02579
V464	0.14456	0.30729	0.48625	0.04345	0.01846
V465	0.05126	0.11271	0.02903	0.13613	0.67086
V466	0.03845	0.03095	0.01266	0.21567	0.70227
V467	0.057	0.23278	0.03792	0.58206	0.09024
V468	0.49455	0.31486	0.11154	0.04156	0.0375
V469	0.02522	0.30132	0.07178	0.33396	0.26773
V470	0.68823	0.12938	0.03246	0.12534	0.02459
V471	0.35169	0.28027	0.04333	0.19462	0.13009
V472	0.0215	0.06912	0.05053	0.12925	0.72959
V473	0.0331	0.25128	0.21733	0.3457	0.15258
V474	0.25459	0.16251	0.06599	0.46607	0.05084
V475	0.13818	0.1955	0.44729	0.07059	0.14844
V476	0.13628	0.09259	0.09276	0.61014	0.06823
V477	0.06977	0.82681	0.05764	0.04579	0
V478	0.16613	0.04706	0.01764	0.11574	0.65342
V479	0.68814	0.13113	0.03867	0.11764	0.02442
V480	0.1442	0.57097	0.08541	0.16682	0.03261
V481	0.22628	0.34117	0.07685	0.23225	0.12346
V482	0.12451	0.61523	0.2055	0.03816	0.0166
V483	0.30566	0.46143	0.02669	0.1565	0.04971
V484	0.2111	0.46364	0.13022	0.17513	0.01992
V485	0.54495	0.1545	0.1058	0.16018	0.03457
V486	0.06732	0.1621	0.25299	0.07879	0.43881
V487	0.11731	0.22447	0.3301	0.308	0.02012
V488	0.35702	0.1053	0.00924	0.38026	0.14818
V489	0.01229	0.34064	0.52047	0.10137	0.02524
V490	0.0102	0.20522	0.54975	0.21195	0.02288
V491	0.04423	0.40929	0.07026	0.16776	0.30846
V492	0.03062	0.14822	0.04166	0.73952	0.03998
V493	0.01591	0.03376	0.01675	0.90108	0.0325
V494	0.27846	0.0537	0.02606	0.55875	0.08303
V495	0.28426	0.26081	0.18976	0.20448	0.06069
V496	0.12897	0.07788	0.05978	0.10834	0.62502
V497	0.09582	0.09847	0.13351	0.18053	0.49167
V498	0.09335	0.76139	0.06851	0.05472	0.02203
V499	0.04603	0.26325	0.23279	0.12412	0.33381
V500	0.10954	0.43963	0.12443	0.26764	0.05876
V501	0.07903	0.28619	0.03551	0.10295	0.49631
V502	0.14834	0.69572	0.07864	0.0773	0
V503	0.36998	0.11924	0.17506	0.18329	0.15243
V504	0.43019	0.20896	0.0204	0.07657	0.26388
V505	0.52576	0.07596	0.03146	0.14695	0.21986
V506	0.03907	0.46186	0.0889	0.08092	0.32924
V507	0.69026	0.08807	0.03613	0.14137	0.04416
V508	0.03892	0.57926	0.22454	0.08568	0.07159
V509	0.05802	0.42141	0.14911	0.24687	0.12458
V510	0.38244	0.44692	0.067	0.08942	0.01422
V511	0.06268	0.37472	0.4234	0.07396	0.06524
V512	0.14748	0.43197	0.17708	0.09854	0.14493
V513	0.17774	0.59454	0.10194	0.09389	0.0319
V514	0.02161	0.08548	0.19462	0.13079	0.5675
V515	0.0688	0.13285	0.01297	0.76629	0.0191
V516	0.14973	0.33851	0.11636	0.37145	0.02395
V517	0.01579	0.07207	0.05318	0.83005	0.02892
V518	0.33943	0.14513	0.25817	0.21577	0.0415
V519	0.65547	0.12645	0.01444	0.17913	0.0245
V520	0.09114	0.74175	0.05911	0.108	0
V521	0.17898	0.07701	0.11946	0.59937	0.02519
V522	0.04573	0.29911	0.44814	0.1611	0.04592
V523	0.12535	0.23903	0.54348	0.07146	0.02068
V524	0.27694	0.20148	0.4217	0.03416	0.06571
V525	0.02722	0.19175	0.0469	0.11945	0.61468
V526	0.03725	0.2477	0.62255	0.05128	0.04123
V527	0.08529	0.48137	0.35612	0.0499	0.02731
V528	0.13357	0.04495	0.02785	0.77221	0.02142
V529	0.17581	0.22758	0.53424	0.03531	0.02706
V530	0.01953	0.24201	0.62923	0.07407	0.03516
V531	0.17606	0.46671	0.10873	0.07163	0.17686
V532	0.06594	0.2955	0.26477	0.06353	0.31026
V533	0.24802	0.05008	0.01025	0.10681	0.58485
V534	0.11234	0.09096	0.01053	0.74495	0.04123
V535	0.69566	0.18102	0.05442	0.04557	0.02333
V536	0.11529	0.25824	0.31875	0.08315	0.22457
V537	0.03151	0.05651	0.02852	0.13369	0.74977
V538	0.53634	0.15004	0.01661	0.09301	0.204
V539	0.01726	0.28477	0.50077	0.12902	0.06818
V540	0.16283	0.42736	0.10644	0.10754	0.19584
V541	0.04425	0.35447	0.04643	0.11395	0.44089
V542	0.0401	0.31649	0.11794	0.46251	0.06296
V543	0.05934	0.26126	0.50952	0.08057	0.08931
V544	0.29751	0.23492	0.16614	0.11647	0.18497
V545	0.5717	0.33856	0.02589	0.05195	0.0119
V546	0.08402	0.68825	0.11897	0.0543	0.05446
V547	0.10521	0.67543	0.03984	0.15597	0.02355
V548	0.00958	0.08205	0.01871	0.85989	0.02977
V549	0.01762	0.04222	0.03354	0.26702	0.6396
V550	0.05888	0.7514	0.13267	0.05091	0.00614
V551	0.01644	0.032	0.00981	0.91618	0.02556
V552	0.20253	0.05968	0.02992	0.13517	0.57269
V553	0.64096	0.09038	0.02436	0.18782	0.05648
V554	0.0927	0.18524	0.38086	0.3132	0.02799
V555	0.06701	0.80718	0.05616	0.04788	0.02177
V556	0.0718	0.0907	0.05885	0.71592	0.06273
V557	0.27518	0.24022	0.04909	0.37945	0.05606
V558	0.01089	0.21904	0.57147	0.16319	0.03541
V559	0.09868	0.44426	0.38055	0.04129	0.03521
V560	0.54489	0.27574	0.12752	0.03882	0.01304
V561	0.58605	0.10363	0.12046	0.06294	0.12692
V562	0.11598	0.11648	0.14208	0.16712	0.45834
V563	0.19412	0.286	0.18941	0.15871	0.17176
V564	0.29719	0.08564	0.06089	0.37474	0.18154
V565	0.02096	0.04192	0.02812	0.1686	0.7404
V566	0.26026	0.16055	0.03816	0.36563	0.17541
V567	0.0197	0.24824	0.68196	0.02738	0.02272
V568	0.02946	0.2911	0.3543	0.31314	0.012
V569	0.52294	0.16522	0.1009	0.16335	0.04758
V570	0.11402	0.12671	0.23361	0.45223	0.07343
V571	0.22135	0.10962	0.19832	0.35256	0.11815
V572	0.70778	0.08484	0.00728	0.06674	0.13335
V573	0.06902	0.16559	0.2786	0.38368	0.10311
V574	0.45531	0.29398	0.08372	0.13541	0.03158
V575	0.3165	0.10175	0.11112	0.11947	0.35116
V576	0.06303	0.76962	0.05353	0.05907	0.05476
V577	0.38266	0.44504	0.05989	0.09809	0.01432
V578	0.02622	0.26458	0.41359	0.24155	0.05406
V579	0.03082	0.49278	0.30467	0.06773	0.10399
V580	0.20804	0.46621	0.04146	0.25619	0.0281
V581	0.0556	0.47799	0.33654	0.11674	0.01313
V582	0.0046	0.27052	0.67432	0.03508	0.01548
V583	0.49565	0.16015	0.26674	0.06109	0.01637
V584	0.21378	0.45501	0.12206	0.08218	0.12698
V585	0.0616	0.67201	0.10231	0.10899	0.05509
V586	0.05272	0.69843	0.19236	0.05649	0
V587	0.06925	0.58932	0.04323	0.09033	0.20788
V588	0.21146	0.42303	0.31763	0.03317	0.01471
V589	0.09507	0.35872	0.06589	0.44875	0.03157
V590	0.06569	0.67896	0.04057	0.0677	0.14707
V591	0.42903	0.44682	0.05948	0.05009	0.01458
V592	0.01963	0.20317	0.56685	0.06968	0.14067
V593	0.3539	0.06121	0.01324	0.51065	0.061
V594	0.00758	0.2684	0.49986	0.16968	0.05448
V595	0.43647	0.10942	0.06635	0.33726	0.05051
V596	0.38652	0.2445	0.18182	0.15465	0.03251
V597	0.03502	0.17742	0.02442	0.20097	0.56216
V598	0.50325	0.0685	0.01396	0.07734	0.33694
V599	0.07366	0.36437	0.10452	0.41884	0.0386
V600	0.23389	0.10557	0.1579	0.39137	0.11127
V601	0.12675	0.11486	0.018	0.51068	0.22972
V602	0.71296	0.20016	0.01315	0.05618	0.01754
V603	0.12518	0.15072	0.04121	0.21159	0.47129
V604	0.01993	0.20517	0.52972	0.13138	0.11379
V605	0.03485	0.11205	0.12224	0.15963	0.57123
V606	0.70638	0.07894	0.00707	0.06763	0.13998
V607	0.15336	0.12711	0.03368	0.11072	0.57512
V608	0.62318	0.09844	0.03701	0.13238	0.10899
V609	0.16978	0.27818	0.03175	0.44091	0.07938
V610	0.09408	0.56001	0.04095	0.29379	0.01117
V611	0.22357	0.20708	0.45577	0.05401	0.05956
V612	0.31552	0.16211	0.25369	0.06636	0.20231
V613	0.38512	0.47276	0.06172	0.07342	0.00698
V614	0.45988	0.08931	0.02683	0.13914	0.28483
V615	0.01003	0.13363	0.12231	0.58675	0.14728
V616	0.53754	0.10931	0.12972	0.17496	0.04847
V617	0.19039	0.2036	0.36203	0.12462	0.11936
V618	0.60555	0.15782	0.06552	0.06404	0.10707
V619	0.45442	0.13133	0.1359	0.06489	0.21346
V620	0.03761	0.13749	0.28572	0.51568	0.0235
V621	0.12974	0.26979	0.25902	0.05994	0.28152
V622	0.02623	0.2648	0.30176	0.0737	0.33352
V623	0.06251	0.0409	0.01559	0.70827	0.17273
V624	0.7481	0.0859	0.0131	0.07626	0.07664
V625	0.00758	0.1045	0.09119	0.77	0.02674
V626	0.06313	0.18268	0.42472	0.29412	0.03535
V627	0.10448	0.18216	0.11617	0.11323	0.48396
V628	0.78037	0.10285	0.01452	0.08052	0.02174
V629	0.11204	0.33971	0.47886	0.05171	0.01767
V630	0.0267	0.17396	0.03903	0.12975	0.63056
V631	0.01313	0.10411	0.23364	0.10227	0.54686
V632	0.06361	0.66642	0.04719	0.09224	0.13053
V633	0.05181	0.06176	0.08663	0.54621	0.25359
V634	0.3713	0.42429	0.15113	0.04513	0.00815
V635	0.0442	0.15731	0.16966	0.10819	0.52064
V636	0.17401	0.2391	0.26387	0.21637	0.10665
V637	0.17897	0.1539	0.323	0.25938	0.08474
V638	0.08444	0.40385	0.0472	0.15012	0.31439
V639	0.47587	0.37762	0.08895	0.04104	0.01651
V640	0.10439	0.19785	0.08637	0.28508	0.32631
V641	0.10947	0.61734	0.0587	0.18996	0.02454
V642	0.60927	0.10279	0.01346	0.25547	0.01901
V643	0.07004	0.75288	0.10819	0.06889	0
V644	0.04787	0.3735	0.04534	0.49401	0.03927
V645	0.17429	0.64091	0.0519	0.13144	0.00146
V646	0.13554	0.45988	0.05586	0.28212	0.06661
V647	0.76706	0.08954	0.01353	0.10812	0.02174
V648	0.38176	0.1376	0.01655	0.31657	0.14753
V649	0.23712	0.13539	0.08005	0.17556	0.37189
V650	0.02283	0.04691	0.05901	0.84831	0.02294
V651	0.13094	0.1964	0.01522	0.64163	0.01582
V652	0.30628	0.06671	0.03942	0.55482	0.03276
V653	0.29026	0.07689	0.05355	0.52608	0.05322
V654	0.04157	0.0936	0.01481	0.17299	0.67704
V655	0.13329	0.15469	0.24902	0.4403	0.0227
V656	0.11042	0.04764	0.01152	0.19892	0.63151
V657	0.04186	0.42225	0.05553	0.37851	0.10186
V658	0.02748	0.0651	0.03762	0.63223	0.23756
V659	0.01511	0.07066	0.07433	0.76755	0.07235
V660	0.06889	0.29789	0.04294	0.12498	0.46531
V661	0.05389	0.56035	0.04899	0.23757	0.0992
V662	0.04638	0.38026	0.04752	0.08765	0.43818
V663	0.81082	0.09573	0.01512	0.0553	0.02303
V664	0.02601	0.06007	0.10972	0.4345	0.3697
V665	0.03774	0.57105	0.22364	0.12725	0.04032
V666	0.11315	0.75187	0.08353	0.05145	0
V667	0.04141	0.50772	0.25906	0.14254	0.04927
V668	0.54874	0.25558	0.05969	0.10328	0.0327
V669	0.41756	0.29557	0.04365	0.13897	0.10424
V670	0.10369	0.54554	0.07738	0.0925	0.18089
V671	0.61931	0.12567	0.15883	0.07287	0.0233
V672	0.08682	0.11299	0.08924	0.35232	0.35863
V673	0.02117	0.05084	0.01378	0.21583	0.69839
V674	0.30368	0.23707	0.38088	0.03309	0.04529
V675	0.56674	0.08347	0.0432	0.19551	0.11108
V676	0.21695	0.23393	0.38524	0.04033	0.12355
V677	0.04423	0.28749	0.20272	0.40259	0.06297
V678	0.05907	0.27749	0.03538	0.12122	0.50684
V679	0.01091	0.15081	0.36244	0.45239	0.02346
V680	0.14977	0.04908	0.02833	0.39758	0.37525
V681	0.43859	0.09571	0.04555	0.32705	0.0931
V682	0.00327	0.25887	0.69411	0.02754	0.0162
V683	0.06443	0.30441	0.49131	0.03713	0.10273
V684	0.05257	0.0424	0.016	0.86533	0.02371
V685	0.01087	0.23461	0.61173	0.12057	0.02221
V686	0.27971	0.5403	0.09616	0.0655	0.01833
V687	0.00193	0.17207	0.45037	0.34592	0.02971
V688	0.00299	0.25233	0.67927	0.03603	0.02939
V689	0.40987	0.14756	0.16776	0.14747	0.12735
V690	0.12357	0.73971	0.0585	0.07161	0.00661
V691	0.12531	0.1507	0.05363	0.62535	0.04501
V692	0.06253	0.05732	0.02278	0.76207	0.09529
V693	0.02865	0.50246	0.39006	0.0655	0.01334
V694	0.08158	0.19201	0.04938	0.60244	0.07458
V695	0.1204	0.15985	0.13663	0.10299	0.48013
V696	0.10535	0.20469	0.54566	0.04258	0.10172
V697	0.09147	0.19298	0.26549	0.34786	0.1022
V698	0.02415	0.08755	0.15839	0.11396	0.61595
V699	0.03431	0.05681	0.05114	0.66768	0.19007
V700	0.07651	0.70991	0.11286	0.04628	0.05445
V701	0.02727	0.17116	0.03201	0.12373	0.64584
V702	0.02244	0.12431	0.01984	0.69197	0.14145
V703	0.01582	0.0516	0.03116	0.87048	0.03093
V704	0.04551	0.16901	0.32177	0.08593	0.37778
V705	0.77655	0.10021	0.00842	0.06866	0.04615
V706	0.13521	0.19097	0.14542	0.448	0.0804
V707	0.1296	0.14928	0.07545	0.32147	0.32419
V708	0.0346	0.56191	0.35726	0.04175	0.00449
V709	0.02132	0.05332	0.04306	0.13266	0.74964
V710	0.11389	0.16995	0.37783	0.05692	0.2814
V711	0.06566	0.03893	0.03327	0.1448	0.71734
V712	0.05336	0.20539	0.51739	0.1951	0.02877
V713	0.23277	0.42816	0.2823	0.04884	0.00793
V714	0.0594	0.03986	0.01331	0.13569	0.75173
V715	0.01502	0.36249	0.47792	0.12711	0.01746
V716	0.63212	0.21158	0.02473	0.09725	0.03432
V717	0.34756	0.20538	0.1172	0.08445	0.24541
V718	0.54529	0.1395	0.21666	0.04532	0.05322
V719	0.35311	0.25673	0.10593	0.1628	0.12144
V720	0.11809	0.09267	0.08861	0.1315	0.56913
V721	0.03747	0.05086	0.05594	0.14252	0.7132
V722	0.02749	0.22579	0.0672	0.52404	0.15548
V723	0.10092	0.23009	0.11029	0.52379	0.03491
V724	0.13355	0.56412	0.07035	0.2214	0.01058
V725	0.04068	0.04116	0.02084	0.13628	0.76104
V726	0.21643	0.4416	0.07604	0.11243	0.1535
V727	0.01152	0.25001	0.67362	0.03565	0.0292
V728	0.63535	0.12337	0.10694	0.11092	0.02343
V729	0.51426	0.15611	0.03503	0.27169	0.02291
V730	0.10308	0.14789	0.30411	0.38023	0.06469
V731	0.00599	0.05999	0.06035	0.85101	0.02266
V732	0.01592	0.03398	0.01682	0.90798	0.0253
V733	0.02972	0.25764	0.65635	0.02773	0.02856
V734	0.40944	0.20582	0.28059	0.07716	0.02699
V735	0.07308	0.20526	0.19537	0.10304	0.42325
V736	0.02349	0.0683	0.02216	0.13469	0.75135
V737	0.80672	0.10047	0.01526	0.05483	0.02271
V738	0.03824	0.39366	0.04127	0.09596	0.43087
V739	0.01708	0.04565	0.01023	0.90215	0.02489
V740	0.19641	0.13188	0.1026	0.10256	0.46655
V741	0.42642	0.07755	0.01343	0.35173	0.13087
V742	0.0645	0.17816	0.41615	0.19522	0.14598
V743	0.0356	0.09087	0.07711	0.20131	0.59511
V744	0.16716	0.13263	0.14713	0.50181	0.05127
V745	0.14509	0.07224	0.04921	0.70685	0.02661
V746	0.35154	0.49152	0.06304	0.05264	0.04125
V747	0.02932	0.25494	0.6448	0.03589	0.03505
V748	0.1492	0.2604	0.24344	0.1112	0.23575
V749	0.16423	0.14996	0.11162	0.44521	0.12899
V750	0.65036	0.21764	0.0193	0.09698	0.01573
V751	0.039	0.42641	0.46483	0.05424	0.01551
V752	0.03398	0.13581	0.03745	0.12638	0.66638
V753	0.44864	0.15974	0.20172	0.07374	0.11616
V754	0.11037	0.28585	0.02623	0.55792	0.01962
V755	0.25073	0.62464	0.07255	0.04261	0.00946
V756	0.03225	0.12075	0.0364	0.1669	0.64371
V757	0.15149	0.06591	0.09057	0.66569	0.02634
V758	0.06855	0.37209	0.02421	0.51784	0.01731
V759	0.09037	0.08673	0.09692	0.10663	0.61934
V760	0.07254	0.11226	0.18117	0.2964	0.33763
V761	0.05917	0.36413	0.52278	0.03638	0.01754
V762	0.01807	0.10585	0.15124	0.4273	0.29753
V763	0.04023	0.2392	0.02774	0.1076	0.58524
V764	0.10001	0.10687	0.08061	0.68031	0.0322
V765	0.14579	0.20703	0.47967	0.07919	0.08831
V766	0.07807	0.45848	0.23828	0.09641	0.12875
V767	0.26298	0.42814	0.08165	0.1001	0.12713
V768	0.07838	0.72747	0.08992	0.09771	0.00652
V769	0.61649	0.12896	0.15269	0.04814	0.05372
V770	0.25261	0.17205	0.37702	0.17638	0.02194
V771	0.08029	0.62566	0.04471	0.1523	0.09704
V772	0.04603	0.2513	0.65332	0.03389	0.01546
V773	0.03676	0.03706	0.01228	0.26871	0.64519
V774	0.1382	0.16963	0.4104	0.05104	0.23073
V775	0.74528	0.09024	0.02488	0.10668	0.03292
V776	0.32563	0.40873	0.16003	0.0703	0.0353
V777	0.19732	0.38249	0.22493	0.1449	0.05036
V778	0.45404	0.10697	0.02089	0.25889	0.15922
V779	0.06976	0.44356	0.41774	0.04744	0.0215
V780	0.01965	0.24816	0.68151	0.03449	0.01618
V781	0.16931	0.31499	0.16755	0.0635	0.28465
V782	0.22018	0.23071	0.03698	0.09237	0.41976
V783	0.00569	0.18204	0.48667	0.07555	0.25005
V784	0.0415	0.52825	0.03268	0.3141	0.08346
V785	0.60971	0.17172	0.01081	0.14642	0.06134
V786	0.15023	0.19551	0.02782	0.59006	0.03638
V787	0.14226	0.51295	0.03059	0.24827	0.06594
V788	0.35208	0.38883	0.08441	0.05054	0.12414
V789	0.01901	0.15275	0.02194	0.45593	0.35037
V790	0.25829	0.23242	0.07052	0.1736	0.26517
V791	0.16699	0.22426	0.07908	0.24974	0.27993
V792	0.78059	0.10665	0.02682	0.05241	0.03354
V793	0.30089	0.26282	0.06437	0.15175	0.22018
V794	0.02356	0.07573	0.0981	0.25684	0.54577
V795	0.15219	0.72208	0.05734	0.0536	0.0148
V796	0.27263	0.38293	0.11597	0.19219	0.03629
V797	0.13881	0.03676	0.01129	0.13688	0.67626
V798	0.13765	0.44347	0.03435	0.15177	0.23276
V799	0.03149	0.16772	0.05679	0.68309	0.06091
V800	0.03705	0.04805	0.02634	0.22443	0.66413
V801	0.31664	0.08983	0.10945	0.43924	0.04484
V802	0.04577	0.18801	0.03216	0.11892	0.61514
V803	0.26137	0.07568	0.01459	0.60835	0.04002
V804	0.1748	0.21034	0.17614	0.38255	0.05616
V805	0.12929	0.23819	0.34918	0.19273	0.09062
V806	0.39824	0.11741	0.16594	0.11527	0.20315
V807	0.60015	0.09148	0.06159	0.10416	0.14262
V808	0.69356	0.09753	0.04899	0.05938	0.10054
V809	0.2055	0.52824	0.0519	0.08707	0.12729
V810	0.03024	0.0883	0.046	0.5049	0.33056
V811	0.05775	0.11462	0.03485	0.20249	0.59029
V812	0.03959	0.5916	0.20892	0.12757	0.03231
V813	0.03965	0.24956	0.1995	0.07939	0.43189
V814	0.19561	0.48367	0.08651	0.2073	0.02691
V815	0.23898	0.58711	0.06231	0.10152	0.01008
V816	0.03388	0.43404	0.03464	0.45949	0.03794
V817	0.65082	0.13731	0.12699	0.06737	0.01752
V818	0.04329	0.26796	0.30183	0.09247	0.29445
V819	0.7748	0.1038	0.02045	0.07953	0.02142
V820	0.07015	0.33802	0.1265	0.42615	0.03918
V821	0.02311	0.03905	0.01459	0.1425	0.78076
V822	0.16404	0.05789	0.02136	0.73583	0.02087
V823	0.05133	0.15266	0.19855	0.08898	0.50847
V824	0.07643	0.06696	0.03401	0.12305	0.69955
V825	0.12427	0.19178	0.47746	0.19083	0.01566
V826	0.03667	0.24469	0.65395	0.04907	0.01563
V827	0.30627	0.16107	0.0119	0.41788	0.10288
V828	0.22103	0.17948	0.10488	0.13104	0.36357
V829	0.08345	0.17201	0.2578	0.21933	0.26741
V830	0.12574	0.2066	0.50808	0.05759	0.10199
V831	0.04784	0.6331	0.08414	0.2106	0.02432
V832	0.18946	0.05885	0.06932	0.30061	0.38176
V833	0.20799	0.66069	0.04557	0.04692	0.03882
V834	0.63022	0.18437	0.04179	0.07669	0.06694
V835	0.22856	0.28079	0.09568	0.30998	0.085
V836	0.30616	0.20484	0.33937	0.1289	0.02073
V837	0.05651	0.71721	0.05829	0.09623	0.07176
V838	0.00489	0.0506	0.07412	0.84024	0.03014
V839	0.04629	0.07803	0.07719	0.11823	0.68027
V840	0.76292	0.10032	0.03176	0.07802	0.02698
V841	0.18335	0.22331	0.53762	0.03461	0.0211
V842	0.42884	0.14439	0.17235	0.22539	0.02903
V843	0.38908	0.09982	0.13038	0.1307	0.25001
V844	0.01849	0.31999	0.57639	0.05244	0.0327
V845	0.02797	0.03618	0.00988	0.64994	0.27604
V846	0.10787	0.09428	0.09631	0.15455	0.54698
V847	0.19144	0.06102	0.0561	0.20722	0.48422
V848	0.61705	0.10254	0.01348	0.14391	0.12302
V849	0.11779	0.23185	0.52181	0.04142	0.08713
V850	0.18619	0.14028	0.24091	0.19451	0.23811
V851	0.80618	0.09299	0.0088	0.06289	0.02914
V852	0.21518	0.11212	0.07901	0.2357	0.35799
V853	0.0335	0.26082	0.46702	0.16308	0.07558
V854	0.05095	0.352	0.2326	0.13182	0.23263
V855	0.10336	0.35153	0.10283	0.35692	0.08536
V856	0.15947	0.35503	0.07232	0.07291	0.34027
V857	0.07172	0.10994	0.14994	0.44725	0.22115
V858	0.03195	0.33885	0.18453	0.2591	0.18557
V859	0.11707	0.05649	0.02845	0.74865	0.04935
V860	0.03925	0.15779	0.07055	0.66394	0.06847
V861	0.12438	0.09168	0.11491	0.64382	0.02521
V862	0.07271	0.04496	0.03208	0.20175	0.6485
V863	0.06525	0.79322	0.06336	0.05626	0.02191
V864	0.03537	0.23121	0.6303	0.08729	0.01583
V865	0.07015	0.18635	0.47526	0.25227	0.01596
V866	0.0288	0.21314	0.48124	0.2417	0.03513
V867	0.4988	0.08756	0.01472	0.07612	0.32279
V868	0.19974	0.29544	0.33044	0.14328	0.0311
V869	0.03005	0.03767	0.03514	0.1428	0.75434
V870	0.24309	0.19049	0.08245	0.29227	0.1917
V871	0.04376	0.09817	0.09899	0.1868	0.57228
V872	0.33043	0.08821	0.02082	0.50031	0.06025
V873	0.05786	0.31253	0.14941	0.40961	0.07058
V874	0.09617	0.07716	0.02004	0.12786	0.67877
V875	0.01751	0.1744	0.03612	0.53939	0.23259
V876	0.41486	0.11858	0.06137	0.08688	0.31831
V877	0.23366	0.54468	0.0674	0.13608	0.01819
V878	0.04412	0.58802	0.07368	0.27619	0.01799
V879	0.75524	0.11906	0.02074	0.07857	0.02639
V880	0.07808	0.10357	0.03856	0.4733	0.30649
V881	0.0156	0.16203	0.42251	0.06374	0.33613
V882	0.0504	0.40224	0.03992	0.49846	0.00898
V883	0.44652	0.19241	0.02489	0.23016	0.10603
V884	0.02271	0.03206	0.01436	0.15143	0.77943
V885	0.14686	0.18358	0.31331	0.15374	0.20251
V886	0.01579	0.03714	0.03982	0.31411	0.59315
V887	0.11531	0.7551	0.05194	0.04744	0.03022
V888	0.05601	0.12609	0.06104	0.6877	0.06916
V889	0.13856	0.69814	0.07868	0.06969	0.01493
V890	0.0314	0.08025	0.12493	0.64726	0.11617
V891	0.00438	0.26916	0.66833	0.04276	0.01538
V892	0.52954	0.24569	0.03354	0.06127	0.12995
V893	0.12924	0.28519	0.40717	0.11209	0.06632
V894	0.1035	0.45486	0.07128	0.31906	0.0513
V895	0.54918	0.14228	0.223	0.06297	0.02258
V896	0.18573	0.25877	0.20887	0.3276	0.01903
V897	0.00666	0.04019	0.04462	0.78133	0.12719
V898	0.35154	0.06124	0.02121	0.11291	0.4531
V899	0.5082	0.31365	0.09069	0.04319	0.04428
V900	0.22358	0.28046	0.23906	0.22517	0.03173
V901	0.56345	0.11151	0.01399	0.22754	0.0835
