mature.neutrophil	CD14.pos.CD16.neg.classical.monocyte	macrophage	memory.CD4.pos.AB.T.cell	cytotoxic.CD56.dim.NK.cell
V1	0.26214	0.20391	0.23655	0.18012	0.11728
V2	0.0555	0.68374	0.09304	0.11703	0.05068
V3	0.0617	0.14241	0.36722	0.39404	0.03463
V4	0.02294	0.12141	0.22551	0.10497	0.52516
V5	0.02858	0.08055	0.07499	0.15204	0.66384
V6	0.26598	0.13225	0.24793	0.25369	0.10015
V7	0.01844	0.16528	0.36947	0.11448	0.33234
V8	0.01887	0.21644	0.64291	0.10187	0.01991
V9	0.0575	0.09898	0.23328	0.57546	0.03477
V10	0.35066	0.17399	0.38071	0.05669	0.03795
V11	0.04332	0.10337	0.11366	0.11986	0.61978
V12	0.07744	0.10884	0.20799	0.3181	0.28763
V13	0.12068	0.09866	0.05475	0.43611	0.28981
V14	0.141	0.06454	0.08194	0.61662	0.0959
V15	0.03598	0.05542	0.01743	0.83908	0.05208
V16	0.45325	0.12258	0.03275	0.35662	0.0348
V17	0.06889	0.26011	0.04174	0.11812	0.51114
V18	0.07761	0.40304	0.25059	0.24009	0.02867
V19	0.04101	0.07694	0.01985	0.16977	0.69242
V20	0.01265	0.18074	0.5554	0.22234	0.02887
V21	0.029	0.28148	0.14552	0.20473	0.33927
V22	0.6385	0.15586	0.08094	0.07891	0.04579
V23	0.08061	0.08446	0.0413	0.18571	0.60791
V24	0.3831	0.16914	0.0422	0.115	0.29055
V25	0.03546	0.07808	0.03295	0.44486	0.40865
V26	0.39019	0.23637	0.08057	0.10863	0.18424
V27	0.10926	0.47002	0.19876	0.0682	0.15376
V28	0.03689	0.13755	0.19054	0.58216	0.05287
V29	0.01761	0.10499	0.28734	0.55038	0.03969
V30	0.58424	0.16473	0.04756	0.10072	0.10275
V31	0.35119	0.17624	0.03529	0.27754	0.15974
V32	0.72651	0.08648	0.02748	0.0919	0.06763
V33	0.03331	0.21998	0.04036	0.16958	0.53676
V34	0.11548	0.73611	0.05078	0.07646	0.02118
V35	0.08511	0.55255	0.26094	0.08298	0.01842
V36	0.03498	0.22729	0.17515	0.14	0.42258
V37	0.60244	0.08204	0.01883	0.09502	0.20167
V38	0.10235	0.16291	0.39838	0.21497	0.12139
V39	0.26001	0.15615	0.29359	0.07315	0.2171
V40	0.19918	0.53611	0.05419	0.16339	0.04713
V41	0.05289	0.74096	0.05854	0.07013	0.07749
V42	0.67648	0.11582	0.03968	0.09218	0.07584
V43	0.36593	0.22036	0.30175	0.08321	0.02876
V44	0.03575	0.35025	0.46818	0.05286	0.09295
V45	0.04047	0.58902	0.12721	0.19146	0.05183
V46	0.1066	0.66286	0.10677	0.09235	0.03143
V47	0.01188	0.22802	0.69098	0.04445	0.02468
V48	0.14153	0.19092	0.21016	0.33913	0.11827
V49	0.36043	0.21126	0.21192	0.18465	0.03174
V50	0.02679	0.2353	0.67502	0.04385	0.01904
V51	0.09468	0.29711	0.20068	0.11641	0.29112
V52	0.05829	0.78996	0.05415	0.07689	0.02071
V53	0.03819	0.17004	0.02972	0.72186	0.04019
V54	0.18901	0.05555	0.03001	0.55422	0.17122
V55	0.07696	0.04228	0.01639	0.819	0.04537
V56	0.07518	0.03835	0.02283	0.74213	0.12151
V57	0.12544	0.24534	0.45536	0.07405	0.0998
V58	0.07276	0.08252	0.1423	0.2427	0.45972
V59	0.65871	0.11677	0.09831	0.09049	0.03573
V60	0.34388	0.23968	0.13368	0.17747	0.10528
V61	0.1755	0.07557	0.04634	0.27041	0.43218
V62	0.05949	0.13549	0.27555	0.17314	0.35633
V63	0.3314	0.27611	0.08334	0.10279	0.20636
V64	0.72692	0.10202	0.04134	0.0894	0.04032
V65	0.08441	0.11399	0.05541	0.60823	0.13796
V66	0.03725	0.07065	0.13138	0.71535	0.04536
V67	0.01986	0.13633	0.30609	0.13908	0.39863
V68	0.35016	0.14697	0.33249	0.09228	0.0781
V69	0.45639	0.19735	0.19089	0.0865	0.06886
V70	0.0611	0.61353	0.08189	0.20925	0.03423
V71	0.09069	0.67513	0.08479	0.1234	0.02599
V72	0.04597	0.38232	0.0557	0.09983	0.41617
V73	0.06258	0.06996	0.10784	0.56661	0.19301
V74	0.02706	0.08721	0.02581	0.76466	0.09527
V75	0.36233	0.25637	0.27562	0.07221	0.03348
V76	0.026	0.04493	0.03188	0.81338	0.08381
V77	0.02574	0.21711	0.66225	0.07548	0.01942
V78	0.01195	0.23058	0.68239	0.05052	0.02455
V79	0.07821	0.37834	0.06961	0.1942	0.27963
V80	0.11686	0.63779	0.04534	0.11535	0.08466
V81	0.01913	0.22777	0.68981	0.04407	0.01922
V82	0.20126	0.17614	0.05013	0.53069	0.04178
V83	0.09463	0.11249	0.04049	0.55014	0.20224
V84	0.09402	0.19587	0.03126	0.12408	0.55478
V85	0.012	0.2277	0.69016	0.05071	0.01944
V86	0.03139	0.2815	0.27766	0.37628	0.03318
V87	0.36911	0.07723	0.05788	0.44845	0.04733
V88	0.26169	0.19514	0.07308	0.24382	0.22626
V89	0.04314	0.25685	0.60493	0.07593	0.01915
V90	0.03103	0.21274	0.07875	0.16383	0.51365
V91	0.02357	0.05804	0.08553	0.7906	0.04225
V92	0.21236	0.1043	0.04804	0.12706	0.50825
V93	0.02248	0.14108	0.16077	0.50737	0.1683
V94	0.04737	0.19253	0.04562	0.28999	0.42448
V95	0.06732	0.24431	0.04818	0.16888	0.47131
V96	0.62263	0.09433	0.04415	0.10577	0.13313
V97	0.14897	0.09684	0.06313	0.17956	0.51149
V98	0.05475	0.37121	0.18998	0.17095	0.21311
V99	0.41759	0.16625	0.02795	0.27087	0.11734
V100	0.43169	0.20429	0.07121	0.12259	0.17022
V101	0.06589	0.77696	0.06089	0.07588	0.02038
V102	0.25686	0.26786	0.14602	0.1612	0.16806
V103	0.12643	0.06447	0.02591	0.1303	0.6529
V104	0.0516	0.39605	0.11058	0.09654	0.34522
V105	0.02939	0.08408	0.05919	0.16159	0.66575
V106	0.05216	0.66124	0.17718	0.06742	0.042
V107	0.04761	0.31315	0.52996	0.08511	0.02417
V108	0.02416	0.30577	0.60672	0.04484	0.01851
V109	0.06355	0.23089	0.07768	0.31733	0.31056
V110	0.15095	0.46145	0.19557	0.15916	0.03287
V111	0.22302	0.30067	0.39666	0.05881	0.02084
V112	0.15859	0.07041	0.11342	0.47518	0.1824
V113	0.20758	0.08799	0.11474	0.20968	0.38002
V114	0.45541	0.13605	0.06712	0.22688	0.11454
V115	0.6844	0.08226	0.02579	0.09706	0.11048
V116	0.03349	0.07287	0.02066	0.1441	0.72888
V117	0.04757	0.20367	0.60387	0.10882	0.03606
V118	0.05198	0.04147	0.01651	0.83157	0.05848
V119	0.25192	0.14413	0.32706	0.24987	0.02702
V120	0.01873	0.19767	0.61096	0.13046	0.04218
V121	0.17812	0.62772	0.04475	0.07843	0.07099
V122	0.04081	0.36738	0.10891	0.27655	0.20635
V123	0.39644	0.11322	0.0883	0.23929	0.16275
V124	0.18672	0.1569	0.08012	0.27075	0.30551
V125	0.04232	0.45074	0.42762	0.05604	0.02328
V126	0.1354	0.23644	0.21368	0.16499	0.2495
V127	0.2093	0.17643	0.49498	0.09251	0.02678
V128	0.18737	0.6559	0.0539	0.06916	0.03368
V129	0.21622	0.13886	0.24487	0.21035	0.1897
V130	0.0373	0.45448	0.07398	0.27338	0.16086
V131	0.02694	0.09127	0.20949	0.63599	0.03631
V132	0.3007	0.07435	0.01717	0.37872	0.22906
V133	0.01587	0.19101	0.45932	0.12518	0.20862
V134	0.06297	0.20698	0.58911	0.06709	0.07384
V135	0.02869	0.24666	0.56303	0.06951	0.09212
V136	0.74578	0.08938	0.02891	0.09355	0.04239
V137	0.69679	0.10727	0.02736	0.11304	0.05554
V138	0.21426	0.187	0.09658	0.19481	0.30735
V139	0.11071	0.07338	0.15216	0.62046	0.04329
V140	0.04057	0.09289	0.16044	0.11436	0.59173
V141	0.0254	0.3079	0.51509	0.12645	0.02516
V142	0.17569	0.122	0.2931	0.17336	0.23584
V143	0.02667	0.27367	0.41183	0.16923	0.11861
V144	0.40556	0.24212	0.08761	0.17831	0.08641
V145	0.01175	0.22721	0.67409	0.05704	0.02989
V146	0.04303	0.32144	0.03689	0.35633	0.24232
V147	0.08092	0.21742	0.5268	0.13261	0.04225
V148	0.14482	0.67063	0.05447	0.09681	0.03327
V149	0.02773	0.04158	0.01712	0.83459	0.07898
V150	0.11829	0.28935	0.47198	0.05182	0.06855
V151	0.35774	0.07102	0.03011	0.42482	0.11631
V152	0.02942	0.06001	0.11562	0.70377	0.09118
V153	0.1397	0.26545	0.3886	0.0973	0.10895
V154	0.1112	0.53056	0.06195	0.10047	0.19582
V155	0.04526	0.07094	0.13095	0.7078	0.04505
V156	0.089	0.15194	0.34612	0.18502	0.22791
V157	0.08896	0.12203	0.16777	0.30849	0.31275
V158	0.16041	0.14429	0.37665	0.10175	0.2169
V159	0.10746	0.21603	0.03838	0.57704	0.06109
V160	0.37116	0.2067	0.10871	0.11503	0.1984
V161	0.1921	0.09716	0.07791	0.11154	0.52129
V162	0.0124	0.23425	0.68952	0.04446	0.01937
V163	0.06499	0.0717	0.03428	0.15576	0.67327
V164	0.71117	0.12366	0.03579	0.09459	0.03479
V165	0.47827	0.24381	0.10036	0.11757	0.06
V166	0.05768	0.08982	0.2191	0.54262	0.09077
V167	0.04271	0.56635	0.05723	0.19059	0.14311
V168	0.0124	0.23425	0.68952	0.04446	0.01937
V169	0.05621	0.59968	0.18178	0.13162	0.03071
V170	0.21101	0.35971	0.08185	0.23851	0.10893
V171	0.24155	0.18325	0.31172	0.20438	0.0591
V172	0.16222	0.24958	0.0933	0.11039	0.3845
V173	0.18235	0.14938	0.10212	0.41381	0.15235
V174	0.17451	0.12354	0.30877	0.22645	0.16672
V175	0.07736	0.19201	0.13167	0.23325	0.36571
V176	0.30786	0.06416	0.02365	0.56462	0.03971
V177	0.15412	0.1784	0.44811	0.19039	0.02899
V178	0.21758	0.17239	0.37883	0.15107	0.08015
V179	0.10088	0.07847	0.02664	0.13117	0.66285
V180	0.03508	0.14063	0.31232	0.09041	0.42156
V181	0.07011	0.27896	0.02781	0.14722	0.47591
V182	0.45417	0.23861	0.03168	0.2168	0.05874
V183	0.07456	0.77613	0.05312	0.06932	0.02688
V184	0.2518	0.11884	0.26012	0.32295	0.04628
V185	0.09884	0.43781	0.05747	0.2031	0.20277
V186	0.12634	0.20222	0.05245	0.30157	0.31742
V187	0.07969	0.58573	0.04308	0.26062	0.03087
V188	0.64524	0.10788	0.05152	0.15771	0.03765
V189	0.36918	0.24469	0.05971	0.2902	0.03622
V190	0.33085	0.1585	0.20544	0.09056	0.21466
V191	0.18908	0.22144	0.03108	0.44002	0.11838
V192	0.26516	0.22443	0.13583	0.25154	0.12303
V193	0.06487	0.28902	0.43645	0.0891	0.12057
V194	0.22857	0.12202	0.10075	0.17816	0.37051
V195	0.43783	0.23628	0.22021	0.07584	0.02984
V196	0.02856	0.07349	0.07489	0.15318	0.66988
V197	0.07228	0.75107	0.05161	0.0982	0.02685
V198	0.20052	0.23796	0.06099	0.25638	0.24415
V199	0.57935	0.12563	0.1983	0.06915	0.02757
V200	0.60396	0.08205	0.04988	0.10646	0.15764
V201	0.049	0.0426	0.03777	0.69467	0.17596
V202	0.71232	0.12705	0.0234	0.09643	0.04079
V203	0.43284	0.26385	0.05304	0.12672	0.12355
V204	0.29262	0.13705	0.05595	0.10351	0.41087
V205	0.10987	0.11149	0.12658	0.15769	0.49438
V206	0.05315	0.11525	0.0195	0.74468	0.06743
V207	0.03598	0.05542	0.01743	0.83908	0.05208
V208	0.13101	0.28931	0.40186	0.09451	0.0833
V209	0.1455	0.10247	0.10935	0.12996	0.51271
V210	0.01174	0.22595	0.68713	0.05059	0.02459
V211	0.14025	0.12277	0.19789	0.11653	0.42257
V212	0.06203	0.65991	0.11472	0.1007	0.06264
V213	0.10151	0.06518	0.07717	0.31354	0.4426
V214	0.03095	0.51166	0.35682	0.06593	0.03464
V215	0.21246	0.25398	0.14666	0.14562	0.24128
V216	0.05931	0.15062	0.29813	0.1141	0.37784
V217	0.02531	0.04007	0.03905	0.7925	0.10307
V218	0.07113	0.23805	0.26288	0.33842	0.08953
V219	0.11074	0.30798	0.33688	0.21581	0.02857
V220	0.17431	0.63101	0.09648	0.07195	0.02625
V221	0.04725	0.19205	0.42131	0.07662	0.26277
V222	0.04068	0.0728	0.02781	0.14717	0.71154
V223	0.39611	0.13108	0.27083	0.16511	0.03687
V224	0.04875	0.49448	0.06097	0.15118	0.24462
V225	0.54809	0.21707	0.13137	0.07121	0.03225
V226	0.39061	0.46521	0.03789	0.07439	0.03189
V227	0.09155	0.24512	0.03272	0.56981	0.06081
V228	0.4408	0.13951	0.23919	0.12797	0.05253
V229	0.21914	0.38877	0.24995	0.09871	0.04344
V230	0.04079	0.06573	0.02775	0.14857	0.71717
V231	0.06511	0.53378	0.09307	0.22101	0.08702
V232	0.60394	0.11977	0.1707	0.07722	0.02838
V233	0.06508	0.10869	0.15196	0.17317	0.5011
V234	0.02851	0.36224	0.2116	0.35321	0.04443
V235	0.73645	0.09202	0.02244	0.11175	0.03733
V236	0.07257	0.17365	0.49852	0.19893	0.05633
V237	0.11188	0.16066	0.24273	0.32487	0.15986
V238	0.02883	0.06053	0.0258	0.35047	0.53437
V239	0.069	0.37873	0.07738	0.23121	0.24367
V240	0.06928	0.72506	0.05764	0.08369	0.06433
V241	0.05817	0.79127	0.05405	0.0696	0.0269
V242	0.04099	0.33279	0.27488	0.28436	0.06698
V243	0.36678	0.13535	0.28296	0.09227	0.12265
V244	0.03879	0.39617	0.19946	0.14032	0.22526
V245	0.05449	0.76159	0.07539	0.08884	0.01969
V246	0.49034	0.27574	0.05366	0.08421	0.09607
V247	0.15369	0.22999	0.48025	0.09425	0.04182
V248	0.09426	0.53861	0.06261	0.08748	0.21704
V249	0.21276	0.15187	0.19755	0.16122	0.2766
V250	0.02835	0.19426	0.51574	0.08523	0.17642
V251	0.18498	0.08541	0.09757	0.5584	0.07363
V252	0.03139	0.23155	0.45266	0.17312	0.1113
V253	0.2526	0.49776	0.1101	0.10601	0.03352
V254	0.42725	0.35221	0.03137	0.14987	0.0393
V255	0.63824	0.14076	0.02183	0.10594	0.09324
V256	0.04739	0.66451	0.06171	0.08123	0.14515
V257	0.35548	0.31025	0.15081	0.10151	0.08195
V258	0.14391	0.29843	0.07187	0.448	0.0378
V259	0.41685	0.29631	0.17486	0.07175	0.04023
V260	0.22652	0.1116	0.11558	0.16308	0.38322
V261	0.02958	0.15726	0.42114	0.28188	0.11014
V262	0.69049	0.11045	0.06585	0.09545	0.03776
V263	0.61441	0.14021	0.03408	0.17873	0.03257
V264	0.07147	0.74446	0.05887	0.10478	0.02042
V265	0.62636	0.15594	0.08726	0.09537	0.03508
V266	0.03539	0.07855	0.09775	0.14026	0.64804
V267	0.0638	0.06466	0.02558	0.24578	0.60018
V268	0.17003	0.39666	0.15418	0.21903	0.06009
V269	0.08034	0.34216	0.31854	0.21332	0.04564
V270	0.05774	0.04851	0.04591	0.80445	0.0434
V271	0.20305	0.60918	0.05102	0.09094	0.04582
V272	0.1017	0.69542	0.07043	0.08155	0.0509
V273	0.23835	0.10367	0.16876	0.34227	0.14696
V274	0.09595	0.09797	0.05605	0.26863	0.48139
V275	0.04822	0.60636	0.17481	0.13971	0.03091
V276	0.0199	0.18135	0.53369	0.22521	0.03987
V277	0.27359	0.17083	0.45456	0.05896	0.04205
V278	0.01825	0.13724	0.29611	0.42921	0.1192
V279	0.13459	0.04943	0.02991	0.70636	0.07971
V280	0.17037	0.07248	0.05226	0.59523	0.10966
V281	0.03755	0.21795	0.06169	0.63994	0.04287
V282	0.06649	0.78356	0.05355	0.06947	0.02693
V283	0.30391	0.09551	0.11977	0.11669	0.36412
V284	0.03264	0.24023	0.44385	0.06485	0.21843
V285	0.42269	0.40876	0.03451	0.10125	0.0328
V286	0.0696	0.21524	0.61491	0.07557	0.02468
V287	0.20569	0.13879	0.1647	0.31494	0.17588
V288	0.15938	0.17985	0.4887	0.06158	0.11048
V289	0.14165	0.21859	0.04564	0.5526	0.04152
V290	0.34761	0.41635	0.1477	0.06511	0.02323
V291	0.3353	0.21201	0.0307	0.38274	0.03925
V292	0.10557	0.15714	0.35085	0.10222	0.28423
V293	0.01447	0.26373	0.60853	0.08344	0.02984
V294	0.03251	0.07411	0.02854	0.14163	0.72321
V295	0.02539	0.1272	0.28582	0.47433	0.08726
V296	0.66163	0.16144	0.02373	0.09883	0.05437
V297	0.02617	0.19663	0.58384	0.14518	0.04818
V298	0.2509	0.05609	0.02298	0.5483	0.12173
V299	0.2287	0.04733	0.02967	0.65302	0.04128
V300	0.74488	0.09367	0.02308	0.1006	0.03777
V301	0.72877	0.0861	0.02772	0.11596	0.04144
V302	0.0278	0.05563	0.02505	0.45709	0.43444
V303	0.10044	0.22467	0.20631	0.22177	0.24682
V304	0.1462	0.20943	0.55573	0.05347	0.03517
V305	0.18178	0.3153	0.11113	0.16932	0.22247
V306	0.28295	0.55446	0.04173	0.08529	0.03557
V307	0.1917	0.1088	0.23815	0.42918	0.03217
V308	0.17966	0.18235	0.49962	0.1115	0.02686
V309	0.50916	0.13157	0.06602	0.18138	0.11187
V310	0.04772	0.08201	0.02689	0.20123	0.64215
V311	0.03254	0.04269	0.0542	0.82049	0.05008
V312	0.08395	0.28921	0.24049	0.08041	0.30595
V313	0.06733	0.28331	0.04201	0.35692	0.25042
V314	0.0867	0.06269	0.02425	0.42533	0.40102
V315	0.72988	0.08844	0.03392	0.09105	0.05671
V316	0.09916	0.50191	0.24588	0.08645	0.0666
V317	0.28976	0.2099	0.40271	0.06042	0.0372
V318	0.70389	0.08434	0.02638	0.09138	0.09401
V319	0.08592	0.23286	0.6049	0.05696	0.01935
V320	0.08424	0.03723	0.02314	0.80467	0.05073
V321	0.11616	0.34229	0.27839	0.22279	0.04038
V322	0.01997	0.32839	0.47079	0.09242	0.08843
V323	0.19746	0.28328	0.36606	0.07625	0.07695
V324	0.04955	0.07955	0.05465	0.76846	0.04778
V325	0.48964	0.16562	0.09583	0.17503	0.07389
V326	0.06032	0.08172	0.07206	0.21983	0.56607
V327	0.27504	0.43998	0.12943	0.08673	0.06882
V328	0.05173	0.28787	0.16706	0.45129	0.04206
V329	0.0179	0.15109	0.32954	0.46502	0.03645
V330	0.06951	0.21679	0.61712	0.04595	0.05063
V331	0.12831	0.09821	0.10184	0.175	0.49664
V332	0.34785	0.18211	0.3633	0.06339	0.04335
V333	0.31453	0.13964	0.26699	0.19484	0.08401
V334	0.04311	0.33877	0.45412	0.11673	0.04727
V335	0.55457	0.13467	0.09298	0.10995	0.10783
V336	0.14112	0.51498	0.25685	0.05705	0.02999
V337	0.02955	0.0673	0.03434	0.24965	0.61916
V338	0.54489	0.12221	0.1476	0.09193	0.09337
V339	0.17835	0.48427	0.19509	0.06303	0.07926
V340	0.04504	0.20908	0.12529	0.14114	0.47946
V341	0.02802	0.46885	0.38575	0.05937	0.05801
V342	0.22615	0.23854	0.36661	0.14558	0.02311
V343	0.51346	0.13468	0.24964	0.07608	0.02614
V344	0.09752	0.64721	0.08296	0.08957	0.08273
V345	0.19531	0.09683	0.02529	0.33828	0.34429
V346	0.04023	0.326	0.28899	0.29628	0.04851
V347	0.08083	0.44925	0.05785	0.35311	0.05896
V348	0.02603	0.22768	0.38083	0.24875	0.11671
V349	0.05968	0.35274	0.4401	0.06595	0.08154
V350	0.10231	0.38318	0.10821	0.27462	0.13168
V351	0.14386	0.15321	0.35798	0.30669	0.03826
V352	0.09619	0.49684	0.32333	0.06008	0.02356
V353	0.2206	0.32068	0.06508	0.12309	0.27055
V354	0.42044	0.15942	0.33682	0.0591	0.02422
V355	0.08029	0.12271	0.28959	0.47013	0.03727
V356	0.07711	0.21299	0.60576	0.06403	0.04011
V357	0.04647	0.17924	0.4286	0.08931	0.25638
V358	0.04166	0.06995	0.04712	0.79238	0.04889
V359	0.06135	0.12439	0.02719	0.74567	0.0414
V360	0.53933	0.12622	0.09937	0.20468	0.03039
V361	0.28455	0.43773	0.11426	0.06951	0.09394
V362	0.6241	0.10391	0.10418	0.07879	0.08902
V363	0.04704	0.08678	0.02677	0.23779	0.60162
V364	0.04851	0.27204	0.049	0.4605	0.16995
V365	0.02703	0.04289	0.02468	0.83988	0.06552
V366	0.1621	0.19246	0.46398	0.10466	0.07681
V367	0.18958	0.25612	0.20365	0.20957	0.14108
V368	0.56899	0.1637	0.1283	0.08506	0.05396
V369	0.04454	0.56744	0.24178	0.12743	0.01881
V370	0.03372	0.19298	0.1321	0.38425	0.25694
V371	0.06321	0.76024	0.09113	0.06596	0.01946
V372	0.49449	0.14997	0.14371	0.16788	0.04395
V373	0.10672	0.56482	0.1553	0.14718	0.02599
V374	0.08861	0.15282	0.3217	0.40721	0.02966
V375	0.22755	0.17583	0.46099	0.11307	0.02255
V376	0.02578	0.13711	0.35687	0.09205	0.38819
V377	0.08186	0.45647	0.21377	0.21994	0.02797
V378	0.11942	0.49692	0.19128	0.06626	0.12612
V379	0.04159	0.08796	0.12031	0.16915	0.58099
V380	0.0294	0.12109	0.16802	0.49195	0.18954
V381	0.14406	0.10658	0.02719	0.12291	0.59926
V382	0.35155	0.05854	0.02299	0.34196	0.22496
V383	0.04147	0.10049	0.24131	0.58201	0.03471
V384	0.23709	0.1201	0.16059	0.41389	0.06834
V385	0.09293	0.1436	0.02914	0.12329	0.61104
V386	0.51704	0.07745	0.02435	0.34508	0.03608
V387	0.2311	0.06697	0.02367	0.61986	0.05839
V388	0.05893	0.71057	0.07941	0.12509	0.02601
V389	0.117	0.66031	0.06114	0.09746	0.06408
V390	0.16162	0.05016	0.02284	0.65342	0.11196
V391	0.56356	0.18962	0.02332	0.14783	0.07567
V392	0.72635	0.11122	0.02935	0.09706	0.03602
V393	0.09599	0.09598	0.14807	0.5125	0.14747
V394	0.55766	0.08685	0.04335	0.21711	0.09503
V395	0.01721	0.12042	0.31859	0.50566	0.03812
V396	0.40659	0.16607	0.33978	0.05882	0.02874
V397	0.52714	0.18302	0.05508	0.17711	0.05765
V398	0.06804	0.07485	0.16222	0.60142	0.09347
V399	0.05465	0.07957	0.01855	0.33806	0.50917
V400	0.14428	0.47036	0.17295	0.19029	0.02212
V401	0.23933	0.1756	0.48268	0.08046	0.02194
V402	0.28307	0.16439	0.36317	0.11654	0.07283
V403	0.14415	0.12179	0.02009	0.22209	0.49188
V404	0.01632	0.17065	0.40185	0.35481	0.05638
V405	0.28755	0.26559	0.09092	0.25941	0.09654
V406	0.0263	0.2322	0.66809	0.04392	0.02949
V407	0.6759	0.11786	0.05296	0.12041	0.03288
V408	0.0441	0.34814	0.03833	0.30613	0.26331
V409	0.10663	0.06074	0.07499	0.64744	0.11019
V410	0.11193	0.21649	0.29256	0.11015	0.26887
V411	0.03323	0.07238	0.02046	0.15146	0.72247
V412	0.03606	0.19742	0.14116	0.12002	0.50533
V413	0.03507	0.26972	0.16038	0.37772	0.15711
V414	0.05359	0.11689	0.01958	0.49543	0.31451
V415	0.16014	0.06464	0.02548	0.12692	0.62281
V416	0.10763	0.13346	0.0425	0.22812	0.48829
V417	0.01933	0.19463	0.57939	0.14692	0.05972
V418	0.4468	0.36533	0.05186	0.08729	0.04872
V419	0.22158	0.08468	0.03932	0.2062	0.44822
V420	0.2065	0.08384	0.11431	0.13933	0.45602
V421	0.02543	0.09301	0.13744	0.14726	0.59686
V422	0.03186	0.06169	0.06194	0.69059	0.15392
V423	0.23203	0.24309	0.26075	0.22194	0.04219
V424	0.01708	0.15803	0.41771	0.07762	0.32956
V425	0.29308	0.35363	0.03064	0.09427	0.22837
V426	0.20464	0.19304	0.04368	0.46726	0.09138
V427	0.18248	0.55648	0.17483	0.06094	0.02525
V428	0.09143	0.56738	0.10951	0.14773	0.08395
V429	0.11841	0.66708	0.04694	0.12761	0.03997
V430	0.0397	0.14433	0.35448	0.21789	0.2436
V431	0.10389	0.35968	0.20228	0.27286	0.06129
V432	0.25203	0.13019	0.13024	0.36015	0.12739
V433	0.15637	0.15532	0.41558	0.23139	0.04134
V434	0.1944	0.32622	0.33126	0.07095	0.07717
V435	0.40915	0.16831	0.3027	0.09021	0.02963
V436	0.0633	0.53067	0.13237	0.11503	0.15863
V437	0.17608	0.08359	0.04683	0.24675	0.44676
V438	0.11964	0.31198	0.1997	0.29965	0.06902
V439	0.4815	0.07255	0.06328	0.33745	0.04522
V440	0.03017	0.39009	0.46521	0.06291	0.05162
V441	0.03849	0.50354	0.35543	0.07904	0.02351
V442	0.06637	0.78285	0.06144	0.06882	0.02052
V443	0.72342	0.08504	0.02745	0.12787	0.03623
V444	0.13966	0.38662	0.06126	0.35929	0.05316
V445	0.06849	0.36799	0.06861	0.45208	0.04284
V446	0.10661	0.09276	0.10774	0.5506	0.14229
V447	0.07663	0.05481	0.03097	0.48817	0.34943
V448	0.15889	0.07329	0.04016	0.13645	0.59122
V449	0.0124	0.23425	0.68952	0.04446	0.01937
V450	0.17523	0.17247	0.23335	0.18521	0.23373
V451	0.23237	0.21493	0.08169	0.36345	0.10755
V452	0.02827	0.07747	0.15518	0.6698	0.06928
V453	0.03615	0.05889	0.01733	0.50288	0.38474
V454	0.02041	0.18685	0.54044	0.07789	0.17441
V455	0.06515	0.27817	0.26546	0.1119	0.27932
V456	0.72126	0.08991	0.02132	0.11013	0.05737
V457	0.52502	0.23232	0.05793	0.12841	0.05633
V458	0.03086	0.39124	0.43384	0.09735	0.04671
V459	0.12824	0.10797	0.07002	0.49352	0.20025
V460	0.50711	0.14138	0.18483	0.12416	0.04253
V461	0.16198	0.32727	0.23811	0.08394	0.1887
V462	0.06056	0.11125	0.03354	0.52477	0.26988
V463	0.18829	0.09498	0.03196	0.63913	0.04564
V464	0.13179	0.28647	0.4966	0.06059	0.02455
V465	0.05727	0.14496	0.0369	0.13969	0.62118
V466	0.04853	0.05915	0.01873	0.21457	0.65901
V467	0.06442	0.24346	0.04733	0.54446	0.10033
V468	0.446	0.31253	0.12553	0.06938	0.04657
V469	0.03213	0.31878	0.0829	0.31824	0.24795
V470	0.63922	0.12569	0.04606	0.15153	0.0375
V471	0.32645	0.28848	0.05486	0.20178	0.12843
V472	0.03016	0.10064	0.06012	0.13117	0.6779
V473	0.04	0.25591	0.23321	0.32532	0.14556
V474	0.24551	0.16458	0.07846	0.44733	0.06412
V475	0.13032	0.18594	0.46912	0.08282	0.1318
V476	0.14091	0.09265	0.10657	0.57933	0.08053
V477	0.05818	0.79026	0.0621	0.06896	0.02049
V478	0.16913	0.0715	0.0257	0.12544	0.60823
V479	0.63862	0.12743	0.05262	0.14425	0.03708
V480	0.12744	0.56507	0.09321	0.16841	0.04586
V481	0.21024	0.34699	0.08872	0.23133	0.12272
V482	0.10672	0.59548	0.20946	0.05862	0.02972
V483	0.27499	0.46123	0.03659	0.16612	0.06108
V484	0.18959	0.45797	0.14032	0.17786	0.03427
V485	0.50489	0.15148	0.1225	0.17652	0.04461
V486	0.06998	0.17541	0.2752	0.08798	0.39144
V487	0.11461	0.2137	0.34821	0.29199	0.03149
V488	0.34544	0.1107	0.01872	0.37574	0.1494
V489	0.01838	0.31799	0.52744	0.10609	0.0301
V490	0.01963	0.18958	0.56231	0.20045	0.02802
V491	0.04525	0.42818	0.08038	0.16905	0.27715
V492	0.04391	0.15387	0.05063	0.69348	0.05812
V493	0.03523	0.0354	0.02428	0.8526	0.0525
V494	0.27568	0.05343	0.03639	0.54039	0.09411
V495	0.26516	0.25533	0.20609	0.20687	0.06655
V496	0.13148	0.10192	0.07176	0.11701	0.57784
V497	0.09971	0.11574	0.15117	0.18309	0.45029
V498	0.07838	0.73632	0.07318	0.07386	0.03826
V499	0.0492	0.27447	0.25024	0.12944	0.29664
V500	0.10218	0.44026	0.13453	0.25546	0.06757
V501	0.07909	0.31654	0.04432	0.11146	0.44859
V502	0.12619	0.67504	0.08468	0.09394	0.02015
V503	0.35045	0.11805	0.19526	0.19143	0.14481
V504	0.40104	0.22395	0.03106	0.09791	0.24605
V505	0.50068	0.08044	0.04382	0.16483	0.21022
V506	0.03834	0.47936	0.09908	0.09142	0.2918
V507	0.64728	0.08297	0.04995	0.16569	0.05411
V508	0.03608	0.56731	0.22805	0.09515	0.07341
V509	0.05763	0.42522	0.15967	0.23628	0.1212
V510	0.34193	0.44124	0.07746	0.10927	0.0301
V511	0.05999	0.358	0.43338	0.08457	0.06406
V512	0.13407	0.43227	0.18878	0.10958	0.13529
V513	0.15414	0.58544	0.10919	0.10704	0.04419
V514	0.03014	0.10385	0.21648	0.13374	0.51579
V515	0.07947	0.13822	0.02056	0.72056	0.04119
V516	0.14229	0.33922	0.1279	0.35084	0.03974
V517	0.03261	0.07378	0.06282	0.78245	0.04835
V518	0.31845	0.13509	0.27953	0.21818	0.04874
V519	0.60964	0.12451	0.02699	0.20018	0.03867
V520	0.07766	0.71866	0.06464	0.11857	0.02047
V521	0.18011	0.07338	0.13482	0.56918	0.0425
V522	0.04812	0.2831	0.46118	0.15879	0.04881
V523	0.11729	0.21922	0.55466	0.08357	0.02525
V524	0.25439	0.18643	0.44081	0.0547	0.06367
V525	0.03305	0.22541	0.05612	0.1237	0.56172
V526	0.0407	0.22574	0.62987	0.06357	0.04012
V527	0.07638	0.46246	0.36073	0.06567	0.03475
V528	0.14204	0.04396	0.037	0.735	0.042
V529	0.16143	0.2078	0.5469	0.05373	0.03013
V530	0.02593	0.22032	0.63584	0.08259	0.03532
V531	0.1582	0.47164	0.11926	0.08714	0.16377
V532	0.06541	0.30418	0.28132	0.07525	0.27384
V533	0.24723	0.07149	0.01831	0.12054	0.54243
V534	0.12038	0.09512	0.01826	0.7061	0.06014
V535	0.63695	0.17863	0.06916	0.07947	0.03578
V536	0.10987	0.25693	0.33923	0.09417	0.19981
V537	0.04021	0.08877	0.03601	0.13559	0.69942
V538	0.50287	0.15841	0.02789	0.11607	0.19477
V539	0.02354	0.26766	0.51405	0.12959	0.06517
V540	0.14838	0.43537	0.11765	0.11791	0.18069
V541	0.04581	0.38246	0.05564	0.12049	0.39559
V542	0.0462	0.3219	0.12955	0.42837	0.07399
V543	0.05965	0.24423	0.52561	0.08904	0.08147
V544	0.27791	0.23838	0.18262	0.1293	0.1718
V545	0.5082	0.34165	0.0382	0.08333	0.02862
V546	0.07122	0.67254	0.12322	0.07115	0.06187
V547	0.09166	0.66277	0.04658	0.15855	0.04044
V548	0.02763	0.08655	0.02624	0.80936	0.05022
V549	0.02875	0.06778	0.04186	0.26289	0.59872
V550	0.04954	0.72194	0.13466	0.06954	0.02432
V551	0.03635	0.03402	0.01696	0.8656	0.04707
V552	0.20306	0.08022	0.03975	0.14535	0.53162
V553	0.6014	0.08801	0.03712	0.20765	0.06582
V554	0.09338	0.17442	0.39968	0.29549	0.03703
V555	0.05596	0.77563	0.06065	0.0687	0.03908
V556	0.08232	0.09322	0.06946	0.67773	0.07727
V557	0.26005	0.24578	0.06048	0.36574	0.06796
V558	0.01954	0.20183	0.58261	0.15857	0.03745
V559	0.08914	0.42547	0.38656	0.05842	0.04042
V560	0.48968	0.27247	0.14305	0.06878	0.02603
V561	0.54646	0.10171	0.13953	0.08878	0.12352
V562	0.11751	0.13312	0.15981	0.17112	0.41843
V563	0.18165	0.28886	0.20537	0.16411	0.16001
V564	0.29007	0.08832	0.07441	0.36932	0.17788
V565	0.03101	0.07292	0.03559	0.16846	0.69201
V566	0.25178	0.16925	0.04941	0.35743	0.17213
V567	0.02596	0.22431	0.68165	0.04379	0.02429
V568	0.03606	0.28037	0.36765	0.29123	0.02469
V569	0.48559	0.16323	0.11697	0.17833	0.05589
V570	0.1165	0.12362	0.25294	0.42691	0.08003
V571	0.21514	0.10756	0.21794	0.34153	0.11784
V572	0.66298	0.08541	0.01949	0.09833	0.13378
V573	0.07439	0.16302	0.29878	0.36045	0.10337
V574	0.41589	0.29336	0.09681	0.15088	0.04306
V575	0.30518	0.11052	0.12825	0.13367	0.32238
V576	0.05316	0.74715	0.05869	0.07651	0.0645
V577	0.34236	0.43989	0.07039	0.11689	0.03047
V578	0.03273	0.25291	0.42848	0.22844	0.05745
V579	0.03041	0.48319	0.30993	0.0791	0.09737
V580	0.18775	0.46751	0.05104	0.24967	0.04402
V581	0.05244	0.45998	0.34155	0.12149	0.02453
V582	0.01313	0.24616	0.67105	0.05056	0.01909
V583	0.45262	0.14808	0.28907	0.08497	0.02527
V584	0.19192	0.4561	0.13299	0.09721	0.12178
V585	0.05336	0.65973	0.10729	0.11644	0.06318
V586	0.04504	0.67031	0.19312	0.07343	0.01809
V587	0.06233	0.59631	0.05101	0.10118	0.18917
V588	0.18751	0.40484	0.32787	0.05464	0.02514
V589	0.09385	0.36411	0.07576	0.41796	0.04832
V590	0.05759	0.67445	0.0471	0.08241	0.13845
V591	0.38059	0.44154	0.07044	0.07694	0.03048
V592	0.02623	0.19105	0.58234	0.07819	0.12219
V593	0.34469	0.06034	0.02318	0.49761	0.07418
V594	0.01593	0.25218	0.51317	0.16405	0.05467
V595	0.41502	0.10735	0.08019	0.33596	0.06148
V596	0.35567	0.23812	0.19895	0.16525	0.042
V597	0.0416	0.20876	0.03206	0.20027	0.51731
V598	0.4813	0.07873	0.02476	0.10096	0.31426
V599	0.0744	0.36721	0.11525	0.39006	0.05307
V600	0.22741	0.10415	0.17651	0.37863	0.11329
V601	0.13191	0.1269	0.02659	0.49109	0.22351
V602	0.64956	0.20004	0.02616	0.09127	0.03297
V603	0.12608	0.17442	0.05149	0.21296	0.43505
V604	0.0271	0.19335	0.54695	0.13142	0.10118
V605	0.04207	0.13527	0.13808	0.16101	0.52356
V606	0.66233	0.07949	0.01924	0.09916	0.13977
V607	0.15302	0.1541	0.04336	0.12102	0.5285
V608	0.5854	0.09843	0.05049	0.15476	0.11092
V609	0.16378	0.2866	0.0417	0.41843	0.08949
V610	0.08635	0.55734	0.04878	0.27645	0.03108
V611	0.20567	0.19119	0.47422	0.0709	0.05802
V612	0.2959	0.15951	0.27612	0.0841	0.18437
V613	0.34165	0.4657	0.072	0.09608	0.02457
V614	0.43938	0.09779	0.03835	0.15624	0.26823
V615	0.02332	0.14114	0.13654	0.55053	0.14847
V616	0.50164	0.1047	0.14825	0.18947	0.05594
V617	0.17857	0.19343	0.38427	0.1328	0.11093
V618	0.5611	0.1593	0.08072	0.09139	0.10749
V619	0.42685	0.1341	0.15445	0.08622	0.19837
V620	0.048	0.13232	0.30549	0.47709	0.03711
V621	0.1233	0.27434	0.27751	0.07401	0.25085
V622	0.03071	0.27327	0.32029	0.08283	0.29291
V623	0.07558	0.04704	0.02315	0.67857	0.17567
V624	0.6993	0.08282	0.02608	0.10866	0.08315
V625	0.02382	0.10615	0.10279	0.7217	0.04553
V626	0.06738	0.171	0.44332	0.27643	0.04186
V627	0.10453	0.20365	0.13141	0.12092	0.4395
V628	0.72289	0.09773	0.02825	0.11513	0.03599
V629	0.10299	0.31784	0.48795	0.06696	0.02425
V630	0.03302	0.20788	0.04761	0.13357	0.57793
V631	0.02176	0.12124	0.25702	0.10749	0.49248
V632	0.05606	0.66226	0.05387	0.10286	0.12495
V633	0.06336	0.0693	0.10031	0.52242	0.24461
V634	0.33059	0.41391	0.16255	0.07009	0.02287
V635	0.0495	0.17778	0.18803	0.11414	0.47054
V636	0.16433	0.2343	0.28286	0.21422	0.1043
V637	0.1713	0.14578	0.34614	0.25179	0.08499
V638	0.08104	0.4232	0.05692	0.15515	0.28368
V639	0.42365	0.37484	0.10147	0.06951	0.03052
V640	0.10591	0.21468	0.1	0.27892	0.30048
V641	0.0963	0.61041	0.06587	0.18686	0.04056
V642	0.56927	0.10091	0.02557	0.26965	0.0346
V643	0.05921	0.72521	0.11153	0.08522	0.01883
V644	0.05242	0.38047	0.05435	0.45691	0.05587
V645	0.15068	0.62795	0.05941	0.13999	0.02197
V646	0.12518	0.4633	0.06556	0.27005	0.07591
V647	0.7137	0.08388	0.02699	0.13948	0.03594
V648	0.36623	0.14333	0.02686	0.31639	0.14718
V649	0.23047	0.14951	0.09442	0.18322	0.34237
V650	0.03987	0.04676	0.06915	0.80133	0.0429
V651	0.13354	0.20264	0.02366	0.60239	0.03778
V652	0.29975	0.06443	0.05082	0.53545	0.04955
V653	0.28426	0.07495	0.06581	0.50823	0.06675
V654	0.04936	0.12558	0.02116	0.1744	0.6295
V655	0.13295	0.14847	0.26737	0.41476	0.03644
V656	0.11664	0.07214	0.01833	0.20213	0.59075
V657	0.04504	0.43089	0.06483	0.35244	0.1068
V658	0.04144	0.07511	0.0469	0.60361	0.23294
V659	0.03117	0.0732	0.08541	0.7248	0.08542
V660	0.06975	0.32635	0.0522	0.13108	0.42062
V661	0.05105	0.56365	0.05693	0.22658	0.10178
V662	0.04694	0.4072	0.0567	0.09692	0.39225
V663	0.7489	0.09007	0.02933	0.09415	0.03755
V664	0.03822	0.07143	0.12558	0.41895	0.34582
V665	0.03572	0.55756	0.22745	0.13045	0.04882
V666	0.0951	0.72448	0.08831	0.07251	0.0196
V667	0.04002	0.49701	0.26427	0.14331	0.05539
V668	0.49964	0.25721	0.07313	0.12585	0.04416
V669	0.38412	0.30168	0.05522	0.15346	0.10551
V670	0.09271	0.55146	0.08582	0.10346	0.16655
V671	0.56978	0.11828	0.17953	0.09964	0.03276
V672	0.09298	0.12787	0.10366	0.34238	0.33312
V673	0.03153	0.08128	0.0198	0.21402	0.65336
V674	0.27579	0.22222	0.39928	0.05506	0.04764
V675	0.53664	0.08286	0.0566	0.21078	0.11312
V676	0.1997	0.22307	0.40577	0.05878	0.11269
V677	0.04978	0.28775	0.21661	0.3745	0.07136
V678	0.0612	0.30835	0.04406	0.12774	0.45865
V679	0.02334	0.14387	0.38163	0.41624	0.03492
V680	0.15567	0.06164	0.03801	0.39037	0.35431
V681	0.41898	0.09579	0.05843	0.32793	0.09887
V682	0.0124	0.23425	0.68952	0.04446	0.01937
V683	0.06247	0.28857	0.50466	0.05208	0.09222
V684	0.0679	0.04351	0.02365	0.82006	0.04488
V685	0.01922	0.21364	0.61911	0.12236	0.02567
V686	0.24546	0.53059	0.10498	0.08587	0.0331
V687	0.01429	0.16113	0.46732	0.31983	0.03743
V688	0.01186	0.22889	0.67874	0.05064	0.02986
V689	0.38509	0.14542	0.18712	0.15996	0.1224
V690	0.10413	0.71639	0.0642	0.08876	0.02652
V691	0.12937	0.15462	0.06438	0.5902	0.06144
V692	0.07525	0.0612	0.0309	0.7258	0.10684
V693	0.02897	0.47968	0.39013	0.07756	0.02365
V694	0.08796	0.19956	0.05962	0.5658	0.08706
V695	0.11987	0.17878	0.15356	0.11201	0.43579
V696	0.10052	0.18917	0.56238	0.05711	0.09082
V697	0.09344	0.19096	0.28411	0.32907	0.10242
V698	0.03216	0.11002	0.1776	0.11811	0.56211
V699	0.04823	0.06337	0.06141	0.63779	0.18921
V700	0.06449	0.69169	0.1169	0.06478	0.06214
V701	0.03358	0.2064	0.03999	0.12797	0.59207
V702	0.03643	0.13491	0.02753	0.65402	0.14711
V703	0.03377	0.0533	0.0394	0.82312	0.05041
V704	0.05016	0.17632	0.34565	0.0935	0.33438
V705	0.72083	0.09638	0.02167	0.10395	0.05718
V706	0.13476	0.19212	0.16072	0.42441	0.08799
V707	0.13114	0.1643	0.08909	0.31406	0.30141
V708	0.03296	0.53569	0.3546	0.05902	0.01774
V709	0.03057	0.08486	0.05204	0.13465	0.69788
V710	0.11073	0.16972	0.40181	0.06991	0.24783
V711	0.07295	0.06645	0.0416	0.14737	0.67163
V712	0.05674	0.18964	0.53317	0.18715	0.0333
V713	0.2065	0.41247	0.29187	0.06888	0.02029
V714	0.06732	0.07098	0.01951	0.13875	0.70344
V715	0.02051	0.34189	0.48419	0.12833	0.02507
V716	0.57803	0.2138	0.03757	0.12426	0.04633
V717	0.32564	0.21359	0.13268	0.10184	0.22626
V718	0.50119	0.13133	0.23875	0.072	0.05674
V719	0.32877	0.25987	0.1198	0.17255	0.11901
V720	0.12056	0.11443	0.10297	0.13873	0.52331
V721	0.04565	0.0787	0.06621	0.14416	0.66528
V722	0.03722	0.23799	0.07808	0.4915	0.15521
V723	0.10309	0.23298	0.1231	0.49004	0.05079
V724	0.11927	0.5583	0.07828	0.21509	0.02906
V725	0.04953	0.0728	0.02765	0.13854	0.71148
V726	0.1957	0.448	0.0866	0.1243	0.1454
V727	0.01888	0.22701	0.67418	0.05027	0.02966
V728	0.58791	0.1175	0.12499	0.13529	0.03431
V729	0.47984	0.15628	0.04743	0.27858	0.03786
V730	0.10485	0.14176	0.3255	0.35773	0.07015
V731	0.02431	0.06107	0.07054	0.80129	0.04279
V732	0.0354	0.03541	0.0244	0.85848	0.0463
V733	0.03386	0.23538	0.65745	0.04393	0.02938
V734	0.37473	0.1932	0.30115	0.09651	0.0344
V735	0.07463	0.22128	0.21378	0.11066	0.37966
V736	0.03253	0.1025	0.02904	0.1365	0.69943
V737	0.74453	0.09535	0.02944	0.09351	0.03716
V738	0.0394	0.42076	0.04998	0.10444	0.38542
V739	0.0362	0.04823	0.0173	0.85205	0.04621
V740	0.19163	0.14982	0.11817	0.11427	0.42612
V741	0.41086	0.0798	0.02383	0.35198	0.13353
V742	0.06796	0.17179	0.43713	0.19039	0.13273
V743	0.04366	0.11521	0.08974	0.20006	0.55133
V744	0.16569	0.13124	0.16361	0.47603	0.06342
V745	0.15069	0.07184	0.05991	0.67177	0.0458
V746	0.31184	0.4865	0.07295	0.07665	0.05205
V747	0.0336	0.23252	0.64871	0.05052	0.03465
V748	0.1414	0.26319	0.26176	0.12071	0.21294
V749	0.16263	0.1543	0.12624	0.42594	0.13089
V750	0.59296	0.21861	0.03215	0.12526	0.03102
V751	0.03873	0.40251	0.4673	0.06797	0.02349
V752	0.0405	0.16963	0.0459	0.13012	0.61385
V753	0.41733	0.15558	0.22149	0.09457	0.11103
V754	0.1111	0.29291	0.03519	0.52054	0.04027
V755	0.21645	0.60856	0.08048	0.06718	0.02733
V756	0.03954	0.15246	0.04488	0.16784	0.59528
V757	0.15584	0.06332	0.10402	0.63232	0.04449
V758	0.07129	0.37879	0.03239	0.47919	0.03834
V759	0.09428	0.11032	0.1116	0.1137	0.5701
V760	0.07876	0.12255	0.20101	0.28809	0.30959
V761	0.057	0.33997	0.52658	0.0529	0.02355
V762	0.02963	0.11684	0.16852	0.40739	0.27761
V763	0.04432	0.27455	0.03544	0.11394	0.53176
V764	0.10757	0.10749	0.0925	0.64232	0.05012
V765	0.13604	0.19339	0.4987	0.09038	0.08149
V766	0.07197	0.45548	0.24726	0.1052	0.12008
V767	0.23806	0.43142	0.09266	0.11463	0.12323
V768	0.0666	0.7051	0.09431	0.10854	0.02544
V769	0.56775	0.12359	0.17331	0.07682	0.05852
V770	0.23605	0.15669	0.39833	0.17912	0.02982
V771	0.07135	0.62328	0.05199	0.15442	0.09896
V772	0.04817	0.22848	0.65443	0.04989	0.01903
V773	0.04736	0.06312	0.01844	0.2656	0.60548
V774	0.13207	0.16509	0.43418	0.06504	0.20361
V775	0.69546	0.08469	0.03856	0.13654	0.04474
V776	0.29308	0.40123	0.17141	0.08986	0.04442
V777	0.17952	0.37502	0.23777	0.15086	0.05682
V778	0.43237	0.11215	0.03201	0.2662	0.15726
V779	0.06419	0.42248	0.42119	0.06313	0.02901
V780	0.02607	0.22404	0.68079	0.04994	0.01917
V781	0.15763	0.32503	0.18289	0.07863	0.25582
V782	0.20998	0.25451	0.04741	0.1064	0.38171
V783	0.01439	0.17867	0.50812	0.08316	0.21566
V784	0.04224	0.53288	0.04044	0.29358	0.09085
V785	0.56338	0.17538	0.02254	0.16827	0.07042
V786	0.15028	0.20159	0.03736	0.55632	0.05444
V787	0.12916	0.5155	0.03924	0.24042	0.07568
V788	0.31931	0.39055	0.09645	0.07318	0.12051
V789	0.0302	0.17439	0.02978	0.43662	0.32901
V790	0.24457	0.24547	0.08354	0.18136	0.24506
V791	0.1618	0.23829	0.09235	0.24818	0.25938
V792	0.72313	0.1016	0.04094	0.08901	0.04532
V793	0.28141	0.27434	0.07671	0.16199	0.20554
V794	0.03334	0.09615	0.11259	0.25171	0.50622
V795	0.12903	0.70025	0.06355	0.07448	0.03269
V796	0.24923	0.38035	0.12746	0.19516	0.04779
V797	0.1436	0.06225	0.01825	0.14419	0.63171
V798	0.12709	0.45721	0.04368	0.15754	0.21449
V799	0.04363	0.17439	0.06676	0.63975	0.07546
V800	0.04649	0.0748	0.03393	0.223	0.62178
V801	0.30661	0.0856	0.12495	0.42578	0.05706
V802	0.05057	0.22214	0.04032	0.12442	0.56254
V803	0.25863	0.07572	0.02407	0.58426	0.05733
V804	0.16841	0.20897	0.19256	0.36425	0.06581
V805	0.12336	0.2295	0.36832	0.19064	0.08819
V806	0.37567	0.11856	0.18629	0.13075	0.18872
V807	0.56379	0.09219	0.07682	0.12751	0.13969
V808	0.64883	0.09521	0.06374	0.08972	0.10251
V809	0.18196	0.53078	0.06131	0.10208	0.12387
V810	0.04219	0.10334	0.05615	0.48448	0.31384
V811	0.06418	0.14268	0.04366	0.20258	0.5469
V812	0.03699	0.57719	0.21238	0.13067	0.04276
V813	0.04297	0.26812	0.21657	0.08851	0.38384
V814	0.17603	0.48086	0.09613	0.20552	0.04146
V815	0.20819	0.57677	0.0709	0.11622	0.02792
V816	0.03874	0.43989	0.04307	0.42329	0.05501
V817	0.59865	0.13076	0.1457	0.09622	0.02867
V818	0.0462	0.27349	0.32077	0.10031	0.25923
V819	0.718	0.09858	0.03433	0.11372	0.03537
V820	0.07205	0.3406	0.13777	0.39648	0.05309
V821	0.03349	0.07287	0.02066	0.1441	0.72888
V822	0.16904	0.05775	0.03037	0.70114	0.0417
V823	0.05609	0.17074	0.21913	0.09669	0.45734
V824	0.08222	0.09578	0.04258	0.12792	0.6515
V825	0.11887	0.17606	0.4949	0.18697	0.0232
V826	0.04039	0.222	0.6561	0.06236	0.01916
V827	0.29468	0.16714	0.02136	0.40694	0.10988
V828	0.21238	0.19434	0.12007	0.14154	0.33169
V829	0.08575	0.17842	0.27823	0.2156	0.242
V830	0.11845	0.19301	0.52559	0.07098	0.09198
V831	0.04399	0.62397	0.09011	0.20191	0.04002
V832	0.19035	0.06962	0.08331	0.29996	0.35676
V833	0.17883	0.64671	0.05326	0.06965	0.05155
V834	0.58046	0.18623	0.05538	0.10448	0.07345
V835	0.2151	0.28503	0.10839	0.30071	0.09077
V836	0.28179	0.18998	0.35997	0.13924	0.02901
V837	0.04905	0.70308	0.06393	0.10631	0.07764
V838	0.02338	0.05089	0.08524	0.79163	0.04886
V839	0.05302	0.10552	0.08981	0.12202	0.62963
V840	0.70885	0.09464	0.04598	0.11113	0.0394
V841	0.16812	0.20306	0.55005	0.05349	0.02528
V842	0.40159	0.1373	0.1914	0.23025	0.03945
V843	0.37157	0.10264	0.14838	0.14482	0.2326
V844	0.02349	0.29737	0.57972	0.06484	0.03458
V845	0.04328	0.04747	0.01647	0.6235	0.26928
V846	0.11111	0.1149	0.11102	0.15972	0.50325
V847	0.19217	0.07646	0.06872	0.21212	0.45053
V848	0.57988	0.1045	0.02535	0.16587	0.1244
V849	0.11086	0.21591	0.53693	0.0568	0.07951
V850	0.17994	0.14226	0.26323	0.19686	0.21772
V851	0.74603	0.08773	0.02258	0.10067	0.04299
V852	0.21151	0.12479	0.09343	0.23823	0.33205
V853	0.0383	0.24649	0.48298	0.15987	0.07236
V854	0.05194	0.35802	0.24579	0.13592	0.20833
V855	0.10037	0.35675	0.11436	0.33677	0.09174
V856	0.1488	0.37431	0.08371	0.08755	0.30563
V857	0.07935	0.11703	0.16712	0.42569	0.21082
V858	0.03652	0.34589	0.19748	0.24769	0.17242
V859	0.12595	0.05748	0.03751	0.71267	0.06639
V860	0.05064	0.16347	0.08143	0.6228	0.08166
V861	0.12986	0.08973	0.12947	0.60788	0.04305
V862	0.08016	0.0695	0.04064	0.20264	0.60706
V863	0.05448	0.7643	0.06755	0.07489	0.03878
V864	0.03994	0.20878	0.63687	0.09456	0.01985
V865	0.07265	0.17168	0.49251	0.23895	0.02422
V866	0.03591	0.19905	0.49774	0.22745	0.03985
V867	0.47526	0.09834	0.02556	0.09937	0.30147
V868	0.18313	0.28286	0.34655	0.14884	0.03862
V869	0.03929	0.06819	0.04337	0.1443	0.70485
V870	0.23266	0.19924	0.09641	0.28797	0.18371
V871	0.05092	0.12111	0.11323	0.18668	0.52806
V872	0.32123	0.0887	0.0311	0.48578	0.0732
V873	0.06157	0.31599	0.16165	0.38179	0.07899
V874	0.10092	0.10635	0.02752	0.13401	0.6312
V875	0.02922	0.19047	0.04519	0.51043	0.22469
V876	0.39536	0.12848	0.0753	0.1062	0.29466
V877	0.20585	0.53856	0.07622	0.14514	0.03423
V878	0.04272	0.58237	0.08059	0.25857	0.03574
V879	0.69936	0.11507	0.03438	0.11181	0.03938
V880	0.08645	0.11792	0.04854	0.45571	0.29138
V881	0.02324	0.16474	0.44651	0.07257	0.29294
V882	0.05418	0.40699	0.04852	0.4596	0.03071
V883	0.4182	0.19822	0.03631	0.23797	0.1093
V884	0.03349	0.06541	0.02045	0.15282	0.72783
V885	0.14116	0.18085	0.33669	0.15786	0.18344
V886	0.02762	0.05978	0.04902	0.3073	0.55628
V887	0.09671	0.73196	0.05765	0.06858	0.0451
V888	0.06664	0.13087	0.07166	0.64823	0.0826
V889	0.11766	0.67912	0.08456	0.08679	0.03187
V890	0.04487	0.08232	0.13994	0.61088	0.12199
V891	0.01295	0.24467	0.66637	0.05691	0.0191
V892	0.4856	0.25373	0.0457	0.0873	0.12767
V893	0.12059	0.27151	0.42287	0.11943	0.0656
V894	0.09728	0.45762	0.08079	0.30096	0.06335
V895	0.50358	0.13245	0.24465	0.08831	0.031
V896	0.17549	0.25317	0.22477	0.31343	0.03314
V897	0.02428	0.04474	0.05411	0.74189	0.13498
V898	0.34347	0.07561	0.03147	0.12936	0.42009
V899	0.45733	0.31426	0.10442	0.07121	0.05278
