mature.neutrophil	CD14.pos.CD16.neg.classical.monocyte	macrophage	memory.CD4.pos.AB.T.cell	cytotoxic.CD56.dim.NK.cell
V1	0.29222	0.20354	0.20668	0.17629	0.12126
V2	0.08048	0.68866	0.08461	0.1131	0.03315
V3	0.0544	0.15306	0.33111	0.44504	0.01639
V4	0.01283	0.09667	0.19224	0.10214	0.59611
V5	0.01749	0.04403	0.05866	0.15579	0.72403
V6	0.28941	0.1371	0.21419	0.2618	0.0975
V7	0.00838	0.15591	0.33271	0.11437	0.38863
V8	0.00914	0.25012	0.62918	0.09896	0.01259
V9	0.04422	0.10425	0.20201	0.64038	0.00914
V10	0.40622	0.19123	0.34628	0.02469	0.03158
V11	0.03553	0.06925	0.09254	0.11838	0.6843
V12	0.0709	0.0977	0.17701	0.34061	0.31378
V13	0.11615	0.08053	0.03929	0.46261	0.30142
V14	0.13575	0.0629	0.06438	0.66002	0.07695
V15	0.01262	0.04988	0.00815	0.90922	0.02013
V16	0.49675	0.1167	0.01771	0.35734	0.0115
V17	0.07074	0.21058	0.02919	0.113	0.57649
V18	0.08997	0.40279	0.23349	0.26639	0.00736
V19	0.02988	0.03546	0.01102	0.17354	0.7501
V20	0	0.20175	0.52727	0.25204	0.01895
V21	0.02407	0.25115	0.12463	0.21555	0.3846
V22	0.72362	0.15191	0.05869	0.03275	0.03303
V23	0.07471	0.05052	0.02897	0.18716	0.65864
V24	0.42135	0.1445	0.02671	0.09053	0.3169
V25	0.02014	0.05279	0.02166	0.47149	0.43392
V26	0.44205	0.21496	0.06159	0.08351	0.1979
V27	0.13658	0.45824	0.18249	0.04869	0.174
V28	0.02206	0.13462	0.1644	0.64987	0.02906
V29	0	0.11117	0.25337	0.61903	0.01643
V30	0.65981	0.15105	0.02941	0.06177	0.09796
V31	0.38271	0.15859	0.02064	0.27818	0.15988
V32	0.80541	0.08691	0.01026	0.04122	0.0562
V33	0.0277	0.17254	0.02836	0.17382	0.59758
V34	0.16158	0.75171	0.03997	0.04674	0
V35	0.11306	0.56612	0.25432	0.0665	0
V36	0.03004	0.19796	0.15117	0.1409	0.47993
V37	0.66355	0.07065	0.00419	0.05488	0.20672
V38	0.10804	0.17123	0.35966	0.23022	0.13085
V39	0.29012	0.15718	0.25696	0.05115	0.24459
V40	0.25	0.52273	0.04022	0.16027	0.02677
V41	0.08022	0.75343	0.04881	0.04843	0.06911
V42	0.75276	0.11215	0.02194	0.0464	0.06675
V43	0.42719	0.23263	0.26838	0.05509	0.0167
V44	0.03873	0.36811	0.45154	0.03589	0.10573
V45	0.05352	0.58309	0.11742	0.21156	0.0344
V46	0.14769	0.67035	0.09784	0.07637	0.00774
V47	0.00066	0.26509	0.68881	0.02432	0.02112
V48	0.15071	0.18546	0.18157	0.36778	0.11447
V49	0.41096	0.21416	0.18338	0.17596	0.01554
V50	0.02097	0.27141	0.67142	0.02302	0.01317
V51	0.10526	0.27398	0.17629	0.10869	0.33578
V52	0.08833	0.81852	0.04461	0.04855	0
V53	0.02201	0.15443	0.01871	0.79779	0.00706
V54	0.18841	0.04816	0.01771	0.58365	0.16206
V55	0.05908	0.03977	0.00698	0.88164	0.01252
V56	0.05858	0.03348	0.01279	0.79308	0.10207
V57	0.1452	0.26159	0.42314	0.05819	0.11188
V58	0.06527	0.06308	0.11721	0.25252	0.50191
V59	0.73972	0.11869	0.07416	0.0454	0.02202
V60	0.38824	0.22889	0.11176	0.16769	0.10343
V61	0.17763	0.05436	0.03183	0.27494	0.46123
V62	0.0544	0.12346	0.24103	0.17861	0.4025
V63	0.37825	0.25225	0.06477	0.07968	0.22505
V64	0.81284	0.10267	0.02256	0.03731	0.02462
V65	0.07489	0.10168	0.04105	0.65791	0.12447
V66	0.01778	0.07189	0.10963	0.78333	0.01738
V67	0.00917	0.12099	0.26957	0.14186	0.4584
V68	0.39955	0.15939	0.29342	0.06789	0.07975
V69	0.52248	0.19808	0.16071	0.05437	0.06435
V70	0.08124	0.60743	0.0709	0.23211	0.00832
V71	0.12603	0.68176	0.07505	0.11716	0
V72	0.04995	0.33389	0.04202	0.09293	0.4812
V73	0.04867	0.06338	0.08678	0.6111	0.19007
V74	0.00585	0.07585	0.01557	0.83144	0.07129
V75	0.4253	0.2667	0.24476	0.04132	0.02192
V76	0.00184	0.04008	0.02097	0.87944	0.05767
V77	0.01864	0.25182	0.6514	0.06496	0.01318
V78	0.00117	0.26667	0.67864	0.03275	0.02077
V79	0.08681	0.34144	0.05407	0.20114	0.31654
V80	0.15623	0.62815	0.03322	0.10528	0.07713
V81	0.01031	0.26485	0.68781	0.02326	0.01377
V82	0.21356	0.16378	0.03523	0.57373	0.01371
V83	0.08644	0.09544	0.02739	0.59167	0.19905
V84	0.09643	0.1485	0.01964	0.11733	0.61811
V85	0.00056	0.265	0.68841	0.03221	0.01382
V86	0.02425	0.2799	0.25459	0.43035	0.01091
V87	0.39198	0.07799	0.04103	0.46373	0.02527
V88	0.28609	0.17398	0.05485	0.24478	0.24031
V89	0.04304	0.28884	0.59312	0.06437	0.01064
V90	0.02529	0.17009	0.06241	0.16796	0.57426
V91	0.00021	0.0567	0.06876	0.86287	0.01146
V92	0.22102	0.0752	0.03317	0.11318	0.55743
V93	0.00701	0.1285	0.13656	0.56079	0.16713
V94	0.04065	0.15396	0.03234	0.30921	0.46383
V95	0.0677	0.19917	0.03464	0.17111	0.52738
V96	0.68666	0.08872	0.02643	0.06645	0.13174
V97	0.15137	0.06944	0.04691	0.17635	0.55593
V98	0.05977	0.34967	0.17046	0.17878	0.24132
V99	0.4611	0.15014	0.01363	0.26497	0.11016
V100	0.48726	0.1849	0.05234	0.09626	0.17924
V101	0.09865	0.80226	0.05141	0.04767	0
V102	0.28998	0.2534	0.12387	0.15304	0.17972
V103	0.12335	0.03017	0.01526	0.1236	0.70761
V104	0.05801	0.35737	0.09369	0.08796	0.40297
V105	0.01832	0.04611	0.04505	0.16606	0.72446
V106	0.07702	0.67728	0.1729	0.04743	0.02537
V107	0.05167	0.34343	0.51413	0.07618	0.0146
V108	0.0207	0.33964	0.60656	0.02373	0.00936
V109	0.06017	0.19862	0.06051	0.34131	0.33939
V110	0.18605	0.46002	0.17938	0.16092	0.01363
V111	0.26514	0.32163	0.37402	0.03158	0.00763
V112	0.15804	0.06644	0.09096	0.50398	0.18059
V113	0.21606	0.07275	0.09163	0.20672	0.41283
V114	0.50052	0.12702	0.0485	0.21409	0.10987
V115	0.75459	0.07906	0.00944	0.0516	0.10531
V116	0.0211	0.02884	0.01162	0.14553	0.79291
V117	0.04612	0.23205	0.58143	0.10748	0.03292
V118	0.03046	0.03785	0.00732	0.89655	0.02782
V119	0.27775	0.16134	0.29096	0.25935	0.0106
V120	0.00838	0.22598	0.5887	0.13633	0.0406
V121	0.23498	0.62073	0.03197	0.05285	0.05948
V122	0.04022	0.33815	0.09162	0.30562	0.22438
V123	0.42872	0.10644	0.06786	0.23149	0.16549
V124	0.19854	0.13349	0.06086	0.27775	0.32937
V125	0.05234	0.47671	0.42554	0.03616	0.00926
V126	0.14867	0.22177	0.18637	0.16329	0.27991
V127	0.24097	0.19964	0.46499	0.07566	0.01874
V128	0.24892	0.66276	0.04161	0.03824	0.00846
V129	0.23607	0.13598	0.21123	0.21215	0.20457
V130	0.04059	0.425	0.05914	0.30576	0.16951
V131	0.00775	0.09384	0.18017	0.70872	0.00952
V132	0.31499	0.0627	0.0056	0.38634	0.23038
V133	0.00542	0.19483	0.42392	0.12725	0.24858
V134	0.06712	0.23068	0.56498	0.05393	0.08328
V135	0.02436	0.27134	0.53824	0.05871	0.10735
V136	0.83224	0.09133	0.0109	0.03967	0.02586
V137	0.77465	0.10567	0.01052	0.06714	0.04201
V138	0.23295	0.16288	0.07602	0.19012	0.33802
V139	0.10334	0.07636	0.12724	0.67638	0.01667
V140	0.03205	0.0642	0.13329	0.11166	0.6588
V141	0.02157	0.33611	0.49733	0.13062	0.01437
V142	0.18912	0.12076	0.25435	0.17134	0.26443
V143	0.0214	0.28044	0.38493	0.18149	0.13175
V144	0.46061	0.22739	0.06816	0.16423	0.07961
V145	0.00112	0.26158	0.66766	0.04191	0.02774
V146	0.03912	0.28432	0.02434	0.39266	0.25956
V147	0.08859	0.24227	0.49606	0.13486	0.03823
V148	0.19657	0.67554	0.04253	0.07785	0.00751
V149	0.00234	0.03592	0.00787	0.90316	0.0507
V150	0.13933	0.31225	0.44541	0.03027	0.07274
V151	0.37652	0.06744	0.01647	0.4351	0.10448
V152	0.00886	0.05869	0.09493	0.76707	0.07045
V153	0.16221	0.27386	0.35887	0.08482	0.12024
V154	0.14019	0.5031	0.04794	0.08815	0.22062
V155	0.02707	0.07214	0.10918	0.77454	0.01707
V156	0.09054	0.15042	0.30591	0.193	0.26013
V157	0.08484	0.1057	0.14077	0.32752	0.34117
V158	0.17667	0.14923	0.33557	0.08937	0.24917
V159	0.10677	0.19631	0.02535	0.63738	0.03419
V160	0.41612	0.18849	0.0878	0.09249	0.21509
V161	0.19969	0.06984	0.05899	0.09773	0.57375
V162	0.00144	0.2713	0.68996	0.02365	0.01365
V163	0.05723	0.03458	0.02328	0.15736	0.72754
V164	0.79996	0.12152	0.01751	0.04364	0.01736
V165	0.55362	0.23099	0.07848	0.0876	0.0493
V166	0.04457	0.09166	0.18802	0.59947	0.07628
V167	0.05476	0.54098	0.04425	0.20682	0.1532
V168	0.00144	0.2713	0.68996	0.02365	0.01365
V169	0.07679	0.6054	0.17493	0.13354	0.00935
V170	0.24495	0.33849	0.06499	0.24759	0.10398
V171	0.26938	0.19598	0.27734	0.2068	0.0505
V172	0.1794	0.21493	0.07413	0.09772	0.43383
V173	0.19232	0.13649	0.08141	0.44091	0.14887
V174	0.18818	0.12685	0.2691	0.23526	0.1806
V175	0.07617	0.16481	0.10977	0.24442	0.40483
V176	0.32038	0.06394	0.01104	0.59311	0.01153
V177	0.1742	0.198	0.41195	0.19861	0.01724
V178	0.24494	0.18799	0.34038	0.14591	0.0808
V179	0.09695	0.04091	0.01621	0.12637	0.71955
V180	0.02775	0.12451	0.27425	0.08484	0.48864
V181	0.07234	0.22899	0.01687	0.14525	0.53655
V182	0.51679	0.22102	0.01627	0.20334	0.04258
V183	0.11053	0.80565	0.04342	0.0404	0
V184	0.27366	0.12765	0.22603	0.342	0.03065
V185	0.11596	0.4051	0.0428	0.21339	0.22275
V186	0.13044	0.17088	0.03707	0.31597	0.34565
V187	0.10224	0.57277	0.03078	0.29345	0.00076
V188	0.71739	0.10737	0.03251	0.12142	0.02131
V189	0.4166	0.22989	0.04287	0.29688	0.01377
V190	0.3696	0.15169	0.17434	0.06758	0.23678
V191	0.20419	0.19889	0.0178	0.47345	0.10567
V192	0.29427	0.21273	0.1139	0.25708	0.12202
V193	0.07174	0.29941	0.41029	0.08019	0.13837
V194	0.24194	0.10209	0.07937	0.17073	0.40587
V195	0.51338	0.23926	0.18988	0.04119	0.01629
V196	0.01703	0.0376	0.05837	0.15645	0.73056
V197	0.1059	0.7707	0.04159	0.08181	0
V198	0.22152	0.20924	0.04419	0.26314	0.26191
V199	0.66271	0.13151	0.16473	0.02598	0.01507
V200	0.66405	0.07598	0.03145	0.06858	0.15993
V201	0.03024	0.03529	0.02603	0.7436	0.16484
V202	0.80135	0.12365	0.00632	0.04507	0.0236
V203	0.49819	0.24105	0.03592	0.10069	0.12415
V204	0.31451	0.11054	0.03922	0.08218	0.45355
V205	0.11008	0.08543	0.10329	0.15482	0.54638
V206	0.03674	0.1027	0.00975	0.8119	0.03891
V207	0.01262	0.04988	0.00815	0.90922	0.02013
V208	0.15337	0.30201	0.37456	0.08243	0.08764
V209	0.14824	0.07647	0.08721	0.12033	0.56776
V210	0.00062	0.26201	0.68363	0.03281	0.02093
V211	0.14656	0.10493	0.1671	0.10731	0.4741
V212	0.08853	0.66267	0.10618	0.09157	0.05104
V213	0.09487	0.04632	0.05904	0.32665	0.47312
V214	0.03998	0.53299	0.35494	0.04975	0.02234
V215	0.23883	0.23413	0.124	0.13532	0.26772
V216	0.05614	0.13697	0.26144	0.10997	0.43548
V217	0.00144	0.03545	0.02725	0.85567	0.08019
V218	0.07077	0.23322	0.23624	0.3776	0.08217
V219	0.12649	0.31761	0.31154	0.23297	0.01139
V220	0.23072	0.63869	0.08535	0.04438	0.00085
V221	0.0443	0.19089	0.38462	0.06683	0.31335
V222	0.02981	0.03124	0.01786	0.14881	0.77228
V223	0.44612	0.14185	0.23553	0.15146	0.02504
V224	0.05902	0.46021	0.04683	0.15353	0.28041
V225	0.64107	0.20825	0.10503	0.0281	0.01756
V226	0.48132	0.45276	0.02253	0.03489	0.0085
V227	0.09016	0.22351	0.02039	0.63228	0.03367
V228	0.49815	0.14699	0.20598	0.10423	0.04465
V229	0.26466	0.39279	0.22955	0.0813	0.0317
V230	0.02943	0.02484	0.01778	0.15004	0.77792
V231	0.08162	0.51446	0.07995	0.24504	0.07893
V232	0.6883	0.12392	0.13873	0.03374	0.01531
V233	0.0595	0.08324	0.12653	0.17615	0.55458
V234	0.0246	0.35251	0.19325	0.40625	0.0234
V235	0.82167	0.09331	0.00519	0.06074	0.01909
V236	0.0739	0.1926	0.46269	0.2177	0.05312
V237	0.11444	0.15584	0.21161	0.3516	0.16651
V238	0.0133	0.03074	0.01582	0.36941	0.57074
V239	0.07525	0.34475	0.06152	0.24736	0.2711
V240	0.10163	0.73432	0.04741	0.06599	0.05065
V241	0.08918	0.82492	0.0449	0.041	0
V242	0.03953	0.32977	0.25345	0.32133	0.05592
V243	0.41233	0.14185	0.24633	0.06707	0.13242
V244	0.0425	0.37329	0.18106	0.14256	0.26059
V245	0.08217	0.78293	0.06705	0.06785	0
V246	0.57255	0.25253	0.03581	0.04732	0.0918
V247	0.17904	0.25321	0.44911	0.08129	0.03734
V248	0.11991	0.50863	0.04884	0.07323	0.2494
V249	0.23161	0.14035	0.16751	0.15338	0.30715
V250	0.02153	0.20687	0.47939	0.07851	0.21371
V251	0.18762	0.08465	0.07744	0.59816	0.05213
V252	0.02527	0.24351	0.42161	0.18623	0.12339
V253	0.31255	0.49289	0.09522	0.08631	0.01303
V254	0.50862	0.32944	0.01593	0.12719	0.01882
V255	0.71417	0.13102	0.00608	0.06351	0.08523
V256	0.06749	0.65392	0.05068	0.06656	0.16136
V257	0.41416	0.30168	0.12921	0.07672	0.07824
V258	0.15769	0.28083	0.05626	0.4953	0.00991
V259	0.49258	0.29269	0.15021	0.03684	0.02768
V260	0.23897	0.093	0.09256	0.15325	0.42222
V261	0.01815	0.16446	0.38428	0.31746	0.11566
V262	0.7723	0.1115	0.04489	0.04827	0.02304
V263	0.69094	0.13334	0.01686	0.14532	0.01355
V264	0.10346	0.75889	0.04898	0.08867	0
V265	0.71172	0.15158	0.06432	0.05238	0.02
V266	0.02533	0.04515	0.07834	0.14313	0.70805
V267	0.05386	0.03261	0.01563	0.25442	0.64349
V268	0.20177	0.38564	0.13625	0.23057	0.04578
V269	0.09166	0.34578	0.29588	0.23411	0.03257
V270	0.03875	0.04732	0.03342	0.8687	0.0118
V271	0.26429	0.60489	0.03789	0.06703	0.0259
V272	0.14281	0.70236	0.06038	0.06151	0.03294
V273	0.25347	0.10159	0.13961	0.35794	0.14739
V274	0.09144	0.07051	0.04125	0.27936	0.51744
V275	0.06639	0.61214	0.16808	0.14434	0.00905
V276	0.0081	0.20152	0.50233	0.25545	0.03259
V277	0.31713	0.19252	0.42006	0.03179	0.03849
V278	0.00218	0.13685	0.26318	0.4815	0.1163
V279	0.1257	0.04694	0.01841	0.75396	0.05499
V280	0.16977	0.06751	0.03727	0.6329	0.09255
V281	0.02484	0.20027	0.0475	0.71547	0.01193
V282	0.10023	0.81492	0.04408	0.04076	0
V283	0.32489	0.08142	0.09549	0.09694	0.40126
V284	0.029	0.24381	0.41247	0.05267	0.26205
V285	0.51406	0.38963	0.01853	0.06735	0.01044
V286	0.07526	0.24684	0.59573	0.06323	0.01894
V287	0.22009	0.13096	0.13705	0.33078	0.18111
V288	0.18354	0.19596	0.45274	0.04168	0.12608
V289	0.14721	0.2011	0.03171	0.60821	0.01178
V290	0.4231	0.41575	0.12906	0.02939	0.00269
V291	0.37113	0.19779	0.01653	0.40025	0.0143
V292	0.11227	0.15464	0.31081	0.09344	0.32884
V293	0.00606	0.29547	0.59772	0.07614	0.02462
V294	0.02061	0.03105	0.01846	0.14322	0.78666
V295	0.00938	0.12992	0.25313	0.53184	0.07574
V296	0.74869	0.15197	0.00725	0.05202	0.04007
V297	0.01826	0.22016	0.55891	0.15513	0.04754
V298	0.25557	0.05225	0.01106	0.57532	0.1058
V299	0.23088	0.048	0.01728	0.69242	0.01141
V300	0.83318	0.09478	0.00556	0.04695	0.01952
V301	0.80933	0.08807	0.01025	0.06737	0.02498
V302	0.01023	0.03114	0.01496	0.48369	0.45997
V303	0.10582	0.20844	0.1792	0.23202	0.27451
V304	0.16996	0.23706	0.53001	0.03127	0.03171
V305	0.20839	0.29003	0.09167	0.16557	0.24434
V306	0.3557	0.5499	0.02764	0.05484	0.01191
V307	0.20273	0.11646	0.20672	0.46396	0.01014
V308	0.20697	0.20527	0.4684	0.10106	0.01831
V309	0.56391	0.12338	0.04674	0.1585	0.10747
V310	0.03789	0.04423	0.01699	0.20684	0.69405
V311	0.00949	0.04162	0.04083	0.88813	0.01992
V312	0.09233	0.27022	0.21421	0.06725	0.356
V313	0.06609	0.24798	0.02864	0.3898	0.26749
V314	0.07567	0.04117	0.0138	0.44645	0.42292
V315	0.81066	0.08971	0.01596	0.03977	0.0439
V316	0.12777	0.50325	0.23424	0.07273	0.06201
V317	0.33925	0.22949	0.36889	0.03199	0.03038
V318	0.77695	0.08304	0.00974	0.04332	0.08695
V319	0.09704	0.26439	0.58894	0.03791	0.01172
V320	0.06753	0.03599	0.01288	0.86408	0.01952
V321	0.13417	0.34538	0.25551	0.24057	0.02437
V322	0.01695	0.34413	0.45267	0.08752	0.09874
V323	0.23301	0.29507	0.33702	0.05578	0.07912
V324	0.03153	0.07493	0.04139	0.83461	0.01755
V325	0.55064	0.15743	0.07364	0.15354	0.06475
V326	0.05191	0.05256	0.05558	0.22704	0.61291
V327	0.33164	0.43335	0.11221	0.06203	0.06077
V328	0.04813	0.27534	0.14703	0.51222	0.01727
V329	0.00109	0.15763	0.29675	0.52913	0.01541
V330	0.07551	0.24729	0.59674	0.0264	0.05407
V331	0.12921	0.07349	0.08105	0.17261	0.54364
V332	0.40294	0.19792	0.32794	0.03322	0.03798
V333	0.34949	0.14711	0.23189	0.19057	0.08095
V334	0.04652	0.35835	0.43615	0.11685	0.04214
V335	0.62331	0.12653	0.06954	0.07504	0.10558
V336	0.18229	0.52666	0.24681	0.03091	0.01334
V337	0.01615	0.0327	0.02336	0.26097	0.66681
V338	0.61486	0.11931	0.11833	0.05606	0.09143
V339	0.22449	0.48123	0.17899	0.03799	0.07731
V340	0.04129	0.17347	0.10494	0.14175	0.53854
V341	0.03397	0.48648	0.38102	0.04261	0.05592
V342	0.26089	0.2559	0.33579	0.13884	0.00857
V343	0.59094	0.14354	0.21301	0.03826	0.01425
V344	0.13357	0.64257	0.07215	0.07432	0.07739
V345	0.20074	0.07463	0.01329	0.34621	0.36513
V346	0.0382	0.32571	0.26744	0.33626	0.0324
V347	0.09296	0.42642	0.0439	0.39992	0.0368
V348	0.01735	0.23138	0.34833	0.27847	0.12447
V349	0.06968	0.36963	0.42166	0.05076	0.08827
V350	0.11672	0.3597	0.09076	0.30044	0.13239
V351	0.15462	0.16814	0.32014	0.33436	0.02274
V352	0.12472	0.5162	0.3148	0.03773	0.00655
V353	0.25372	0.28713	0.04861	0.10798	0.30255
V354	0.49019	0.17362	0.29953	0.02318	0.01347
V355	0.07422	0.12935	0.25581	0.52483	0.01579
V356	0.08489	0.24287	0.58404	0.04862	0.03959
V357	0.04286	0.17874	0.39137	0.08202	0.30501
V358	0.02158	0.06516	0.03467	0.8604	0.01819
V359	0.04665	0.11269	0.01636	0.81582	0.00848
V360	0.60635	0.12367	0.07567	0.18163	0.01268
V361	0.34175	0.42856	0.09718	0.04052	0.09198
V362	0.69704	0.10212	0.07955	0.03646	0.08483
V363	0.03665	0.05036	0.01671	0.24743	0.64884
V364	0.04265	0.24298	0.03515	0.51055	0.16866
V365	0.00183	0.03844	0.01452	0.90938	0.03583
V366	0.18656	0.21047	0.42771	0.09398	0.08127
V367	0.21333	0.247	0.17742	0.2135	0.14875
V368	0.65032	0.15838	0.10161	0.04524	0.04445
V369	0.05924	0.57715	0.2361	0.12751	0
V370	0.02326	0.17052	0.11058	0.42097	0.27467
V371	0.09464	0.78631	0.08344	0.03561	0
V372	0.55932	0.14812	0.11634	0.14544	0.03078
V373	0.13958	0.56432	0.14464	0.14914	0.00232
V374	0.08714	0.16173	0.2872	0.45525	0.00868
V375	0.25982	0.20047	0.42774	0.09989	0.01207
V376	0.01651	0.12605	0.31638	0.08802	0.45303
V377	0.09915	0.45493	0.19864	0.24164	0.00564
V378	0.15137	0.48902	0.17612	0.04538	0.13811
V379	0.03231	0.0585	0.09829	0.1729	0.638
V380	0.01451	0.11016	0.14244	0.53985	0.19304
V381	0.14621	0.06911	0.01595	0.11302	0.65572
V382	0.36708	0.05058	0.01032	0.34443	0.22759
V383	0.02548	0.10567	0.21002	0.64966	0.00917
V384	0.25298	0.1207	0.13384	0.44062	0.05185
V385	0.09247	0.09992	0.01825	0.1176	0.67177
V386	0.56685	0.07461	0.00963	0.33525	0.01366
V387	0.23514	0.06443	0.01175	0.65712	0.03156
V388	0.08594	0.72235	0.07067	0.12104	0
V389	0.1591	0.65786	0.04982	0.08247	0.05075
V390	0.15685	0.04561	0.01178	0.69301	0.09275
V391	0.64228	0.17184	0.00779	0.11422	0.06388
V392	0.81539	0.10989	0.01153	0.04489	0.01829
V393	0.08883	0.0905	0.12343	0.55637	0.14087
V394	0.61227	0.08191	0.02633	0.19334	0.08614
V395	0	0.12604	0.28387	0.57376	0.01634
V396	0.47387	0.18055	0.30261	0.02386	0.01911
V397	0.59669	0.1706	0.03686	0.15216	0.04368
V398	0.05511	0.0752	0.13662	0.65674	0.07632
V399	0.04295	0.04917	0.00953	0.35638	0.54197
V400	0.17738	0.46634	0.15753	0.19875	0
V401	0.27602	0.1998	0.45247	0.05919	0.01253
V402	0.32195	0.18018	0.32453	0.10048	0.07285
V403	0.14637	0.08818	0.00978	0.2235	0.53217
V404	0.00137	0.17957	0.36803	0.40611	0.04491
V405	0.32251	0.24984	0.07225	0.26686	0.08854
V406	0.02082	0.26618	0.66132	0.02427	0.02741
V407	0.75489	0.1179	0.03364	0.07747	0.0161
V408	0.04228	0.30911	0.0256	0.33462	0.28839
V409	0.09707	0.05791	0.05855	0.69335	0.09311
V410	0.12237	0.20838	0.25921	0.10081	0.30923
V411	0.02078	0.02872	0.01148	0.15367	0.78535
V412	0.03089	0.1614	0.11899	0.11735	0.57137
V413	0.02809	0.25052	0.1388	0.4224	0.16019
V414	0.04056	0.09016	0.0099	0.53136	0.32801
V415	0.15991	0.03278	0.01444	0.11735	0.67552
V416	0.10677	0.09984	0.02929	0.23444	0.52966
V417	0.00969	0.21594	0.55378	0.15808	0.06251
V418	0.53681	0.34406	0.03498	0.05099	0.03316
V419	0.22873	0.06119	0.02534	0.20067	0.48408
V420	0.21433	0.06491	0.09093	0.12805	0.50178
V421	0.01454	0.06259	0.11356	0.14974	0.65958
V422	0.01216	0.05362	0.0472	0.74552	0.14149
V423	0.26262	0.25046	0.23143	0.22815	0.02734
V424	0.00679	0.15231	0.38048	0.07116	0.38927
V425	0.34292	0.31898	0.0167	0.07018	0.25123
V426	0.21947	0.17638	0.02924	0.5009	0.074
V427	0.23783	0.56422	0.16243	0.03171	0.00381
V428	0.11892	0.55492	0.09755	0.15048	0.07813
V429	0.16053	0.66815	0.03529	0.12032	0.01571
V430	0.0307	0.14086	0.3136	0.23517	0.27967
V431	0.1189	0.35051	0.1818	0.30189	0.04691
V432	0.26912	0.12472	0.10697	0.37698	0.12221
V433	0.17317	0.17288	0.37717	0.24608	0.0307
V434	0.23204	0.33541	0.30492	0.04914	0.07848
V435	0.4728	0.18086	0.26619	0.06153	0.01863
V436	0.08061	0.51246	0.11912	0.11005	0.17776
V437	0.17919	0.06034	0.03228	0.24895	0.47924
V438	0.13372	0.30394	0.17712	0.32942	0.05579
V439	0.52485	0.07286	0.04453	0.33156	0.02621
V440	0.03346	0.41472	0.45453	0.04773	0.04957
V441	0.04931	0.52553	0.35225	0.06642	0.00648
V442	0.09954	0.81112	0.05202	0.03733	0
V443	0.80341	0.08706	0.0101	0.0808	0.01863
V444	0.16062	0.36476	0.04645	0.39798	0.03019
V445	0.07171	0.34657	0.05415	0.51278	0.01479
V446	0.09969	0.08639	0.08664	0.59554	0.13174
V447	0.0635	0.03744	0.01964	0.51539	0.36402
V448	0.15994	0.04293	0.02697	0.12664	0.64351
V449	0.00144	0.2713	0.68996	0.02365	0.01365
V450	0.19105	0.16382	0.20225	0.18429	0.25859
V451	0.25435	0.19881	0.06317	0.38627	0.09739
V452	0.00849	0.07748	0.13062	0.73683	0.04658
V453	0.01865	0.03595	0.00839	0.53165	0.40536
V454	0.01165	0.19963	0.50572	0.07008	0.21292
V455	0.06885	0.26253	0.23835	0.10541	0.32485
V456	0.7998	0.09035	0.00472	0.06176	0.04337
V457	0.60608	0.21494	0.03944	0.09644	0.04309
V458	0.03392	0.41079	0.4221	0.09226	0.04094
V459	0.12527	0.09518	0.05318	0.5263	0.20007
V460	0.57748	0.14376	0.15246	0.09476	0.03153
V461	0.18897	0.31903	0.21309	0.06646	0.21244
V462	0.04819	0.08965	0.02186	0.56444	0.27585
V463	0.19065	0.08942	0.0194	0.68439	0.01615
V464	0.15708	0.31257	0.4757	0.03952	0.01514
V465	0.05253	0.10033	0.02541	0.13901	0.68271
V466	0.03688	0.0229	0.00998	0.22119	0.70905
V467	0.05903	0.21936	0.03367	0.60531	0.08262
V468	0.52805	0.30218	0.10389	0.03157	0.03431
V469	0.02699	0.28612	0.06624	0.34995	0.27069
V470	0.71436	0.12266	0.02772	0.11447	0.0208
V471	0.37202	0.26519	0.03853	0.19557	0.12869
V472	0.02026	0.05902	0.04593	0.13244	0.74235
V473	0.03426	0.24345	0.20759	0.3631	0.15159
V474	0.26406	0.15518	0.06044	0.47672	0.0436
V475	0.14735	0.19957	0.43125	0.06899	0.15285
V476	0.13825	0.09066	0.08582	0.62534	0.05993
V477	0.08894	0.8206	0.05294	0.03751	0
V478	0.17053	0.03931	0.01451	0.11423	0.66142
V479	0.71459	0.12446	0.03353	0.10668	0.02074
V480	0.16361	0.55597	0.08068	0.17353	0.02621
V481	0.24253	0.3265	0.07117	0.23843	0.12136
V482	0.14509	0.60949	0.2019	0.03306	0.01046
V483	0.33141	0.44435	0.02224	0.15734	0.04466
V484	0.23151	0.45077	0.12416	0.18022	0.01334
V485	0.57045	0.14729	0.09722	0.15436	0.03067
V486	0.07024	0.15747	0.24162	0.07866	0.45201
V487	0.1238	0.22502	0.31573	0.32158	0.01387
V488	0.3668	0.09898	0.00653	0.38407	0.14363
V489	0.01344	0.34713	0.5123	0.10538	0.02174
V490	0.00853	0.21154	0.536	0.2251	0.01883
V491	0.05054	0.39075	0.06504	0.1745	0.31916
V492	0.02884	0.14051	0.03765	0.76329	0.02971
V493	0.01063	0.03293	0.01414	0.92128	0.02102
V494	0.28284	0.05258	0.02266	0.5664	0.07552
V495	0.29961	0.25554	0.17984	0.20813	0.05688
V496	0.13322	0.06972	0.05456	0.10765	0.63485
V497	0.09867	0.09268	0.12537	0.18442	0.49886
V498	0.11434	0.75543	0.06458	0.05111	0.01454
V499	0.04913	0.25533	0.22362	0.12717	0.34475
V500	0.12177	0.42428	0.11861	0.28184	0.0535
V501	0.08532	0.26869	0.03135	0.10414	0.5105
V502	0.17179	0.68177	0.07376	0.07268	0
V503	0.38457	0.11697	0.16383	0.18289	0.15173
V504	0.45383	0.19433	0.01655	0.06963	0.26567
V505	0.54442	0.07054	0.02712	0.14037	0.21755
V506	0.04668	0.4441	0.08351	0.08144	0.34428
V507	0.71217	0.08469	0.03132	0.13113	0.04069
V508	0.04885	0.57145	0.22169	0.08766	0.07035
V509	0.06542	0.40685	0.14307	0.26072	0.12395
V510	0.41301	0.43284	0.06183	0.08413	0.00819
V511	0.07006	0.37638	0.41482	0.07423	0.06451
V512	0.16308	0.42053	0.17031	0.09863	0.14746
V513	0.20183	0.58131	0.09728	0.09332	0.02626
V514	0.02012	0.08148	0.18413	0.13415	0.58013
V515	0.06855	0.12516	0.01031	0.78798	0.008
V516	0.16072	0.3257	0.1098	0.38771	0.01607
V517	0.01167	0.06971	0.04862	0.852	0.018
V518	0.35388	0.14672	0.24382	0.21807	0.03751
V519	0.68071	0.11863	0.01076	0.1699	0.02
V520	0.1101	0.72808	0.05441	0.1074	0
V521	0.18224	0.07718	0.1111	0.61299	0.01649
V522	0.04935	0.3021	0.43636	0.16922	0.04297
V523	0.13422	0.24642	0.53141	0.07019	0.01777
V524	0.29344	0.20643	0.40694	0.02795	0.06524
V525	0.02858	0.17662	0.04244	0.12264	0.62971
V526	0.03891	0.25808	0.61275	0.04999	0.04027
V527	0.09803	0.48003	0.35126	0.04737	0.02331
V528	0.13308	0.04462	0.02459	0.78655	0.01116
V529	0.18817	0.2355	0.52089	0.03047	0.02497
V530	0.01935	0.25233	0.61969	0.07508	0.03355
V531	0.19526	0.45169	0.10309	0.06896	0.18101
V532	0.07165	0.28777	0.25578	0.06274	0.32207
V533	0.25518	0.04255	0.00742	0.10312	0.59172
V534	0.11312	0.08591	0.0081	0.76178	0.0311
V535	0.72839	0.1712	0.0482	0.03216	0.02005
V536	0.12395	0.25624	0.30598	0.08263	0.2312
V537	0.03048	0.04633	0.02495	0.13666	0.76159
V538	0.56042	0.13917	0.01297	0.08451	0.20294
V539	0.01797	0.28999	0.48899	0.13532	0.06772
V540	0.17979	0.4114	0.10067	0.10805	0.20009
V541	0.04966	0.33558	0.04175	0.11672	0.4563
V542	0.0429	0.30328	0.11133	0.48679	0.0557
V543	0.06355	0.26775	0.49613	0.08164	0.09092
V544	0.31411	0.22718	0.15734	0.11462	0.18674
V545	0.61456	0.3178	0.02088	0.03996	0.0068
V546	0.1025	0.67905	0.11566	0.05164	0.05115
V547	0.12442	0.66142	0.0353	0.1632	0.01566
V548	0.00518	0.07746	0.01589	0.88312	0.01836
V549	0.0152	0.03482	0.02976	0.27506	0.64516
V550	0.07549	0.74766	0.12999	0.04686	0
V551	0.01096	0.03104	0.00757	0.9367	0.01373
V552	0.20859	0.05263	0.02609	0.13369	0.579
V553	0.66323	0.08514	0.0203	0.17894	0.05239
V554	0.09684	0.18798	0.36504	0.32776	0.02238
V555	0.08608	0.80483	0.05197	0.04335	0.01376
V556	0.07105	0.08744	0.05399	0.73404	0.05348
V557	0.28889	0.22743	0.04418	0.38988	0.04963
V558	0.0096	0.22631	0.55913	0.17226	0.03271
V559	0.11114	0.44415	0.37481	0.03777	0.03214
V560	0.58128	0.2636	0.11849	0.02757	0.00907
V561	0.61145	0.09955	0.1106	0.05294	0.12546
V562	0.12046	0.11016	0.13384	0.17009	0.46544
V563	0.20741	0.27731	0.18036	0.16163	0.17329
V564	0.30491	0.08275	0.05526	0.37971	0.17737
V565	0.01897	0.03274	0.02456	0.17314	0.75059
V566	0.26985	0.15137	0.03377	0.37317	0.17185
V567	0.01954	0.26048	0.67547	0.02364	0.02087
V568	0.03079	0.28956	0.34267	0.33205	0.00493
V569	0.54709	0.15754	0.09293	0.15849	0.04395
V570	0.11719	0.12665	0.221	0.46765	0.06752
V571	0.22856	0.10937	0.18674	0.361	0.11434
V572	0.73184	0.07936	0.00405	0.05395	0.13081
V573	0.07066	0.16475	0.26479	0.40052	0.09928
V574	0.48306	0.28093	0.07732	0.13151	0.02719
V575	0.32854	0.09724	0.10336	0.11584	0.35502
V576	0.08059	0.76296	0.04929	0.05661	0.05055
V577	0.41306	0.43054	0.05483	0.09336	0.0082
V578	0.02708	0.26611	0.40055	0.25585	0.0504
V579	0.03823	0.48663	0.30079	0.06795	0.10641
V580	0.22847	0.44786	0.03673	0.26622	0.02072
V581	0.06466	0.47549	0.33129	0.12142	0.00715
V582	0.00326	0.28217	0.66985	0.03205	0.01268
V583	0.52223	0.16026	0.25143	0.05258	0.0135
V584	0.23488	0.44118	0.11615	0.07984	0.12794
V585	0.07671	0.66067	0.09867	0.11278	0.05117
V586	0.06706	0.69172	0.18942	0.0518	0
V587	0.08286	0.57089	0.03843	0.09143	0.21639
V588	0.23232	0.42148	0.30909	0.02704	0.01007
V589	0.10293	0.34249	0.0608	0.47095	0.02282
V590	0.08103	0.66439	0.03604	0.06654	0.15201
V591	0.46471	0.43139	0.05407	0.04094	0.00889
V592	0.01921	0.2099	0.55402	0.07042	0.14645
V593	0.36125	0.05942	0.01047	0.51504	0.05382
V594	0.00697	0.27316	0.48739	0.17999	0.05249
V595	0.45083	0.10529	0.06039	0.33853	0.04496
V596	0.40846	0.23846	0.17127	0.15343	0.02837
V597	0.03629	0.16288	0.02089	0.20785	0.57209
V598	0.52189	0.06158	0.01062	0.06816	0.33775
V599	0.08012	0.3501	0.09849	0.44071	0.03058
V600	0.24139	0.10459	0.14763	0.39978	0.10661
V601	0.12951	0.1071	0.01496	0.52329	0.22513
V602	0.74755	0.18771	0.00907	0.04212	0.01356
V603	0.13093	0.13926	0.03684	0.21666	0.4763
V604	0.01948	0.21062	0.51519	0.1376	0.11711
V605	0.03478	0.1042	0.11502	0.16444	0.58157
V606	0.72996	0.07382	0.00387	0.05485	0.1375
V607	0.15999	0.11534	0.0296	0.10946	0.5856
V608	0.64624	0.09239	0.03212	0.12319	0.10606
V609	0.17991	0.26332	0.02752	0.45649	0.07276
V610	0.10821	0.54146	0.03629	0.31241	0.00164
V611	0.23776	0.21279	0.44077	0.04986	0.05883
V612	0.33111	0.16147	0.24056	0.06151	0.20534
V613	0.41811	0.45821	0.05656	0.06672	4e-04
V614	0.47708	0.08251	0.02288	0.13346	0.28407
V615	0.00741	0.128	0.11459	0.60876	0.14123
V616	0.55977	0.10584	0.11963	0.16981	0.04496
V617	0.20169	0.20676	0.34613	0.12534	0.12008
V618	0.63427	0.14847	0.05879	0.05342	0.10504
V619	0.47528	0.12609	0.12641	0.05769	0.21453
V620	0.03616	0.13835	0.27122	0.53864	0.01562
V621	0.1392	0.26454	0.24878	0.05751	0.28996
V622	0.02811	0.25893	0.29152	0.07437	0.34706
V623	0.06035	0.0386	0.01305	0.72295	0.16505
V624	0.77139	0.08194	0.00955	0.06311	0.07401
V625	0.0037	0.10123	0.0848	0.79401	0.01625
V626	0.0649	0.18704	0.40831	0.30927	0.03048
V627	0.11007	0.17211	0.10918	0.11437	0.49425
V628	0.80606	0.09866	0.01065	0.0663	0.01833
V629	0.12272	0.34487	0.46933	0.04907	0.01401
V630	0.02765	0.15907	0.0349	0.13292	0.64547
V631	0.01134	0.1007	0.22201	0.10413	0.56183
V632	0.07848	0.65123	0.04266	0.09389	0.13374
V633	0.05001	0.05956	0.08013	0.56139	0.24891
V634	0.40191	0.41455	0.14383	0.03707	0.00263
V635	0.04533	0.14981	0.16098	0.11007	0.53382
V636	0.18492	0.23602	0.25136	0.22296	0.10474
V637	0.18755	0.15629	0.30631	0.2681	0.08176
V638	0.09395	0.38497	0.04239	0.1541	0.32459
V639	0.51289	0.36226	0.0822	0.03084	0.01181
V640	0.10929	0.18673	0.07999	0.29445	0.32954
V641	0.12762	0.60129	0.05408	0.20013	0.01688
V642	0.63206	0.09618	0.00997	0.24795	0.01385
V643	0.08736	0.74361	0.10431	0.06473	0
V644	0.05246	0.35635	0.04076	0.52019	0.03024
V645	0.19801	0.62328	0.04694	0.13177	0
V646	0.15013	0.44179	0.05082	0.29602	0.06123
V647	0.79052	0.08635	0.00987	0.09507	0.01819
V648	0.39358	0.12968	0.01334	0.31944	0.14395
V649	0.24709	0.1275	0.07383	0.17627	0.37532
V650	0.01847	0.0466	0.05412	0.86889	0.01192
V651	0.13522	0.18504	0.01211	0.66229	0.00533
V652	0.31212	0.0655	0.03516	0.56248	0.02473
V653	0.29624	0.07554	0.04856	0.5339	0.04576
V654	0.04168	0.08173	0.0119	0.17743	0.68724
V655	0.13802	0.15458	0.23619	0.45582	0.01538
V656	0.11239	0.03983	0.00887	0.20187	0.63704
V657	0.04744	0.40374	0.05052	0.401	0.09731
V658	0.02455	0.06079	0.03369	0.64964	0.23132
V659	0.01118	0.06864	0.06875	0.78849	0.06295
V660	0.07461	0.28061	0.03851	0.12791	0.47835
V661	0.06463	0.54112	0.0441	0.25297	0.09718
V662	0.05257	0.36145	0.0428	0.08859	0.45459
V663	0.83715	0.09239	0.01115	0.03947	0.01984
V664	0.02333	0.05741	0.10207	0.44746	0.36974
V665	0.04705	0.56349	0.22029	0.13348	0.03569
V666	0.13523	0.74144	0.07898	0.04435	0
V667	0.04964	0.50036	0.25455	0.14997	0.04548
V668	0.5817	0.24083	0.05358	0.09518	0.02871
V669	0.4428	0.28001	0.03882	0.1359	0.10246
V670	0.11957	0.52824	0.07244	0.09308	0.18666
V671	0.64796	0.12235	0.14669	0.06245	0.02056
V672	0.08841	0.10617	0.0826	0.36272	0.36009
V673	0.01925	0.04126	0.011	0.22217	0.70631
V674	0.32398	0.23965	0.36666	0.02619	0.04352
V675	0.5858	0.07906	0.03813	0.18936	0.10766
V676	0.23177	0.23642	0.3707	0.0353	0.12581
V677	0.04674	0.27911	0.19375	0.42361	0.05679
V678	0.06379	0.26032	0.03122	0.12384	0.52084
V679	0.00807	0.15281	0.34679	0.47603	0.01631
V680	0.15221	0.04461	0.02472	0.40539	0.37307
V681	0.45227	0.09133	0.04058	0.32768	0.08814
V682	0.00144	0.2713	0.68996	0.02365	0.01365
V683	0.07049	0.30901	0.48035	0.03429	0.10587
V684	0.04923	0.04127	0.01347	0.88363	0.0124
V685	0.00955	0.24437	0.60123	0.12573	0.01912
V686	0.30885	0.52764	0.09093	0.06038	0.0122
V687	0	0.17672	0.43353	0.36567	0.02408
V688	0.00123	0.26402	0.67342	0.03341	0.02792
V689	0.42771	0.14405	0.15689	0.1448	0.12655
V690	0.14713	0.73021	0.05405	0.0686	0
V691	0.1283	0.14343	0.04881	0.64363	0.03582
V692	0.06065	0.05479	0.01986	0.77855	0.08615
V693	0.03542	0.50334	0.38792	0.06551	0.00781
V694	0.08381	0.18161	0.04473	0.62364	0.06621
V695	0.12627	0.15166	0.12882	0.10314	0.49011
V696	0.11215	0.21229	0.53151	0.03968	0.10437
V697	0.09532	0.19041	0.25282	0.36286	0.09859
V698	0.02306	0.08137	0.14938	0.11618	0.63001
V699	0.03134	0.05423	0.04659	0.68417	0.18368
V700	0.09463	0.70217	0.10959	0.04259	0.05102
V701	0.02827	0.15573	0.02812	0.12658	0.6613
V702	0.0201	0.11629	0.01686	0.71295	0.13379
V703	0.01116	0.04992	0.0278	0.89133	0.01978
V704	0.04666	0.16786	0.30845	0.08726	0.38978
V705	0.80186	0.09572	0.00496	0.05431	0.04315
V706	0.14085	0.18494	0.13693	0.46305	0.07424
V707	0.13446	0.14029	0.06931	0.33077	0.32517
V708	0.04324	0.56236	0.35637	0.03803	0
V709	0.01969	0.04376	0.03874	0.13564	0.76217
V710	0.12027	0.17164	0.36296	0.05476	0.29037
V711	0.06589	0.03111	0.02952	0.14743	0.72604
V712	0.05546	0.21159	0.50208	0.20575	0.02512
V713	0.25528	0.42383	0.27458	0.0437	0.00262
V714	0.05928	0.03052	0.01049	0.13776	0.76195
V715	0.01701	0.36648	0.47025	0.13347	0.0128
V716	0.66573	0.19726	0.02016	0.08645	0.03039
V717	0.366	0.1962	0.10973	0.07983	0.24824
V718	0.57233	0.13782	0.20296	0.03537	0.05152
V719	0.3723	0.2459	0.09915	0.16246	0.12019
V720	0.12217	0.085	0.08227	0.13215	0.57841
V721	0.03665	0.04287	0.05116	0.14592	0.7234
V722	0.02767	0.21364	0.06183	0.5461	0.15076
V723	0.10548	0.22059	0.10329	0.54439	0.02626
V724	0.15164	0.5479	0.06558	0.23292	0.00196
V725	0.03971	0.03169	0.01765	0.1388	0.77216
V726	0.2371	0.42489	0.07073	0.11192	0.15536
V727	0.01072	0.26131	0.66724	0.03298	0.02775
V728	0.66244	0.1187	0.09767	0.10109	0.02009
V729	0.53626	0.1469	0.03048	0.26903	0.01732
V730	0.10663	0.14924	0.28847	0.39611	0.05955
V731	0.00106	0.05857	0.05534	0.87352	0.01152
V732	0.01059	0.0332	0.01421	0.92838	0.01363
V733	0.03109	0.26807	0.64973	0.02409	0.02702
V734	0.43246	0.20582	0.26632	0.07131	0.02408
V735	0.07721	0.19735	0.1864	0.1044	0.43464
V736	0.02225	0.05689	0.01882	0.13777	0.76427
V737	0.83367	0.09649	0.01125	0.03908	0.01952
V738	0.04414	0.37423	0.0367	0.0976	0.44733
V739	0.01201	0.04368	0.00796	0.92318	0.01317
V740	0.20567	0.12364	0.09561	0.10067	0.47442
V741	0.43759	0.07328	0.01044	0.35252	0.12617
V742	0.06667	0.18134	0.39989	0.20416	0.14793
V743	0.03515	0.08266	0.07144	0.20776	0.60298
V744	0.17283	0.12965	0.13778	0.51577	0.04397
V745	0.14644	0.07046	0.04466	0.72157	0.01687
V746	0.38277	0.47709	0.05802	0.04525	0.03688
V747	0.03053	0.26564	0.63673	0.0332	0.0339
V748	0.1597	0.25505	0.23291	0.11158	0.24076
V749	0.17062	0.14399	0.10419	0.45744	0.12375
V750	0.68472	0.20346	0.01491	0.08558	0.01134
V751	0.04514	0.43095	0.46009	0.05283	0.011
V752	0.03468	0.12226	0.03344	0.12922	0.6804
V753	0.47008	0.15683	0.19017	0.06683	0.11608
V754	0.11653	0.27079	0.02238	0.58076	0.00954
V755	0.28165	0.61353	0.0676	0.03523	0.00199
V756	0.03247	0.10825	0.03244	0.17169	0.65515
V757	0.15331	0.06603	0.08369	0.67989	0.01708
V758	0.07446	0.35412	0.02032	0.54419	0.00691
V759	0.09302	0.07909	0.09033	0.10701	0.63056
V760	0.07354	0.10869	0.17097	0.30622	0.34058
V761	0.06564	0.37115	0.51632	0.03298	0.01392
V762	0.01584	0.10156	0.1423	0.44272	0.29759
V763	0.04331	0.2217	0.02393	0.1099	0.60117
V764	0.10077	0.10355	0.07463	0.69852	0.02253
V765	0.15584	0.21213	0.46449	0.07826	0.08929
V766	0.08909	0.44895	0.23252	0.09809	0.13136
V767	0.28543	0.41305	0.07618	0.09796	0.12739
V768	0.09656	0.71844	0.08614	0.09885	0
V769	0.64566	0.12467	0.14085	0.03705	0.05177
V770	0.26487	0.17741	0.36033	0.17946	0.01792
V771	0.09583	0.6086	0.04009	0.15952	0.09595
V772	0.04862	0.26217	0.64592	0.03047	0.01282
V773	0.03503	0.02936	0.00966	0.27579	0.65015
V774	0.14626	0.17325	0.3946	0.04837	0.23752
V775	0.76806	0.08717	0.02066	0.09442	0.02968
V776	0.35122	0.39908	0.15301	0.06526	0.03143
V777	0.21437	0.37475	0.21648	0.14781	0.04659
V778	0.47	0.09965	0.0173	0.2573	0.15575
V779	0.07964	0.44504	0.41314	0.04485	0.01733
V780	0.01944	0.26046	0.67503	0.03138	0.0137
V781	0.18311	0.30406	0.15958	0.06054	0.29271
V782	0.23348	0.21543	0.03254	0.08966	0.4289
V783	0.00387	0.18576	0.47176	0.07691	0.2617
V784	0.04967	0.50835	0.0281	0.33498	0.07889
V785	0.63877	0.159	0.00725	0.13761	0.05737
V786	0.15592	0.18445	0.02405	0.60854	0.02704
V787	0.15929	0.49364	0.02601	0.26033	0.06074
V788	0.37843	0.37518	0.0785	0.04351	0.12438
V789	0.01779	0.14092	0.01863	0.47207	0.35059
V790	0.27254	0.2202	0.06471	0.17457	0.26798
V791	0.1766	0.21277	0.07293	0.25593	0.28177
V792	0.8069	0.10243	0.02231	0.03763	0.03073
V793	0.3185	0.24902	0.05888	0.15149	0.22211
V794	0.0219	0.06972	0.09149	0.2655	0.55139
V795	0.17812	0.7134	0.05289	0.04877	0.00681
V796	0.29247	0.37053	0.10975	0.19638	0.03087
V797	0.14181	0.02904	0.00858	0.13689	0.68368
V798	0.15247	0.42421	0.02974	0.15543	0.23815
V799	0.03032	0.15908	0.052	0.70693	0.05166
V800	0.03582	0.03994	0.02298	0.23019	0.67107
V801	0.32467	0.0893	0.10168	0.44601	0.03833
V802	0.04812	0.17245	0.02826	0.12115	0.63001
V803	0.26584	0.073	0.01178	0.61803	0.03135
V804	0.18384	0.20443	0.1663	0.39549	0.04994
V805	0.13794	0.23815	0.33503	0.19965	0.08923
V806	0.41566	0.11428	0.15498	0.11104	0.20404
V807	0.62387	0.0859	0.05509	0.09476	0.14038
V808	0.71797	0.09286	0.04325	0.04739	0.09853
V809	0.22915	0.51094	0.04695	0.08499	0.12797
V810	0.02826	0.08172	0.04152	0.52029	0.32821
V811	0.05898	0.10348	0.03097	0.20814	0.59843
V812	0.04956	0.58365	0.20594	0.134	0.02685
V813	0.04254	0.23939	0.19119	0.07986	0.44702
V814	0.21546	0.46821	0.08122	0.21504	0.02007
V815	0.26711	0.57312	0.05738	0.09994	0.00246
V816	0.03879	0.41529	0.03018	0.48696	0.02878
V817	0.68023	0.13254	0.11671	0.05603	0.0145
V818	0.04635	0.26302	0.29102	0.09404	0.30558
V819	0.80041	0.09966	0.01629	0.06555	0.01809
V820	0.07564	0.3249	0.11997	0.44815	0.03134
V821	0.0211	0.02884	0.01162	0.14553	0.79291
V822	0.16553	0.05633	0.01838	0.74898	0.01078
V823	0.05275	0.14665	0.18864	0.08974	0.52222
V824	0.07787	0.05759	0.03018	0.12462	0.70975
V825	0.13164	0.19756	0.46115	0.19833	0.01132
V826	0.03822	0.25564	0.64599	0.04724	0.01291
V827	0.31658	0.15202	0.00896	0.42538	0.09706
V828	0.23252	0.17005	0.09792	0.13018	0.36933
V829	0.08704	0.16796	0.24591	0.22738	0.27171
V830	0.13419	0.21251	0.49376	0.05541	0.10412
V831	0.05973	0.61886	0.07992	0.22505	0.01644
V832	0.19491	0.05526	0.06338	0.30541	0.38106
V833	0.23674	0.64824	0.04089	0.04071	0.03343
V834	0.6614	0.1724	0.03642	0.06578	0.064
V835	0.24209	0.26855	0.08926	0.3197	0.0804
V836	0.32348	0.20771	0.32385	0.12799	0.01696
V837	0.07171	0.70636	0.05407	0.09854	0.06931
V838	0	0.05026	0.06835	0.86203	0.01936
V839	0.04654	0.06921	0.07139	0.12043	0.69243
V840	0.78779	0.09671	0.02704	0.06456	0.02391
V841	0.19607	0.23169	0.52406	0.02953	0.01865
V842	0.44652	0.14234	0.16097	0.22561	0.02457
V843	0.40333	0.0972	0.12166	0.1271	0.25072
V844	0.0199	0.32801	0.57012	0.0514	0.03056
V845	0.02438	0.03244	0.00764	0.66583	0.26971
V846	0.11136	0.08717	0.08981	0.15679	0.55487
V847	0.19722	0.05594	0.05085	0.20908	0.4869
V848	0.64007	0.09526	0.01	0.13487	0.11979
V849	0.12613	0.23818	0.50894	0.03816	0.08858
V850	0.19476	0.13883	0.22792	0.19824	0.24024
V851	0.83179	0.08962	0.00523	0.04742	0.02595
V852	0.22331	0.10561	0.07277	0.23904	0.35927
V853	0.03516	0.26487	0.45343	0.17161	0.07494
V854	0.05633	0.34203	0.22522	0.13635	0.24007
V855	0.11205	0.33681	0.09662	0.37422	0.08031
V856	0.17358	0.33799	0.06685	0.07017	0.35142
V857	0.07223	0.1063	0.14087	0.46219	0.21841
V858	0.03511	0.32692	0.17718	0.27304	0.18774
V859	0.11693	0.05489	0.02516	0.76338	0.03964
V860	0.03831	0.1503	0.06516	0.68662	0.05961
V861	0.12572	0.09061	0.10693	0.66082	0.01592
V862	0.07319	0.03771	0.02843	0.2061	0.65456
V863	0.08389	0.78949	0.05943	0.05314	0.01405
V864	0.03629	0.24214	0.61975	0.08908	0.01275
V865	0.07291	0.19219	0.45866	0.26536	0.01088
V866	0.02876	0.21821	0.46579	0.25616	0.03108
V867	0.51837	0.07956	0.0113	0.06739	0.32338
V868	0.21472	0.29422	0.31807	0.14596	0.02703
V869	0.02855	0.02891	0.03123	0.14578	0.76553
V870	0.25442	0.18066	0.076	0.29914	0.18977
V871	0.04392	0.09051	0.09256	0.19255	0.58046
V872	0.33819	0.08457	0.01759	0.50653	0.05311
V873	0.06192	0.30084	0.14224	0.43052	0.06448
V874	0.09874	0.06686	0.01683	0.12871	0.68885
V875	0.01623	0.16334	0.0321	0.55914	0.22918
V876	0.43203	0.11122	0.05556	0.0806	0.32058
V877	0.25926	0.52935	0.06252	0.13768	0.01119
V878	0.05401	0.57207	0.0691	0.29576	0.00905
V879	0.78187	0.11338	0.01655	0.06509	0.0231
V880	0.0786	0.09627	0.03442	0.4868	0.30391
V881	0.01434	0.16394	0.40801	0.06406	0.34965
V882	0.05573	0.38387	0.03538	0.52503	0
V883	0.46683	0.18071	0.02088	0.22915	0.10242
V884	0.02048	0.02233	0.01141	0.15473	0.79105
V885	0.15518	0.18391	0.29824	0.15706	0.20561
V886	0.01302	0.03092	0.03569	0.32365	0.59673
V887	0.13897	0.74749	0.04752	0.04245	0.02357
V888	0.05542	0.12026	0.05605	0.70806	0.06021
V889	0.16249	0.68871	0.07445	0.06716	0.00719
V890	0.0285	0.07918	0.11673	0.66693	0.10866
V891	0.00301	0.28073	0.66323	0.04054	0.01249
V892	0.56082	0.22974	0.02875	0.05172	0.12897
V893	0.1397	0.28674	0.3947	0.11381	0.06504
V894	0.11533	0.43747	0.06609	0.33646	0.04465
V895	0.57656	0.14085	0.2091	0.05352	0.01996
V896	0.19695	0.25307	0.19828	0.33959	0.0121
V897	0.00184	0.03881	0.04043	0.80061	0.11831
V898	0.36214	0.05518	0.01772	0.10747	0.45749
V899	0.54373	0.29854	0.08353	0.03298	0.04121
V900	0.2372	0.27689	0.22797	0.2315	0.02643
V901	0.58452	0.10397	0.01056	0.2217	0.07926
V902	0.72812	0.11577	0.02185	0.0811	0.05317
