cytotoxic.CD56.dim.NK.cell	memory.CD4.pos.AB.T.cell	memory.B.cell	CD14.pos.CD16.neg.classical.monocyte
V1	0.51729	0.01504	0.15419	0.31347
V2	0.10594	0.07533	0.0425	0.77623
V3	0.03837	0.59539	0.01026	0.35597
V4	0.86846	0.11066	0.00026	0.02062
V5	0.0856	0.46639	0.256	0.19201
V6	0.0614	0.9017	0.01585	0.02105
V7	0.11062	0.31398	0.0695	0.5059
V8	0.10442	0.05116	0.81375	0.03067
V9	0.18974	0.19191	0.02957	0.58878
V10	0.01586	0.05849	0.87648	0.04917
V11	0.1894	0.35104	0.45374	0.00582
V12	0.01789	0.59361	0.37523	0.01328
V13	0.24775	0.72778	0.00359	0.02087
V14	0.05902	0.92919	0.0056	0.0062
V15	0.09547	0.60845	0.10868	0.1874
V16	0.91526	0.04141	0.01529	0.02804
V17	0.07063	0.89869	0.00961	0.02108
V18	0.58689	0.33928	0.03529	0.03854
V19	0.14066	0.84232	0.00402	0.013
V20	0.13139	0.42593	0.01574	0.42694
V21	0.10453	0.0685	0.79623	0.03074
V22	0.00955	0.07768	0.18146	0.73131
V23	0.35603	0.0559	0.58183	0.00624
V24	0.91799	0.04773	0.03413	0.00016
V25	0.31555	0.19717	0.11703	0.37025
V26	0.37347	0.36685	0.01424	0.24544
V27	0.07238	0.06306	0.02226	0.8423
V28	0.00478	0.12029	0.87241	0.00253
V29	0.41772	0.03924	0.51347	0.02957
V30	0.06921	0.1691	0.26495	0.49675
V31	0.16673	0.15288	0.29534	0.38505
V32	0.06061	0.04407	0.03358	0.86174
V33	0.02997	0.48955	0.37094	0.10954
V34	0.10387	0.05846	0.80701	0.03065
V35	0.1411	0.75864	0.0704	0.02986
V36	0.00428	0.04485	0.44893	0.50194
V37	0.51707	0.05188	0.08236	0.34869
V38	0.37169	0.01537	0.15564	0.45729
V39	0.14062	0.5767	0.11972	0.16296
V40	0.08735	0.84	0.07234	0.00031
V41	0.00491	0.65332	0.03659	0.30519
V42	0.17147	0.02992	0.18785	0.61076
V43	0.1091	0.32247	0.5374	0.03103
V44	0.00865	0.07	0.74622	0.17514
V45	0.07686	0.60649	0.21831	0.09833
V46	0.80931	0.07069	0.11475	0.00526
V47	0.45207	0.16576	0.33176	0.05041
V48	0.81395	0.16187	0.00403	0.02015
V49	0.74484	0.16943	0	0.08573
V50	0.05478	0.86588	0.07369	0.00565
V51	0.30171	0.40095	0.26659	0.03074
V52	0.01806	0.11169	0.83925	0.031
V53	0.72775	0.12331	0.14876	0.00018
V54	0.42007	0.17347	0.38566	0.0208
V55	0.17099	0.09492	0.22779	0.50629
V56	0.03408	0.03457	0.08531	0.84604
V57	0.08083	0.88948	0.01679	0.0129
V58	0.59772	0.01366	0.03493	0.35369
V59	0.44044	0.4105	0.09883	0.05023
V60	0.09827	0.11387	0.32062	0.46723
V61	0.82088	0.08599	0.0082	0.08493
V62	0.88939	0.03777	0.06065	0.01218
V63	0.01202	0.85994	0.10707	0.02097
V64	0.00843	0.85282	0.00057	0.13818
V65	0.01425	0.03175	0.10779	0.84621
V66	0.19256	0.72314	0.01406	0.07024
V67	0.13242	0.31584	0.5385	0.01324
V68	0.11495	0.11878	0.02058	0.74569
V69	0.01586	0.28481	0.64921	0.05012
V70	0.55743	0.12265	0.17653	0.14339
V71	0.12593	0.05456	0.3695	0.45
V72	0.58439	0.12651	0.0848	0.2043
V73	0.13018	0.64197	0.12981	0.09804
V74	0.04892	0.2246	0.7249	0.00158
V75	0.70678	0.01456	0.18313	0.09553
V76	0.00053	0.14162	0.16266	0.69519
V77	0.0264	0.24971	0.01008	0.7138
V78	0.26455	0.08438	0.17351	0.47756
V79	0.00465	0.09447	0.81265	0.08823
V80	0.31833	0.03352	0.55842	0.08973
V81	0.0444	0.15985	0.78861	0.00714
V82	0.00163	0.10602	0.88271	0.00964
V83	0.09656	0.13958	0.06153	0.70233
V84	0.34843	0.03581	0.14795	0.46781
V85	0.08408	0.28124	0.42985	0.20484
V86	0.03392	0.06915	0.85711	0.03983
V87	0.02428	0.86349	0.04347	0.06876
V88	0.12419	0.04709	0.25231	0.57641
V89	0.01354	0.03237	0.18915	0.76495
V90	0.02023	0.92004	0.04666	0.01306
V91	0.02474	0.76679	0.17846	0.03001
V92	0.43141	0.02875	0.39272	0.14712
V93	0.87811	0.0222	0.00039	0.0993
V94	0.0098	0.3979	0.01936	0.57294
V95	0.24038	0.42692	0.15275	0.17995
V96	0.05129	0.0951	0.02657	0.82704
V97	0.69294	0.09727	0.20463	0.00517
V98	0.68907	0.29811	0	0.01282
V99	0.8026	0.04941	0.14268	0.0053
V100	0.05999	0.06102	0.85605	0.02294
V101	0.02892	0.08573	0.01042	0.87493
V102	0.92621	0.05583	0.0051	0.01286
V103	0.00739	0.06133	0.09228	0.839
V104	0.02553	0.9614	0.00654	0.00654
V105	0.04814	0.93358	0.01219	0.00609
V106	0.09925	0.52294	0.33687	0.04094
V107	0.16162	0.17745	0.61018	0.05076
V108	0.13686	0.77472	0.0881	0.00032
V109	0.00824	0.12896	0.60341	0.25939
V110	0.04401	0.90491	0.03011	0.02097
V111	0.91015	0.01869	0.06526	0.0059
V112	0.09564	0.05039	0.42501	0.42897
V113	0.1455	0.07953	0.16056	0.61442
V114	0.19175	0.04256	0.06923	0.69646
V115	0.00666	0.7694	0.21783	0.00611
V116	0.11611	0.28138	0.39556	0.20695
V117	0.69887	0.23569	0.02745	0.03799
V118	0.13631	0.57592	0.02813	0.25965
V119	0.08151	0.0721	0.04439	0.802
V120	0.0608	0.08499	0.83948	0.01473
V121	0.60256	0.09933	0.08393	0.21418
V122	0.95208	0.02256	0.0122	0.01316
V123	0.00462	0.46789	0.038	0.48949
V124	0.66669	0.27642	0	0.05689
V125	0.38748	0.41955	0.17213	0.02084
V126	0.02571	0.12898	0.04516	0.80015
V127	0.12352	0.04144	0.24057	0.59446
V128	0.02497	0.03415	0.10934	0.83154
V129	0.60166	0.21255	0.15642	0.02937
V130	0.00629	0.66506	0.32238	0.00627
V131	0.02086	0.90231	0.00043	0.0764
V132	0.93703	0.01885	0.02381	0.02031
V133	0.91578	0.02589	0.04593	0.0124
V134	0.08122	0.35345	0.11656	0.44877
V135	0.05468	0.03198	0.16379	0.74954
V136	0.20774	0.36936	0.00977	0.41313
V137	0.65749	0.03419	0.24097	0.06735
V138	0.18874	0.38447	0.17495	0.25184
V139	0.33412	0.17111	0.19218	0.30259
V140	0.02146	0.09086	0.05039	0.8373
V141	0.04325	0.12579	0.56061	0.27035
V142	0.76855	0.02978	0.20124	0.00043
V143	0.41902	0.22835	0.05982	0.2928
V144	0.1276	0.11948	0.15183	0.6011
V145	0.00239	0.7748	0.21653	0.00628
V146	0.0493	0.03799	0.03913	0.87358
V147	0.9213	0.02684	0.0154	0.03646
V148	0.09835	0.06566	0.59897	0.23702
V149	0.24798	0.53031	0.21629	0.00542
V150	0.06498	0.21533	0.63542	0.08427
V151	0.18319	0.64601	0.02751	0.14329
V152	0.21694	0.44768	0.22204	0.11334
V153	0.08526	0.77472	0.01434	0.12568
V154	0.22796	0.4632	0.27799	0.03085
V155	0.47785	0.12023	0.29415	0.10777
V156	0.02116	0.11985	0.72283	0.13617
V157	0.27901	0.12675	0.32234	0.2719
V158	0.02864	0.03042	0.05702	0.88392
V159	0.89209	0.06228	2e-05	0.04561
V160	0.66931	0.01397	0.05523	0.26149
V161	0.16707	0.02605	0.032	0.77488
V162	0.04422	0.25589	0.06945	0.63043
V163	0.07402	0.47846	0.16007	0.28745
V164	0.32084	0.27899	0.09851	0.30166
V165	0.0085	0.24314	0.00613	0.74223
V166	0.00602	0.10015	0.06759	0.82624
V167	0.29465	0.01947	0.01207	0.67381
V168	0.27206	0.59539	0.07096	0.0616
V169	0.14401	0.05419	0.0353	0.7665
V170	0.07733	0.03458	0.51494	0.37315
V171	0.10782	0.22262	0.62881	0.04075
V172	0.70081	0.02542	0.26797	0.0058
V173	0.01917	0.13326	0.03934	0.80823
V174	0.01086	0.145	0.06746	0.77668
V175	0.04594	0.04597	0.78046	0.12763
V176	0.00686	0.82981	0.15726	0.00606
V177	0.01241	0.97279	0.00048	0.01432
V178	0.00554	0.75659	0.006	0.23187
V179	0.12257	0.02656	0.36594	0.48493
V180	0.02743	0.89709	0.07512	0.00037
V181	0.13399	0.11029	0.57394	0.18179
V182	0.28261	0.16225	0.493	0.06215
V183	0.16416	0.82538	0.0046	0.00586
V184	0.94842	0.02918	0.02206	0.00034
V185	0.56335	0.4213	0.01	0.00536
V186	0.09702	0.48218	0.2693	0.15151
V187	0.94293	0.02416	0.0269	0.00601
V188	0.04227	0.20936	0.00563	0.74274
V189	0.80914	0.02231	0.01434	0.15421
V190	0.64259	0.03171	0.31999	0.00571
V191	0.16271	0.18909	0.60764	0.04056
V192	0.28172	0.46143	0.04316	0.21368
V193	0.60061	0.03288	0.23209	0.13442
V194	0.02981	0.94403	0.00477	0.02139
V195	0.01302	0.08003	0.89701	0.00994
V196	0.01212	0.10436	0.02071	0.86281
V197	0.3559	0.04349	0.02322	0.57739
V198	0.0486	0.50557	0.38364	0.06219
V199	0.12209	0.03244	0.15909	0.68638
V200	0.10191	0.55027	0.01515	0.33266
V201	0.07557	0.56421	0.18406	0.17617
V202	0.01099	0.04981	0.7601	0.1791
V203	0.14387	0.43019	0.40453	0.02141
V204	0.00517	0.49427	0.00817	0.49238
V205	0.01494	0.08875	0.88049	0.01583
V206	0.03772	0.11536	0.83919	0.00774
V207	0.09643	0.15855	0.04641	0.69861
V208	0.22351	0.07716	0.68581	0.01352
V209	0.28443	0.46659	0.06034	0.18863
V210	0.06754	0.80473	0.07822	0.04951
V211	0.36177	0.02271	0.03113	0.5844
V212	0.49196	0.04803	0.43938	0.02064
V213	0.62268	0.02838	0.09811	0.25083
V214	0.29681	0.12749	0.15509	0.42061
V215	0.23603	0.08077	0.01872	0.66448
V216	0.04582	0.02839	0.04287	0.88292
V217	0.02853	0.47624	0.22609	0.26914
V218	0.07344	0.42308	0.15976	0.34371
V219	0.08312	0.63214	0.00939	0.27535
V220	0.00586	0.82716	0.0052	0.16178
V221	0.78734	0.01558	0.00512	0.19197
V222	0.29135	0.11112	0.38378	0.21375
V223	0.00435	0.13025	0.7862	0.0792
V224	0.93853	0.02808	0.03307	0.00031
V225	0.04644	0.89917	0.04864	0.00575
V226	0.28276	0.08793	0.61611	0.0132
V227	0.78116	0.01898	0.18735	0.0125
V228	0.79293	0.05419	0.05602	0.09687
V229	0.01638	0.06912	0.8907	0.0238
V230	0.01754	0.06423	0.03881	0.87942
V231	0.00893	0.2338	0.09597	0.66129
V232	0.03292	0.63338	0.00188	0.33183
V233	0.56882	0.07116	0.19494	0.16508
V234	0.02923	0.93338	0.02429	0.0131
V235	0.35232	0.06565	0.55201	0.03002
V236	0.03032	0.07768	0.81344	0.07856
V237	0.12336	0.02846	0.03485	0.81333
V238	0.11021	0.57218	0.26611	0.0515
V239	0.04602	0.35842	0.01812	0.57744
V240	0.47232	0.04394	0.43556	0.04818
V241	0.0145	0.05494	0.86382	0.06674
V242	0.11046	0.79732	0.07964	0.01257
V243	0.20648	0.05341	0.66017	0.07994
V244	0.17061	0.03943	0.70201	0.08795
V245	0.61796	0.28068	0.04236	0.05901
V246	0.04119	0.14879	0.78783	0.02219
V247	0.15024	0.06925	0.7788	0.00171
V248	0.01995	0.0585	0.05501	0.86654
V249	0.00086	0.07459	0.85757	0.06698
V250	0.75406	0.0224	0.21785	0.00569
V251	0.93369	0.05419	0.00606	0.00607
V252	0.01247	0.84472	0.14229	0.00052
V253	0.31755	0.05465	0.14968	0.47812
V254	0.00857	0.94143	0.04384	0.00616
V255	0.03685	0.92424	0.00033	0.03859
V256	0.14962	0.19152	0.56106	0.09781
V257	0.40011	0.07856	0.23104	0.29029
V258	0.15168	0.23894	0.45848	0.1509
V259	0.02352	0.27618	0.65991	0.04038
V260	0.00157	0.28625	0.70475	0.00743
V261	0.61117	0.03015	0.18843	0.17025
V262	0.07064	0.06922	0.02166	0.83848
V263	0.01719	0.96064	0.00031	0.02186
V264	0.12451	0.03886	0.42346	0.41317
V265	0.02536	0.02892	0.13495	0.81077
V266	0.62982	0.36255	0.00751	0.00013
V267	0.00033	0.1447	0.26256	0.59242
V268	0.32809	0.02608	0.12735	0.51849
V269	0.00482	0.55418	0.39093	0.05007
V270	0.64342	0.02796	0.2404	0.08822
V271	0.81475	0.05372	0.026	0.10554
V272	0.04134	0.83908	0.00906	0.11052
V273	0.04542	0.04553	0.04343	0.86561
V274	0.69715	0.0139	0.17218	0.11677
V275	0.00163	0.08842	0.89924	0.01071
V276	0.50027	0.31613	0.00797	0.17564
V277	0.02099	0.1684	0.14195	0.66867
V278	0.02132	0.05494	0.26765	0.65609
V279	0.69759	0.04692	0.09913	0.15636
V280	0.02864	0.03042	0.05702	0.88392
V281	0.51284	0.02758	0.12708	0.33251
V282	0.03927	0.07994	0.8222	0.05859
V283	0.18545	0.59022	0.05214	0.17219
V284	0.02203	0.92209	0.04992	0.00596
V285	0.07377	0.0699	0.85421	0.00212
V286	0.22553	0.56422	0.09956	0.11069
V287	0.08016	0.88927	0.00952	0.02105
V288	0.00837	0.23549	0.43098	0.32516
V289	0.26095	0.19856	0.45409	0.08641
V290	0.81075	0.1752	0.01397	8e-05
V291	0.47302	0.07087	0.44356	0.01255
V292	0.92503	0.02049	0.00064	0.05385
V293	0.26058	0.04183	0.65878	0.03881
V294	0.06409	0.32623	0.00393	0.60575
V295	0.0088	0.14464	0.17025	0.6763
V296	0.14562	0.11022	0.64988	0.09428
V297	0.05787	0.02671	0.07606	0.83935
V298	0.27309	0.10323	0.61053	0.01315
V299	0.04668	0.23819	0.01435	0.70079
V300	0.00037	0.05129	0.21324	0.73509
V301	0.09112	0.10058	0.68079	0.12751
V302	0.64602	0.34102	8e-05	0.01287
V303	0.0017	0.5967	0.37127	0.03033
V304	0.03656	0.04711	0.74223	0.17409
V305	0.08936	0.13103	0.47503	0.30458
V306	0.83179	0.07999	0.04202	0.04621
V307	0.01506	0.95935	0.01206	0.01352
V308	0.19583	0.19518	0.30298	0.30601
V309	0.2929	0.27917	0.02123	0.4067
V310	0.05191	0.26994	0.13405	0.5441
V311	0.50374	0.48623	0.00455	0.00549
V312	0.07946	0.77164	0.12788	0.02102
V313	0.00057	0.12925	0.02657	0.84361
V314	0.00899	0.43373	0.09581	0.46147
V315	0.0936	0.622	0.02843	0.25596
V316	0.27886	0.11243	0.40834	0.20037
V317	0.06546	0.70813	0.03617	0.19024
V318	0.02355	0.5151	0.01169	0.44967
V319	0.04158	0.08096	0.8465	0.03096
V320	0.05353	0.12652	0.68014	0.13981
V321	0.6203	0.37216	0.00744	9e-05
V322	0.15247	0.27969	0.06098	0.50686
V323	0.03881	0.03953	0.08746	0.8342
V324	0.67718	0.24216	0.06064	0.02002
V325	0.28738	0.66049	0.04676	0.00538
V326	0.00121	0.52342	0.07706	0.39831
V327	0.01036	0.12476	0.09217	0.77271
V328	0.0293	0.04749	0.73877	0.18444
V329	0.12532	0.08708	0.15072	0.63689
V330	0.33718	0.0211	0.33234	0.30938
V331	0.28375	0.06998	0.03702	0.60925
V332	0.00514	0.05699	0.16848	0.76939
V333	0.39801	0.06491	0.40812	0.12896
V334	0.30143	0.02252	0.35469	0.32135
V335	0.01482	0.30544	0.53597	0.14377
V336	0.14811	0.72222	0.01395	0.11572
V337	0.26399	0.40182	0.30337	0.03082
V338	0.00296	0.98069	0.00928	0.00707
V339	0.10514	0.05862	0.82805	0.00819
V340	0.03598	0.193	0.54954	0.22148
V341	0.01835	0.05413	0.06974	0.85778
V342	0.20007	0.03403	0.62273	0.14317
V343	0.95294	0.03375	0.00697	0.00634
V344	0.6684	0.1527	0.17868	0.00022
V345	0.02407	0.10184	0.87187	0.00222
V346	0.18397	0.08787	0.27461	0.45356
V347	0.03065	0.03193	0.12195	0.81547
V348	0.03801	0.66469	0.12701	0.1703
V349	0.32292	0.14285	0.4115	0.12273
V350	0.02621	0.81169	0.16159	0.00051
V351	0.00945	0.04273	0.36584	0.58198
V352	0.0327	0.05345	0.83707	0.07677
V353	0.88478	0.02413	0.02766	0.06343
V354	0.03233	0.71594	0.21186	0.03987
V355	0.23392	0.06549	0.48137	0.21922
V356	0.02404	0.04192	0.09862	0.83543
V357	0.08253	0.29306	0.27667	0.34774
V358	0.50345	0.08174	0.04137	0.37344
V359	0.5206	0.0451	0.02743	0.40686
V360	0.54214	0.43027	0.01535	0.01225
V361	0.00145	0.44681	0.5449	0.00684
V362	0.00307	0.97406	0.016	0.00687
V363	0.13149	0.09599	0.48405	0.28847
V364	0.12095	0.06721	0.70966	0.10218
V365	0.20507	0.03588	0.01649	0.74256
V366	0.05595	0.69393	0.06916	0.18096
V367	0.53166	0.11447	0.00455	0.34931
V368	0.0662	0.75885	0.06928	0.10567
V369	0.01176	0.39546	0.58627	0.00651
V370	0.27416	0.26093	0.43398	0.03094
V371	0.16007	0.74864	0.02086	0.07044
V372	0.11304	0.04989	0.10505	0.73202
V373	0.0511	0.1125	0.47334	0.36307
V374	0.75273	0.03433	0.21261	0.00033
V375	0.02664	0.04918	0.1316	0.79259
V376	0.02314	0.04838	0.09586	0.83262
V377	0.75387	0.0114	0.01075	0.22399
V378	0.00436	0.0447	0.37397	0.57698
V379	0.27825	0.16241	0.01092	0.54842
V380	0.10398	0.06097	0.17914	0.65591
V381	0.71866	0.01777	0.08018	0.18339
V382	0.06407	0.07385	0.85387	0.00821
V383	0.82305	0.01366	0.04079	0.1225
V384	0.5289	0.06061	0.12006	0.29044
V385	0.86092	0.01999	0.0648	0.0543
V386	0.23363	0.024	0.12931	0.61306
V387	0.59394	0.12542	0.18671	0.09393
V388	0.35541	0.31083	0.14091	0.19285
V389	0.39789	0.52353	0.00825	0.07033
V390	0.26824	0.25062	0.47533	0.00581
V391	0.35297	0.08465	0.01648	0.5459
V392	0.40306	0.19205	0.15936	0.24553
V393	0.2498	0.20149	0.36968	0.17904
V394	0.05965	0.18545	0.0951	0.6598
V395	0.18918	0.37484	0.1981	0.23788
V396	0.00872	0.96347	0.00616	0.02166
V397	0.79594	0.07502	0.09182	0.03723
V398	0.40262	0.10804	0.08409	0.40525
V399	0.1652	0.56915	0.14122	0.12442
V400	0.00122	0.54225	0.05216	0.40437
V401	0.0218	0.14498	0.75239	0.08083
V402	0.78484	0.18089	0.03422	5e-05
V403	0.01927	0.04716	0.0795	0.85407
V404	0.06395	0.1731	0.65605	0.1069
V405	0.16142	0.03587	0.14869	0.65401
V406	0.64658	0.22722	0.01355	0.11265
V407	0.00296	0.98069	0.00928	0.00707
V408	0.06225	0.20611	0.40759	0.32405
V409	0.00054	0.06529	0.05689	0.87727
V410	0.07042	0.88574	0.02293	0.02091
V411	0.36683	0.02426	0.00449	0.60442
V412	0.1183	0.06786	0.50671	0.30713
V413	0.03649	0.45678	0.16878	0.33795
V414	0.0221	0.49694	0.33474	0.14621
V415	0.39359	0.0296	0.22198	0.35483
V416	0.01635	0.1264	0.85521	0.00205
V417	0.35999	0.63009	0.00433	0.00559
V418	0.04434	0.08641	0.12413	0.74512
V419	0.02499	0.03164	0.06398	0.87939
V420	0.00214	0.89111	0.01021	0.09654
V421	0.11959	0.05307	0.70425	0.12309
V422	0.03737	0.08406	0.01757	0.861
V423	0.05999	0.06102	0.85605	0.02294
V424	4e-04	0.06121	0.59581	0.34258
V425	0.03702	0.21189	0.63238	0.11871
V426	0.06482	0.06349	0.80331	0.06838
V427	0.04391	0.35555	0.17921	0.42132
V428	0.06723	0.79638	0.04361	0.09278
V429	0.02164	0.03175	0.0701	0.87651
V430	0.7614	0.14829	0.01351	0.0768
V431	0.13491	0.03411	0.44552	0.38545
V432	0.0722	0.08591	0.04391	0.79798
V433	0.04168	0.7214	0.0012	0.23572
V434	0.27116	0.06289	0.04457	0.62138
V435	0.44998	0.019	0.10755	0.42347
V436	0.31213	0.02204	0.10007	0.56576
V437	0.17692	0.19448	0.00729	0.6213
V438	0.5936	0.13243	0.02664	0.24733
V439	0.02674	0.11182	0.01628	0.84515
V440	0.41518	0.03591	0.02914	0.51977
V441	0.04365	0.11124	0.61821	0.22689
V442	0.28714	0.31876	0.13038	0.26372
V443	0.72446	0.01405	0.08	0.1815
V444	0.02407	0.10184	0.87187	0.00222
V445	0.59421	0.03158	0.34543	0.02877
V446	0.02378	0.85295	0.0435	0.07977
V447	0.63413	0.07861	0.17222	0.11504
V448	0.01016	0.06553	0.174	0.7503
V449	0.54299	0.04108	0.30252	0.11341
V450	0.1321	0.8528	0.0149	2e-04
V451	0.9228	0.05585	5e-04	0.02084
V452	0.02844	0.03659	0.08118	0.8538
V453	0.82309	0.06359	0.05743	0.05589
V454	0.00252	0.94197	0.0421	0.01341
V455	0.58579	0.03705	0.30933	0.06783
V456	0.29005	0.10398	0.4065	0.19947
V457	0.00069	0.08725	0.03659	0.87547
V458	0.20828	0.19352	0.00696	0.59124
V459	0.01059	0.81028	0.07692	0.1022
V460	0.94173	0.02066	0.02486	0.01274
V461	0.0501	0.06022	0.01952	0.87016
V462	0.29154	0.21408	0.00253	0.49185
V463	0.22802	0.48057	0.15281	0.1386
V464	0.44593	0.08441	0.00558	0.46408
V465	0.37862	0.41838	0.02046	0.18253
V466	0.55584	0.16104	0.00405	0.27906
V467	0.29565	0.59371	0.07066	0.03999
V468	0.49707	0.39998	0.04297	0.05998
V469	0.00834	0.14265	0.26409	0.58492
V470	0.53978	0.10363	0.17511	0.18148
V471	0.20446	0.08843	0.03171	0.6754
V472	0.27377	0.29883	0.00209	0.4253
V473	0.07958	0.55652	0.3425	0.0214
V474	0.08383	0.02445	0.09901	0.79272
V475	0.14542	0.36569	0.06925	0.41963
V476	0.118	0.03335	0.05305	0.79561
V477	0.57893	0.03557	0.20031	0.1852
V478	0.10176	0.56813	0.00491	0.32521
V479	0.0094	0.09297	0.80884	0.08878
V480	0.05305	0.26472	0.03901	0.64321
V481	0.11802	0.05829	0.80897	0.01473
V482	0.71328	0.14528	0.10326	0.03818
V483	0.08707	0.09395	0.06328	0.7557
V484	0.01826	0.08943	0.03335	0.85897
V485	0.09482	0.74771	0.00861	0.14887
V486	0.22667	0.22918	0.11727	0.42688
V487	0.04968	0.05456	0.07896	0.8168
V488	0.00574	0.05666	0.83397	0.10363
V489	0.18109	0.10938	0.696	0.01353
V490	0.30251	0.28438	0.06071	0.3524
V491	0.43075	0.47032	0.02767	0.07125
V492	0.02067	0.85427	0.1192	0.00586
V493	0.063	0.02951	0.01279	0.89469
V494	0.15885	0.13814	0.55718	0.14583
V495	0.20039	0.64937	0.12924	0.021
V496	0.24719	0.70422	0	0.04858
V497	0.01554	0.06851	0.9055	0.01045
V498	0.25114	0.0852	0.04486	0.6188
V499	0.61353	0.26371	0.11766	0.0051
V500	0.07553	0.12245	0.76207	0.03996
V501	0.00288	0.03982	0.08697	0.87032
V502	0.5538	0.26903	0.14761	0.02956
V503	0.14608	0.07954	0.18157	0.59281
V504	0.2033	0.71823	0.00845	0.07002
V505	0.15557	0.18072	0.24847	0.41524
V506	0.06262	0.22235	0.47325	0.24178
V507	0.60349	0.08359	0.11165	0.20127
V508	0.76643	0.15214	0.03437	0.04706
V509	0.18534	0.06149	0.52365	0.22952
V510	0.20137	0.53148	0.26162	0.00554
V511	0.02877	0.37075	0.03841	0.56208
V512	0.18181	0.04856	0.0693	0.70033
V513	0.05855	0.66378	0.20414	0.07353
V514	0.01751	0.10834	0.01008	0.86407
V515	0.76757	0.05174	0.04048	0.14021
V516	0.89455	0.09829	0.00093	0.00623
V517	0.02376	0.04045	0.22762	0.70818
V518	0.93935	0.05305	0.00096	0.00664
V519	0.01841	0.86913	0.00432	0.10814
V520	0.0166	0.03536	0.58758	0.36045
V521	0.54557	0.04996	0.37528	0.02919
V522	0.00363	0.1107	0.56931	0.31636
V523	0.31296	0.10647	0.25694	0.32363
V524	0.00554	0.78788	0.17688	0.0297
V525	0.19843	0.17255	0.0235	0.60552
V526	0.6243	0.06613	0.06465	0.24492
V527	0.1553	0.0326	0.38695	0.42515
V528	0.07926	0.87251	0.00012	0.0481
V529	0.03672	0.05969	0.1986	0.70499
V530	0.00382	0.1867	0.69543	0.11405
V531	0.01955	0.87236	0.10767	0.00042
V532	0.12878	0.28669	0.02314	0.56139
V533	0.24812	0.33035	0.13008	0.29145
V534	0.00556	0.04568	0.68262	0.26614
V535	0.47748	0.01445	0.01344	0.49463
V536	0.141	0.02356	0.35288	0.48256
V537	0.59107	0.24995	0.14692	0.01206
V538	0.39445	0.04655	0.07424	0.48475
V539	0.24038	0.42692	0.15275	0.17995
V540	0.17382	0.72475	0.06176	0.03967
V541	0.00938	0.46206	0.05264	0.47592
V542	0.14911	0.10361	0.23956	0.50773
V543	0.86469	0.01594	0.0097	0.10968
V544	0.06848	0.07492	0.15134	0.70525
V545	0.30652	0.1162	0.05963	0.51765
V546	0.03777	0.89957	0.05691	0.00576
V547	0.02607	0.65348	0.30736	0.01309
V548	0.13207	0.78952	0.07293	0.00549
V549	0.28824	0.05523	0.64317	0.01335
V550	0.51872	0.03321	0.00245	0.44562
V551	0.14986	0.76263	0.02792	0.0596
V552	0.00103	0.48214	0.00882	0.50801
V553	0.19477	0.14674	0.63701	0.02148
V554	0.03837	0.0927	0.02833	0.84059
V555	0.06135	0.19165	0.32743	0.41957
V556	0.0012	0.07915	0.88732	0.03233
V557	0.79775	0.02829	0.00882	0.16514
V558	0.04843	0.79409	0.02136	0.13611
V559	0.01187	0.80816	0.17942	0.00055
V560	0.66847	0.32535	4e-04	0.00579
V561	0.00163	0.08842	0.89924	0.01071
V562	0.77363	0.01551	0.10587	0.10499
V563	0.2126	0.05048	0.72969	0.00724
V564	0.04349	0.10031	0.84146	0.01474
V565	0.09274	0.22996	0.38908	0.28822
V566	0.67193	0.08178	0.00383	0.24246
V567	0.17809	0.42048	0.02125	0.38017
V568	0.18379	0.024	0.05017	0.74204
V569	0.6242	0.03129	0.00148	0.34303
V570	0.01537	0.2709	0.64226	0.07147
V571	0.81938	0.11589	0	0.06473
V572	0.40368	0.02823	0.45693	0.11116
V573	0.04257	0.15934	0.01179	0.7863
V574	0.02611	0.80402	0.15704	0.01283
V575	0.0113	0.08332	0.11337	0.792
V576	0.12939	0.82783	0.03014	0.01263
V577	0.02326	0.05119	0.19066	0.73489
V578	0.03486	0.07119	0.68929	0.20466
V579	0.00651	0.8923	0.08006	0.02113
V580	0.10567	0.02568	0.10153	0.76712
V581	0.05244	0.09601	0.00859	0.84296
V582	0.55014	0.12361	0.02677	0.29948
V583	0.00401	0.05648	0.56848	0.37103
V584	0.5124	0.14525	0.30281	0.03955
V585	0.00609	0.03788	0.41124	0.54479
V586	0.19162	0.03936	0.66927	0.09975
V587	0.22835	0.04522	0.69629	0.03014
V588	0.57611	0.03851	0.02094	0.36444
V589	0.04008	0.8387	0.0518	0.06943
V590	0.0371	0.77847	0.17866	0.00577
V591	0.00039	0.05519	0.18856	0.75586
V592	0.13911	0.08193	0.77729	0.00166
V593	0.5407	0.01331	0.17342	0.27257
V594	0.31541	0.27929	0.35383	0.05147
V595	0.02799	0.05857	0.03465	0.87879
V596	0.02035	0.23838	0.20545	0.53582
V597	0.00159	0.57116	0.33418	0.09307
V598	0.0127	0.13648	0.83589	0.01493
V599	0.62763	0.31588	0.0276	0.02888
V600	0.33354	0.47712	0.04342	0.14592
V601	0.11926	0.23431	0.06901	0.57743
V602	0.03109	0.06324	0.0258	0.87988
V603	0.00521	0.32626	0.0155	0.65303
V604	0.50354	0.11065	0.35614	0.02967
V605	0.04507	0.29925	0.41199	0.24369
V606	0.72612	0.13546	0.00794	0.13047
V607	0.61345	0.01731	0.09757	0.27167
V608	0.18026	0.13818	0.39665	0.28491
V609	0.01385	0.19589	0.21437	0.57589
V610	0.75795	0.02325	0.08028	0.13852
V611	0.22206	0.02217	0.04882	0.70695
V612	0.01621	0.10125	0.81392	0.06862
V613	0.02353	0.31981	0.61618	0.04048
V614	0.75655	0.05123	0.04024	0.15198
V615	0.0971	0.06661	0.01353	0.82276
V616	0.05632	0.70543	0.03616	0.20209
V617	0.44923	0.17095	0.37923	0.00059
V618	0.67081	0.01763	0.00144	0.31012
V619	0.33237	0.03492	0.3151	0.31761
V620	0.00629	0.66506	0.32238	0.00627
V621	0.39308	0.12994	0.16693	0.31005
V622	0.33464	0.21546	0.41928	0.03062
V623	0.01111	0.07503	0.13111	0.78275
V624	0.78638	0.19313	4e-05	0.02044
V625	0.23738	0.49696	0.08934	0.17632
V626	0.94691	0.03856	0.00089	0.01364
V627	0.00052	0.05726	0.09005	0.85217
V628	0.00094	0.20941	0.0194	0.77025
V629	0.09191	0.25802	0.27506	0.37501
V630	0.02301	0.31802	0.60861	0.05035
V631	0.00954	0.16605	0.08965	0.73476
V632	0.53304	0.01191	0.12414	0.3309
V633	0.00071	0.06701	0.80665	0.12563
V634	0.37959	0.26515	0.34977	0.00549
V635	0.01767	0.7413	0.00524	0.2358
V636	0.09127	0.0989	0.66991	0.13992
V637	0.25412	0.16269	0.07728	0.50591
V638	0.33705	0.22659	0.06017	0.37619
V639	0.24791	0.4383	0.31319	0.00059
V640	0.02311	0.15137	0.77603	0.04949
V641	0.88812	0.03685	0.02055	0.05447
V642	0.76399	0.16075	0	0.07526
V643	0.0032	0.15748	0.43775	0.40156
V644	0.90359	0.07886	0.00485	0.01269
V645	0.23864	0.41577	0.32441	0.02118
V646	0.01086	0.97434	0.00795	0.00685
V647	0.1133	0.09267	0.73435	0.05967
V648	0.40044	0.44027	0.12919	0.0301
V649	0.01704	0.08311	0.84133	0.05851
V650	0.03736	0.09731	0.79606	0.06926
V651	0.2744	0.04649	0.67218	0.00694
V652	0.05886	0.0791	0.42878	0.43327
V653	0.09576	0.68214	0.08897	0.13313
V654	0.71132	0.18064	0.04995	0.0581
V655	0.02289	0.52982	0.01738	0.42991
V656	0.15737	0.23432	0.01174	0.59657
V657	0.02182	0.09837	0.01896	0.86085
V658	0.59994	0.18456	0.04983	0.16567
V659	0.28481	0.07593	0.3754	0.26386
V660	0.02421	0.95373	0.00029	0.02177
V661	0.03603	0.37333	0.04522	0.54541
V662	0.37025	0.0329	0.48432	0.11253
V663	0.1994	0.07328	0.59872	0.1286
V664	0.1663	0.07786	0.70668	0.04916
V665	0.69926	0.16583	0.03347	0.10144
V666	0.5239	0.01204	0.08872	0.37533
V667	0.75077	0.08212	0.16688	0.00023
V668	0.10599	0.81295	0.08072	0.00034
V669	0.2047	0.40924	0.25912	0.12694
V670	0.06474	0.91365	2e-04	0.02142
V671	0.34481	0.27154	0.27073	0.11292
V672	0.01453	0.07103	0.88289	0.03155
V673	0.20301	0.35249	0.23463	0.20988
V674	0.71888	0.12494	0.01346	0.14271
V675	0.10471	0.30053	0.33022	0.26454
V676	0.01706	0.10132	0.0931	0.78852
V677	0.36565	0.39639	0.08918	0.14878
V678	0.49591	0.48875	0.00999	0.00535
V679	0.03309	0.30725	0.64597	0.01368
V680	0.28549	0.56368	0.12985	0.02097
V681	0.90077	0.06198	0.00906	0.02819
V682	0.0868	0.28712	0.58525	0.04084
V683	0.01783	0.95503	0.02675	0.00039
V684	0.71425	0.14244	0.08509	0.05821
V685	0.49495	0.33719	0.11783	0.05004
V686	0.05935	0.14784	0.13296	0.65985
V687	0.03134	0.04647	0.03898	0.88322
V688	0.34471	0.50577	1e-04	0.14942
V689	0.1949	0.0202	0.04404	0.74085
V690	0.44001	0.04845	0.44219	0.06936
V691	0.13344	0.05654	0.80215	0.00787
V692	0.05502	0.13417	0.74017	0.07064
V693	0.18655	0.09234	0.37448	0.34662
V694	0.00459	0.04497	0.26774	0.68271
V695	0.17971	0.0221	0.13982	0.65836
V696	0.0531	0.09074	0.02035	0.83581
V697	0.01473	0.09358	0.02254	0.86915
V698	0.79263	0.0147	0.01007	0.18261
V699	0.56729	0.26763	0.05912	0.10596
V700	0.17877	0.04014	0.01233	0.76876
V701	0.08276	0.50805	0.09842	0.31077
V702	0.48216	0.06767	0.01007	0.4401
V703	0.09623	0.05271	0.4858	0.36525
V704	0.81584	0.03949	0.0197	0.12497
V705	0.94545	0.01484	0.01133	0.02838
V706	0.05459	0.06743	0.78845	0.08953
V707	0.02329	0.42186	0.51431	0.04054
V708	0.02485	0.88146	0.01539	0.0783
V709	0.10656	0.24748	0.56017	0.08579
V710	0.5967	0.18371	0.04193	0.17766
V711	0.06958	0.82273	0.07793	0.02976
V712	0.8035	0.04788	0.00378	0.14484
V713	0.39948	0.27157	0.02776	0.30119
V714	0.00502	0.63221	0.01675	0.34602
V715	0.27956	0.3252	0.31988	0.07536
V716	0.02653	0.06235	0.05043	0.86069
V717	0.06718	0.91886	0.00025	0.01371
V718	0.11916	0.56961	0.17366	0.13757
V719	0.03812	0.69714	0.02894	0.2358
V720	0.6831	0.01619	0.22561	0.07511
V721	0.09026	0.14035	0.49019	0.2792
V722	0.06208	0.29618	0.01294	0.6288
V723	0.07825	0.08816	0.01308	0.8205
V724	0.52582	0.02711	0.07268	0.37439
V725	9e-04	0.12028	0.84743	0.03139
V726	0.02094	0.33243	0.10431	0.54232
V727	0.24414	0.66898	0.08149	0.00539
V728	0.02109	0.89003	0.083	0.00588
V729	0.34062	0.02161	0.14654	0.49123
V730	0.90258	0.03399	0.03563	0.02779
V731	0.01354	0.16343	0.38576	0.43728
V732	0.30854	0.0677	0.36147	0.26229
V733	0.63798	0.16198	0.02632	0.17372
V734	0.21186	0.30672	0.47556	0.00585
V735	0.00921	0.04323	0.45142	0.49614
V736	0.11522	0.03227	0.01643	0.83608
V737	0.30532	0.26731	0.24629	0.18108
V738	0.05522	0.30729	0.47641	0.16108
V739	0.00028	0.04667	0.56854	0.38451
V740	0.84644	0.08093	0.06069	0.01194
V741	0.44169	0.08325	0.11214	0.36291
V742	0.38008	0.60673	0.01307	0.00012
V743	0.10693	0.14392	0.72746	0.02169
V744	0.4943	0.04202	0.33801	0.12567
V745	0.00997	0.69317	0.16761	0.12926
V746	0.9667	0.02375	0.00219	0.00735
V747	0.03724	0.03881	0.69699	0.22696
V748	0.09036	0.09442	0.6121	0.20313
V749	0.22173	0.14509	0.04476	0.58843
V750	0.38957	0.45479	0.01376	0.14189
V751	0.03216	0.88065	0.02891	0.05828
V752	0.44266	0.20104	0.12731	0.229
V753	0.03652	0.07326	0.01088	0.87933
V754	0.00877	0.92481	0.00041	0.06601
V755	0.11075	0.16377	0.34263	0.38285
V756	0.0245	0.04091	0.06326	0.87132
V757	0.31686	0.60004	0.05317	0.02993
V758	0.0315	0.78093	0.1054	0.08218
V759	0.0865	0.05672	0.38918	0.4676
V760	0.23769	0.05046	0.26955	0.44229
V761	0.04816	0.57784	0.27641	0.09758
V762	0.00089	0.33621	0.01599	0.6469
V763	0.34839	0.32954	0.02095	0.30113
V764	0.00672	0.92185	0.00518	0.06625
V765	0.62488	0.07697	0.0012	0.29694
V766	0.00851	0.28419	0.4464	0.2609
V767	0.46313	0.10632	0.24648	0.18407
V768	0.04445	0.91831	0.01629	0.02096
V769	0.11936	0.84462	0.02331	0.01271
V770	0.01086	0.97434	0.00795	0.00685
V771	0.13811	0.05685	0.79056	0.01448
V772	0.11047	0.07904	0.80311	0.00738
V773	0.14066	0.84232	0.00402	0.013
V774	0.01723	0.06099	0.88977	0.03202
V775	0.07612	0.0444	0.25945	0.62004
V776	0.4109	0.41359	0.04315	0.13236
V777	0.12509	0.09495	0.12231	0.65764
V778	0.5302	0.2545	0.05921	0.15609
V779	0.12719	0.04698	0.49878	0.32704
V780	0.09732	0.77788	0.1244	4e-04
V781	0.038	0.05613	0.03571	0.87016
V782	0.00454	0.12531	0.8016	0.06855
V783	0.76789	0.0221	0.04068	0.16933
V784	0.09427	0.88868	0.01112	0.00593
V785	0.02867	0.93965	0.01046	0.02121
V786	0.73352	0.14293	0.076	0.04755
V787	0.00258	0.84418	0.14693	0.00632
V788	0.51052	0.291	0.1483	0.05019
V789	0.04592	0.31538	0.02491	0.61379
V790	0.3843	0.03023	0.06621	0.51926
V791	0.10653	0.35447	0.34574	0.19327
V792	0.10109	0.50532	0.00524	0.38835
V793	0.09387	0.64786	0.02829	0.22999
V794	0.02983	0.09032	0.80075	0.0791
V795	0.07495	0.05394	0.05403	0.81708
V796	0.01918	0.1082	0.84983	0.02279
V797	0.74028	0.02057	0.22662	0.01253
V798	0.62329	0.28757	0.0691	0.02005
V799	0.10688	0.79139	0.02078	0.08094
V800	0.04268	0.03952	0.49939	0.41841
V801	0.09779	0.09734	0.31746	0.48741
V802	0.02088	0.07245	0.24996	0.65672
V803	0.20016	0.52931	0.26997	0.00055
V804	0.49343	0.02959	0.39864	0.07835
V805	0.03801	0.07597	0.88361	0.00241
V806	0.03465	0.91737	0.00941	0.03856
V807	0.19585	0.12835	0.03115	0.64465
V808	0.669	0.25818	0.03472	0.0381
V809	0.04135	0.10067	0.85601	0.00197
V810	0.01476	0.97739	0.00056	0.00729
V811	0.3773	0.06248	0.19353	0.36668
V812	0.53732	0.23983	0.0423	0.18055
V813	0.60062	0.18188	0.18807	0.02943
V814	0.4165	0.53973	0.03852	0.00524
V815	0.00266	0.92245	0.0687	0.00619
V816	0.90586	0.02605	0.06778	0.00031
V817	0.02074	0.10609	0.85794	0.01522
V818	0.00039	0.0887	0.05145	0.85946
V819	0.83953	0.07227	0.04208	0.04612
V820	0.09011	0.09271	0.02345	0.79373
V821	0.19105	0.30075	0.42054	0.08766
V822	0.05184	0.06701	0.85826	0.02289
V823	0.01481	0.17683	0.70452	0.10383
V824	0.07612	0.3782	0.54457	0.00111
V825	0.18714	0.26171	0.25595	0.2952
V826	0.42095	0.41707	0.14965	0.01233
V827	0.3564	0.60542	0.00863	0.02955
V828	0.16852	0.13688	0.09469	0.59991
V829	0.02342	0.21083	0.03453	0.73122
V830	0.16799	0.19228	0.02359	0.61614
V831	0.76961	0.07493	0.02588	0.12957
V832	0.24008	0.38721	0.16382	0.20889
V833	0.11748	0.50208	0.17385	0.20659
V834	0.22652	0.06339	0.06838	0.64171
V835	0.34033	0.45147	0.11001	0.0982
V836	0.00539	0.63638	0.00699	0.35124
V837	0.18824	0.35942	0.18585	0.26649
V838	0.9191	0.04985	0.02541	0.00564
V839	0.28057	0.62324	0.09081	0.00538
V840	0.27103	0.7213	0.0075	0.00017
V841	0.00099	0.08096	0.85981	0.05824
V842	0.31975	0.1437	0.26292	0.27363
V843	0.01153	0.06181	0.84999	0.07666
V844	0.07779	0.07786	0.36884	0.47551
V845	0.04648	0.11006	0.77353	0.06993
V846	0.00065	0.05516	0.72545	0.21875
V847	0.00405	0.03895	0.07636	0.88064
V848	0.0644	0.4899	0.15952	0.28618
V849	0.00256	0.95277	0.00606	0.03861
V850	0.95711	0.01679	0.01281	0.01329
V851	0.31453	0.5407	0.1445	0.00028
V852	0.07025	0.05349	0.11615	0.76011
V853	0.21249	0.20453	0.43235	0.15064
V854	0.59012	0.14795	0.09522	0.16672
V855	0.00405	0.03895	0.07636	0.88064
V856	0.02768	0.3184	0.35818	0.29574
V857	0.67276	0.15347	0.02621	0.14756
V858	0.52026	0.03664	0.43702	0.00608
V859	0.65739	0.21675	0.01355	0.11231
V860	0.13374	0.09854	0.04708	0.72064
V861	0.07049	0.34931	0.56686	0.01334
V862	0.10362	0.095	0.75195	0.04942
V863	0.14932	0.06919	0.00644	0.77506
V864	0.04672	0.0541	0.052	0.84718
V865	0.07671	0.02656	0.24732	0.64942
V866	0.70723	0.0307	0.24974	0.01234
V867	0.70438	0.03976	0.25042	0.00544
V868	0.51372	0.26224	0.12758	0.09646
V869	0.01848	0.9676	0.00726	0.00666
V870	0.07094	0.29537	0.01807	0.61563
V871	0.00256	0.95277	0.00606	0.03861
V872	0.00552	0.04052	0.23092	0.72304
V873	0.88836	0.03288	0.04243	0.03634
V874	0.18012	0.79133	0.02832	0.00023
V875	0.0086	0.16036	0.18062	0.65042
V876	0.12944	0.31286	0.44519	0.11251
V877	0.02831	0.36292	0.29719	0.31158
V878	0.11671	0.81989	0.06309	0.00031
V879	0.16137	0.70874	0.03557	0.09433
V880	0.27231	0.54632	0.00356	0.17781
V881	0.10756	0.05367	0.61739	0.22138
V882	0.7888	0.01224	0.11543	0.08353
V883	0.25347	0.20971	0.53574	0.00108
V884	0.01505	0.24883	0.00593	0.73019
V885	0.69879	0.21786	0.08327	8e-05
V886	0.00868	0.33626	0.48667	0.16839
V887	0.6221	0.05541	0.14896	0.17353
V888	0.07202	0.06508	0.76215	0.10075
V889	0.91374	0.05005	0.01598	0.02023
V890	0.02016	0.13123	0.63726	0.21134
V891	0.61381	0.05049	0.28795	0.04774
V892	0.21808	0.1558	0.012	0.61412
V893	0.58541	0.19642	0.14639	0.07177
V894	0.04882	0.29809	0.61249	0.0406
V895	0.5754	0.05646	0.19266	0.17547
V896	0.02981	0.94403	0.00477	0.02139
V897	0.68818	0.24135	0.00311	0.06735
V898	0.38676	0.01689	0.01004	0.58632
V899	0.01501	0.15984	0.12396	0.70119
V900	0.05354	0.26082	0.37271	0.31292
V901	0.02494	0.82876	0.00404	0.14226
V902	0.03826	0.91464	0.04123	0.00587
V903	0.00451	0.40405	0.54147	0.04997
V904	0.02101	0.9713	0.00051	0.00718
V905	0.10288	0.02237	0.16276	0.71199
V906	0.3422	0.07527	0.09308	0.48946
V907	0.41179	0.51441	0.01413	0.05966
V908	0.0077	0.07057	0.07574	0.84599
V909	0.10668	0.81465	2e-04	0.07847
V910	0.11397	0.02243	0.11146	0.75215
V911	0.50665	0.38455	0.02711	0.08169
V912	0.36631	0.30836	0.11986	0.20546
V913	0.0982	0.02596	0.02053	0.85532
V914	0.15509	0.50065	0.30328	0.04098
V915	0.17567	0.02252	0.01546	0.78636
V916	0.20924	0.06875	0.67302	0.04899
V917	0.70556	0.03041	0.15493	0.1091
V918	0.03076	0.63506	0.22591	0.10826
V919	0.15907	0.20416	0.30173	0.33503
V920	0.61782	0.17888	0.08619	0.11712
V921	0.01906	0.14895	0.03172	0.80026
V922	0.07738	0.46144	0.40974	0.05144
V923	0.05738	0.04076	0.04732	0.85454
V924	0.02467	0.67918	0.26576	0.03038
V925	0.13075	0.04766	0.01875	0.80284
V926	0.14554	0.03822	0.03105	0.78519
V927	0.01799	0.06419	0.05949	0.85833
V928	0.03421	0.89479	0.00395	0.06705
V929	0.03787	0.63593	0.1165	0.20969
V930	0.49669	0.35889	0.0271	0.11732
V931	0.1068	0.25824	0.54904	0.08592
V932	0.01976	0.1029	0.617	0.26033
V933	0.58231	0.39591	0.00937	0.01241
V934	0.00393	0.12703	0.25156	0.61749
V935	0.55856	0.14695	0.21128	0.08321
V936	0.49956	0.24666	0.01388	0.23989
V937	0.50925	0.10779	0.07545	0.30751
V938	0.32509	0.04578	0.30627	0.32287
V939	0.73124	0.02175	0.0636	0.18341
V940	0.01747	0.80866	0.13447	0.0394
V941	0.00235	0.07673	0.90941	0.01151
V942	0.74126	0.17872	0.06024	0.01979
V943	0.36811	0.12057	0.45001	0.0613
V944	0.00976	0.22822	0.05588	0.70613
V945	0.54826	0.34148	0.00785	0.10241
V946	0.44412	0.25219	0.26337	0.04032
V947	0.05187	0.05225	0.20844	0.68745
V948	0.29951	0.05192	0.62729	0.02128
V949	9e-05	0.10149	0.18309	0.71533
V950	0.03781	0.51615	0.20393	0.24211
V951	0.81153	0.03039	0.15258	0.00551
V952	0.0426	0.10673	0.24437	0.6063
V953	0.01245	0.08658	0.8696	0.03137
V954	0.02145	0.15145	0.12355	0.70356
V955	0.09221	0.57838	0.02156	0.30785
V956	0.02122	0.04147	0.49179	0.44553
V957	0.26577	0.03204	0.00556	0.69663
V958	0.063	0.02951	0.01279	0.89469
V959	0.20095	0.24428	0.46796	0.08682
V960	0.18543	0.23633	0.06917	0.50907
V961	0.10685	0.37041	0.3711	0.15163
V962	0.3351	0.15599	0.42357	0.08534
V963	0.59667	0.15353	0.15557	0.09423
V964	0.8399	0.03267	0.09078	0.03666
V965	0.03677	0.47209	0.18029	0.31085
V966	0.95188	0.02897	0.00587	0.01327
V967	0.03441	0.05036	0.51569	0.39955
V968	0.00068	0.15299	0.77791	0.06842
V969	0.00498	0.24808	0.03525	0.71168
V970	0.01954	0.10228	0.41202	0.46616
V971	0.48151	0.07777	0.34683	0.09389
V972	0.47503	0.17159	0.04216	0.31123
V973	0.23199	0.39854	0.06995	0.29952
V974	0.00518	0.78991	0.11341	0.09149
V975	0.08118	0.28933	0.62318	0.00631
V976	0.41381	0.22077	0.10796	0.25746
V977	0.29475	0.35905	0.34071	0.00549
V978	0.04093	0.08879	0.06042	0.80985
V979	0.78277	0.0305	0.18126	0.00546
V980	0.9667	0.02375	0.00219	0.00735
V981	0.28768	0.0388	0.44682	0.22669
V982	0.42869	0.39298	0.06934	0.10899
V983	0.658	0.05362	0.00436	0.28402
V984	0.01134	0.85361	0.09606	0.03899
V985	0.04962	0.17393	0.01077	0.76568
V986	0.29552	0.52746	0.04347	0.13354
V987	0.21379	0.76517	0	0.02104
V988	0.15875	0.03369	0.01902	0.78853
V989	0.4297	0.4788	0.07093	0.02056
V990	0.00066	0.0735	0.77763	0.1482
V991	0.62498	0.36211	4e-05	0.01288
V992	0.15559	0.0304	0.52254	0.29147
V993	0.04954	0.74197	0.15831	0.05019
V994	0.16143	0.80287	0.02307	0.01264
V995	0.73011	0.08977	0.02592	0.15421
V996	0.20459	0.10614	0.01325	0.67602
V997	0.01146	0.05301	0.80969	0.12584
V998	0.8689	0.01988	0.05691	0.05431
V999	0.10787	0.8855	0.00025	0.00638
V1000	0.24661	0.03857	0.00587	0.70895
