B_cells	NK_cells	T_cells_CD4.	Monocytes
V1	0.5772	0	0.15977	0.26304
V2	0.17662	0.0834	0.05204	0.68794
V3	0.05577	0.65211	0.00461	0.28751
V4	0.87953	0.08653	0	0.03394
V5	0.10315	0.49646	0.25795	0.14243
V6	0.07874	0.87766	0.02196	0.02164
V7	0.15188	0.38174	0.08134	0.38503
V8	0.1145	0.0264	0.8235	0.03561
V9	0.25896	0.24825	0.02559	0.4672
V10	0	0.03091	0.91527	0.05382
V11	0.19926	0.37516	0.42558	0
V12	0.01211	0.60831	0.37606	0.00352
V13	0.27798	0.70682	0	0.0152
V14	0.07107	0.92107	0.0033	0.00456
V15	0.11972	0.61383	0.12533	0.14113
V16	0.91714	0.02866	0.0014	0.05279
V17	0.08989	0.87783	0.01081	0.02147
V18	0.58354	0.35048	0.02916	0.03682
V19	0.16704	0.8228	0	0.01016
V20	0.17594	0.48622	0.00696	0.33089
V21	0.1153	0.07978	0.77269	0.03223
V22	0.01419	0.09864	0.22334	0.66383
V23	0.38271	0.05125	0.56326	0.00279
V24	0.96782	0.01805	0.01413	0
V25	0.35463	0.24863	0.12351	0.27322
V26	0.40952	0.39924	0	0.19124
V27	0.13115	0.04755	0.02073	0.80056
V28	0	0.07101	0.92899	0
V29	0.44465	0.03398	0.49172	0.02965
V30	0.09675	0.23819	0.2857	0.37936
V31	0.20375	0.21112	0.29848	0.28665
V32	0.1127	0.01359	0.04553	0.82818
V33	0.03181	0.52313	0.36122	0.08384
V34	0.1148	0.05825	0.79312	0.03383
V35	0.16649	0.72591	0.08563	0.02197
V36	0	0.04752	0.50461	0.44787
V37	0.56852	0.06214	0.08682	0.28252
V38	0.45845	0	0.15958	0.38197
V39	0.16667	0.5786	0.13271	0.12202
V40	0.09398	0.82854	0.07747	0
V41	0	0.70658	0.04944	0.24397
V42	0.24662	0.01934	0.21933	0.5147
V43	0.12145	0.36527	0.49542	0.01786
V44	0	0.09951	0.74811	0.15238
V45	0.09374	0.60448	0.22622	0.07556
V46	0.82019	0.06724	0.10677	0.0058
V47	0.4515	0.20095	0.30559	0.04196
V48	0.8204	0.15067	0	0.02893
V49	0.7487	0.16586	0	0.08543
V50	0.06579	0.8433	0.0909	0
V51	0.3128	0.41614	0.25447	0.01659
V52	0	0.13976	0.82485	0.03538
V53	0.74797	0.11758	0.13444	0
V54	0.42629	0.20563	0.35687	0.01121
V55	0.22392	0.13759	0.24797	0.39052
V56	0.07208	0	0.10276	0.82516
V57	0.10154	0.86581	0.02234	0.01031
V58	0.68178	0	0.01183	0.30639
V59	0.44051	0.41811	0.1006	0.04078
V60	0.13192	0.1705	0.33782	0.35977
V61	0.82187	0.08681	0	0.09132
V62	0.8961	0.0249	0.05037	0.02864
V63	0.01069	0.8404	0.13152	0.01738
V64	0.00232	0.8805	0	0.11718
V65	0.02829	0	0.11072	0.86099
V66	0.22501	0.70261	0.01315	0.05923
V67	0.14392	0.35347	0.5026	0
V68	0.18648	0.1493	0.01414	0.65007
V69	0.00278	0.34256	0.61386	0.0408
V70	0.54989	0.15576	0.17399	0.12036
V71	0.16833	0.07963	0.39072	0.36133
V72	0.58948	0.15874	0.08469	0.16708
V73	0.15358	0.62706	0.14395	0.0754
V74	0.03085	0.24735	0.7218	0
V75	0.72883	0	0.17461	0.09656
V76	0	0.19007	0.19638	0.61354
V77	0.04564	0.31108	0	0.64329
V78	0.32425	0.11915	0.18936	0.36724
V79	0	0.12604	0.79576	0.0782
V80	0.35665	0.02438	0.53666	0.0823
V81	0.03537	0.18997	0.77466	0
V82	0	0.09571	0.89429	0.01
V83	0.15426	0.18638	0.07713	0.58223
V84	0.42283	0.0358	0.16547	0.3759
V85	0.0994	0.34295	0.40385	0.1538
V86	0.0203	0.07699	0.85591	0.0468
V87	0.03189	0.84387	0.06312	0.06112
V88	0.17879	0.06048	0.28534	0.47538
V89	0.02493	0.00687	0.22601	0.7422
V90	0.02624	0.8969	0.06451	0.01235
V91	0.02806	0.75155	0.19797	0.02242
V92	0.46955	0.02075	0.37924	0.13046
V93	0.89688	0	0	0.10312
V94	0.01136	0.48676	0.01573	0.48615
V95	0.26028	0.44903	0.15713	0.13356
V96	0.10189	0.0984	0.02829	0.77142
V97	0.69969	0.10454	0.19494	0.00082
V98	0.70726	0.27815	0	0.01459
V99	0.81879	0.04019	0.13294	0.00807
V100	0.05528	0.05234	0.86189	0.03049
V101	0.05638	0.04651	0	0.89712
V102	0.93484	0.03021	0	0.03495
V103	0.0207	0.04105	0.10886	0.82939
V104	0.03244	0.9506	0.00692	0.01004
V105	0.06035	0.92095	0.01512	0.00358
V106	0.1141	0.53506	0.32411	0.02673
V107	0.17791	0.22647	0.55493	0.04069
V108	0.1483	0.75895	0.09275	0
V109	0	0.18867	0.60043	0.21089
V110	0.05669	0.87858	0.0435	0.02122
V111	0.93598	0	0.04351	0.02051
V112	0.12917	0.07309	0.44649	0.35124
V113	0.20743	0.11132	0.18802	0.49322
V114	0.27994	0.03486	0.0865	0.5987
V115	0	0.76524	0.23476	0
V116	0.1356	0.33939	0.37079	0.15422
V117	0.69039	0.25195	0.01679	0.04087
V118	0.1712	0.59911	0.03026	0.19943
V119	0.1435	0.07391	0.05654	0.72606
V120	0.05706	0.09787	0.82988	0.01519
V121	0.61313	0.1264	0.08377	0.1767
V122	0.95546	0	0	0.04454
V123	0	0.55296	0.04706	0.39998
V124	0.6734	0.27163	0	0.05498
V125	0.39333	0.42625	0.171	0.00943
V126	0.05507	0.15504	0.05828	0.73161
V127	0.1804	0.04811	0.27508	0.49641
V128	0.0543	0.00268	0.12766	0.81535
V129	0.58503	0.23729	0.15278	0.0249
V130	0	0.66848	0.33152	0
V131	0.02413	0.9074	0	0.06847
V132	0.94193	0	0.0097	0.04837
V133	0.92548	0.0053	0.03549	0.03373
V134	0.11158	0.42064	0.13428	0.33351
V135	0.09819	0.01222	0.20025	0.68934
V136	0.26089	0.41944	0	0.31967
V137	0.66254	0.03249	0.2359	0.06908
V138	0.21383	0.42363	0.18035	0.18219
V139	0.36211	0.21962	0.19408	0.22419
V140	0.05029	0.09041	0.06506	0.79425
V141	0.04907	0.18515	0.55028	0.2155
V142	0.81807	0	0.18193	0
V143	0.44713	0.2718	0.05861	0.22246
V144	0.18116	0.16952	0.17745	0.47187
V145	0	0.77009	0.22991	0
V146	0.09432	0	0.05625	0.84943
V147	0.92486	0.01109	0.00214	0.06191
V148	0.12122	0.09489	0.58689	0.19699
V149	0.26057	0.52439	0.21503	0
V150	0.07251	0.27393	0.58332	0.07023
V151	0.2155	0.64099	0.03059	0.11292
V152	0.23298	0.46195	0.21974	0.08532
V153	0.11309	0.76841	0.01607	0.10244
V154	0.2422	0.47346	0.26842	0.01592
V155	0.47794	0.15494	0.27572	0.09141
V156	0.00936	0.17405	0.69745	0.11914
V157	0.3103	0.1737	0.31022	0.20578
V158	0.05421	0	0.05699	0.8888
V159	0.89721	0.03932	0	0.06347
V160	0.72763	0	0.04156	0.23081
V161	0.25191	0	0.02739	0.7207
V162	0.07169	0.32962	0.08764	0.51105
V163	0.09482	0.51797	0.17699	0.21022
V164	0.35118	0.32425	0.1023	0.22226
V165	0.01113	0.28521	0	0.70366
V166	0.01656	0.1038	0.08523	0.79441
V167	0.39088	0	0	0.60912
V168	0.29221	0.58062	0.07832	0.04886
V169	0.22551	0.04829	0.04078	0.68541
V170	0.10152	0.03426	0.54458	0.31965
V171	0.11977	0.27251	0.57718	0.03054
V172	0.73342	0	0.25269	0.01389
V173	0.04353	0.15525	0.04998	0.75124
V174	0.0218	0.18138	0.0879	0.70892
V175	0.04548	0.03029	0.80345	0.12079
V176	0	0.82157	0.17843	0
V177	0.01135	0.96579	0	0.02286
V178	0.00026	0.80289	0.00306	0.19379
V179	0.17131	0.01089	0.40278	0.41502
V180	0.02209	0.89669	0.08122	0
V181	0.15654	0.15887	0.5374	0.14719
V182	0.2974	0.20475	0.44731	0.05054
V183	0.18837	0.80977	0	0.00186
V184	1	0	0	0
V185	0.5848	0.4097	0	0.0055
V186	0.11507	0.50507	0.2665	0.11337
V187	0.95734	0	0.01439	0.02827
V188	0.07319	0.24633	0	0.68048
V189	0.84533	0.00354	0	0.15113
V190	0.67063	0.01133	0.30514	0.01289
V191	0.17826	0.23737	0.55433	0.03005
V192	0.31179	0.48301	0.04318	0.16202
V193	0.61665	0.03035	0.23012	0.12289
V194	0.03819	0.93214	0.00331	0.02636
V195	0	0.06467	0.91256	0.02277
V196	0.03133	0.07679	0.02082	0.87106
V197	0.45725	0.03957	0.01151	0.49167
V198	0.05631	0.52964	0.36816	0.04589
V199	0.19048	0.0196	0.19357	0.59635
V200	0.13753	0.59288	0.01105	0.25853
V201	0.09377	0.5772	0.19687	0.13216
V202	0	0.04756	0.7903	0.16214
V203	0.15974	0.45266	0.38229	0.00532
V204	0.001	0.57946	0	0.41954
V205	0	0.09272	0.88243	0.02485
V206	0.02516	0.133	0.84184	0
V207	0.1547	0.20847	0.05487	0.58196
V208	0.24396	0.08981	0.65833	0.0079
V209	0.31024	0.48311	0.06358	0.14307
V210	0.08684	0.77311	0.09764	0.04241
V211	0.4692	0	0.02032	0.51048
V212	0.51194	0.04963	0.41647	0.02196
V213	0.66197	0.01968	0.10293	0.21541
V214	0.34536	0.1735	0.16615	0.31499
V215	0.32898	0.09934	0.00554	0.56613
V216	0.07737	0	0.04598	0.87666
V217	0.03365	0.52425	0.24218	0.19991
V218	0.09538	0.4767	0.17715	0.25077
V219	0.11387	0.66526	0.00338	0.21749
V220	0.00176	0.85681	0.00509	0.13634
V221	0.82753	0	0	0.17247
V222	0.31834	0.15429	0.36019	0.16719
V223	0	0.17627	0.75571	0.06802
V224	0.99103	0	0.00897	0
V225	0.05764	0.87918	0.06318	0
V226	0.30429	0.10591	0.58473	0.00508
V227	0.80595	0	0.172	0.02205
V228	0.78946	0.06002	0.05035	0.10017
V229	0	0.05938	0.9045	0.03612
V230	0.04423	0.02681	0.04949	0.87947
V231	0.00867	0.31309	0.12236	0.55589
V232	0.04301	0.68322	0	0.27377
V233	0.57485	0.09247	0.1927	0.13998
V234	0.03738	0.91175	0.03556	0.01532
V235	0.37582	0.07853	0.51902	0.02664
V236	0.0216	0.10428	0.79745	0.07667
V237	0.19534	0	0.03698	0.76768
V238	0.12723	0.57194	0.26434	0.03649
V239	0.07277	0.43862	0.01211	0.4765
V240	0.49387	0.0478	0.41137	0.04696
V241	0	0.03544	0.89637	0.06819
V242	0.1334	0.76815	0.0967	0.00176
V243	0.23521	0.06378	0.62735	0.07366
V244	0.20012	0.01461	0.70115	0.08411
V245	0.608	0.29927	0.03699	0.05575
V246	0.03534	0.18838	0.75731	0.01896
V247	0.1453	0.05006	0.80464	0
V248	0.05035	0.03009	0.06841	0.85115
V249	0	0.07853	0.86162	0.05985
V250	0.78451	0	0.20091	0.01458
V251	0.95147	0.02458	0	0.02395
V252	0	0.84442	0.15558	0
V253	0.38695	0.07043	0.16655	0.37607
V254	0.00937	0.92931	0.05727	0.00406
V255	0.04599	0.91508	0	0.03893
V256	0.16745	0.24503	0.50842	0.0791
V257	0.43392	0.10863	0.23173	0.22572
V258	0.16976	0.29533	0.41867	0.11623
V259	0.01549	0.33143	0.62143	0.03165
V260	0	0.31642	0.68358	0
V261	0.63112	0.02649	0.19166	0.15074
V262	0.13016	0.05734	0.01937	0.79313
V263	0.01913	0.95364	0	0.02724
V264	0.16568	0.04836	0.44462	0.34134
V265	0.05005	0	0.14977	0.80018
V266	0.66468	0.33532	0	0
V267	0	0.20543	0.29885	0.49572
V268	0.41473	0.0108	0.14814	0.42632
V269	0	0.58022	0.38583	0.03395
V270	0.65458	0.0213	0.23694	0.08717
V271	0.81995	0.05728	0.01361	0.10917
V272	0.05634	0.84029	0.0093	0.09407
V273	0.0904	0.0148	0.05906	0.83574
V274	0.72123	0	0.16483	0.11394
V275	0	0.06601	0.91205	0.02194
V276	0.51665	0.33945	0	0.14389
V277	0.03343	0.23397	0.17557	0.55703
V278	0.03448	0.06772	0.31728	0.58052
V279	0.70515	0.0522	0.10053	0.14212
V280	0.05421	0	0.05699	0.8888
V281	0.56733	0.02155	0.13723	0.27389
V282	0.03364	0.10491	0.80128	0.06016
V283	0.21544	0.59293	0.05945	0.13219
V284	0.02837	0.90624	0.06539	0
V285	0.04302	0.03991	0.91707	0
V286	0.24745	0.55847	0.10868	0.0854
V287	0.10113	0.86712	0.0109	0.02085
V288	0	0.3162	0.43358	0.25022
V289	0.27524	0.24667	0.40898	0.06911
V290	0.85368	0.14632	0	0
V291	0.49002	0.08169	0.41854	0.00976
V292	0.93195	0	0	0.06805
V293	0.29146	0.03301	0.63814	0.03738
V294	0.09664	0.38909	0	0.51427
V295	0.00844	0.20229	0.20958	0.57968
V296	0.16599	0.15185	0.60055	0.08161
V297	0.10698	0	0.08204	0.81098
V298	0.29363	0.12724	0.57608	0.00305
V299	0.08187	0.3018	0.00335	0.61298
V300	0	0.03331	0.25508	0.7116
V301	0.10706	0.14501	0.63831	0.10961
V302	0.66547	0.32061	0	0.01391
V303	0	0.61514	0.37086	0.014
V304	0.03462	0.05393	0.7539	0.15756
V305	0.11165	0.19026	0.46243	0.23565
V306	0.81984	0.0881	0.03303	0.05903
V307	0.0201	0.94128	0.018	0.02062
V308	0.22546	0.25472	0.29519	0.22464
V309	0.34734	0.33182	0.00938	0.31147
V310	0.07693	0.3463	0.15886	0.41791
V311	0.5276	0.4674	0	0.005
V312	0.09815	0.74351	0.14701	0.01133
V313	0	0.11672	0.02847	0.85481
V314	0.00299	0.51661	0.11744	0.36295
V315	0.12422	0.64384	0.0336	0.19834
V316	0.30544	0.15607	0.38138	0.1571
V317	0.08848	0.7155	0.04701	0.14901
V318	0.03394	0.5917	0.00513	0.36923
V319	0.03266	0.09755	0.83277	0.03703
V320	0.05949	0.17965	0.64245	0.11841
V321	0.65404	0.34596	0	0
V322	0.20246	0.3445	0.06788	0.38516
V323	0.08029	0.01279	0.10689	0.80003
V324	0.6679	0.25587	0.05548	0.02075
V325	0.30922	0.64133	0.04945	0
V326	0	0.59407	0.09505	0.31088
V327	0.02074	0.16121	0.11823	0.69982
V328	0.02271	0.05454	0.75553	0.16722
V329	0.18406	0.12299	0.17902	0.51393
V330	0.39906	0.00557	0.33795	0.25743
V331	0.3726	0.08609	0.03619	0.50513
V332	0.00696	0.05305	0.20486	0.73513
V333	0.42092	0.08717	0.38178	0.11012
V334	0.36296	0.00763	0.36144	0.26797
V335	0.00317	0.37216	0.50941	0.11527
V336	0.18035	0.71101	0.0137	0.09494
V337	0.27727	0.41969	0.28704	0.016
V338	0	0.97157	0.01057	0.01787
V339	0.10233	0.02995	0.85899	0.00873
V340	0.03664	0.26287	0.52558	0.1749
V341	0.04578	0.02912	0.08354	0.84156
V342	0.23911	0.01228	0.61831	0.1303
V343	0.9608	0.00525	0	0.03395
V344	0.68398	0.15073	0.16529	0
V345	0	0.06937	0.93063	0
V346	0.23288	0.12914	0.28878	0.34921
V347	0.06332	0.00101	0.14607	0.7896
V348	0.0488	0.66941	0.15026	0.13153
V349	0.33725	0.18752	0.37596	0.09926
V350	0.01528	0.80948	0.17524	0
V351	0.00325	0.04205	0.42508	0.52962
V352	0.02076	0.05077	0.85042	0.07805
V353	0.89235	0.00915	0.01672	0.08179
V354	0.0382	0.70267	0.2289	0.03023
V355	0.26845	0.09435	0.4594	0.17779
V356	0.05466	0.01529	0.11693	0.81312
V357	0.10397	0.36114	0.28171	0.25318
V358	0.55935	0.10255	0.03691	0.3012
V359	0.59747	0.0477	0.01535	0.33948
V360	0.55622	0.42781	0.00404	0.01192
V361	0	0.47216	0.52784	0
V362	0	0.96482	0.02054	0.01465
V363	0.16005	0.14297	0.47031	0.22666
V364	0.14149	0.09137	0.67529	0.09186
V365	0.29983	0.01239	0.00321	0.68457
V366	0.07521	0.69581	0.08909	0.1399
V367	0.58655	0.1273	0	0.28615
V368	0.08727	0.7394	0.08798	0.08535
V369	0	0.42939	0.57061	0
V370	0.28658	0.29943	0.39675	0.01724
V371	0.19037	0.72517	0.02482	0.05965
V372	0.18265	0.05253	0.13154	0.63328
V373	0.06474	0.16921	0.47941	0.28665
V374	0.79871	0.00554	0.19574	0
V375	0.05553	0.03827	0.16112	0.74509
V376	0.05281	0.02787	0.115	0.80433
V377	0.80369	0	0	0.19631
V378	0	0.0427	0.43268	0.52461
V379	0.35527	0.20224	0	0.44249
V380	0.1606	0.08015	0.21274	0.5465
V381	0.75152	0	0.07987	0.16861
V382	0.05711	0.06821	0.86772	0.00696
V383	0.85044	0	0.02439	0.12516
V384	0.56326	0.07617	0.12598	0.23459
V385	0.86631	0.00133	0.06021	0.07214
V386	0.32269	0.00083	0.15589	0.52059
V387	0.579	0.15596	0.18139	0.08365
V388	0.36813	0.34574	0.14137	0.14476
V389	0.41853	0.52241	0	0.05906
V390	0.2802	0.27823	0.44157	0
V391	0.44337	0.10437	0	0.45226
V392	0.41847	0.23619	0.1604	0.18494
V393	0.26852	0.25389	0.34174	0.13585
V394	0.09801	0.24887	0.12001	0.53311
V395	0.21323	0.41323	0.20124	0.17229
V396	0.0093	0.95414	0.00796	0.0286
V397	0.78093	0.08263	0.08895	0.04748
V398	0.45467	0.1418	0.09051	0.31302
V399	0.18809	0.56569	0.15196	0.09426
V400	0	0.61412	0.06486	0.32101
V401	0.00911	0.19629	0.72016	0.07444
V402	0.81858	0.16502	0.0164	0
V403	0.0458	0.01703	0.09414	0.84303
V404	0.07141	0.23226	0.6068	0.08953
V405	0.23775	0.02854	0.17938	0.55433
V406	0.64549	0.2525	0	0.102
V407	0	0.97157	0.01057	0.01787
V408	0.07657	0.27796	0.40103	0.24445
V409	0.00365	0.01742	0.0622	0.91673
V410	0.08927	0.85827	0.03231	0.02016
V411	0.46474	0	0	0.53526
V412	0.14832	0.09942	0.50489	0.24738
V413	0.04762	0.51286	0.18962	0.24989
V414	0.01987	0.53491	0.33252	0.1127
V415	0.45131	0.03019	0.23297	0.28552
V416	0	0.11315	0.88685	0
V417	0.38569	0.6116	0	0.00271
V418	0.08228	0.11473	0.15604	0.64695
V419	0.04864	0	0.06449	0.88687
V420	0	0.90432	0.01372	0.08196
V421	0.14199	0.06782	0.67932	0.11086
V422	0.07917	0.06478	0.01417	0.84188
V423	0.05528	0.05234	0.86189	0.03049
V424	0	0.07841	0.62858	0.29301
V425	0.03624	0.27638	0.58889	0.09849
V426	0.06919	0.08002	0.78292	0.06787
V427	0.0604	0.42694	0.20004	0.31262
V428	0.08838	0.77674	0.05814	0.07674
V429	0.04402	0	0.07159	0.88439
V430	0.75564	0.16403	0	0.08033
V431	0.1767	0.03828	0.46422	0.3208
V432	0.13041	0.0964	0.05601	0.71719
V433	0.05429	0.75179	0	0.19392
V434	0.36077	0.07576	0.04774	0.51573
V435	0.52862	0	0.11839	0.35299
V436	0.40564	0	0.11851	0.47585
V437	0.24806	0.23726	0	0.51468
V438	0.61749	0.16453	0.01376	0.20423
V439	0.05836	0.10405	0.01076	0.82682
V440	0.51296	0.0273	0.01952	0.44022
V441	0.04823	0.16569	0.6002	0.18588
V442	0.31246	0.36123	0.13384	0.19247
V443	0.76061	0	0.07201	0.16738
V444	0	0.06937	0.93063	0
V445	0.61416	0.02067	0.33299	0.03219
V446	0.03184	0.83615	0.06257	0.06944
V447	0.62473	0.10064	0.17063	0.10401
V448	0.01798	0.07522	0.21309	0.69371
V449	0.55831	0.04689	0.29206	0.10275
V450	0.14152	0.84968	0.0088	0
V451	0.93143	0.0239	0	0.04467
V452	0.06139	0.00102	0.09694	0.84065
V453	0.81154	0.07003	0.05085	0.06758
V454	0	0.92939	0.05551	0.0151
V455	0.59799	0.03738	0.29766	0.06697
V456	0.31745	0.14423	0.38088	0.15744
V457	0.00121	0.03699	0.04173	0.92007
V458	0.28266	0.23471	0	0.48263
V459	0.00568	0.80591	0.10256	0.08585
V460	0.94756	0	0.01178	0.04066
V461	0.09595	0.03615	0.01713	0.85077
V462	0.35957	0.2435	0	0.39693
V463	0.24687	0.49069	0.15834	0.10411
V464	0.52734	0.08732	0	0.38534
V465	0.4049	0.44045	0.011	0.14365
V466	0.5915	0.18015	0	0.22835
V467	0.31394	0.57721	0.07801	0.03083
V468	0.49802	0.40967	0.04011	0.0522
V469	0.00146	0.20758	0.30535	0.48561
V470	0.5417	0.13448	0.17498	0.14884
V471	0.29116	0.11146	0.02946	0.56793
V472	0.33103	0.3334	0	0.33557
V473	0.09264	0.56547	0.33476	0.00713
V474	0.14391	0	0.10914	0.74695
V475	0.18577	0.4234	0.07864	0.3122
V476	0.19244	0.00264	0.07115	0.73378
V477	0.59951	0.03832	0.20245	0.15972
V478	0.1368	0.60629	0	0.25691
V479	0	0.12597	0.79284	0.08119
V480	0.08686	0.33745	0.04497	0.53072
V481	0.12591	0.04872	0.80928	0.01609
V482	0.69088	0.16664	0.10162	0.04086
V483	0.14768	0.11891	0.08126	0.65214
V484	0.04572	0.07083	0.04281	0.84064
V485	0.12516	0.74895	0.00505	0.12084
V486	0.27135	0.28668	0.12799	0.31398
V487	0.09791	0.04473	0.10097	0.75638
V488	0	0.0346	0.87378	0.09162
V489	0.19935	0.13531	0.66184	0.00349
V490	0.343	0.33402	0.06156	0.26142
V491	0.44253	0.47525	0.02246	0.05977
V492	0.02187	0.83813	0.14	0
V493	0.07166	0	0	0.92834
V494	0.17965	0.19027	0.51213	0.11796
V495	0.22159	0.62825	0.14151	0.00865
V496	0.27808	0.68216	0	0.03976
V497	0	0.03413	0.93996	0.02591
V498	0.3356	0.10993	0.04791	0.50655
V499	0.61345	0.27297	0.11358	0
V500	0.0822	0.16201	0.71813	0.03765
V501	0.00302	0	0.08024	0.91675
V502	0.54108	0.29086	0.1451	0.02296
V503	0.20552	0.11294	0.20865	0.47289
V504	0.23654	0.70089	0.00322	0.05936
V505	0.19342	0.24326	0.2574	0.30592
V506	0.07437	0.29139	0.44996	0.18427
V507	0.61179	0.1069	0.11366	0.16764
V508	0.75304	0.16872	0.02397	0.05426
V509	0.21894	0.08687	0.50657	0.18763
V510	0.21408	0.52982	0.2561	0
V511	0.0459	0.45315	0.04497	0.45598
V512	0.26739	0.04689	0.08663	0.59908
V513	0.07138	0.65385	0.21802	0.05675
V514	0.03674	0.07538	0	0.88788
V515	0.77602	0.05836	0.03197	0.13366
V516	0.92277	0.06073	0	0.01651
V517	0.04214	0.03158	0.27465	0.65163
V518	0.95978	0.01272	0	0.0275
V519	0.02381	0.88008	0.00264	0.09348
V520	0.00334	0.01298	0.65348	0.33021
V521	0.55877	0.05459	0.35618	0.03046
V522	0	0.16364	0.57936	0.257
V523	0.35088	0.1464	0.25698	0.24575
V524	0	0.77995	0.19819	0.02187
V525	0.27301	0.22437	0.0154	0.48723
V526	0.6498	0.08149	0.06373	0.20497
V527	0.20492	0.03374	0.40975	0.35158
V528	0.09996	0.85609	0	0.04395
V529	0.06503	0.0744	0.24038	0.62019
V530	0	0.24579	0.66208	0.09213
V531	0.00984	0.87192	0.11825	0
V532	0.18242	0.35467	0.01674	0.44616
V533	0.27792	0.37451	0.13571	0.21187
V534	0	0.04307	0.71958	0.23735
V535	0.57473	0	0	0.42527
V536	0.19667	0	0.3886	0.41474
V537	0.58365	0.2676	0.14327	0.00548
V538	0.4729	0.05161	0.08278	0.39271
V539	0.26028	0.44903	0.15713	0.13356
V540	0.20077	0.69362	0.07493	0.03069
V541	0.00563	0.54497	0.06713	0.38226
V542	0.19853	0.15128	0.25954	0.39065
V543	0.88763	0	0	0.11237
V544	0.11463	0.10386	0.18426	0.59726
V545	0.37762	0.15335	0.06473	0.4043
V546	0.04646	0.88053	0.07301	0
V547	0.02599	0.65471	0.31665	0.00264
V548	0.15317	0.76165	0.08519	0
V549	0.31293	0.05503	0.62117	0.01087
V550	0.61276	0	0	0.38724
V551	0.17871	0.73632	0.03495	0.05002
V552	0	0.56554	0	0.43446
V553	0.21293	0.18442	0.59192	0.01073
V554	0.08166	0.08903	0.0336	0.7957
V555	0.0807	0.26409	0.33863	0.31657
V556	0	0.07193	0.89201	0.03606
V557	0.8342	0.00761	0	0.15819
V558	0.06634	0.79404	0.02828	0.11135
V559	0	0.8078	0.1922	0
V560	0.69435	0.29771	0	0.00795
V561	0	0.06601	0.91205	0.02194
V562	0.79032	0	0.10165	0.10802
V563	0.22869	0.02529	0.73815	0.00787
V564	0.03468	0.11984	0.83155	0.01393
V565	0.11289	0.29778	0.37552	0.21381
V566	0.70847	0.08183	0	0.2097
V567	0.22358	0.47091	0.01525	0.29026
V568	0.2725	0	0.0535	0.674
V569	0.70109	0	0	0.29891
V570	0.00203	0.33208	0.60605	0.05984
V571	0.82238	0.10467	0	0.07295
V572	0.44249	0.01637	0.43957	0.10156
V573	0.08259	0.18683	0	0.73058
V574	0.03071	0.78624	0.17883	0.00422
V575	0.024	0.09484	0.14134	0.73983
V576	0.15605	0.79887	0.0379	0.00718
V577	0.04477	0.05205	0.2324	0.67078
V578	0.03513	0.10462	0.68383	0.17641
V579	0.00013	0.87689	0.10257	0.02041
V580	0.17599	0	0.12302	0.70099
V581	0.09876	0.0813	0	0.81994
V582	0.58846	0.15498	0.01435	0.2422
V583	0	0.07627	0.60452	0.31921
V584	0.50721	0.176	0.28341	0.03338
V585	0	0.02349	0.47379	0.50272
V586	0.22397	0.03217	0.65098	0.09288
V587	0.25515	0.03624	0.6795	0.02911
V588	0.65092	0.03638	0.00372	0.30898
V589	0.05386	0.81482	0.07088	0.06045
V590	0.03894	0.76524	0.19581	0
V591	0	0.04293	0.22478	0.73229
V592	0.13394	0.07029	0.79577	0
V593	0.59613	0	0.17135	0.23252
V594	0.32389	0.31533	0.32402	0.03677
V595	0.06121	0.02487	0.04589	0.86803
V596	0.02519	0.31939	0.23597	0.41945
V597	0	0.59928	0.33444	0.06629
V598	0	0.16149	0.82545	0.01305
V599	0.62536	0.32574	0.01934	0.02956
V600	0.35512	0.48727	0.04258	0.11504
V601	0.16886	0.30122	0.08212	0.4478
V602	0.06531	0.03053	0.02932	0.87485
V603	0.00424	0.40702	0.00794	0.5808
V604	0.5054	0.13746	0.3317	0.02544
V605	0.05169	0.36782	0.39769	0.18281
V606	0.72946	0.14897	0	0.12157
V607	0.66416	0	0.10184	0.234
V608	0.21067	0.19301	0.38057	0.21575
V609	0.01431	0.27374	0.24926	0.4627
V610	0.77607	0.00952	0.08015	0.13426
V611	0.31898	0	0.04813	0.63289
V612	0	0.1373	0.79574	0.06695
V613	0.01716	0.37216	0.58051	0.03017
V614	0.76761	0.0585	0.0319	0.14199
V615	0.16346	0.05765	0.00048	0.7784
V616	0.07714	0.71673	0.04765	0.15849
V617	0.46205	0.17982	0.35813	0
V618	0.73418	0	0	0.26582
V619	0.38741	0.03675	0.31849	0.25734
V620	0	0.66848	0.33152	0
V621	0.42334	0.17103	0.17118	0.23445
V622	0.34527	0.25312	0.38286	0.01875
V623	0.02227	0.08431	0.16197	0.73145
V624	0.79929	0.17472	0	0.02599
V625	0.26152	0.50861	0.09684	0.13302
V626	0.95412	0.00405	0	0.04183
V627	0	0.02059	0.10019	0.87923
V628	0	0.24706	0.01522	0.73772
V629	0.11766	0.32652	0.2815	0.27432
V630	0.01637	0.37244	0.57179	0.03939
V631	0.01584	0.21838	0.11669	0.64909
V632	0.60103	0	0.11926	0.27971
V633	0	0.07387	0.81832	0.10781
V634	0.3858	0.28807	0.32613	0
V635	0.02197	0.78315	0	0.19488
V636	0.10749	0.14433	0.6294	0.11878
V637	0.31412	0.2145	0.08633	0.38505
V638	0.38099	0.27618	0.06117	0.28167
V639	0.25405	0.44522	0.30073	0
V640	0.01004	0.19786	0.74393	0.04817
V641	0.89028	0.02838	0.00769	0.07364
V642	0.76666	0.15526	0	0.07808
V643	0	0.22536	0.4558	0.31884
V644	0.91401	0.05626	0	0.02972
V645	0.25319	0.43249	0.30778	0.00654
V646	0.01406	0.96023	0.01004	0.01567
V647	0.12865	0.12643	0.68953	0.05538
V648	0.40539	0.44297	0.13162	0.02001
V649	0	0.10799	0.83149	0.06051
V650	0.03391	0.13436	0.7648	0.06693
V651	0.29815	0.02101	0.67293	0.00791
V652	0.08036	0.12013	0.44922	0.35029
V653	0.12108	0.66999	0.10597	0.10296
V654	0.69297	0.20366	0.0439	0.05948
V655	0.03288	0.60229	0.01621	0.34863
V656	0.22273	0.29093	0	0.48635
V657	0.05004	0.07561	0.01769	0.85666
V658	0.59715	0.21972	0.0448	0.13834
V659	0.32169	0.1093	0.36244	0.20657
V660	0.0285	0.94503	0	0.02647
V661	0.05727	0.4527	0.05503	0.43501
V662	0.40703	0.0285	0.46313	0.10133
V663	0.22666	0.10301	0.56018	0.11015
V664	0.18707	0.10142	0.66605	0.04546
V665	0.68797	0.19297	0.02319	0.09587
V666	0.60448	0	0.07886	0.31666
V667	0.7787	0.06957	0.15173	0
V668	0.11552	0.79913	0.08535	0
V669	0.22121	0.43333	0.2503	0.09516
V670	0.07828	0.89941	0	0.02232
V671	0.35	0.3098	0.25211	0.08809
V672	0	0.07036	0.88891	0.04073
V673	0.22373	0.39227	0.23063	0.15337
V674	0.72356	0.14508	0	0.13136
V675	0.12623	0.36057	0.3205	0.1927
V676	0.03602	0.1265	0.11934	0.71815
V677	0.37799	0.41463	0.09168	0.1157
V678	0.51997	0.47584	0	0.00419
V679	0.0286	0.35236	0.61674	0.00231
V680	0.30215	0.55251	0.13687	0.00847
V681	0.89995	0.0509	0	0.04914
V682	0.09762	0.33613	0.53713	0.02912
V683	0.0135	0.96667	0.01982	0
V684	0.69251	0.16468	0.08262	0.06019
V685	0.48622	0.35428	0.11749	0.04201
V686	0.09669	0.20618	0.16198	0.53515
V687	0.06457	0.00976	0.05224	0.87343
V688	0.37397	0.50496	0	0.12107
V689	0.28485	0	0.03399	0.68116
V690	0.46226	0.05822	0.41542	0.0641
V691	0.13673	0.03239	0.82308	0.0078
V692	0.05879	0.18253	0.69433	0.06435
V693	0.22597	0.1346	0.37198	0.26745
V694	0	0.0356	0.32036	0.64404
V695	0.26377	0	0.16413	0.57209
V696	0.10516	0.0896	0.01794	0.7873
V697	0.03652	0.05936	0.02484	0.87928
V698	0.833	0	0	0.167
V699	0.55791	0.29456	0.05625	0.09128
V700	0.26596	0.01295	0	0.72109
V701	0.10954	0.54642	0.11443	0.2296
V702	0.56245	0.07059	0	0.36695
V703	0.12581	0.07684	0.49832	0.29902
V704	0.83288	0.03652	0.0045	0.1261
V705	0.94733	0	0	0.05267
V706	0.05789	0.08914	0.76829	0.08468
V707	0.01993	0.46274	0.48876	0.02857
V708	0.03427	0.87332	0.02298	0.06943
V709	0.12033	0.3012	0.5098	0.06867
V710	0.59848	0.2193	0.03438	0.14784
V711	0.08738	0.78956	0.09826	0.0248
V712	0.828	0.03198	0	0.14002
V713	0.43686	0.31378	0.01803	0.23134
V714	0	0.69481	0.0213	0.28389
V715	0.28963	0.35769	0.29588	0.0568
V716	0.06234	0.03884	0.06445	0.83437
V717	0.07884	0.90763	0	0.01353
V718	0.14099	0.57151	0.18415	0.10334
V719	0.05374	0.72083	0.03834	0.1871
V720	0.70496	0	0.21632	0.07872
V721	0.11086	0.20172	0.47202	0.21539
V722	0.10074	0.36954	0	0.52972
V723	0.139	0.08945	0.00072	0.77083
V724	0.59426	0.01719	0.07706	0.31149
V725	0	0.13959	0.83116	0.02925
V726	0.02934	0.41502	0.12854	0.4271
V727	0.2635	0.6469	0.08961	0
V728	0.02464	0.87364	0.10172	0
V729	0.42541	0.00093	0.16695	0.40671
V730	0.90216	0.02092	0.0261	0.05081
V731	0.00567	0.23628	0.40947	0.34858
V732	0.34627	0.09638	0.35042	0.20692
V733	0.64284	0.19431	0.01446	0.14838
V734	0.22206	0.33361	0.44433	0
V735	0	0.04785	0.50888	0.44327
V736	0.18034	0	0.00452	0.81515
V737	0.31865	0.3109	0.23524	0.13521
V738	0.06264	0.36703	0.44517	0.12516
V739	0	0.03602	0.61878	0.34519
V740	0.84676	0.08134	0.05227	0.01963
V741	0.48752	0.10963	0.11961	0.28323
V742	0.40573	0.59427	0	0
V743	0.11858	0.18159	0.68604	0.01379
V744	0.51391	0.04938	0.32476	0.11194
V745	0.00193	0.70269	0.19254	0.10284
V746	0.96454	0	0	0.03546
V747	0.03534	0.01725	0.73943	0.20798
V748	0.10844	0.1409	0.58391	0.16676
V749	0.29598	0.19062	0.0466	0.4668
V750	0.41365	0.46947	0.00178	0.11509
V751	0.04453	0.85883	0.04312	0.05352
V752	0.45327	0.24271	0.12885	0.17517
V753	0.0647	0.03645	0	0.89885
V754	0.00558	0.93376	0	0.06066
V755	0.14052	0.22781	0.34508	0.2866
V756	0.05483	0.00414	0.07731	0.86372
V757	0.33651	0.58364	0.05737	0.02248
V758	0.03912	0.76305	0.12955	0.06828
V759	0.11912	0.08267	0.41578	0.38244
V760	0.29626	0.06897	0.28551	0.34926
V761	0.05734	0.58906	0.27885	0.07475
V762	0	0.41729	0.00666	0.57605
V763	0.38955	0.37091	0.00894	0.23059
V764	0.00512	0.9274	0.00593	0.06155
V765	0.67943	0.06543	0	0.25513
V766	0	0.35996	0.4406	0.19944
V767	0.4727	0.14101	0.23817	0.14812
V768	0.05774	0.89632	0.02327	0.02266
V769	0.14526	0.81744	0.02898	0.00832
V770	0.01406	0.96023	0.01004	0.01567
V771	0.14915	0.0469	0.78873	0.01522
V772	0.1166	0.08431	0.79909	0
V773	0.16704	0.8228	0	0.01016
V774	0	0.03535	0.92189	0.04276
V775	0.11898	0.05182	0.30047	0.52873
V776	0.42442	0.42825	0.04098	0.10636
V777	0.18608	0.13225	0.14833	0.53334
V778	0.52885	0.2868	0.05672	0.12763
V779	0.16126	0.06461	0.50565	0.26848
V780	0.10304	0.76419	0.13277	0
V781	0.07998	0.03012	0.04779	0.84211
V782	0	0.16685	0.77298	0.06017
V783	0.80042	0.00695	0.03212	0.16051
V784	0.11283	0.87393	0.01257	0.00067
V785	0.03735	0.92249	0.0145	0.02565
V786	0.71224	0.1635	0.07228	0.05198
V787	0	0.83406	0.16594	0
V788	0.49739	0.31352	0.14698	0.04211
V789	0.07393	0.39472	0.02253	0.50882
V790	0.47591	0.01755	0.07407	0.43247
V791	0.12433	0.40268	0.32937	0.14362
V792	0.13765	0.55495	0	0.30741
V793	0.12416	0.66303	0.03426	0.17856
V794	0.02148	0.12473	0.77758	0.07622
V795	0.13435	0.04242	0.07028	0.75295
V796	0.00103	0.1306	0.84003	0.02835
V797	0.76795	0	0.21164	0.02041
V798	0.61539	0.29992	0.06691	0.01778
V799	0.1347	0.77115	0.02588	0.06827
V800	0.0549	0.04653	0.5376	0.36097
V801	0.133	0.14729	0.33859	0.38112
V802	0.03303	0.10147	0.29489	0.57061
V803	0.2094	0.52744	0.26317	0
V804	0.52021	0.0229	0.38256	0.07433
V805	0	0.03734	0.96266	0
V806	0.04682	0.90089	0.01324	0.03905
V807	0.27585	0.16794	0.0274	0.5288
V808	0.65899	0.27471	0.02687	0.03943
V809	0.01368	0.0849	0.90142	0
V810	0.01401	0.96916	0	0.01682
V811	0.42743	0.08381	0.20332	0.28544
V812	0.54282	0.27494	0.03587	0.14637
V813	0.58518	0.20832	0.18133	0.02517
V814	0.43407	0.53069	0.03523	0
V815	0	0.91615	0.08345	4e-04
V816	0.96216	0	0.03784	0
V817	0.0035	0.12174	0.85611	0.01865
V818	0	0.05461	0.0613	0.88409
V819	0.82897	0.07846	0.03272	0.05984
V820	0.15625	0.10709	0.0199	0.71677
V821	0.20543	0.3454	0.38237	0.0668
V822	0.04392	0.06551	0.86013	0.03044
V823	0	0.2375	0.67193	0.09058
V824	0.06782	0.40385	0.52833	0
V825	0.21355	0.31913	0.25354	0.21378
V826	0.42646	0.42178	0.15004	0.00171
V827	0.38145	0.59407	0	0.02448
V828	0.23246	0.18528	0.1131	0.46916
V829	0.04546	0.26933	0.03989	0.64532
V830	0.23688	0.2489	0.01644	0.49778
V831	0.7747	0.08777	0.01262	0.12491
V832	0.26113	0.41845	0.16756	0.15286
V833	0.14174	0.52225	0.18435	0.15166
V834	0.31166	0.07878	0.08139	0.52818
V835	0.35151	0.4581	0.11359	0.0768
V836	2e-05	0.7044	0.00134	0.29424
V837	0.21424	0.40268	0.19102	0.19206
V838	0.93728	0.032	0.0128	0.01791
V839	0.29684	0.60615	0.09701	0
V840	0.29315	0.70685	0	0
V841	0	0.08924	0.85814	0.05263
V842	0.34767	0.19073	0.25622	0.20538
V843	0	0.06659	0.85911	0.07429
V844	0.10748	0.11629	0.39442	0.38181
V845	0.04595	0.15318	0.73477	0.0661
V846	0	0.04793	0.76017	0.1919
V847	0	0	0.06702	0.93298
V848	0.08308	0.52919	0.17764	0.2101
V849	0	0.95498	0.00627	0.03875
V850	0.95712	0	0	0.04288
V851	0.32566	0.53253	0.14181	0
V852	0.12348	0.05624	0.14516	0.67512
V853	0.22984	0.2589	0.39444	0.11682
V854	0.58594	0.18073	0.09438	0.13896
V855	0	0	0.06702	0.93298
V856	0.03013	0.38979	0.35836	0.22172
V857	0.67241	0.18291	0.01361	0.13107
V858	0.55043	0.01956	0.41919	0.01081
V859	0.65611	0.24143	0	0.10245
V860	0.20725	0.12611	0.05649	0.61016
V861	0.07545	0.38846	0.53609	0
V862	0.11669	0.12812	0.70815	0.04704
V863	0.22728	0.05305	0	0.71966
V864	0.0948	0.03509	0.06841	0.8017
V865	0.12347	0.00321	0.29255	0.58076
V866	0.72604	0.01582	0.23821	0.01993
V867	0.72562	0.02673	0.23799	0.00965
V868	0.50063	0.29148	0.12683	0.08106
V869	0.02342	0.95541	0.0084	0.01278
V870	0.11206	0.36897	0.01043	0.50854
V871	0	0.95498	0.00627	0.03875
V872	0.0049	0.02229	0.27811	0.6947
V873	0.88753	0.0207	0.03395	0.05782
V874	0.1943	0.78067	0.02504	0
V875	0.00642	0.22643	0.2191	0.54806
V876	0.14578	0.36029	0.40719	0.08674
V877	0.03186	0.43134	0.30591	0.2309
V878	0.12781	0.80576	0.06642	0
V879	0.19073	0.68883	0.04363	0.0768
V880	0.30855	0.55083	0	0.14062
V881	0.13272	0.07364	0.60614	0.18749
V882	0.80597	0	0.1035	0.09053
V883	0.26245	0.228	0.50955	0
V884	0.02176	0.2953	0	0.68294
V885	0.71534	0.21338	0.07128	0
V886	0	0.40216	0.46643	0.13141
V887	0.63118	0.06746	0.15127	0.15009
V888	0.08218	0.0862	0.73886	0.09276
V889	0.91691	0.03812	0.00139	0.04358
V890	0.01046	0.19105	0.62237	0.17613
V891	0.61739	0.05807	0.27551	0.04903
V892	0.29842	0.19563	0	0.50594
V893	0.56537	0.22669	0.14365	0.06429
V894	0.05083	0.34947	0.56958	0.03011
V895	0.58696	0.0709	0.19227	0.14988
V896	0.03819	0.93214	0.00331	0.02636
V897	0.68735	0.24684	0	0.06581
V898	0.48727	0	0	0.51273
V899	0.02421	0.22148	0.15591	0.59839
V900	0.06513	0.33365	0.36842	0.2328
V901	0.03373	0.84535	0.00101	0.11992
V902	0.04825	0.89677	0.05498	0
V903	0	0.45145	0.51488	0.03367
V904	0.02298	0.96315	0	0.01387
V905	0.1686	0	0.1855	0.6459
V906	0.41199	0.09934	0.1045	0.38417
V907	0.42988	0.51461	0.0049	0.05061
V908	0.0226	0.05099	0.09102	0.83539
V909	0.13332	0.80009	0	0.06659
V910	0.18615	0	0.1232	0.69065
V911	0.51121	0.39848	0.01965	0.07066
V912	0.38093	0.34367	0.1213	0.1541
V913	0.15036	0	0	0.84964
V914	0.17285	0.51006	0.29128	0.02582
V915	0.25182	0	0	0.74818
V916	0.23419	0.08724	0.63319	0.04539
V917	0.71027	0.02475	0.15785	0.10713
V918	0.03506	0.63989	0.24064	0.08441
V919	0.18928	0.26778	0.29798	0.24496
V920	0.60292	0.2106	0.08438	0.10211
V921	0.04247	0.17708	0.03771	0.74275
V922	0.0895	0.48739	0.38686	0.03624
V923	0.10961	0.01085	0.06422	0.81532
V924	0.02653	0.67545	0.27793	0.02009
V925	0.20757	0.03035	0.01115	0.75093
V926	0.22853	0.0145	0.03453	0.72244
V927	0.04508	0.03935	0.07464	0.84093
V928	0.04719	0.88948	0.00149	0.06183
V929	0.04907	0.65149	0.13971	0.15973
V930	0.50349	0.37989	0.01859	0.09803
V931	0.12073	0.31187	0.49929	0.06811
V932	0.01093	0.15634	0.6166	0.21613
V933	0.59687	0.3898	0	0.01332
V934	0	0.18315	0.29304	0.52381
V935	0.54422	0.17954	0.2026	0.07364
V936	0.52471	0.28254	0	0.19275
V937	0.54181	0.13836	0.07655	0.24328
V938	0.37528	0.05854	0.30897	0.25721
V939	0.76187	0.00788	0.06121	0.16904
V940	0.01746	0.78954	0.15986	0.03314
V941	0	0.04052	0.935	0.02448
V942	0.73088	0.19265	0.05375	0.02272
V943	0.38066	0.15606	0.41134	0.05195
V944	0.0139	0.29727	0.07224	0.61659
V945	0.55495	0.35588	0	0.08917
V946	0.44021	0.28277	0.24727	0.02975
V947	0.08861	0.06237	0.24946	0.59957
V948	0.32573	0.05297	0.60139	0.01992
V949	0	0.13366	0.21992	0.64642
V950	0.04575	0.55352	0.22031	0.18042
V951	0.83409	0.01055	0.14059	0.01477
V952	0.06601	0.15756	0.28046	0.49597
V953	0	0.10032	0.86173	0.03795
V954	0.03701	0.20902	0.15585	0.59813
V955	0.12533	0.61451	0.02188	0.23828
V956	0.0192	0.04848	0.54033	0.39199
V957	0.36086	0	0	0.63914
V958	0.07166	0	0	0.92834
V959	0.21591	0.29265	0.42305	0.0684
V960	0.23952	0.2972	0.07759	0.38569
V961	0.12366	0.41287	0.34849	0.11497
V962	0.34717	0.19878	0.38413	0.06992
V963	0.57904	0.18486	0.15274	0.08336
V964	0.83649	0.02411	0.08671	0.05269
V965	0.04705	0.52327	0.19992	0.22975
V966	0.95404	0.00197	0	0.04399
V967	0.04137	0.07103	0.54806	0.33955
V968	0	0.19692	0.74788	0.0552
V969	0.00365	0.31858	0.04112	0.63665
V970	0.01832	0.15676	0.44325	0.38167
V971	0.48786	0.1045	0.32526	0.08238
V972	0.50757	0.21319	0.03699	0.24225
V973	0.26749	0.43672	0.07507	0.22072
V974	0	0.78498	0.14014	0.07489
V975	0.08205	0.32532	0.59263	0
V976	0.43193	0.26435	0.1098	0.19392
V977	0.30515	0.37423	0.32062	0
V978	0.08317	0.09924	0.07904	0.73855
V979	0.80527	0.01233	0.16876	0.01364
V980	0.96454	0	0	0.03546
V981	0.33129	0.04689	0.43417	0.18765
V982	0.43385	0.40821	0.07059	0.08735
V983	0.71249	0.04046	0	0.24705
V984	0.00852	0.8343	0.12163	0.03555
V985	0.09125	0.20734	0	0.70141
V986	0.3198	0.53021	0.04507	0.10492
V987	0.24264	0.74204	0	0.01532
V988	0.24356	0.00365	0.01103	0.74175
V989	0.43779	0.47614	0.07222	0.01384
V990	0	0.09149	0.78287	0.12564
V991	0.64489	0.34222	0	0.01289
V992	0.19668	0.02104	0.53393	0.24835
V993	0.06168	0.71941	0.17855	0.04036
V994	0.1891	0.77683	0.02696	0.00712
V995	0.73726	0.10877	0.01241	0.14156
V996	0.29209	0.13109	0	0.57683
V997	0	0.05156	0.83258	0.11586
V998	0.87505	0.00096	0.05105	0.07293
V999	0.12173	0.87593	0	0.00234
V1000	0.34256	0	0	0.65744
