B_cells	NK_cells	T_cells_CD4.	Monocytes
V1	0.58719	0	0.1379	0.27491
V2	0.15576	0.08823	0.01631	0.7397
V3	0.0332	0.66802	0	0.29878
V4	0.9024	0.07651	0	0.02109
V5	0.08893	0.52782	0.2343	0.14895
V6	0.06184	0.92278	0	0.01538
V7	0.13554	0.40688	0.04842	0.40917
V8	0.09755	0.03115	0.83812	0.03317
V9	0.24468	0.25965	0	0.49567
V10	0	0.03627	0.91763	0.0461
V11	0.18813	0.39859	0.41328	0
V12	0	0.64539	0.35461	0
V13	0.26667	0.72582	0	0.00751
V14	0.04876	0.95124	0	0
V15	0.10637	0.65153	0.09508	0.14703
V16	0.94852	0.0137	0	0.03778
V17	0.07194	0.91384	0	0.01421
V18	0.59579	0.3729	0	0.03131
V19	0.15078	0.84693	0	0.00229
V20	0.15709	0.49834	0	0.34457
V21	0.09895	0.08286	0.78766	0.03053
V22	0	0.10409	0.1914	0.70452
V23	0.38309	0.05068	0.56623	0
V24	0.99661	0.00339	0	0
V25	0.35089	0.26512	0.09686	0.28713
V26	0.40183	0.40516	0	0.19301
V27	0.10066	0.03815	0	0.86119
V28	0	0.06712	0.93288	0
V29	0.44999	0.03342	0.4912	0.02538
V30	0.07755	0.25339	0.26412	0.40493
V31	0.19105	0.22484	0.27991	0.3042
V32	0.08221	0.01291	0.0054	0.89949
V33	0.01441	0.55602	0.34203	0.08755
V34	0.09826	0.06028	0.80955	0.0319
V35	0.15635	0.77092	0.05356	0.01917
V36	0	0.04901	0.48224	0.46875
V37	0.57738	0.06594	0.06113	0.29554
V38	0.45973	0	0.13506	0.40521
V39	0.15534	0.61456	0.10371	0.12638
V40	0.07821	0.88018	0.04161	0
V41	0	0.73916	0.01025	0.25059
V42	0.23219	0.02164	0.19504	0.55114
V43	0.10713	0.38848	0.48612	0.01827
V44	0	0.10316	0.74035	0.15649
V45	0.07943	0.64202	0.20085	0.0777
V46	0.8476	0.06755	0.08485	0
V47	0.45596	0.21257	0.29179	0.03967
V48	0.83811	0.14472	0	0.01716
V49	0.76067	0.16217	0	0.07717
V50	0.04878	0.89537	0.05585	0
V51	0.30873	0.44194	0.2339	0.01544
V52	0	0.14512	0.82719	0.0277
V53	0.76661	0.12087	0.11253	0
V54	0.42923	0.21732	0.34535	0.0081
V55	0.21061	0.1467	0.22641	0.41628
V56	0.04134	0	0.06308	0.89558
V57	0.08566	0.90953	0	0.00481
V58	0.68674	0	0	0.31326
V59	0.44409	0.44482	0.07329	0.0378
V60	0.11413	0.18144	0.3203	0.38412
V61	0.84049	0.07724	0	0.08227
V62	0.93365	0.02196	0.02632	0.01807
V63	0	0.89029	0.09717	0.01254
V64	0	0.8889	0	0.1111
V65	0	0	0.06806	0.93194
V66	0.21358	0.73039	0	0.05602
V67	0.13016	0.37563	0.49421	0
V68	0.16259	0.14642	0	0.69099
V69	0	0.36082	0.60123	0.03795
V70	0.56025	0.16501	0.15406	0.12068
V71	0.15198	0.08468	0.37718	0.38616
V72	0.60142	0.1685	0.05989	0.17018
V73	0.14219	0.66593	0.1152	0.07668
V74	0.00945	0.2627	0.72785	0
V75	0.75213	0	0.155	0.09287
V76	0	0.19945	0.15895	0.6416
V77	0.01601	0.30809	0	0.67591
V78	0.31722	0.12709	0.16591	0.38978
V79	0	0.13134	0.79292	0.07574
V80	0.35548	0.02397	0.5369	0.08365
V81	0.01367	0.20032	0.78601	0
V82	0	0.09653	0.90143	0.00204
V83	0.13376	0.19901	0.04331	0.62392
V84	0.42147	0.03828	0.14173	0.39852
V85	0.08417	0.36499	0.38892	0.16192
V86	0	0.07994	0.87568	0.04437
V87	0.01562	0.89682	0.0273	0.06026
V88	0.16103	0.06489	0.26489	0.5092
V89	0	0.00749	0.19558	0.79693
V90	0.00894	0.9562	0.0269	0.00796
V91	0.01135	0.799	0.16903	0.02062
V92	0.47505	0.02087	0.37093	0.13315
V93	0.9112	0	0	0.0888
V94	0	0.49644	0	0.50356
V95	0.25334	0.47807	0.13089	0.1377
V96	0.07305	0.09726	0	0.82969
V97	0.71643	0.10702	0.17656	0
V98	0.71733	0.28022	0	0.00245
V99	0.84782	0.03869	0.11349	0
V100	0.03429	0.05433	0.88402	0.02736
V101	0.01861	0.01853	0	0.96286
V102	0.96575	0.01421	0	0.02005
V103	0	0.04115	0.06808	0.89076
V104	0.00934	0.98865	0	0.00201
V105	0.0391	0.9609	0	0
V106	0.10049	0.56852	0.30398	0.027
V107	0.16611	0.24039	0.55215	0.04134
V108	0.13512	0.80601	0.05887	0
V109	0	0.19801	0.58402	0.21797
V110	0.04089	0.9365	0.00629	0.01632
V111	0.97698	0	0.0141	0.00892
V112	0.1109	0.07757	0.43562	0.37591
V113	0.19148	0.11919	0.16173	0.5276
V114	0.26675	0.03776	0.05398	0.6415
V115	0	0.80089	0.19911	0
V116	0.12183	0.36143	0.3548	0.16194
V117	0.7059	0.26087	0	0.03323
V118	0.15879	0.63298	0	0.20823
V119	0.11974	0.07805	0.01969	0.78252
V120	0.03622	0.10143	0.84925	0.0131
V121	0.62646	0.13378	0.0593	0.18046
V122	0.9788	0	0	0.0212
V123	0	0.57864	0.0065	0.41485
V124	0.68039	0.27304	0	0.04657
V125	0.39402	0.45286	0.14711	0.00601
V126	0.02912	0.16477	0.02008	0.78603
V127	0.16238	0.0519	0.25385	0.53187
V128	0.02443	0.00319	0.08989	0.88249
V129	0.59742	0.25127	0.1311	0.02021
V130	0	0.69962	0.30038	0
V131	0.00162	0.93377	0	0.06461
V132	0.97144	0	0	0.02856
V133	0.96718	0.0016	0.00949	0.02172
V134	0.09433	0.44772	0.10375	0.3542
V135	0.07273	0.01421	0.17092	0.74213
V136	0.24395	0.42507	0	0.33099
V137	0.68103	0.03272	0.22144	0.06481
V138	0.20407	0.45063	0.15498	0.19032
V139	0.35959	0.23398	0.17201	0.23442
V140	0.02286	0.09424	0.02555	0.85735
V141	0.02937	0.19699	0.54362	0.23002
V142	0.84102	0	0.15898	0
V143	0.44946	0.28959	0.03	0.23095
V144	0.16403	0.18099	0.15038	0.5046
V145	0	0.80583	0.19417	0
V146	0.06147	0	0.01403	0.92449
V147	0.95446	0	0	0.04554
V148	0.10461	0.10067	0.58477	0.20994
V149	0.25277	0.55644	0.19079	0
V150	0.05534	0.29138	0.58025	0.07303
V151	0.2065	0.67809	0	0.11541
V152	0.22516	0.4916	0.19623	0.08701
V153	0.09654	0.80032	0	0.10314
V154	0.23442	0.50321	0.2472	0.01518
V155	0.48422	0.16381	0.26101	0.09095
V156	0	0.18321	0.69394	0.12285
V157	0.30509	0.18457	0.29467	0.21567
V158	0.02013	0	0.00942	0.97045
V159	0.92361	0.02644	0	0.04995
V160	0.74765	0	0.01412	0.23823
V161	0.23177	0	0	0.76823
V162	0.05024	0.35146	0.05283	0.54547
V163	0.0794	0.55005	0.14903	0.22153
V164	0.34813	0.34517	0.07493	0.23177
V165	0	0.27518	0	0.72482
V166	0	0.10811	0.04393	0.84797
V167	0.3697	0	0	0.6303
V168	0.28802	0.61703	0.0477	0.04724
V169	0.20756	0.05081	0.00528	0.73635
V170	0.08187	0.03626	0.539	0.34287
V171	0.10478	0.28962	0.57447	0.03113
V172	0.75891	0	0.23808	0.003
V173	0.0174	0.16465	0.01092	0.80702
V174	0	0.19288	0.04979	0.75732
V175	0.0236	0.03227	0.81499	0.12914
V176	0	0.86001	0.13999	0
V177	0	0.99053	0	0.00947
V178	0	0.80973	0	0.19027
V179	0.15395	0.01146	0.38994	0.44465
V180	0.00264	0.95366	0.0437	0
V181	0.14282	0.16869	0.53323	0.15526
V182	0.29264	0.21689	0.44	0.05048
V183	0.16995	0.83005	0	0
V184	1	0	0	0
V185	0.58482	0.41518	0	0
V186	0.10133	0.53722	0.24354	0.11791
V187	0.98895	0	0	0.01105
V188	0.0436	0.24046	0	0.71594
V189	0.85708	0	0	0.14292
V190	0.69188	0.00868	0.29642	0.00302
V191	0.16636	0.25176	0.55145	0.03042
V192	0.30741	0.51386	0.01162	0.16711
V193	0.63132	0.03128	0.21454	0.12287
V194	0.01592	0.96656	0	0.01752
V195	0	0.06405	0.92411	0.01184
V196	6e-04	0.06396	0	0.93544
V197	0.45066	0.03136	0	0.51799
V198	0.03963	0.56292	0.34983	0.04762
V199	0.17143	0.02229	0.16591	0.64038
V200	0.11948	0.61196	0	0.26857
V201	0.07928	0.61289	0.16997	0.13785
V202	0	0.04818	0.78471	0.1671
V203	0.14743	0.48124	0.3664	0.00493
V204	0	0.57595	0	0.42405
V205	0	0.09411	0.89036	0.01553
V206	0.00166	0.1383	0.86004	0
V207	0.13425	0.22222	0.0203	0.62323
V208	0.23649	0.09314	0.66555	0.00482
V209	0.30611	0.51385	0.03319	0.14684
V210	0.07283	0.82211	0.06454	0.04051
V211	0.46298	0	0	0.53702
V212	0.52197	0.05024	0.41204	0.01575
V213	0.67765	0.02047	0.0798	0.22209
V214	0.34045	0.18486	0.14193	0.33276
V215	0.31256	0.0901	0	0.59735
V216	0.0417	0	0.00115	0.95715
V217	0.01592	0.55659	0.21625	0.21124
V218	0.07945	0.50615	0.1493	0.2651
V219	0.09413	0.682	0	0.22386
V220	0	0.86851	0	0.13149
V221	0.83525	0	0	0.16475
V222	0.31421	0.16396	0.34771	0.17412
V223	0	0.18477	0.75034	0.06489
V224	1	0	0	0
V225	0.03986	0.9345	0.02564	0
V226	0.30042	0.1101	0.5876	0.00188
V227	0.83569	0	0.15227	0.01204
V228	0.81669	0.06174	0.02626	0.09531
V229	0	0.06022	0.91397	0.02581
V230	0.01398	0.02201	0.00685	0.95715
V231	0	0.33012	0.08489	0.585
V232	0.01964	0.69685	0	0.28351
V233	0.58652	0.09762	0.1742	0.14166
V234	0.01953	0.97056	0	0.00991
V235	0.37648	0.08128	0.51876	0.02348
V236	0	0.10938	0.81099	0.07963
V237	0.17303	0	0	0.82697
V238	0.11441	0.60769	0.24115	0.03675
V239	0.0481	0.45047	0	0.50143
V240	0.50169	0.04878	0.4056	0.04394
V241	0	0.03888	0.89797	0.06316
V242	0.12054	0.81632	0.06314	0
V243	0.22692	0.06644	0.6315	0.07514
V244	0.1886	0.01805	0.70653	0.08682
V245	0.62177	0.31814	0.0091	0.05099
V246	0.01466	0.19929	0.76785	0.01821
V247	0.12923	0.04936	0.82142	0
V248	0.02011	0.02871	0.026	0.92519
V249	0	0.08039	0.86404	0.05557
V250	0.81322	0	0.18354	0.00324
V251	0.98312	0.00683	0	0.01004
V252	0	0.88385	0.11615	0
V253	0.38351	0.07524	0.14242	0.39883
V254	0	0.98416	0.01584	0
V255	0.0244	0.9441	0	0.0315
V256	0.15528	0.26042	0.50238	0.08193
V257	0.43556	0.11529	0.2134	0.23575
V258	0.15765	0.31445	0.40675	0.12115
V259	0	0.35167	0.61679	0.03153
V260	0	0.33079	0.66921	0
V261	0.64617	0.02749	0.17365	0.15269
V262	0.09991	0.0481	0	0.85199
V263	0	0.98316	0	0.01684
V264	0.14959	0.05149	0.43411	0.36481
V265	0.02047	0	0.11406	0.86547
V266	0.66459	0.33541	0	0
V267	0	0.21555	0.26651	0.51794
V268	0.41218	0.01231	0.12243	0.45308
V269	0	0.61002	0.35947	0.03052
V270	0.67234	0.02122	0.22228	0.08416
V271	0.84423	0.05234	0	0.10342
V272	0.03668	0.86992	0	0.0934
V273	0.05874	0.01421	0.01759	0.90946
V274	0.74352	0	0.14461	0.11187
V275	0	0.06513	0.92391	0.01096
V276	0.51475	0.34361	0	0.14164
V277	0.01037	0.24922	0.1447	0.59571
V278	0.00845	0.07187	0.29596	0.62371
V279	0.72515	0.05451	0.07808	0.14226
V280	0.02013	0	0.00942	0.97045
V281	0.57624	0.02277	0.11443	0.28656
V282	0.01212	0.11002	0.81702	0.06084
V283	0.20676	0.62957	0.02737	0.1363
V284	0.0093	0.96366	0.02704	0
V285	0.01842	0.04283	0.93875	0
V286	0.24059	0.5936	0.07934	0.08647
V287	0.0839	0.90226	0	0.01384
V288	0	0.33241	0.40891	0.25868
V289	0.2692	0.26199	0.3987	0.07011
V290	0.86408	0.13592	0	0
V291	0.49824	0.08452	0.41345	0.00379
V292	0.95162	0	0	0.04838
V293	0.28679	0.03287	0.64471	0.03563
V294	0.07051	0.39143	0	0.53806
V295	0	0.21332	0.17561	0.61108
V296	0.15322	0.16104	0.60125	0.08449
V297	0.0776	0	0.04154	0.88087
V298	0.28887	0.13312	0.57758	0.00042
V299	0.05395	0.30083	0	0.64522
V300	0	0.0344	0.21923	0.74638
V301	0.0904	0.15372	0.64034	0.11554
V302	0.67327	0.32479	0	0.00194
V303	0	0.64698	0.34392	0.0091
V304	0.01221	0.05617	0.76231	0.16932
V305	0.0949	0.20242	0.45187	0.25081
V306	0.85045	0.09149	0.00794	0.05011
V307	0	0.98772	0	0.01228
V308	0.21513	0.27119	0.27697	0.23671
V309	0.33691	0.33927	0	0.32382
V310	0.05715	0.36905	0.12837	0.44543
V311	0.52421	0.47579	0	0
V312	0.08404	0.78996	0.11684	0.00916
V313	0	0.10788	0	0.89212
V314	0	0.54244	0.08005	0.37751
V315	0.11042	0.68174	0	0.20784
V316	0.30061	0.16577	0.37005	0.16357
V317	0.07385	0.75768	0.01282	0.15565
V318	0.00906	0.60526	0	0.38568
V319	0.01075	0.10158	0.85285	0.03482
V320	0.0405	0.19082	0.64331	0.12536
V321	0.65335	0.34665	0	0
V322	0.18847	0.3672	0.03531	0.40902
V323	0.05089	0.01386	0.06857	0.86668
V324	0.68598	0.27148	0.02902	0.01352
V325	0.3039	0.68005	0.01604	0
V326	0	0.62092	0.05723	0.32185
V327	0	0.17134	0.08173	0.74693
V328	0	0.05674	0.7635	0.17975
V329	0.16627	0.1314	0.15185	0.55048
V330	0.39812	0.00494	0.32575	0.27118
V331	0.36628	0.09133	0.00416	0.53822
V332	0	0.05502	0.16848	0.7765
V333	0.42346	0.09194	0.37267	0.11193
V334	0.3596	0.00722	0.3501	0.28308
V335	0	0.39275	0.49071	0.11655
V336	0.16684	0.73866	0	0.09451
V337	0.27113	0.44567	0.26789	0.01531
V338	0	0.99752	0	0.00248
V339	0.08408	0.03417	0.8769	0.00485
V340	0.01754	0.27969	0.51697	0.1858
V341	0.01589	0.02861	0.04221	0.9133
V342	0.23004	0.01402	0.61949	0.13645
V343	0.98684	0	0	0.01316
V344	0.69873	0.15683	0.14444	0
V345	0	0.06594	0.93406	0
V346	0.22061	0.1375	0.27017	0.37173
V347	0.034	0.00208	0.11029	0.85364
V348	0.03304	0.70898	0.12058	0.13741
V349	0.335	0.19901	0.36485	0.10113
V350	0	0.85774	0.14226	0
V351	0	0.0433	0.40021	0.55649
V352	0	0.05303	0.86639	0.08058
V353	0.92625	0.00212	0	0.07163
V354	0.02177	0.74597	0.2028	0.02946
V355	0.26101	0.1	0.45235	0.18664
V356	0.02488	0.01594	0.07868	0.8805
V357	0.08796	0.38439	0.25956	0.26808
V358	0.56699	0.10863	0.0088	0.31558
V359	0.60252	0.04317	0	0.35431
V360	0.55956	0.43923	0	0.00121
V361	0	0.49474	0.50526	0
V362	0	0.99868	0	0.00132
V363	0.14578	0.15169	0.46174	0.2408
V364	0.12685	0.09606	0.68104	0.09605
V365	0.27843	0	0	0.72157
V366	0.06018	0.73694	0.05689	0.14599
V367	0.58594	0.12034	0	0.29372
V368	0.07307	0.78441	0.05531	0.08721
V369	0	0.44942	0.55058	0
V370	0.2807	0.31774	0.38495	0.01661
V371	0.17995	0.76239	0	0.05766
V372	0.16269	0.05657	0.10006	0.68068
V373	0.0445	0.17999	0.46895	0.30656
V374	0.8212	0	0.1788	0
V375	0.02793	0.04062	0.12824	0.8032
V376	0.02353	0.02859	0.07744	0.87043
V377	0.80921	0	0	0.19079
V378	0	0.044	0.40649	0.54951
V379	0.34047	0.19712	0	0.46241
V380	0.14074	0.08593	0.18693	0.5864
V381	0.77395	0	0.05559	0.17046
V382	0.0353	0.06967	0.89018	0.00486
V383	0.87925	0	0	0.12075
V384	0.57263	0.08068	0.10283	0.24387
V385	0.90154	0	0.0358	0.06266
V386	0.3131	0.00211	0.12815	0.55664
V387	0.59159	0.16473	0.16238	0.0813
V388	0.36714	0.368	0.11649	0.14837
V389	0.41215	0.53422	0	0.05362
V390	0.27319	0.29468	0.43213	0
V391	0.43319	0.09383	0	0.47297
V392	0.41995	0.25155	0.13728	0.19123
V393	0.2618	0.27	0.32726	0.14094
V394	0.0764	0.26577	0.08734	0.57049
V395	0.20326	0.43983	0.17694	0.17996
V396	0	0.98399	0	0.01601
V397	0.80841	0.08587	0.06654	0.03918
V398	0.45616	0.15093	0.06349	0.32942
V399	0.17812	0.60121	0.124	0.09667
V400	0	0.64208	0.02564	0.33228
V401	0	0.20666	0.71928	0.07406
V402	0.83508	0.16492	0	0
V403	0.01573	0.01669	0.05291	0.91467
V404	0.05382	0.24687	0.6055	0.09381
V405	0.22235	0.03165	0.15182	0.59417
V406	0.65169	0.25222	0	0.09609
V407	0	0.99752	0	0.00248
V408	0.05887	0.29573	0.38557	0.25983
V409	0	0.01196	0.01144	0.9766
V410	0.07482	0.91008	0	0.01511
V411	0.44807	0	0	0.55193
V412	0.13268	0.10557	0.49805	0.2637
V413	0.02973	0.54417	0.16158	0.26453
V414	0.00205	0.56848	0.31142	0.11805
V415	0.45303	0.0321	0.21432	0.30054
V416	0	0.11382	0.88618	0
V417	0.37489	0.62511	0	0
V418	0.05779	0.12242	0.12479	0.695
V419	0.01624	0	0.01702	0.96674
V420	0	0.9251	0	0.0749
V421	0.12719	0.0713	0.68477	0.11673
V422	0.04461	0.04985	0	0.90554
V423	0.03429	0.05433	0.88402	0.02736
V424	0	0.08177	0.6123	0.30592
V425	0.01768	0.29401	0.58468	0.10362
V426	0.04971	0.0836	0.79705	0.06964
V427	0.04194	0.45405	0.17199	0.33202
V428	0.07425	0.82481	0.02334	0.0776
V429	0.01251	0	0.02449	0.963
V430	0.76967	0.15882	0	0.07151
V431	0.16166	0.04077	0.45495	0.34262
V432	0.10623	0.10198	0.01919	0.7726
V433	0.03227	0.76924	0	0.19849
V434	0.35358	0.08045	0.01584	0.55012
V435	0.53384	0	0.09363	0.37253
V436	0.402	0	0.09072	0.50727
V437	0.22663	0.23324	0	0.54013
V438	0.62547	0.1667	0	0.20782
V439	0.02562	0.09092	0	0.88347
V440	0.51271	0.02282	0	0.46447
V441	0.0282	0.17624	0.59713	0.19843
V442	0.30762	0.38439	0.10772	0.20027
V443	0.78426	0	0.04664	0.1691
V444	0	0.06594	0.93406	0
V445	0.63022	0.01966	0.32388	0.02624
V446	0.01548	0.8886	0.02652	0.0694
V447	0.64022	0.10617	0.15139	0.10222
V448	0	0.0795	0.1812	0.7393
V449	0.5696	0.04869	0.27943	0.10228
V450	0.12195	0.87805	0	0
V451	0.96219	0.00863	0	0.02918
V452	0.03041	0.00158	0.05522	0.91279
V453	0.84151	0.07217	0.02685	0.05947
V454	0	0.9809	0.01333	0.00577
V455	0.61226	0.03797	0.28598	0.0638
V456	0.31334	0.15312	0.36977	0.16378
V457	0	0.02529	0	0.97471
V458	0.26363	0.23088	0	0.50549
V459	0	0.84928	0.06607	0.08465
V460	0.97847	0	0	0.02153
V461	0.06025	0.02179	0	0.91795
V462	0.34548	0.24152	0	0.41301
V463	0.23978	0.52209	0.13156	0.10657
V464	0.52198	0.07761	0	0.40041
V465	0.40078	0.45544	0	0.14379
V466	0.59215	0.17626	0	0.23159
V467	0.31098	0.61343	0.04753	0.02806
V468	0.50486	0.43594	0.0104	0.0488
V469	0	0.21786	0.27453	0.50761
V470	0.55109	0.14262	0.15492	0.15136
V471	0.27794	0.11592	0	0.60615
V472	0.31656	0.33626	0	0.34717
V473	0.07769	0.60098	0.31486	0.00647
V474	0.11942	0	0.07347	0.80711
V475	0.17248	0.45047	0.04677	0.33028
V476	0.17145	0.00417	0.03392	0.79045
V477	0.61244	0.04017	0.18473	0.16266
V478	0.11679	0.6183	0	0.26491
V479	0	0.13104	0.79021	0.07875
V480	0.06572	0.3594	0.00862	0.56627
V481	0.10986	0.04963	0.82727	0.01324
V482	0.71106	0.17588	0.07875	0.03431
V483	0.12583	0.12661	0.04688	0.70068
V484	0.01685	0.07019	0.00268	0.91027
V485	0.10716	0.7712	0	0.12164
V486	0.26233	0.30562	0.10003	0.33202
V487	0.07058	0.04731	0.06456	0.81756
V488	0	0.03878	0.86999	0.09123
V489	0.1883	0.14165	0.66774	0.00231
V490	0.33877	0.35554	0.03171	0.27398
V491	0.44376	0.49972	0	0.05652
V492	0.00317	0.88998	0.10685	0
V493	0.01999	0	0	0.98001
V494	0.16777	0.20213	0.50677	0.12333
V495	0.21341	0.66721	0.1127	0.00668
V496	0.2661	0.69973	0	0.03417
V497	0	0.03909	0.94692	0.014
V498	0.32703	0.11694	0.01583	0.54019
V499	0.62406	0.2878	0.08814	0
V500	0.06421	0.17139	0.72725	0.03716
V501	0	0	0.0258	0.9742
V502	0.55055	0.30888	0.12187	0.01871
V503	0.1897	0.12077	0.18377	0.50576
V504	0.22365	0.72132	0	0.05503
V505	0.17987	0.25915	0.23612	0.32485
V506	0.05748	0.31005	0.43735	0.19511
V507	0.62527	0.11315	0.09071	0.17087
V508	0.77654	0.17698	0	0.04648
V509	0.20828	0.09191	0.50161	0.19819
V510	0.204	0.56292	0.23307	0
V511	0.0246	0.48189	0.00804	0.48547
V512	0.25354	0.05034	0.05402	0.6421
V513	0.05639	0.69407	0.19185	0.05769
V514	0.00315	0.04991	0	0.94694
V515	0.801	0.06011	0.00681	0.13208
V516	0.94909	0.04752	0	0.00339
V517	0.01502	0.0338	0.25026	0.70092
V518	0.98903	0	0	0.01097
V519	0.0015	0.90626	0	0.09225
V520	0	0.01599	0.63829	0.34571
V521	0.57125	0.05559	0.34816	0.02501
V522	0	0.17205	0.56107	0.26689
V523	0.34736	0.15562	0.23882	0.2582
V524	0	0.82044	0.16387	0.01569
V525	0.25685	0.2285	0	0.51465
V526	0.66485	0.08584	0.03863	0.21069
V527	0.19085	0.03601	0.39777	0.37538
V528	0.08116	0.88147	0	0.03737
V529	0.03987	0.07946	0.21443	0.66625
V530	0	0.25829	0.6502	0.09151
V531	0	0.92014	0.07986	0
V532	0.16308	0.3664	0	0.47052
V533	0.2709	0.39871	0.1089	0.22149
V534	0	0.04343	0.70951	0.24706
V535	0.56461	0	0	0.43539
V536	0.18094	0	0.37501	0.44405
V537	0.59577	0.28365	0.12058	0
V538	0.47428	0.05532	0.05456	0.41584
V539	0.25334	0.47807	0.13089	0.1377
V540	0.19218	0.73614	0.04338	0.02831
V541	0	0.57265	0.02842	0.39893
V542	0.18371	0.16098	0.23849	0.41681
V543	0.90127	0	0	0.09873
V544	0.09201	0.11088	0.15575	0.64136
V545	0.37316	0.1636	0.0344	0.42884
V546	0.02813	0.9361	0.03577	0
V547	0.00817	0.69682	0.29483	0.00017
V548	0.14053	0.80836	0.05111	0
V549	0.31029	0.05554	0.628	0.00617
V550	0.60488	0	0	0.39512
V551	0.1693	0.78116	0.00115	0.04839
V552	0	0.56076	0	0.43924
V553	0.20301	0.19487	0.59206	0.01006
V554	0.05224	0.08904	0	0.85871
V555	0.06211	0.28082	0.31974	0.33733
V556	0	0.07281	0.90002	0.02717
V557	0.8474	0	0	0.1526
V558	0.04993	0.8358	0	0.11427
V559	0	0.84592	0.15408	0
V560	0.70096	0.29904	0	0
V561	0	0.06513	0.92391	0.01096
V562	0.81775	0	0.07826	0.10399
V563	0.22048	0.02707	0.75015	0.00231
V564	0.01222	0.12481	0.85054	0.01243
V565	0.09726	0.3168	0.35947	0.22647
V566	0.71613	0.07274	0	0.21113
V567	0.20903	0.48837	0	0.3026
V568	0.25807	0	0.01834	0.72359
V569	0.69919	0	0	0.30081
V570	0	0.34962	0.59269	0.05769
V571	0.84049	0.09716	0	0.06235
V572	0.44656	0.01552	0.43502	0.10289
V573	0.05134	0.1767	0	0.77197
V574	0.01377	0.83577	0.14872	0.00174
V575	0	0.10016	0.10619	0.79365
V576	0.14536	0.84934	0.00224	0.00305
V577	0.01806	0.05573	0.20506	0.72115
V578	0.01352	0.11044	0.68684	0.1892
V579	0	0.92426	0.06356	0.01218
V580	0.15449	0	0.0902	0.75532
V581	0.06338	0.06178	0	0.87484
V582	0.59431	0.15677	0	0.24893
V583	0	0.07941	0.58736	0.33324
V584	0.51522	0.18572	0.26905	0.03001
V585	0	0.0234	0.44979	0.52681
V586	0.21467	0.03271	0.65641	0.09621
V587	0.24843	0.03632	0.68827	0.02699
V588	0.65588	0.02509	0	0.31902
V589	0.03844	0.8659	0.03592	0.05974
V590	0.02119	0.8124	0.16641	0
V591	0	0.04452	0.18689	0.76859
V592	0.1171	0.07162	0.81128	0
V593	0.60828	0	0.14995	0.24177
V594	0.32045	0.33486	0.3082	0.03649
V595	0.02817	0.02087	0.00449	0.94648
V596	0.00354	0.33991	0.20902	0.44753
V597	0	0.62947	0.30565	0.06488
V598	0	0.16767	0.82595	0.00638
V599	0.63747	0.34061	0	0.02192
V600	0.35374	0.51842	0.01156	0.11629
V601	0.15173	0.32119	0.04946	0.47762
V602	0.02975	0.01973	0	0.95052
V603	0	0.4046	0	0.5954
V604	0.51365	0.14426	0.32081	0.02128
V605	0.03436	0.39133	0.38091	0.1934
V606	0.74036	0.14334	0	0.1163
V607	0.6797	0	0.07802	0.24228
V608	0.19953	0.20538	0.36719	0.2279
V609	0	0.2894	0.22063	0.48997
V610	0.80129	0.00857	0.05728	0.13285
V611	0.30802	0	0.01382	0.67816
V612	0	0.14299	0.79432	0.06269
V613	0	0.39572	0.57367	0.03061
V614	0.79176	0.06016	0.00673	0.14136
V615	0.1326	0.03912	0	0.82829
V616	0.06177	0.7588	0.01349	0.16594
V617	0.46496	0.18867	0.34637	0
V618	0.73489	0	0	0.26511
V619	0.38565	0.03883	0.30455	0.27097
V620	0	0.69962	0.30038	0
V621	0.42433	0.18199	0.14882	0.24486
V622	0.34311	0.26834	0.37114	0.01741
V623	0	0.08898	0.1276	0.78342
V624	0.81465	0.17069	0	0.01467
V625	0.25499	0.5407	0.06736	0.13695
V626	0.9794	0	0	0.0206
V627	0	0.01871	0.05162	0.92967
V628	0	0.24059	0	0.75941
V629	0.1013	0.34744	0.26003	0.29123
V630	0	0.39582	0.56383	0.04035
V631	0	0.23169	0.07923	0.68908
V632	0.6128	0	0.09442	0.29278
V633	0	0.07578	0.81486	0.10936
V634	0.3845	0.30445	0.31106	0
V635	0	0.80072	0	0.19928
V636	0.09078	0.1531	0.6306	0.12552
V637	0.30623	0.22889	0.05632	0.40855
V638	0.37859	0.29415	0.03172	0.29554
V639	0.24555	0.4733	0.28115	0
V640	0	0.20847	0.74595	0.04558
V641	0.9207	0.01754	0	0.06175
V642	0.78019	0.15084	0	0.06897
V643	0	0.23665	0.43166	0.33169
V644	0.94134	0.04253	0	0.01613
V645	0.24572	0.45953	0.28948	0.00527
V646	0	0.99593	0	0.00407
V647	0.11357	0.13329	0.69694	0.0562
V648	0.40693	0.47073	0.1055	0.01684
V649	0	0.11169	0.83349	0.05482
V650	0.01292	0.14186	0.77636	0.06886
V651	0.29468	0.02102	0.68247	0.00183
V652	0.05956	0.12775	0.43735	0.37535
V653	0.10798	0.71056	0.07515	0.10632
V654	0.71273	0.2155	0.01819	0.05357
V655	0.00995	0.62392	0	0.36614
V656	0.20098	0.2893	0	0.50972
V657	0.01753	0.06204	0	0.92043
V658	0.60969	0.23328	0.01807	0.13896
V659	0.31697	0.11598	0.35016	0.21689
V660	0.00586	0.97696	0	0.01719
V661	0.03658	0.48148	0.01902	0.46291
V662	0.40881	0.02891	0.45907	0.1032
V663	0.21737	0.10865	0.55934	0.11464
V664	0.17569	0.10629	0.67259	0.04542
V665	0.70585	0.20245	0	0.0917
V666	0.61589	0	0.05119	0.33292
V667	0.79949	0.06914	0.13137	0
V668	0.10063	0.84871	0.05065	0
V669	0.21247	0.46124	0.22871	0.09759
V670	0.05829	0.92776	0	0.01395
V671	0.34865	0.32976	0.23292	0.08867
V672	0	0.0714	0.89715	0.03144
V673	0.21456	0.41763	0.20817	0.15965
V674	0.73431	0.13882	0	0.12687
V675	0.11156	0.38386	0.3012	0.20338
V676	0.01088	0.13438	0.0839	0.77083
V677	0.37797	0.44124	0.06377	0.11702
V678	0.516	0.484	0	0
V679	0.00882	0.37541	0.61447	0.0013
V680	0.2979	0.5868	0.10958	0.00572
V681	0.92793	0.03737	0	0.0347
V682	0.08188	0.35773	0.53046	0.02993
V683	0	1	0	0
V684	0.71284	0.17402	0.05879	0.05434
V685	0.49245	0.37671	0.09216	0.03867
V686	0.07504	0.22013	0.13184	0.573
V687	0.03021	0.00747	0.00904	0.95328
V688	0.36495	0.51621	0	0.11884
V689	0.27029	0	0	0.72971
V690	0.46779	0.06013	0.40929	0.06278
V691	0.12139	0.03435	0.84071	0.00354
V692	0.03983	0.19375	0.7001	0.06632
V693	0.21465	0.14313	0.35847	0.28375
V694	0	0.03687	0.28818	0.67495
V695	0.24995	0	0.13631	0.61374
V696	0.07407	0.08153	0	0.84439
V697	0.00588	0.04639	0	0.94773
V698	0.84121	0	0	0.15879
V699	0.5686	0.31341	0.02896	0.08904
V700	0.24084	0	0	0.75916
V701	0.09444	0.57995	0.08346	0.24215
V702	0.55949	0.05992	0	0.38059
V703	0.10828	0.08144	0.4905	0.31978
V704	0.8537	0.02547	0	0.12082
V705	0.97018	0	0	0.02982
V706	0.03763	0.09337	0.78035	0.08865
V707	0.00067	0.49281	0.47681	0.02972
V708	0.0155	0.91683	0	0.06767
V709	0.10616	0.32054	0.50234	0.07097
V710	0.61088	0.23276	0.00735	0.149
V711	0.07323	0.84005	0.06503	0.0217
V712	0.84517	0.01938	0	0.13544
V713	0.43507	0.32646	0	0.23847
V714	0	0.71167	0	0.28833
V715	0.2845	0.38041	0.27806	0.05703
V716	0.0318	0.0381	0.02337	0.90673
V717	0.05835	0.93634	0	0.00532
V718	0.12853	0.60723	0.15742	0.10682
V719	0.03722	0.76312	0.00315	0.19651
V720	0.72669	0	0.19918	0.07413
V721	0.09443	0.21454	0.4622	0.22882
V722	0.07408	0.37036	0	0.55556
V723	0.10738	0.07291	0	0.81971
V724	0.60411	0.01823	0.05098	0.32669
V725	0	0.14539	0.83303	0.02158
V726	0.0081	0.44141	0.09561	0.45488
V727	0.25596	0.68609	0.05795	0
V728	0.00602	0.92802	0.06596	0
V729	0.42358	0.00149	0.14306	0.43187
V730	0.94239	0.01851	0.00045	0.03865
V731	0	0.24881	0.38601	0.36518
V732	0.34296	0.10212	0.33796	0.21696
V733	0.65354	0.19888	0	0.14758
V734	0.21208	0.35431	0.43361	0
V735	0	0.04921	0.487	0.46379
V736	0.14469	0	0	0.85531
V737	0.31498	0.33101	0.21475	0.13926
V738	0.04614	0.39055	0.43189	0.13141
V739	0	0.03591	0.60246	0.36162
V740	0.87824	0.08312	0.02765	0.01098
V741	0.49149	0.11658	0.09482	0.29712
V742	0.39443	0.60557	0	0
V743	0.10237	0.19184	0.69224	0.01356
V744	0.52225	0.05148	0.31369	0.11258
V745	0	0.73795	0.1596	0.10245
V746	0.98912	0	0	0.01088
V747	0.01206	0.02169	0.74265	0.2236
V748	0.09162	0.1495	0.58163	0.17725
V749	0.2857	0.20297	0.01427	0.49706
V750	0.40761	0.48005	0	0.11234
V751	0.02864	0.91351	0.00643	0.05141
V752	0.45693	0.25859	0.10432	0.18016
V753	0.02366	0.00938	0	0.96695
V754	0	0.94943	0	0.05057
V755	0.12453	0.24257	0.328	0.30489
V756	0.02286	0.00377	0.03323	0.94013
V757	0.33487	0.62059	0.02604	0.01851
V758	0.02346	0.81028	0.09743	0.06883
V759	0.09959	0.08792	0.40275	0.40974
V760	0.28766	0.07368	0.26758	0.37108
V761	0.04158	0.62593	0.25511	0.07737
V762	0	0.41273	0	0.58727
V763	0.38272	0.38077	0	0.2365
V764	0	0.94809	0	0.05191
V765	0.68397	0.056	0	0.26002
V766	0	0.3783	0.41682	0.20487
V767	0.47806	0.14954	0.22099	0.15141
V768	0.03981	0.94411	0	0.01608
V769	0.13271	0.86373	0	0.00356
V770	0	0.99593	0	0.00407
V771	0.1349	0.04764	0.80512	0.01234
V772	0.09872	0.08638	0.8149	0
V773	0.15078	0.84693	0	0.00229
V774	0	0.04004	0.92711	0.03286
V775	0.09712	0.05547	0.27987	0.56754
V776	0.42699	0.45539	0.01112	0.1065
V777	0.16816	0.1413	0.11906	0.57148
V778	0.53726	0.30522	0.02944	0.12808
V779	0.1459	0.06838	0.4992	0.28652
V780	0.08752	0.81204	0.10044	0
V781	0.04809	0.02785	0.00735	0.91671
V782	0	0.17461	0.76927	0.05612
V783	0.8264	0.00553	0.00686	0.1612
V784	0.09311	0.90689	0	0
V785	0.01672	0.96541	0	0.01787
V786	0.73383	0.17251	0.04829	0.04538
V787	0	0.8723	0.1277	0
V788	0.50437	0.33326	0.12349	0.03888
V789	0.05049	0.41094	0	0.53857
V790	0.47682	0.01902	0.04526	0.4589
V791	0.11056	0.42869	0.31046	0.15029
V792	0.11652	0.56504	0	0.31844
V793	0.11068	0.70247	0.00017	0.18668
V794	0	0.13147	0.78939	0.07913
V795	0.10908	0.04445	0.03276	0.81371
V796	0	0.13501	0.84445	0.02055
V797	0.79481	0	0.19481	0.01038
V798	0.62995	0.31878	0.04003	0.01124
V799	0.12114	0.81178	0	0.06708
V800	0.03168	0.04909	0.53105	0.38818
V801	0.11467	0.15647	0.32138	0.40747
V802	0.00796	0.10773	0.27203	0.61228
V803	0.19885	0.56078	0.24037	0
V804	0.52918	0.02253	0.37515	0.07314
V805	0	0.03991	0.96009	0
V806	0.02705	0.94041	0	0.03255
V807	0.26176	0.1751	0	0.56315
V808	0.6758	0.29117	0	0.03303
V809	0	0.08477	0.91523	0
V810	0	0.99606	0	0.00394
V811	0.42769	0.08917	0.18283	0.30031
V812	0.5517	0.29257	0.00781	0.14793
V813	0.59774	0.22017	0.16155	0.02054
V814	0.43461	0.56292	0.00248	0
V815	0	0.96012	0.03988	0
V816	0.99626	0	0.00374	0
V817	0	0.12528	0.86298	0.01174
V818	0	0.05123	0.01309	0.93568
V819	0.86046	0.08097	0.00782	0.05076
V820	0.13052	0.10358	0	0.7659
V821	0.19567	0.36752	0.36842	0.06839
V822	0.02213	0.06768	0.88292	0.02727
V823	0	0.24925	0.66148	0.08926
V824	0.05006	0.43009	0.51985	0
V825	0.20284	0.33981	0.23248	0.22487
V826	0.42786	0.4476	0.12454	0
V827	0.37402	0.60915	0	0.01684
V828	0.21833	0.19808	0.08271	0.50088
V829	0.02094	0.28654	0.00247	0.69005
V830	0.21885	0.25463	0	0.52652
V831	0.7945	0.08456	0	0.12094
V832	0.25403	0.44535	0.14219	0.15844
V833	0.12875	0.555	0.15786	0.15839
V834	0.3014	0.0841	0.04996	0.56453
V835	0.35014	0.48745	0.08593	0.07649
V836	0	0.70562	0	0.29438
V837	0.20411	0.42859	0.16611	0.20119
V838	0.97222	0.02128	0	0.0065
V839	0.29085	0.64313	0.06602	0
V840	0.27778	0.72222	0	0
V841	0	0.09172	0.86121	0.04707
V842	0.34458	0.20303	0.23782	0.21457
V843	0	0.06782	0.86146	0.07072
V844	0.08743	0.12361	0.38005	0.4089
V845	0.02604	0.16206	0.74397	0.06793
V846	0	0.04819	0.75205	0.19976
V847	0	0	0.00959	0.99041
V848	0.06717	0.56176	0.14962	0.22145
V849	0	0.97465	0	0.02535
V850	0.9808	0	0	0.0192
V851	0.3208	0.56533	0.11387	0
V852	0.0997	0.06032	0.11334	0.72665
V853	0.22109	0.27536	0.38229	0.12126
V854	0.59806	0.19194	0.07004	0.13996
V855	0	0	0.00959	0.99041
V856	0.01117	0.41458	0.33901	0.23525
V857	0.68519	0.1863	0	0.12851
V858	0.56403	0.01763	0.41619	0.00216
V859	0.66302	0.24047	0	0.09651
V860	0.1894	0.13426	0.02225	0.65408
V861	0.05841	0.41304	0.52854	0
V862	0.10071	0.13512	0.71708	0.04709
V863	0.20165	0.03704	0	0.76131
V864	0.06558	0.03618	0.02864	0.8696
V865	0.10093	0.00431	0.27071	0.62405
V866	0.75054	0.01377	0.22501	0.01067
V867	0.74988	0.025	0.22484	0.00028
V868	0.50804	0.31035	0.1024	0.07921
V869	0.00031	0.99562	0	0.00407
V870	0.08763	0.37674	0	0.53564
V871	0	0.97465	0	0.02535
V872	0	0.02301	0.24509	0.7319
V873	0.92584	0.01858	0.009	0.04659
V874	0.18116	0.81884	0	0
V875	0	0.23845	0.18548	0.57607
V876	0.13312	0.38356	0.39345	0.08988
V877	0.01308	0.45849	0.28349	0.24493
V878	0.11355	0.85582	0.03063	0
V879	0.18135	0.73055	0.01091	0.07719
V880	0.29691	0.56314	0	0.13996
V881	0.1169	0.07789	0.60555	0.19966
V882	0.83549	0	0.07979	0.08472
V883	0.25446	0.24102	0.50451	0
V884	0	0.28912	0	0.71088
V885	0.73135	0.22383	0.04483	0
V886	0	0.42328	0.44408	0.13264
V887	0.6462	0.07087	0.13104	0.1519
V888	0.06345	0.09041	0.74859	0.09755
V889	0.94759	0.02345	0	0.02895
V890	0	0.20181	0.61381	0.18438
V891	0.63306	0.05954	0.26294	0.04446
V892	0.27993	0.18942	0	0.53065
V893	0.577	0.24061	0.12155	0.06085
V894	0.03286	0.37191	0.56411	0.03113
V895	0.59932	0.07458	0.17399	0.15211
V896	0.01592	0.96656	0	0.01752
V897	0.69581	0.24672	0	0.05747
V898	0.47186	0	0	0.52814
V899	0.00028	0.23579	0.12365	0.64028
V900	0.0474	0.35504	0.3505	0.24706
V901	0.01152	0.86792	0	0.12056
V902	0.02975	0.95348	0.01676	0
V903	0	0.47517	0.49438	0.03045
V904	0	0.99596	0	0.00404
V905	0.14774	0	0.15691	0.69535
V906	0.40996	0.10586	0.07697	0.40722
V907	0.4255	0.52938	0	0.04512
V908	0	0.05125	0.04944	0.89931
V909	0.11535	0.82202	0	0.06263
V910	0.16583	0	0.09003	0.74414
V911	0.5156	0.41737	0	0.06702
V912	0.38059	0.36584	0.09539	0.15819
V913	0.1095	0	0	0.8905
V914	0.16168	0.54219	0.27026	0.02587
V915	0.22086	0	0	0.77914
V916	0.22597	0.09092	0.63813	0.04497
V917	0.73139	0.0254	0.13876	0.10445
V918	0.01883	0.67858	0.21516	0.08744
V919	0.17665	0.28516	0.27917	0.25902
V920	0.61667	0.22373	0.05944	0.10016
V921	0.01617	0.18718	0	0.79665
V922	0.0746	0.5181	0.36993	0.03738
V923	0.07989	0.01129	0.02339	0.88544
V924	0.00907	0.71761	0.25405	0.01928
V925	0.18184	0.01787	0	0.80029
V926	0.20951	0.01442	0	0.77607
V927	0.016	0.0389	0.03315	0.91195
V928	0.02582	0.917	0	0.05719
V929	0.03285	0.69027	0.10935	0.16753
V930	0.50708	0.39727	0	0.09566
V931	0.10657	0.33212	0.49077	0.07053
V932	0	0.16492	0.60767	0.22741
V933	0.60113	0.39712	0	0.00176
V934	0	0.19209	0.26062	0.5473
V935	0.55456	0.19004	0.18426	0.07114
V936	0.52278	0.28333	0	0.19388
V937	0.54959	0.14695	0.05044	0.25302
V938	0.37279	0.06242	0.29398	0.27082
V939	0.78496	0.00701	0.03709	0.17094
V940	0.00088	0.8391	0.12892	0.0311
V941	0	0.04389	0.94341	0.0127
V942	0.75314	0.20337	0.02837	0.01513
V943	0.38115	0.16461	0.40329	0.05095
V944	0	0.31458	0.03314	0.65228
V945	0.55557	0.36076	0	0.08367
V946	0.44355	0.30004	0.22883	0.02757
V947	0.06456	0.06676	0.2246	0.64408
V948	0.32385	0.0536	0.60653	0.01603
V949	0	0.14002	0.18334	0.67665
V950	0.02914	0.58745	0.19352	0.18989
V951	0.86621	0.00739	0.12217	0.00423
V952	0.04352	0.16774	0.25756	0.53119
V953	0	0.10305	0.86766	0.02929
V954	0.01359	0.2228	0.12352	0.64009
V955	0.10886	0.64229	0	0.24885
V956	0	0.0506	0.53028	0.41912
V957	0.33779	0	0	0.66221
V958	0.01999	0	0	0.98001
V959	0.2067	0.31123	0.41223	0.06984
V960	0.22744	0.31656	0.0464	0.4096
V961	0.11023	0.43922	0.33074	0.1198
V962	0.34553	0.21066	0.37357	0.07024
V963	0.59159	0.19605	0.13149	0.08087
V964	0.86923	0.02283	0.06477	0.04316
V965	0.02943	0.55535	0.1723	0.24291
V966	0.97859	0	0	0.02141
V967	0.01802	0.07496	0.54189	0.36513
V968	0	0.20688	0.74164	0.05148
V969	0	0.33395	0	0.66605
V970	0	0.16627	0.4269	0.40683
V971	0.49481	0.10983	0.3138	0.08156
V972	0.51289	0.22678	0.0085	0.25182
V973	0.25989	0.4645	0.0447	0.23092
V974	0	0.82468	0.10367	0.07165
V975	0.06472	0.34557	0.58971	0
V976	0.43399	0.28176	0.08368	0.20057
V977	0.29953	0.39695	0.30353	0
V978	0.05644	0.10524	0.04199	0.79633
V979	0.83538	0.0095	0.152	0.00312
V980	0.98912	0	0	0.01088
V981	0.32731	0.04936	0.42662	0.19671
V982	0.43704	0.43442	0.04199	0.08656
V983	0.71973	0.02904	0	0.25123
V984	0	0.88325	0.08625	0.0305
V985	0.06089	0.19888	0	0.74023
V986	0.3166	0.56333	0.01389	0.10619
V987	0.22954	0.7627	0	0.00776
V988	0.21751	0	0	0.78249
V989	0.44161	0.5067	0.04315	0.00853
V990	0	0.09491	0.7765	0.12858
V991	0.65123	0.34748	0	0.00129
V992	0.1839	0.02158	0.53006	0.26446
V993	0.04667	0.76358	0.1503	0.03945
V994	0.17883	0.81935	0	0.00182
V995	0.75364	0.10704	0	0.13933
V996	0.27216	0.1205	0	0.60734
V997	0	0.0523	0.83061	0.11709
V998	0.91109	0	0.02587	0.06304
V999	0.10091	0.89909	0	0
V1000	0.31828	0	0	0.68172
