cytotoxic.CD56.dim.NK.cell	memory.CD4.pos.AB.T.cell	memory.B.cell	CD14.pos.CD16.neg.classical.monocyte
V1	0.59756	0.01125	0.20365	0.18753
V2	0.20562	0.11089	0.07583	0.60766
V3	0.07015	0.6894	0.01811	0.22235
V4	0.86107	0.12373	0.00018	0.01501
V5	0.12568	0.47499	0.29085	0.10848
V6	0.0852	0.8734	0.0261	0.0153
V7	0.18091	0.40183	0.1093	0.30797
V8	0.13292	0.01126	0.83483	0.02098
V9	0.29689	0.27181	0.05224	0.37906
V10	0.02034	0.01341	0.93291	0.03334
V11	0.21492	0.3283	0.45247	0.0043
V12	0.03038	0.56478	0.3952	0.00963
V13	0.27626	0.70095	0.0078	0.01499
V14	0.07525	0.91022	0.00974	0.00479
V15	0.13765	0.61334	0.14121	0.1078
V16	0.90962	0.04748	0.02311	0.0198
V17	0.0953	0.87215	0.01722	0.01533
V18	0.5791	0.34482	0.05041	0.02567
V19	0.16913	0.81268	0.00849	0.0097
V20	0.20278	0.51094	0.02746	0.25882
V21	0.13413	0.03972	0.80524	0.02091
V22	0.02601	0.10811	0.29795	0.56794
V23	0.38154	0.0312	0.58278	0.00448
V24	0.92765	0.03753	0.03462	2e-04
V25	0.39023	0.24401	0.15839	0.20737
V26	0.42812	0.40735	0.02427	0.14026
V27	0.14039	0.07917	0.03279	0.74765
V28	0.00215	0.03788	0.95909	0.00087
V29	0.43549	0.02059	0.52403	0.01989
V30	0.12353	0.22382	0.35381	0.29884
V31	0.23611	0.18833	0.35876	0.21681
V32	0.11198	0.04632	0.04965	0.79206
V33	0.05263	0.4861	0.39565	0.06562
V34	0.13332	0.02422	0.82156	0.0209
V35	0.17282	0.71456	0.09201	0.0206
V36	0.01061	0.03234	0.60875	0.3483
V37	0.60271	0.07092	0.11962	0.20675
V38	0.49039	0.00672	0.21856	0.28433
V39	0.18336	0.57302	0.15067	0.09295
V40	0.10582	0.8104	0.08376	3e-05
V41	0.01096	0.73896	0.05866	0.19142
V42	0.27988	0.03091	0.28044	0.40877
V43	0.13809	0.3109	0.53036	0.02065
V44	0.01917	0.05472	0.81469	0.11142
V45	0.10924	0.58504	0.24689	0.05883
V46	0.78783	0.07374	0.13412	0.00431
V47	0.45256	0.17345	0.34177	0.03222
V48	0.79954	0.17868	0.00699	0.0148
V49	0.74859	0.19593	3e-05	0.05545
V50	0.07403	0.82865	0.09288	0.00444
V51	0.31833	0.38276	0.27872	0.02019
V52	0.02972	0.08692	0.86202	0.02134
V53	0.71794	0.12007	0.16187	0.00012
V54	0.4239	0.17374	0.38792	0.01444
V55	0.26125	0.12836	0.30807	0.30232
V56	0.06302	0.03143	0.13452	0.77103
V57	0.1058	0.85826	0.02624	0.0097
V58	0.71292	0.01283	0.05416	0.22009
V59	0.44368	0.40324	0.12093	0.03215
V60	0.16144	0.14896	0.40994	0.27966
V61	0.8209	0.10904	0.01435	0.05571
V62	0.87516	0.03924	0.07642	0.00917
V63	0.02096	0.82968	0.13414	0.01522
V64	0.0116	0.89545	0.00179	0.09116
V65	0.01935	0.02195	0.15508	0.80362
V66	0.23188	0.69916	0.0243	0.04466
V67	0.16073	0.29878	0.53104	0.00945
V68	0.21698	0.18246	0.03625	0.56432
V69	0.02945	0.28171	0.65607	0.03277
V70	0.56818	0.14222	0.20611	0.0835
V71	0.19781	0.06322	0.46497	0.27401
V72	0.61044	0.15731	0.11444	0.11781
V73	0.16733	0.61657	0.15786	0.05824
V74	0.06164	0.19443	0.7435	0.00043
V75	0.71756	0.00631	0.21553	0.0606
V76	0.00158	0.20603	0.26391	0.52848
V77	0.05504	0.37463	0.01455	0.55577
V78	0.36199	0.11588	0.2394	0.28273
V79	0.00927	0.07516	0.85735	0.05822
V80	0.35799	0.01249	0.57344	0.05608
V81	0.06122	0.13536	0.79854	0.00488
V82	0.00139	0.05298	0.93969	0.00594
V83	0.1827	0.21249	0.10887	0.49593
V84	0.46001	0.04511	0.21	0.28487
V85	0.12474	0.30258	0.45823	0.11444
V86	0.0508	0.03375	0.88833	0.02712
V87	0.04216	0.84839	0.06412	0.04533
V88	0.21055	0.058	0.35695	0.3745
V89	0.02826	0.02446	0.306	0.64127
V90	0.03174	0.89391	0.06454	0.00981
V91	0.04145	0.73102	0.2068	0.02072
V92	0.46955	0.01796	0.42312	0.08936
V93	0.90991	0.02315	0.00013	0.06681
V94	0.02441	0.54264	0.03255	0.40041
V95	0.28035	0.43579	0.18339	0.10048
V96	0.10556	0.13826	0.04339	0.71279
V97	0.67784	0.09809	0.21989	0.00418
V98	0.68513	0.30509	0.00028	0.00949
V99	0.78615	0.0479	0.16162	0.00433
V100	0.08282	0.01933	0.882	0.01585
V101	0.02698	0.07277	0.01174	0.88851
V102	0.92326	0.05975	0.00741	0.00958
V103	0.01681	0.06977	0.14983	0.76359
V104	0.03328	0.95146	0.01032	0.00494
V105	0.06415	0.91258	0.01852	0.00474
V106	0.12937	0.49419	0.3498	0.02665
V107	0.19345	0.17489	0.59922	0.03245
V108	0.15933	0.73808	0.10256	3e-05
V109	0.01947	0.14232	0.68021	0.15801
V110	0.06347	0.87652	0.04476	0.01525
V111	0.90759	0.01049	0.07736	0.00456
V112	0.15674	0.05335	0.52686	0.26304
V113	0.2444	0.11349	0.24297	0.39915
V114	0.32198	0.05585	0.1197	0.50248
V115	0.0109	0.74001	0.24452	0.00457
V116	0.16231	0.30187	0.42115	0.11467
V117	0.68059	0.25288	0.04086	0.02566
V118	0.19074	0.61365	0.04537	0.15025
V119	0.1632	0.10345	0.07911	0.65424
V120	0.08279	0.05171	0.85528	0.01022
V121	0.63512	0.12711	0.11426	0.12351
V122	0.95565	0.01847	0.01614	0.00974
V123	0.01155	0.59859	0.06382	0.32604
V124	0.66652	0.29614	9e-05	0.03726
V125	0.39416	0.40047	0.19089	0.01447
V126	0.05787	0.19803	0.08079	0.6633
V127	0.21255	0.04905	0.34667	0.39173
V128	0.04701	0.03017	0.17716	0.74566
V129	0.58455	0.21943	0.17624	0.01979
V130	0.01054	0.63623	0.34867	0.00457
V131	0.03221	0.91451	0.0017	0.05158
V132	0.9363	0.01662	0.03245	0.01463
V133	0.90739	0.02404	0.05921	0.00936
V134	0.13677	0.43111	0.16759	0.26453
V135	0.11329	0.03016	0.2703	0.58624
V136	0.29065	0.44516	0.01724	0.24695
V137	0.65395	0.03397	0.26943	0.04265
V138	0.24064	0.41057	0.2122	0.13659
V139	0.39281	0.20515	0.23679	0.16525
V140	0.04566	0.12892	0.08662	0.7388
V141	0.07724	0.14144	0.6233	0.15802
V142	0.77836	0.01118	0.21024	0.00022
V143	0.47496	0.27406	0.08688	0.1641
V144	0.21582	0.17075	0.22958	0.38385
V145	0.00207	0.74939	0.24391	0.00463
V146	0.083	0.03665	0.05314	0.82721
V147	0.92146	0.03034	0.02303	0.02517
V148	0.14558	0.06043	0.65476	0.13924
V149	0.27045	0.49303	0.23231	0.00421
V150	0.09493	0.21814	0.63509	0.05184
V151	0.22959	0.64199	0.04352	0.0849
V152	0.25071	0.43854	0.24606	0.06469
V153	0.12229	0.77537	0.02518	0.07716
V154	0.25093	0.43682	0.29185	0.02039
V155	0.48516	0.13356	0.31724	0.06404
V156	0.04065	0.11937	0.75546	0.08451
V157	0.33562	0.14925	0.36595	0.14918
V158	0.02686	0.02513	0.05079	0.89723
V159	0.89301	0.07533	4e-05	0.03162
V160	0.74665	0.01227	0.08185	0.15923
V161	0.29443	0.0238	0.05219	0.62957
V162	0.09221	0.36361	0.11874	0.42543
V163	0.11679	0.51614	0.20547	0.1616
V164	0.38278	0.31984	0.13239	0.16499
V165	0.01526	0.36357	0.00627	0.6149
V166	0.01568	0.1427	0.1152	0.72642
V167	0.46024	0.01268	0.01362	0.51346
V168	0.2999	0.56937	0.09202	0.03871
V169	0.26217	0.07426	0.06213	0.60144
V170	0.12685	0.01953	0.62223	0.23138
V171	0.13718	0.21656	0.61963	0.02663
V172	0.70227	0.00932	0.28402	0.00439
V173	0.0437	0.20199	0.06894	0.68537
V174	0.02767	0.22074	0.1201	0.63148
V175	0.07234	0.00986	0.83554	0.08226
V176	0.01117	0.80085	0.18339	0.00458
V177	0.01323	0.9741	0.00217	0.0105
V178	0.01116	0.82952	0.00914	0.15018
V179	0.19753	0.01324	0.47959	0.30964
V180	0.03293	0.88166	0.08537	5e-05
V181	0.18053	0.11662	0.59742	0.10543
V182	0.30857	0.16386	0.48902	0.03854
V183	0.18991	0.79673	0.0088	0.00457
V184	0.97377	0.01497	0.01096	3e-04
V185	0.57049	0.40961	0.01559	0.00431
V186	0.13616	0.47974	0.29791	0.08619
V187	0.94335	0.01869	0.03331	0.00465
V188	0.08507	0.31418	0.00562	0.59513
V189	0.84914	0.02828	0.02314	0.09945
V190	0.64527	0.01571	0.33465	0.00438
V191	0.19291	0.18513	0.59557	0.0264
V192	0.33176	0.48363	0.06431	0.12031
V193	0.6188	0.03294	0.26591	0.08235
V194	0.04302	0.93209	0.00928	0.01561
V195	0.01197	0.02675	0.95524	0.00604
V196	0.01982	0.12425	0.02564	0.83029
V197	0.50561	0.06031	0.03997	0.39411
V198	0.0743	0.4886	0.39768	0.03943
V199	0.22216	0.0345	0.25292	0.49042
V200	0.15673	0.61849	0.02654	0.19825
V201	0.11324	0.56581	0.22045	0.1005
V202	0.01949	0.01614	0.84766	0.1167
V203	0.1729	0.40563	0.40669	0.01478
V204	0.012	0.63661	0.01112	0.34027
V205	0.0206	0.04736	0.92123	0.0108
V206	0.05139	0.08151	0.86196	0.00514
V207	0.1822	0.23948	0.08313	0.49518
V208	0.25324	0.05582	0.68137	0.00956
V209	0.32921	0.47984	0.08456	0.10639
V210	0.09655	0.76713	0.10367	0.03265
V211	0.51878	0.02389	0.05172	0.40561
V212	0.50204	0.03635	0.44727	0.01433
V213	0.68478	0.03394	0.1342	0.14709
V214	0.38392	0.16705	0.20845	0.24058
V215	0.37852	0.12175	0.03251	0.46723
V216	0.05782	0.02407	0.04582	0.87229
V217	0.05553	0.5129	0.27669	0.15489
V218	0.11834	0.47646	0.20963	0.19557
V219	0.12844	0.69004	0.017	0.16452
V220	0.01121	0.87456	0.00886	0.10536
V221	0.8551	0.01432	0.00698	0.12361
V222	0.34006	0.12663	0.41493	0.11838
V223	0.00918	0.12118	0.81781	0.05183
V224	0.95804	0.01431	0.02737	0.00028
V225	0.06352	0.86748	0.06447	0.00453
V226	0.30847	0.07205	0.61008	0.0094
V227	0.77802	0.0083	0.20464	0.00904
V228	0.78992	0.06961	0.07878	0.0617
V229	0.02074	0.02232	0.9405	0.01644
V230	0.02263	0.06158	0.04471	0.87108
V231	0.02465	0.34323	0.1616	0.47052
V232	0.05783	0.72857	0.00216	0.21144
V233	0.59274	0.08449	0.22736	0.09541
V234	0.04261	0.9113	0.03622	0.00987
V235	0.37424	0.05263	0.55312	0.02
V236	0.0506	0.05552	0.84256	0.05132
V237	0.22816	0.02657	0.05602	0.68925
V238	0.14176	0.54045	0.28489	0.0329
V239	0.09074	0.48729	0.03157	0.3904
V240	0.487	0.03473	0.44665	0.03163
V241	0.02006	0.01254	0.92197	0.04543
V242	0.13856	0.74973	0.1023	0.00942
V243	0.24776	0.03509	0.66676	0.05039
V244	0.21266	0.0084	0.72295	0.05599
V245	0.60714	0.29542	0.05992	0.03752
V246	0.0611	0.13215	0.79126	0.01549
V247	0.16657	0.02276	0.81013	0.00054
V248	0.03472	0.06318	0.08226	0.81984
V249	0.00091	0.03564	0.91782	0.04562
V250	0.75676	0.00901	0.22996	0.00427
V251	0.93465	0.05279	0.00786	0.0047
V252	0.01228	0.82456	0.16309	8e-05
V253	0.42653	0.07377	0.2117	0.288
V254	0.01222	0.92667	0.05636	0.00475
V255	0.05333	0.91798	0.00168	0.027
V256	0.18666	0.19642	0.55866	0.05827
V257	0.45726	0.09817	0.28168	0.16289
V258	0.19231	0.25186	0.46994	0.08589
V259	0.04005	0.2697	0.6635	0.02675
V260	0.00125	0.26463	0.72916	0.00497
V261	0.64031	0.03292	0.22633	0.10044
V262	0.14021	0.09076	0.03234	0.73669
V263	0.02275	0.9594	0.00198	0.01586
V264	0.19365	0.03506	0.52044	0.25086
V265	0.04607	0.01842	0.21809	0.71742
V266	0.63709	0.35431	0.00851	1e-04
V267	0.00121	0.20239	0.38508	0.41131
V268	0.45535	0.02869	0.18956	0.3264
V269	0.00978	0.54155	0.41586	0.03281
V270	0.6488	0.02572	0.27063	0.05486
V271	0.81925	0.07081	0.04114	0.06879
V272	0.06496	0.84712	0.01669	0.07123
V273	0.08143	0.04781	0.06529	0.80547
V274	0.71416	0.00607	0.20668	0.07308
V275	0.00147	0.02931	0.9629	0.00632
V276	0.53321	0.34926	0.01463	0.1029
V277	0.05127	0.24904	0.22936	0.47034
V278	0.0503	0.06519	0.40556	0.47894
V279	0.71639	0.05912	0.13018	0.09432
V280	0.02686	0.02513	0.05079	0.89723
V281	0.59549	0.03402	0.17341	0.19707
V282	0.06085	0.05612	0.8441	0.03894
V283	0.23238	0.59394	0.07427	0.09941
V284	0.0321	0.89806	0.06521	0.00463
V285	0.07465	0.01754	0.90711	7e-04
V286	0.26144	0.54806	0.12568	0.06482
V287	0.10614	0.86149	0.0171	0.01527
V288	0.02038	0.27935	0.50601	0.19426
V289	0.2908	0.20481	0.45268	0.0517
V290	0.80841	0.1745	0.01695	0.00014
V291	0.48064	0.06196	0.44825	0.00915
V292	0.94688	0.01667	0.00016	0.03629
V293	0.29323	0.01437	0.66632	0.02608
V294	0.11998	0.45407	0.00361	0.42234
V295	0.02463	0.21258	0.27326	0.48953
V296	0.18387	0.10634	0.65232	0.05746
V297	0.10796	0.01875	0.11679	0.7565
V298	0.29745	0.08969	0.60348	0.00939
V299	0.09654	0.35483	0.02422	0.52442
V300	0.00178	0.04604	0.34385	0.60833
V301	0.12975	0.09734	0.69545	0.07745
V302	0.64536	0.34478	0.00035	0.0095
V303	0.00138	0.57888	0.39884	0.02091
V304	0.06218	0.02099	0.80669	0.11014
V305	0.14029	0.15183	0.53331	0.17457
V306	0.81111	0.09834	0.0593	0.03126
V307	0.0224	0.94884	0.01863	0.01013
V308	0.25649	0.22804	0.34887	0.1666
V309	0.38161	0.34367	0.03619	0.23853
V310	0.10129	0.35628	0.20055	0.34188
V311	0.51696	0.47097	0.0077	0.00436
V312	0.10617	0.72536	0.15351	0.01495
V313	0.00276	0.17188	0.03648	0.78888
V314	0.02242	0.53891	0.14634	0.29233
V315	0.14064	0.66316	0.04578	0.15041
V316	0.32572	0.12622	0.43563	0.11243
V317	0.10119	0.72996	0.05529	0.11357
V318	0.04729	0.63875	0.01938	0.29457
V319	0.06093	0.05015	0.8677	0.02122
V320	0.08524	0.12771	0.70269	0.08436
V321	0.62692	0.36447	0.00852	9e-05
V322	0.23639	0.36142	0.09671	0.30549
V323	0.07674	0.04048	0.14523	0.73755
V324	0.6542	0.2528	0.07864	0.01437
V325	0.31061	0.62324	0.06189	0.00426
V326	0.00158	0.62645	0.11858	0.25339
V327	0.02725	0.19099	0.16072	0.62103
V328	0.05169	0.02126	0.81066	0.1164
V329	0.2185	0.1277	0.23439	0.4194
V330	0.41543	0.01112	0.39284	0.18061
V331	0.42615	0.10302	0.06343	0.4074
V332	0.01415	0.06814	0.28039	0.63732
V333	0.42696	0.06756	0.42834	0.07714
V334	0.3819	0.0112	0.41811	0.18879
V335	0.03019	0.32175	0.56237	0.08568
V336	0.18901	0.71528	0.02458	0.07113
V337	0.28472	0.38324	0.31173	0.02032
V338	0.00307	0.98051	0.01126	0.00516
V339	0.12382	0.0138	0.85711	0.00528
V340	0.06517	0.21555	0.59128	0.128
V341	0.03336	0.05928	0.10841	0.79895
V342	0.25109	0.00736	0.65338	0.08817
V343	0.95859	0.02833	0.00825	0.00483
V344	0.66023	0.1473	0.19235	0.00012
V345	0.01402	0.03309	0.95212	0.00076
V346	0.26731	0.1141	0.35279	0.26581
V347	0.06035	0.02748	0.20088	0.71129
V348	0.06534	0.6717	0.16328	0.09967
V349	0.35346	0.15393	0.42128	0.07133
V350	0.03225	0.7852	0.18247	7e-05
V351	0.02308	0.03434	0.52485	0.41773
V352	0.05067	0.01683	0.88143	0.05108
V353	0.88595	0.02951	0.04132	0.04321
V354	0.05199	0.68148	0.23987	0.02666
V355	0.28928	0.06791	0.51858	0.12423
V356	0.04691	0.04227	0.16224	0.74857
V357	0.13092	0.34038	0.33319	0.19551
V358	0.59857	0.11298	0.06606	0.22239
V359	0.63643	0.064	0.04574	0.25383
V360	0.54474	0.42227	0.02377	0.00922
V361	0.00135	0.42605	0.56786	0.00474
V362	0.00304	0.9719	0.02	0.00506
V363	0.18863	0.10877	0.5388	0.16381
V364	0.16206	0.05216	0.72233	0.06346
V365	0.34471	0.04185	0.02544	0.588
V366	0.08877	0.70675	0.09707	0.10741
V367	0.62601	0.1549	0.00745	0.21164
V368	0.09886	0.7415	0.09482	0.06481
V369	0.01985	0.37553	0.59999	0.00463
V370	0.29464	0.25589	0.42915	0.02033
V371	0.19759	0.72365	0.03381	0.04495
V372	0.21297	0.0683	0.17797	0.54076
V373	0.09156	0.13343	0.55929	0.21571
V374	0.76111	0.01764	0.22106	0.00019
V375	0.05759	0.05712	0.22259	0.66269
V376	0.04627	0.05309	0.16046	0.74019
V377	0.83269	0.00777	0.01532	0.14422
V378	0.0113	0.035	0.5378	0.4159
V379	0.40322	0.22656	0.01854	0.35168
V380	0.19054	0.08359	0.27752	0.44835
V381	0.7584	0.01886	0.11038	0.11236
V382	0.08345	0.02993	0.88131	0.00532
V383	0.84729	0.01323	0.05961	0.07987
V384	0.59527	0.0782	0.16035	0.16618
V385	0.85893	0.02026	0.08493	0.03589
V386	0.36582	0.02254	0.19892	0.41272
V387	0.58986	0.14154	0.21279	0.05582
V388	0.39029	0.33218	0.17144	0.1061
V389	0.41878	0.52173	0.01502	0.04447
V390	0.29078	0.23463	0.47029	0.00429
V391	0.49005	0.12344	0.02868	0.35783
V392	0.44457	0.22376	0.1967	0.13497
V393	0.29114	0.21923	0.39	0.09963
V394	0.12134	0.27412	0.1598	0.44474
V395	0.23926	0.39753	0.23452	0.12869
V396	0.01232	0.96208	0.00981	0.01578
V397	0.77015	0.088	0.11636	0.02549
V398	0.49167	0.14576	0.12417	0.2384
V399	0.204	0.55391	0.16995	0.07214
V400	0.00167	0.65361	0.08352	0.26119
V401	0.04	0.13908	0.76941	0.05151
V402	0.77631	0.18074	0.04283	0.00012
V403	0.03344	0.04743	0.12308	0.79606
V404	0.09551	0.17722	0.66312	0.06415
V405	0.274	0.04209	0.23361	0.4503
V406	0.65055	0.25687	0.02278	0.0698
V407	0.00307	0.98051	0.01126	0.00516
V408	0.10373	0.24329	0.46754	0.18544
V409	0.00318	0.05464	0.05082	0.89136
V410	0.09536	0.85437	0.03508	0.01519
V411	0.53721	0.01912	0.00349	0.44018
V412	0.17682	0.07012	0.57362	0.17943
V413	0.06863	0.51364	0.2225	0.19523
V414	0.04184	0.50355	0.36828	0.08634
V415	0.47582	0.03353	0.28267	0.20798
V416	0.01247	0.07227	0.91459	0.00067
V417	0.38193	0.60562	0.00803	0.00442
V418	0.09735	0.13061	0.21182	0.56022
V419	0.0251	0.02495	0.06384	0.88612
V420	0.00234	0.91579	0.01745	0.06443
V421	0.16192	0.03494	0.7268	0.07633
V422	0.06607	0.10372	0.02345	0.80676
V423	0.08282	0.01933	0.882	0.01585
V424	0.00077	0.04787	0.72711	0.22424
V425	0.06268	0.21992	0.64511	0.07229
V426	0.09321	0.03808	0.82394	0.04477
V427	0.08332	0.42751	0.24159	0.24758
V428	0.09862	0.7789	0.06408	0.0584
V429	0.02361	0.02446	0.07644	0.87548
V430	0.75252	0.17518	0.02274	0.04956
V431	0.20372	0.02624	0.53757	0.23247
V432	0.14762	0.12808	0.07865	0.64565
V433	0.06744	0.78196	0.00176	0.14884
V434	0.41353	0.09244	0.07578	0.41825
V435	0.56448	0.01919	0.157	0.25932
V436	0.45094	0.02167	0.15647	0.37092
V437	0.28501	0.27819	0.01088	0.42592
V438	0.64208	0.17081	0.04304	0.14408
V439	0.04877	0.15389	0.02185	0.77548
V440	0.56052	0.04876	0.04915	0.34158
V441	0.07569	0.11895	0.67172	0.13365
V442	0.33878	0.35183	0.1653	0.1441
V443	0.76588	0.0121	0.11014	0.11189
V444	0.01402	0.03309	0.95212	0.00076
V445	0.59761	0.02027	0.36251	0.01962
V446	0.04231	0.84137	0.0644	0.05192
V447	0.63499	0.0941	0.20164	0.06927
V448	0.02662	0.08634	0.28659	0.60045
V449	0.56222	0.0408	0.32817	0.06881
V450	0.14805	0.83311	0.01882	2e-05
V451	0.92565	0.05939	0.00017	0.01479
V452	0.04932	0.03363	0.12305	0.79399
V453	0.8047	0.07946	0.07856	0.03727
V454	0.00261	0.93133	0.05602	0.01004
V455	0.59147	0.03379	0.3318	0.04295
V456	0.33683	0.11591	0.43502	0.11224
V457	0.0032	0.07256	0.03421	0.89003
V458	0.32529	0.27256	0.01031	0.39184
V459	0.02075	0.80787	0.10631	0.06507
V460	0.93984	0.01755	0.03306	0.00956
V461	0.08408	0.06514	0.02497	0.82581
V462	0.40622	0.28252	0.00191	0.30935
V463	0.26503	0.47447	0.181	0.0795
V464	0.57588	0.11915	0.0086	0.29638
V465	0.41976	0.44262	0.03313	0.10449
V466	0.62068	0.20559	0.00705	0.16667
V467	0.31795	0.56448	0.0913	0.02628
V468	0.50085	0.40101	0.06032	0.03782
V469	0.02298	0.19951	0.38293	0.39458
V470	0.5617	0.12496	0.21016	0.10317
V471	0.33447	0.13331	0.05587	0.47635
V472	0.36981	0.36898	0.00157	0.25964
V473	0.10577	0.52368	0.35559	0.01496
V474	0.16405	0.01534	0.16298	0.65763
V475	0.21539	0.43683	0.10459	0.24318
V476	0.22323	0.03397	0.0922	0.65061
V477	0.61317	0.04072	0.23873	0.10738
V478	0.15606	0.63878	0.00854	0.19662
V479	0.01907	0.07455	0.84835	0.05803
V480	0.10782	0.38094	0.06895	0.44228
V481	0.14364	0.01873	0.82751	0.01012
V482	0.68656	0.16182	0.12621	0.02541
V483	0.17194	0.14382	0.11388	0.57036
V484	0.03352	0.11488	0.05043	0.80117
V485	0.13391	0.75853	0.01623	0.09132
V486	0.30891	0.28548	0.16268	0.24293
V487	0.10365	0.07011	0.13838	0.68786
V488	0.00146	0.0135	0.91444	0.0706
V489	0.21029	0.09145	0.68867	0.00958
V490	0.37603	0.33699	0.08903	0.19795
V491	0.44371	0.46969	0.04205	0.04455
V492	0.03152	0.82059	0.14338	0.0045
V493	0.03589	0.02693	0.01298	0.92421
V494	0.20114	0.1459	0.56786	0.08509
V495	0.22856	0.60489	0.15184	0.01471
V496	0.28088	0.68592	0.00084	0.03236
V497	0.01256	0.0171	0.96411	0.00622
V498	0.38725	0.12633	0.07585	0.41057
V499	0.59922	0.26119	0.13545	0.00415
V500	0.10391	0.1098	0.75969	0.02661
V501	0.00375	0.02735	0.08189	0.88701
V502	0.54489	0.26924	0.16613	0.01974
V503	0.24214	0.11178	0.26762	0.37847
V504	0.24094	0.69865	0.01561	0.04481
V505	0.22749	0.22499	0.31256	0.23496
V506	0.10064	0.24825	0.51483	0.13628
V507	0.63469	0.10544	0.14412	0.11576
V508	0.74581	0.17317	0.04976	0.03126
V509	0.24332	0.0594	0.5655	0.13178
V510	0.22728	0.49446	0.27403	0.00424
V511	0.06231	0.4967	0.06567	0.37532
V512	0.30955	0.06624	0.11994	0.50427
V513	0.08582	0.63563	0.23301	0.04553
V514	0.02192	0.1178	0.01088	0.84939
V515	0.78217	0.06935	0.06031	0.08817
V516	0.89534	0.09937	0.00048	0.00481
V517	0.05296	0.03887	0.36071	0.54745
V518	0.94831	0.04631	0.00049	0.00489
V519	0.03193	0.88858	0.0086	0.07089
V520	0.03144	0.00929	0.72123	0.23804
V521	0.54934	0.04353	0.38744	0.01969
V522	0.0094	0.12329	0.66994	0.19736
V523	0.38002	0.12983	0.30968	0.18047
V524	0.01049	0.76166	0.20699	0.02086
V525	0.31151	0.24895	0.04165	0.39789
V526	0.67664	0.08799	0.09306	0.14231
V527	0.23411	0.02661	0.48106	0.25822
V528	0.10681	0.85911	0.00139	0.0327
V529	0.08032	0.07921	0.31746	0.52301
V530	0.00914	0.19096	0.72773	0.07217
V531	0.02253	0.85327	0.12415	5e-05
V532	0.21329	0.38396	0.04086	0.3619
V533	0.3055	0.36819	0.16748	0.15883
V534	0.00964	0.01596	0.79913	0.17526
V535	0.63367	0.00894	0.01853	0.33886
V536	0.22468	0.00751	0.46088	0.30693
V537	0.57532	0.2505	0.16519	0.00899
V538	0.51994	0.06542	0.11591	0.29873
V539	0.28035	0.43579	0.18339	0.10048
V540	0.20791	0.6837	0.08199	0.02641
V541	0.02295	0.58422	0.0866	0.30623
V542	0.23443	0.1398	0.32255	0.30321
V543	0.89742	0.01478	0.01468	0.07312
V544	0.13706	0.11112	0.24489	0.50693
V545	0.42571	0.16418	0.09505	0.31506
V546	0.05285	0.86848	0.07413	0.00453
V547	0.04107	0.6186	0.33078	0.00955
V548	0.15947	0.74418	0.09201	0.00433
V549	0.31667	0.03049	0.64339	0.00945
V550	0.66111	0.04017	0.00169	0.29703
V551	0.18504	0.73285	0.04332	0.03879
V552	0.00196	0.62994	0.01165	0.35645
V553	0.22414	0.13639	0.62475	0.01472
V554	0.07715	0.13111	0.04593	0.74581
V555	0.10795	0.23969	0.40683	0.24553
V556	0.00113	0.03125	0.94534	0.02228
V557	0.84291	0.03657	0.01459	0.10593
V558	0.07637	0.80357	0.03509	0.08497
V559	0.01199	0.78519	0.20273	9e-05
V560	0.67157	0.32341	0.00049	0.00453
V561	0.00147	0.02931	0.9629	0.00632
V562	0.78373	0.01239	0.13653	0.06736
V563	0.23988	0.01189	0.74337	0.00486
V564	0.06103	0.06979	0.85893	0.01025
V565	0.14189	0.26289	0.43558	0.15964
V566	0.73527	0.11008	0.00675	0.1479
V567	0.25135	0.48995	0.03659	0.22211
V568	0.31511	0.02063	0.0858	0.57846
V569	0.73871	0.03852	0.00108	0.2217
V570	0.02941	0.27188	0.65312	0.04558
V571	0.81744	0.1391	0	0.04345
V572	0.43801	0.0118	0.48146	0.06872
V573	0.08755	0.2405	0.0168	0.65516
V574	0.04156	0.76487	0.18401	0.00956
V575	0.02823	0.1183	0.19446	0.65901
V576	0.15889	0.78773	0.04386	0.00952
V577	0.05409	0.06121	0.31086	0.57384
V578	0.06311	0.06203	0.74967	0.1252
V579	0.01114	0.86968	0.10384	0.01534
V580	0.20354	0.02132	0.1703	0.60484
V581	0.09535	0.12421	0.00871	0.77173
V582	0.6171	0.16324	0.04401	0.17565
V583	0.00978	0.04702	0.70035	0.24285
V584	0.50538	0.15276	0.31607	0.0258
V585	0.01124	0.01808	0.57881	0.39187
V586	0.23707	0.0132	0.68747	0.06225
V587	0.26192	0.01521	0.70251	0.02036
V588	0.68443	0.05433	0.03491	0.22633
V589	0.0641	0.81647	0.07406	0.04537
V590	0.05241	0.73965	0.20351	0.00443
V591	0.0019	0.05792	0.30644	0.63374
V592	0.15608	0.03828	0.80512	0.00052
V593	0.6103	0.00578	0.22195	0.16197
V594	0.33227	0.27753	0.35768	0.03251
V595	0.03809	0.05795	0.04267	0.86129
V596	0.04744	0.31748	0.29204	0.34304
V597	0.00126	0.57096	0.36887	0.05892
V598	0.01998	0.10841	0.86122	0.01038
V599	0.61508	0.32391	0.04101	0.02
V600	0.3698	0.48291	0.06278	0.08451
V601	0.20091	0.32129	0.11237	0.36543
V602	0.03941	0.06129	0.02944	0.86986
V603	0.01319	0.47027	0.02425	0.49229
V604	0.50221	0.11448	0.36343	0.01987
V605	0.07791	0.32981	0.45467	0.13761
V606	0.73795	0.16584	0.01418	0.08203
V607	0.68445	0.0183	0.1353	0.16195
V608	0.24095	0.16058	0.44144	0.15703
V609	0.0355	0.27322	0.3123	0.37897
V610	0.77688	0.02664	0.10895	0.08753
V611	0.37026	0.01905	0.08275	0.52794
V612	0.02935	0.08356	0.84191	0.04518
V613	0.04015	0.31227	0.62081	0.02677
V614	0.77533	0.06937	0.06049	0.09481
V615	0.18419	0.08794	0.01858	0.70929
V616	0.08979	0.73441	0.05569	0.1201
V617	0.45647	0.15784	0.38551	0.00018
V618	0.78202	0.01494	0.00097	0.20207
V619	0.40918	0.03351	0.37422	0.18309
V620	0.01054	0.63623	0.34867	0.00457
V621	0.45222	0.16228	0.21217	0.17334
V622	0.35117	0.21343	0.41523	0.02017
V623	0.02795	0.1038	0.22214	0.64611
V624	0.77716	0.2078	0.00017	0.01488
V625	0.27969	0.50267	0.11739	0.10025
V626	0.95363	0.03607	0.00041	0.00989
V627	0.00273	0.05239	0.12603	0.81884
V628	0.00236	0.31434	0.02967	0.65363
V629	0.14542	0.30664	0.33576	0.21217
V630	0.04019	0.31301	0.61406	0.03273
V631	0.02646	0.25385	0.15701	0.56268
V632	0.62375	0.00599	0.1708	0.19946
V633	0.00078	0.03295	0.88331	0.08296
V634	0.38829	0.25421	0.35327	0.00422
V635	0.03281	0.80853	0.00893	0.14972
V636	0.13067	0.0973	0.68796	0.08407
V637	0.35659	0.22254	0.11913	0.30174
V638	0.41654	0.28037	0.08949	0.2136
V639	0.27067	0.40726	0.32194	0.00012
V640	0.03993	0.1406	0.78665	0.03282
V641	0.88714	0.04525	0.03121	0.0364
V642	0.76508	0.1857	0	0.04922
V643	0.00984	0.19392	0.54519	0.25105
V644	0.89507	0.08771	0.0075	0.00972
V645	0.26072	0.39325	0.33139	0.01463
V646	0.01311	0.97102	0.01082	0.00505
V647	0.14777	0.07974	0.73389	0.0386
V648	0.40558	0.423	0.1512	0.02021
V649	0.02949	0.05756	0.87374	0.03921
V650	0.06115	0.08179	0.81229	0.04477
V651	0.30263	0.01114	0.68151	0.00471
V652	0.10657	0.0941	0.53337	0.26596
V653	0.13461	0.66954	0.11717	0.07868
V654	0.68988	0.20328	0.06924	0.0376
V655	0.04689	0.64705	0.02905	0.27701
V656	0.25789	0.32523	0.02013	0.39675
V657	0.03538	0.12147	0.0246	0.81854
V658	0.61567	0.21661	0.07122	0.0965
V659	0.34595	0.08716	0.42014	0.14676
V660	0.03291	0.94934	0.00193	0.01582
V661	0.07554	0.49254	0.07665	0.35527
V662	0.40603	0.01831	0.50637	0.06929
V663	0.24383	0.06812	0.61084	0.0772
V664	0.20149	0.06187	0.7044	0.03224
V665	0.69428	0.19286	0.05002	0.06284
V666	0.63585	0.00638	0.12855	0.22922
V667	0.74336	0.07571	0.18078	0.00016
V668	0.12742	0.77963	0.09293	3e-05
V669	0.24068	0.40618	0.28111	0.07203
V670	0.08547	0.89741	0.00163	0.0155
V671	0.36605	0.28044	0.28887	0.06464
V672	0.02036	0.02873	0.92904	0.02187
V673	0.24809	0.36994	0.26689	0.11508
V674	0.7335	0.15532	0.02276	0.08842
V675	0.15307	0.33058	0.37127	0.14509
V676	0.04205	0.1539	0.16301	0.64103
V677	0.39375	0.40616	0.1147	0.0854
V678	0.50592	0.47387	0.01588	0.00433
V679	0.05088	0.2917	0.64767	0.00975
V680	0.3045	0.52874	0.15208	0.01469
V681	0.88982	0.07488	0.01503	0.02026
V682	0.11634	0.2794	0.57759	0.02667
V683	0.01436	0.96372	0.02186	6e-05
V684	0.69197	0.16261	0.10804	0.03738
V685	0.48963	0.33799	0.14047	0.03191
V686	0.12082	0.22013	0.21402	0.44502
V687	0.03947	0.04443	0.04464	0.87146
V688	0.3864	0.52194	0.00057	0.09109
V689	0.3301	0.01325	0.07344	0.58321
V690	0.45907	0.04197	0.4554	0.04356
V691	0.15471	0.0132	0.82698	0.00512
V692	0.08315	0.12794	0.74401	0.0449
V693	0.2569	0.10976	0.43653	0.19681
V694	0.01258	0.04003	0.41615	0.53123
V695	0.29943	0.0162	0.22007	0.46431
V696	0.10744	0.12883	0.03173	0.732
V697	0.02112	0.10193	0.02736	0.84959
V698	0.85334	0.01398	0.01487	0.1178
V699	0.56975	0.28662	0.07985	0.06378
V700	0.3095	0.0459	0.01631	0.62829
V701	0.13081	0.55486	0.13632	0.17801
V702	0.61013	0.0959	0.01696	0.27701
V703	0.15271	0.05259	0.57526	0.21944
V704	0.83387	0.05316	0.032	0.08098
V705	0.95454	0.00999	0.01544	0.02003
V706	0.08302	0.04566	0.81388	0.05745
V707	0.0404	0.40995	0.52292	0.02674
V708	0.04247	0.88013	0.02582	0.05158
V709	0.14116	0.24954	0.557	0.05229
V710	0.61793	0.21781	0.06168	0.10258
V711	0.09578	0.78063	0.10288	0.02071
V712	0.83624	0.06321	0.00656	0.09399
V713	0.46342	0.32036	0.04463	0.17159
V714	0.01129	0.73795	0.02831	0.22245
V715	0.30187	0.32273	0.33007	0.04533
V716	0.04921	0.07297	0.07878	0.79905
V717	0.0856	0.9026	0.00173	0.01007
V718	0.15869	0.55693	0.2048	0.07958
V719	0.06739	0.74343	0.04627	0.14291
V720	0.68924	0.0065	0.25593	0.04834
V721	0.13805	0.16179	0.54172	0.15844
V722	0.12141	0.41902	0.02211	0.43746
V723	0.15289	0.12568	0.01827	0.70317
V724	0.63147	0.03509	0.10831	0.22513
V725	0.00097	0.08989	0.88748	0.02166
V726	0.04846	0.43707	0.16363	0.35085
V727	0.26752	0.6271	0.10114	0.00424
V728	0.03175	0.85997	0.10373	0.00456
V729	0.46157	0.02007	0.21134	0.30702
V730	0.89299	0.03831	0.04907	0.01963
V731	0.03267	0.20749	0.48742	0.27241
V732	0.36976	0.07747	0.4064	0.14637
V733	0.66047	0.19602	0.0415	0.10201
V734	0.23902	0.28574	0.47094	0.0043
V735	0.02156	0.03141	0.60638	0.34065
V736	0.20293	0.03105	0.02086	0.74516
V737	0.33971	0.28656	0.27368	0.10005
V738	0.08681	0.32163	0.49885	0.0927
V739	0.00087	0.01767	0.71891	0.26255
V740	0.81935	0.09241	0.07891	0.00933
V741	0.52265	0.11119	0.15587	0.21029
V742	0.4007	0.58209	0.01718	3e-05
V743	0.13488	0.1297	0.72028	0.01514
V744	0.51758	0.0409	0.36475	0.07677
V745	0.02038	0.69579	0.20486	0.07897
V746	0.98053	0.01357	0.00082	0.00508
V747	0.06326	0.00886	0.78321	0.14467
V748	0.13313	0.09759	0.65078	0.1185
V749	0.33761	0.20779	0.07538	0.37921
V750	0.42313	0.46863	0.02355	0.08469
V751	0.05276	0.86363	0.04456	0.03905
V752	0.47819	0.23337	0.16157	0.12686
V753	0.02933	0.05957	0.01196	0.89914
V754	0.01193	0.94099	0.00183	0.04525
V755	0.17135	0.20025	0.41076	0.21764
V756	0.03622	0.03884	0.08492	0.84002
V757	0.33781	0.57068	0.07116	0.02034
V758	0.05288	0.75835	0.13674	0.05204
V759	0.14673	0.06443	0.49918	0.28965
V760	0.32903	0.06206	0.34711	0.2618
V761	0.07538	0.56306	0.30275	0.05881
V762	0.00207	0.48404	0.02447	0.48942
V763	0.41598	0.37783	0.03454	0.17165
V764	0.01157	0.93419	0.00901	0.04523
V765	0.71248	0.10244	0.00072	0.18436
V766	0.01991	0.32008	0.50622	0.15379
V767	0.48782	0.12594	0.28204	0.10419
V768	0.06351	0.89481	0.02632	0.01535
V769	0.1479	0.80764	0.03489	0.00957
V770	0.01311	0.97102	0.01082	0.00505
V771	0.16532	0.0183	0.80638	0.01
V772	0.13337	0.04356	0.81812	0.00496
V773	0.16913	0.81268	0.00849	0.0097
V774	0.02081	0.01423	0.94293	0.02203
V775	0.14438	0.05112	0.38186	0.42264
V776	0.43481	0.42504	0.06222	0.07794
V777	0.22118	0.14094	0.19545	0.44243
V778	0.5453	0.28133	0.08172	0.09165
V779	0.18903	0.04266	0.57547	0.19284
V780	0.11686	0.74072	0.14237	4e-05
V781	0.06671	0.06252	0.05248	0.8183
V782	0.00926	0.11223	0.83327	0.04524
V783	0.80612	0.02724	0.06035	0.10629
V784	0.11666	0.86088	0.01784	0.00462
V785	0.04271	0.92397	0.0178	0.01552
V786	0.70829	0.16265	0.09781	0.03125
V787	0.00229	0.81964	0.1734	0.00467
V788	0.50151	0.29588	0.17062	0.03198
V789	0.09244	0.44249	0.04411	0.42096
V790	0.52125	0.03837	0.10539	0.33498
V791	0.14911	0.37046	0.37242	0.10802
V792	0.15858	0.59294	0.00895	0.23953
V793	0.13928	0.68019	0.0454	0.13513
V794	0.05069	0.07327	0.82462	0.05142
V795	0.15074	0.07036	0.09564	0.68325
V796	0.02997	0.07916	0.87502	0.01585
V797	0.74162	0.00814	0.24127	0.00896
V798	0.60541	0.29226	0.08803	0.01429
V799	0.14265	0.77149	0.03425	0.05162
V800	0.0804	0.02834	0.62338	0.26787
V801	0.16313	0.12815	0.41409	0.29463
V802	0.05039	0.09774	0.37755	0.47431
V803	0.22563	0.49172	0.28255	1e-04
V804	0.51502	0.01853	0.4172	0.04925
V805	0.01562	0.01998	0.96356	0.00084
V806	0.05289	0.90309	0.01715	0.02687
V807	0.31639	0.18999	0.05438	0.43924
V808	0.6514	0.27279	0.05012	0.02568
V809	0.04292	0.04429	0.91213	0.00066
V810	0.01384	0.97861	0.00231	0.00524
V811	0.45654	0.08026	0.25082	0.21237
V812	0.55997	0.27373	0.06237	0.10393
V813	0.5837	0.18991	0.20666	0.01973
V814	0.42679	0.51717	0.05181	0.00422
V815	0.00262	0.90758	0.08507	0.00474
V816	0.9164	0.01294	0.07042	0.00024
V817	0.03033	0.07205	0.88712	0.01051
V818	0.0028	0.0965	0.06914	0.83156
V819	0.82009	0.08919	0.05939	0.03133
V820	0.17781	0.14103	0.0398	0.64135
V821	0.22467	0.3021	0.4212	0.05203
V822	0.0721	0.02712	0.8849	0.01587
V823	0.02949	0.17996	0.72577	0.06478
V824	0.09343	0.35191	0.55439	0.00026
V825	0.24269	0.2976	0.30036	0.15935
V826	0.4245	0.39782	0.16861	0.00906
V827	0.37753	0.58662	0.01545	0.02039
V828	0.27053	0.19655	0.1507	0.38222
V829	0.05461	0.32036	0.06193	0.56311
V830	0.27213	0.277	0.04227	0.4086
V831	0.77923	0.09756	0.04101	0.08221
V832	0.28356	0.40436	0.19661	0.11547
V833	0.16306	0.51134	0.21046	0.11514
V834	0.35771	0.09392	0.11457	0.43381
V835	0.36345	0.44397	0.13471	0.05787
V836	0.01155	0.74973	0.00996	0.22875
V837	0.24064	0.3891	0.2249	0.14536
V838	0.91295	0.05008	0.03251	0.00447
V839	0.30181	0.58343	0.11055	0.00421
V840	0.29542	0.69523	0.00932	3e-05
V841	0.00093	0.04416	0.91524	0.03966
V842	0.37559	0.17011	0.30546	0.14884
V843	0.01945	0.02524	0.90367	0.05165
V844	0.13474	0.09604	0.47629	0.29293
V845	0.07251	0.09968	0.78275	0.04506
V846	0.00079	0.01796	0.8366	0.14465
V847	0.00407	0.02879	0.04677	0.92036
V848	0.1042	0.52867	0.20551	0.16162
V849	0.00265	0.96038	0.0096	0.02737
V850	0.96272	0.01107	0.01639	0.00982
V851	0.33434	0.5066	0.15901	5e-05
V852	0.14342	0.07254	0.19887	0.58516
V853	0.25274	0.21773	0.44356	0.08597
V854	0.60534	0.17518	0.12289	0.09659
V855	0.00407	0.02879	0.04677	0.92036
V856	0.05549	0.36074	0.41463	0.16915
V857	0.68466	0.18501	0.0412	0.08913
V858	0.53185	0.01584	0.44784	0.00447
V859	0.66233	0.24547	0.0227	0.06951
V860	0.24308	0.15078	0.08378	0.52236
V861	0.09333	0.33154	0.56559	0.00955
V862	0.13521	0.08056	0.75187	0.03237
V863	0.26732	0.09254	0.00603	0.63412
V864	0.09283	0.06553	0.08751	0.75413
V865	0.14599	0.01682	0.3697	0.4675
V866	0.69868	0.02187	0.27027	0.00918
V867	0.69766	0.03063	0.26741	0.0043
V868	0.51388	0.27671	0.15246	0.05695
V869	0.02319	0.96126	0.01056	0.00499
V870	0.1331	0.41452	0.03218	0.4202
V871	0.00265	0.96038	0.0096	0.02737
V872	0.01339	0.03262	0.36752	0.58647
V873	0.88023	0.03714	0.05771	0.02492
V874	0.2018	0.76234	0.03584	2e-05
V875	0.02426	0.23541	0.28425	0.45608
V876	0.16822	0.31566	0.45106	0.06506
V877	0.05589	0.41134	0.35504	0.17772
V878	0.13807	0.7881	0.07381	2e-05
V879	0.20026	0.68898	0.05309	0.05766
V880	0.32342	0.56518	0.00722	0.10418
V881	0.15731	0.04262	0.66924	0.13083
V882	0.79419	0.00674	0.14484	0.05422
V883	0.27839	0.18737	0.53397	0.00027
V884	0.02816	0.37083	0.00589	0.59513
V885	0.68798	0.21444	0.0975	9e-05
V886	0.0195	0.3573	0.52296	0.10024
V887	0.6466	0.06756	0.18449	0.10135
V888	0.10532	0.04485	0.78588	0.06396
V889	0.90543	0.05673	0.02336	0.01449
V890	0.04125	0.14029	0.69192	0.12654
V891	0.60945	0.05075	0.30857	0.03123
V892	0.34264	0.22464	0.02018	0.41254
V893	0.57544	0.21114	0.16982	0.04361
V894	0.07269	0.29009	0.61052	0.02669
V895	0.60416	0.06682	0.22806	0.10096
V896	0.04302	0.93209	0.00928	0.01561
V897	0.68445	0.26572	0.0064	0.04343
V898	0.55812	0.0106	0.01139	0.41988
V899	0.03882	0.24284	0.20671	0.51163
V900	0.0916	0.30199	0.42874	0.17767
V901	0.04335	0.85672	0.00845	0.09147
V902	0.05308	0.88698	0.05534	0.00459
V903	0.00952	0.40098	0.55654	0.03297
V904	0.02381	0.96879	0.00222	0.00518
V905	0.19493	0.01164	0.25811	0.53532
V906	0.45667	0.10624	0.14009	0.297
V907	0.4278	0.51011	0.02363	0.03847
V908	0.01695	0.0834	0.11996	0.77969
V909	0.14119	0.80646	0.00123	0.05112
V910	0.21696	0.01308	0.18214	0.58782
V911	0.51395	0.3941	0.04141	0.05054
V912	0.40225	0.33379	0.15018	0.11377
V913	0.16205	0.0212	0.02402	0.79274
V914	0.18502	0.47207	0.31632	0.0266
V915	0.29922	0.01657	0.01822	0.66599
V916	0.24546	0.05271	0.66972	0.03212
V917	0.70988	0.0336	0.18851	0.068
V918	0.05266	0.62317	0.25882	0.06535
V919	0.22061	0.24151	0.35288	0.18501
V920	0.61598	0.20322	0.1105	0.0703
V921	0.04351	0.22848	0.05507	0.67295
V922	0.10679	0.44368	0.41681	0.03273
V923	0.10951	0.04308	0.07528	0.77213
V924	0.0412	0.64643	0.29157	0.0208
V925	0.24116	0.05906	0.02905	0.67073
V926	0.2669	0.04449	0.05213	0.63648
V927	0.03326	0.07366	0.09349	0.79959
V928	0.05332	0.89324	0.00851	0.04493
V929	0.06629	0.65713	0.15478	0.12181
V930	0.51025	0.37748	0.04174	0.07053
V931	0.14201	0.26011	0.54563	0.05224
V932	0.04166	0.11073	0.69125	0.15637
V933	0.58273	0.39271	0.01528	0.00928
V934	0.01156	0.18066	0.37763	0.43015
V935	0.55653	0.16104	0.23261	0.04981
V936	0.54914	0.28902	0.02378	0.13806
V937	0.57378	0.14095	0.10791	0.17736
V938	0.39871	0.05062	0.36572	0.18495
V939	0.76921	0.02677	0.09074	0.11327
V940	0.0309	0.77675	0.16558	0.02677
V941	0.00169	0.01883	0.97287	0.00661
V942	0.71498	0.19256	0.07815	0.01431
V943	0.38382	0.12455	0.45317	0.03846
V944	0.02585	0.34255	0.09922	0.53238
V945	0.5603	0.36215	0.01437	0.06319
V946	0.44364	0.25376	0.27668	0.02592
V947	0.10737	0.066	0.32633	0.50031
V948	0.32728	0.02963	0.62841	0.01468
V949	0.0016	0.14492	0.29647	0.557
V950	0.06684	0.54429	0.25057	0.1383
V951	0.80621	0.02295	0.16656	0.00428
V952	0.08952	0.15057	0.35723	0.40268
V953	0.01993	0.05262	0.90577	0.02168
V954	0.0527	0.22905	0.20639	0.51186
V955	0.1431	0.63849	0.03618	0.18223
V956	0.04467	0.02971	0.63131	0.29431
V957	0.42739	0.03119	0.00469	0.53673
V958	0.03589	0.02693	0.01298	0.92421
V959	0.23562	0.24691	0.46567	0.05179
V960	0.27664	0.3104	0.10827	0.30468
V961	0.14651	0.37767	0.38996	0.08585
V962	0.36014	0.16385	0.42481	0.05121
V963	0.59061	0.17207	0.18139	0.05592
V964	0.82146	0.03696	0.11609	0.02549
V965	0.06791	0.52144	0.23207	0.17859
V966	0.95563	0.02676	0.00783	0.00978
V967	0.06777	0.04551	0.63464	0.25209
V968	0.00077	0.14203	0.81197	0.04523
V969	0.01349	0.3741	0.06203	0.55038
V970	0.0452	0.12836	0.5302	0.29624
V971	0.49289	0.08522	0.36491	0.05698
V972	0.54026	0.21633	0.06487	0.17853
V973	0.29366	0.44076	0.09949	0.16609
V974	0.01045	0.78272	0.14819	0.05863
V975	0.10384	0.26969	0.62196	0.00452
V976	0.45803	0.25855	0.14125	0.14217
V977	0.31404	0.33738	0.34437	0.00421
V978	0.0875	0.13187	0.10861	0.67202
V979	0.77246	0.02327	0.19992	0.00436
V980	0.98053	0.01357	0.00082	0.00508
V981	0.34753	0.03288	0.48992	0.12967
V982	0.44233	0.4011	0.09221	0.06436
V983	0.74198	0.0729	0.00712	0.178
V984	0.02076	0.82793	0.12453	0.02678
V985	0.10076	0.2627	0.01568	0.62086
V986	0.3338	0.52524	0.06276	0.0782
V987	0.24299	0.74084	0.00106	0.01511
V988	0.28241	0.03552	0.02865	0.65342
V989	0.43745	0.45864	0.08944	0.01447
V990	0.00074	0.04827	0.85406	0.09693
V991	0.62583	0.36432	0.00036	0.00949
V992	0.2189	0.01194	0.59461	0.17456
V993	0.0743	0.70621	0.1868	0.03269
V994	0.19076	0.76521	0.03451	0.00952
V995	0.74784	0.11645	0.04113	0.09458
V996	0.33557	0.15971	0.02203	0.48269
V997	0.01944	0.01682	0.88099	0.08275
V998	0.86769	0.02044	0.07588	0.03599
V999	0.12694	0.86654	0.0017	0.00482
V1000	0.39761	0.04168	0.00486	0.55585
