B_cells	NK_cells	T_cells_CD4.	Monocytes
V1	0.56967	0	0.17268	0.25764
V2	0.18599	0.08229	0.07076	0.66097
V3	0.06551	0.6297	0.02511	0.27968
V4	0.86485	0.09518	0	0.03997
V5	0.11065	0.4793	0.27047	0.13957
V6	0.08803	0.8449	0.04298	0.02409
V7	0.15958	0.36807	0.09911	0.37323
V8	0.12449	0.02559	0.81296	0.03696
V9	0.26408	0.24053	0.04339	0.452
V10	0.00527	0.03044	0.90701	0.05728
V11	0.2055	0.36312	0.43139	0
V12	0.02352	0.58617	0.38549	0.00482
V13	0.28149	0.68669	0.01382	0.018
V14	0.0814	0.88702	0.0248	0.00678
V15	0.12696	0.59249	0.14202	0.13853
V16	0.89283	0.03217	0.01633	0.05867
V17	0.09878	0.84574	0.03152	0.02397
V18	0.576	0.33942	0.04529	0.03928
V19	0.17345	0.79493	0.01891	0.01271
V20	0.18233	0.46925	0.02651	0.3219
V21	0.12486	0.08009	0.76189	0.03316
V22	0.0261	0.0966	0.23805	0.63926
V23	0.38129	0.0535	0.55966	0.00554
V24	0.94547	0.02347	0.03106	0
V25	0.35521	0.24064	0.13769	0.26645
V26	0.40818	0.3861	0.01725	0.18847
V27	0.14441	0.04996	0.0397	0.76592
V28	0	0.07608	0.92392	0
V29	0.44098	0.03642	0.49098	0.03162
V30	0.10597	0.23068	0.29652	0.36683
V31	0.20964	0.2046	0.30765	0.27811
V32	0.12747	0.01537	0.0663	0.79086
V33	0.04153	0.50508	0.37111	0.08228
V34	0.12448	0.05919	0.78145	0.03487
V35	0.17261	0.70039	0.10368	0.02331
V36	0	0.04901	0.51366	0.43733
V37	0.56138	0.0618	0.10059	0.27623
V38	0.45556	0	0.17361	0.37083
V39	0.17281	0.5585	0.14861	0.12009
V40	0.10365	0.79876	0.0976	0
V41	0.00399	0.68524	0.07072	0.24005
V42	0.2525	0.01974	0.23167	0.49609
V43	0.12957	0.35341	0.49937	0.01765
V44	0	0.09985	0.74906	0.15109
V45	0.10183	0.58351	0.24001	0.07466
V46	0.80292	0.06875	0.11896	0.00937
V47	0.44829	0.19603	0.31278	0.04289
V48	0.80869	0.15681	0	0.0345
V49	0.73995	0.17056	0	0.08949
V50	0.0763	0.81309	0.11061	0
V51	0.31494	0.40258	0.26552	0.01696
V52	0.01163	0.1379	0.8135	0.03697
V53	0.73592	0.11758	0.1465	0
V54	0.42413	0.20068	0.36268	0.01251
V55	0.22962	0.13382	0.25892	0.37764
V56	0.0865	0	0.12478	0.78872
V57	0.11024	0.83434	0.04303	0.0124
V58	0.67066	0	0.02946	0.29987
V59	0.43805	0.40428	0.1156	0.04207
V60	0.1404	0.1657	0.34613	0.34776
V61	0.80931	0.09494	0	0.09575
V62	0.87395	0.02838	0.06437	0.0333
V63	0.0208	0.81005	0.15003	0.01912
V64	0.01589	0.86301	0.00474	0.11636
V65	0.04268	0	0.13422	0.8231
V66	0.22924	0.67878	0.03207	0.05991
V67	0.15177	0.34219	0.50604	0
V68	0.19543	0.14612	0.03268	0.62577
V69	0.01436	0.33154	0.614	0.04011
V70	0.54279	0.15232	0.18471	0.12018
V71	0.17595	0.07846	0.39659	0.349
V72	0.58123	0.15502	0.09812	0.16563
V73	0.15998	0.60528	0.15985	0.07489
V74	0.04336	0.24051	0.71613	0
V75	0.7148	0	0.18666	0.09854
V76	0	0.1859	0.21563	0.59846
V77	0.05813	0.3043	0.01504	0.62253
V78	0.32624	0.11617	0.20158	0.35601
V79	0	0.1254	0.79427	0.08033
V80	0.35656	0.02683	0.53501	0.08159
V81	0.04815	0.18603	0.76581	0
V82	0	0.09789	0.88745	0.01465
V83	0.16363	0.18058	0.09488	0.56091
V84	0.42128	0.03621	0.17787	0.36464
V85	0.10736	0.33158	0.41092	0.15014
V86	0.03393	0.07726	0.84096	0.04785
V87	0.04168	0.81337	0.08323	0.06172
V88	0.1868	0.05964	0.29534	0.45822
V89	0.03904	0.0082	0.24074	0.71202
V90	0.03698	0.86289	0.0856	0.01453
V91	0.03804	0.72463	0.21396	0.02337
V92	0.46515	0.0228	0.3829	0.12915
V93	0.88856	0	0	0.11144
V94	0.02304	0.46893	0.03737	0.47066
V95	0.26366	0.43345	0.1712	0.13169
V96	0.11475	0.09825	0.04765	0.73935
V97	0.68723	0.1043	0.20442	0.00405
V98	0.70011	0.27948	0	0.0204
V99	0.80124	0.04292	0.14394	0.0119
V100	0.06789	0.05336	0.84663	0.03213
V101	0.07308	0.05967	0.00797	0.85928
V102	0.91574	0.0423	0	0.04196
V103	0.03267	0.04253	0.12983	0.79497
V104	0.04442	0.91393	0.02897	0.01269
V105	0.07121	0.88639	0.03687	0.00553
V106	0.12181	0.5168	0.33476	0.02663
V107	0.1845	0.22024	0.55487	0.04039
V108	0.15612	0.73217	0.11171	0
V109	0	0.18519	0.6067	0.20812
V110	0.06674	0.84512	0.06445	0.02369
V111	0.91247	0	0.06164	0.02589
V112	0.13801	0.07236	0.45056	0.33907
V113	0.21431	0.10829	0.20165	0.47575
V114	0.28483	0.03475	0.1037	0.57673
V115	0.00629	0.74091	0.25212	0.00068
V116	0.14275	0.32801	0.37853	0.1507
V117	0.6788	0.24542	0.03194	0.04384
V118	0.17727	0.57863	0.04888	0.19522
V119	0.15449	0.07321	0.07577	0.69653
V120	0.06955	0.09788	0.81631	0.01626
V121	0.60398	0.12415	0.09696	0.17491
V122	0.93041	0.00053	0.01648	0.05258
V123	0.00609	0.53534	0.06836	0.39022
V124	0.66774	0.27325	0	0.05901
V125	0.3927	0.4124	0.18401	0.01088
V126	0.06699	0.15116	0.07838	0.70347
V127	0.18849	0.04759	0.28556	0.47836
V128	0.06813	0.00402	0.14759	0.78026
V129	0.57728	0.23112	0.16475	0.02685
V130	0.00317	0.64913	0.34715	0.00056
V131	0.0361	0.88366	0.01052	0.06972
V132	0.91633	0	0.02822	0.05544
V133	0.90118	0.00906	0.05064	0.03913
V134	0.12008	0.40571	0.15063	0.32358
V135	0.1101	0.0128	0.21521	0.66189
V136	0.26629	0.40904	0.01233	0.31234
V137	0.65097	0.03432	0.24374	0.07097
V138	0.21862	0.4091	0.19381	0.17847
V139	0.36214	0.21285	0.20573	0.21928
V140	0.06259	0.0901	0.08578	0.76153
V141	0.05944	0.18009	0.55178	0.20868
V142	0.80413	0	0.19587	0
V143	0.44434	0.26322	0.07401	0.21844
V144	0.18884	0.16435	0.19152	0.45528
V145	0	0.74992	0.24989	0.00019
V146	0.11037	0.00102	0.07835	0.81026
V147	0.90006	0.01505	0.01711	0.06778
V148	0.12987	0.09351	0.58578	0.19083
V149	0.26483	0.50699	0.22818	0
V150	0.08213	0.26556	0.58328	0.06903
V151	0.22007	0.61919	0.04903	0.11172
V152	0.23709	0.44599	0.23233	0.08459
V153	0.12086	0.7419	0.03605	0.10118
V154	0.24655	0.45755	0.27976	0.01614
V155	0.47338	0.15167	0.28338	0.09158
V156	0.02094	0.17006	0.69319	0.11581
V157	0.31203	0.169	0.31791	0.20106
V158	0.07033	0	0.0829	0.84677
V159	0.88045	0.0496	0	0.06995
V160	0.71464	0	0.05776	0.2276
V161	0.25877	0	0.04833	0.6929
V162	0.08194	0.31789	0.10633	0.49385
V163	0.10278	0.50011	0.19201	0.20509
V164	0.35169	0.31363	0.11693	0.21776
V165	0.02662	0.28882	0	0.68456
V166	0.02827	0.10275	0.10601	0.76297
V167	0.40025	0	0	0.59975
V168	0.29446	0.56069	0.09525	0.0496
V169	0.23316	0.04845	0.05952	0.65887
V170	0.11139	0.03516	0.54518	0.30827
V171	0.12832	0.26438	0.57703	0.03028
V172	0.71862	0	0.2622	0.01918
V173	0.05552	0.15161	0.07054	0.72234
V174	0.03319	0.17599	0.10781	0.68302
V175	0.05789	0.03155	0.79379	0.11677
V176	0.0092	0.7933	0.19676	0.00074
V177	0.02373	0.93669	0.01228	0.02731
V178	0.01176	0.77428	0.02509	0.18887
V179	0.17928	0.0126	0.408	0.40013
V180	0.03393	0.86375	0.10232	0
V181	0.16374	0.15502	0.53782	0.14341
V182	0.29967	0.19946	0.45033	0.05054
V183	0.1939	0.78184	0.01929	0.00497
V184	0.9778	0	0.0222	0
V185	0.57808	0.39902	0.01256	0.01034
V186	0.12251	0.48749	0.27861	0.11139
V187	0.93159	0.00154	0.03269	0.03418
V188	0.08715	0.25108	0	0.66177
V189	0.82872	0.00909	0.01036	0.15184
V190	0.65785	0.01484	0.30985	0.01746
V191	0.18495	0.23082	0.55437	0.02986
V192	0.31354	0.46646	0.06029	0.15971
V193	0.60695	0.03181	0.23839	0.12285
V194	0.04929	0.897	0.02439	0.02933
V195	0.00656	0.06712	0.89889	0.02743
V196	0.04403	0.0812	0.04061	0.83416
V197	0.45509	0.04023	0.02857	0.47612
V198	0.06581	0.51143	0.37764	0.04513
V199	0.19889	0.0197	0.20776	0.57365
V200	0.14457	0.57276	0.03052	0.25215
V201	0.1016	0.55723	0.21149	0.12968
V202	0.00248	0.04955	0.78832	0.15965
V203	0.16679	0.43745	0.39032	0.00544
V204	0.01354	0.5599	0.01982	0.40675
V205	0.00903	0.09373	0.86925	0.02798
V206	0.03915	0.13202	0.82883	0
V207	0.16405	0.202	0.07306	0.56089
V208	0.24807	0.08997	0.65258	0.00938
V209	0.31195	0.46659	0.08008	0.14138
V210	0.09538	0.74513	0.11609	0.04341
V211	0.4666	0	0.0392	0.49419
V212	0.50553	0.05137	0.41824	0.02485
V213	0.6512	0.0212	0.11536	0.21224
V214	0.34634	0.16852	0.17891	0.30623
V215	0.33209	0.0981	0.0232	0.54661
V216	0.09507	0	0.07002	0.83491
V217	0.04306	0.50616	0.25597	0.19481
V218	0.10338	0.46039	0.19206	0.24417
V219	0.12162	0.64263	0.02329	0.21245
V220	0.0132	0.82629	0.02731	0.13319
V221	0.82219	0	0	0.17781
V222	0.31962	0.15042	0.36604	0.16391
V223	0	0.17363	0.75588	0.07048
V224	0.96893	0	0.03107	0
V225	0.06869	0.84707	0.08424	0
V226	0.30619	0.10557	0.58166	0.00658
V227	0.78873	0	0.18441	0.02686
V228	0.77285	0.06099	0.06378	0.10238
V229	0.00977	0.06077	0.88988	0.03958
V230	0.05773	0.03119	0.07179	0.8393
V231	0.01996	0.30244	0.14054	0.53707
V232	0.0558	0.67476	0	0.26944
V233	0.56683	0.0914	0.20261	0.13916
V234	0.04843	0.87646	0.05722	0.01788
V235	0.37494	0.079	0.51796	0.0281
V236	0.03444	0.10342	0.78682	0.07532
V237	0.20532	0	0.05818	0.73651
V238	0.13451	0.5522	0.27689	0.0364
V239	0.08307	0.42294	0.03269	0.4613
V240	0.48859	0.0493	0.41383	0.04827
V241	0.00429	0.03596	0.88925	0.0705
V242	0.14118	0.74068	0.11536	0.00278
V243	0.23948	0.06439	0.62314	0.07299
V244	0.20636	0.01482	0.69592	0.0829
V245	0.59946	0.29037	0.05232	0.05785
V246	0.04743	0.18414	0.74899	0.01944
V247	0.15456	0.05271	0.79273	0
V248	0.0641	0.03246	0.09072	0.81272
V249	0	0.08003	0.85708	0.06289
V250	0.76799	0	0.21195	0.02006
V251	0.93164	0.03698	0.00107	0.03031
V252	0.00749	0.81697	0.17554	0
V253	0.3867	0.06943	0.17914	0.36472
V254	0.02	0.89455	0.07938	0.00607
V255	0.05846	0.89403	0.00508	0.04243
V256	0.17407	0.23787	0.51026	0.0778
V257	0.43131	0.1066	0.24122	0.22087
V258	0.17619	0.2858	0.42403	0.11399
V259	0.027	0.32088	0.62086	0.03126
V260	0	0.31027	0.68973	0
V261	0.62101	0.02786	0.20134	0.14979
V262	0.14317	0.05934	0.03833	0.75917
V263	0.03189	0.92792	0.00871	0.03149
V264	0.17322	0.04847	0.44855	0.32976
V265	0.06397	0	0.16968	0.76635
V266	0.66222	0.33649	0.0013	0
V267	0	0.20074	0.3149	0.48436
V268	0.41373	0.01175	0.16161	0.41291
V269	0	0.56386	0.39986	0.03628
V270	0.64332	0.02334	0.24484	0.0885
V271	0.80229	0.05856	0.02796	0.11118
V272	0.06567	0.81112	0.03014	0.09307
V273	0.10559	0.01655	0.08059	0.79727
V274	0.70763	0	0.17719	0.11518
V275	0	0.06915	0.90263	0.02822
V276	0.51454	0.33566	0.00515	0.14465
V277	0.04422	0.22635	0.19183	0.5376
V278	0.04722	0.06702	0.32737	0.55839
V279	0.69235	0.05276	0.11284	0.14205
V280	0.07033	0	0.0829	0.84677
V281	0.56011	0.02281	0.14933	0.26775
V282	0.0462	0.10402	0.78975	0.06003
V283	0.21997	0.5726	0.07706	0.13037
V284	0.04005	0.87288	0.08693	0.00014
V285	0.05789	0.0403	0.90181	0
V286	0.2511	0.53919	0.12477	0.08494
V287	0.10957	0.83583	0.03134	0.02326
V288	0.00275	0.30731	0.44422	0.24571
V289	0.27824	0.23947	0.41369	0.06861
V290	0.84196	0.14973	0.00831	0
V291	0.48473	0.08207	0.4207	0.01249
V292	0.9211	0	0	0.0789
V293	0.29373	0.03528	0.63276	0.03823
V294	0.10925	0.38846	0	0.50229
V295	0.02025	0.196	0.22483	0.55893
V296	0.17301	0.14845	0.59824	0.08029
V297	0.12105	0	0.10428	0.77467
V298	0.29608	0.1259	0.57379	0.00423
V299	0.09251	0.29194	0.0236	0.59195
V300	0	0.0348	0.27285	0.69235
V301	0.11627	0.1419	0.63498	0.10685
V302	0.6597	0.32062	0	0.01968
V303	0	0.59753	0.38536	0.0171
V304	0.04713	0.05478	0.74617	0.15192
V305	0.12013	0.18491	0.46648	0.22848
V306	0.8016	0.08818	0.04709	0.06313
V307	0.03137	0.90443	0.04034	0.02386
V308	0.23027	0.24658	0.30429	0.21887
V309	0.34862	0.32105	0.02679	0.30354
V310	0.0864	0.33401	0.17513	0.40446
V311	0.52486	0.45909	0.00562	0.01043
V312	0.10676	0.71703	0.16386	0.01234
V313	0.00349	0.11843	0.05125	0.82682
V314	0.01371	0.49855	0.13559	0.35215
V315	0.1315	0.62202	0.05248	0.19401
V316	0.30718	0.15219	0.38657	0.15406
V317	0.09667	0.69114	0.06616	0.14603
V318	0.04486	0.57092	0.02598	0.35824
V319	0.04568	0.09733	0.81872	0.03826
V320	0.07001	0.17511	0.6397	0.11517
V321	0.65188	0.34658	0.00154	0
V322	0.2088	0.33244	0.08536	0.3734
V323	0.09404	0.01367	0.1271	0.76519
V324	0.657	0.2489	0.07016	0.02395
V325	0.31203	0.61986	0.0681	0
V326	0	0.57789	0.11594	0.30617
V327	0.03229	0.15661	0.13698	0.67412
V328	0.03587	0.05537	0.7477	0.16106
V329	0.19198	0.11959	0.19312	0.4953
V330	0.39777	0.00801	0.34356	0.25067
V331	0.3736	0.0847	0.05332	0.48838
V332	0.01932	0.05322	0.22073	0.70673
V333	0.41846	0.08632	0.38595	0.10926
V334	0.36311	0.00997	0.3664	0.26052
V335	0.01418	0.35945	0.51389	0.11248
V336	0.18586	0.68709	0.03283	0.09423
V337	0.28062	0.406	0.29719	0.01618
V338	0	0.93977	0.03597	0.02426
V339	0.11329	0.02969	0.84628	0.01075
V340	0.04682	0.25476	0.52851	0.1699
V341	0.05935	0.03098	0.10544	0.80423
V342	0.24353	0.01352	0.61555	0.1274
V343	0.93793	0.01643	0.00433	0.04132
V344	0.67421	0.14902	0.17677	0
V345	0.01281	0.07233	0.91486	0
V346	0.23814	0.12588	0.29797	0.33801
V347	0.077	0.00205	0.16483	0.75613
V348	0.05754	0.64665	0.16682	0.12899
V349	0.3378	0.18264	0.38118	0.09838
V350	0.02708	0.78022	0.19269	0
V351	0.01728	0.04284	0.43089	0.50899
V352	0.03446	0.05156	0.83738	0.07659
V353	0.87006	0.01236	0.0315	0.08607
V354	0.04789	0.67807	0.24334	0.03069
V355	0.27163	0.09299	0.46179	0.17359
V356	0.06842	0.01639	0.1372	0.77799
V357	0.11189	0.34874	0.29312	0.24625
V358	0.55281	0.10094	0.05202	0.29423
V359	0.58974	0.04829	0.03089	0.33108
V360	0.54925	0.41318	0.02168	0.01588
V361	0	0.46072	0.53928	0
V362	0	0.93359	0.04586	0.02055
V363	0.16712	0.13971	0.47325	0.21991
V364	0.14954	0.0907	0.66985	0.08991
V365	0.30456	0.01396	0.02216	0.65932
V366	0.08364	0.67207	0.10709	0.1372
V367	0.58387	0.13352	0	0.28262
V368	0.0956	0.71354	0.10628	0.08458
V369	0.00785	0.41646	0.57569	0
V370	0.28971	0.29042	0.40249	0.01739
V371	0.19545	0.70054	0.04372	0.06028
V372	0.19152	0.05176	0.14797	0.60875
V373	0.07515	0.16466	0.48313	0.27706
V374	0.78437	0.01054	0.20509	0
V375	0.06837	0.03857	0.17824	0.71482
V376	0.0663	0.02901	0.13485	0.76984
V377	0.79936	0	0	0.20064
V378	0.00297	0.04406	0.44294	0.51004
V379	0.35887	0.20157	0.00887	0.43069
V380	0.16962	0.07837	0.22593	0.52609
V381	0.73746	0.00015	0.09439	0.168
V382	0.07027	0.06943	0.85227	0.00803
V383	0.83172	0	0.04132	0.12696
V384	0.55604	0.07541	0.13841	0.23015
V385	0.84538	0.0043	0.07385	0.07647
V386	0.32552	0.00196	0.1703	0.50221
V387	0.57081	0.15283	0.1917	0.08467
V388	0.36781	0.33443	0.15464	0.14311
V389	0.41802	0.50776	0.0137	0.06052
V390	0.28387	0.27038	0.44575	0
V391	0.44207	0.10321	0.01604	0.43869
V392	0.41632	0.22899	0.17272	0.18197
V393	0.2716	0.24607	0.34885	0.13349
V394	0.10817	0.24027	0.13734	0.51422
V395	0.21822	0.39886	0.21417	0.16874
V396	0.01988	0.91781	0.03021	0.0321
V397	0.7645	0.0827	0.10154	0.05126
V398	0.45176	0.13834	0.10491	0.30499
V399	0.19349	0.54605	0.16724	0.09322
V400	0	0.5971	0.08671	0.31619
V401	0.02064	0.19147	0.71456	0.07334
V402	0.8046	0.16277	0.03264	0
V403	0.0595	0.01878	0.11601	0.80571
V404	0.08118	0.22563	0.60557	0.08762
V405	0.24405	0.02836	0.19366	0.53392
V406	0.63706	0.24845	0.01064	0.10386
V407	0	0.93977	0.03597	0.02426
V408	0.08554	0.26894	0.40825	0.23727
V409	0.01398	0.02202	0.08713	0.87687
V410	0.09809	0.82672	0.05272	0.02248
V411	0.47157	0	0	0.52843
V412	0.15611	0.09774	0.50662	0.23952
V413	0.05695	0.49532	0.20458	0.24316
V414	0.02975	0.51633	0.3435	0.11041
V415	0.44829	0.03098	0.24258	0.27815
V416	0.00057	0.11545	0.88397	0
V417	0.38639	0.59503	0.01131	0.00726
V418	0.09367	0.11181	0.17231	0.62221
V419	0.06371	0	0.09054	0.84575
V420	0	0.87801	0.03785	0.08414
V421	0.15006	0.06793	0.67393	0.10808
V422	0.09398	0.06893	0.03256	0.80453
V423	0.06789	0.05336	0.84663	0.03213
V424	0	0.07885	0.634	0.28715
V425	0.04642	0.26792	0.58943	0.09624
V426	0.08048	0.08004	0.77234	0.06714
V427	0.06963	0.41192	0.21498	0.30347
V428	0.09681	0.74916	0.07762	0.07641
V429	0.05852	0	0.09753	0.84395
V430	0.74307	0.16433	0.00882	0.08378
V431	0.18369	0.03888	0.46735	0.31008
V432	0.14161	0.09489	0.07526	0.68824
V433	0.06592	0.73808	0.00439	0.19161
V434	0.36224	0.07471	0.06475	0.4983
V435	0.52342	0	0.1328	0.34378
V436	0.4052	0	0.13444	0.46036
V437	0.2569	0.23903	0.00323	0.50084
V438	0.60875	0.16099	0.02864	0.20162
V439	0.07166	0.10577	0.03005	0.79252
V440	0.50855	0.02863	0.03586	0.42696
V441	0.05902	0.16146	0.59954	0.17998
V442	0.31424	0.34923	0.14769	0.18883
V443	0.74596	0	0.08719	0.16685
V444	0.01281	0.07233	0.91486	0
V445	0.60415	0.02323	0.33775	0.03487
V446	0.04162	0.80596	0.08279	0.06963
V447	0.61474	0.09936	0.18111	0.10479
V448	0.03033	0.07415	0.22819	0.66733
V449	0.55069	0.04783	0.2986	0.10289
V450	0.14973	0.81979	0.03048	0
V451	0.91244	0.03554	0	0.05202
V452	0.07577	0.00228	0.11895	0.803
V453	0.79358	0.07077	0.06433	0.07131
V454	0	0.89999	0.07965	0.02036
V455	0.58884	0.03907	0.30377	0.06832
V456	0.31877	0.14083	0.38596	0.15444
V457	0.01056	0.04406	0.06399	0.88139
V458	0.29032	0.23734	0.00184	0.4705
V459	0.01544	0.77777	0.12167	0.08512
V460	0.92185	0	0.03058	0.04757
V461	0.11188	0.0403	0.03582	0.81199
V462	0.36482	0.24631	0	0.38888
V463	0.25046	0.47368	0.17282	0.10304
V464	0.52702	0.09506	0	0.37792
V465	0.40351	0.42582	0.02814	0.14253
V466	0.58845	0.18458	0	0.22697
V467	0.31554	0.55749	0.09489	0.03208
V468	0.49359	0.39626	0.05647	0.05368
V469	0.01344	0.20117	0.31677	0.46862
V470	0.53498	0.13164	0.18574	0.14764
V471	0.29565	0.10937	0.04711	0.54788
V472	0.33697	0.33311	0	0.32992
V473	0.10133	0.54593	0.3453	0.00744
V474	0.15538	0	0.12891	0.71571
V475	0.19203	0.40863	0.09581	0.30353
V476	0.20187	0.00336	0.09066	0.70412
V477	0.5906	0.03918	0.2119	0.15832
V478	0.14521	0.59158	0.0113	0.25191
V479	0	0.12544	0.7913	0.08325
V480	0.09684	0.32563	0.0646	0.51292
V481	0.13539	0.05038	0.79672	0.0175
V482	0.67856	0.16333	0.11431	0.04379
V483	0.15766	0.11606	0.0993	0.62698
V484	0.05868	0.07327	0.06361	0.80444
V485	0.1326	0.72359	0.02488	0.11894
V486	0.27492	0.27698	0.14294	0.30516
V487	0.1107	0.04474	0.12011	0.72445
V488	0	0.03454	0.87263	0.09283
V489	0.20566	0.13373	0.65664	0.00397
V490	0.34403	0.32294	0.07766	0.25538
V491	0.44009	0.4595	0.03961	0.0608
V492	0.03315	0.80835	0.1585	0
V493	0.09916	0	0	0.90084
V494	0.18585	0.18521	0.51346	0.11548
V495	0.22639	0.60659	0.15757	0.00945
V496	0.28453	0.67279	0	0.04268
V497	0.00755	0.03367	0.92789	0.0309
V498	0.33799	0.1075	0.06501	0.4895
V499	0.60554	0.26568	0.12733	0.00146
V500	0.09267	0.15862	0.7107	0.03801
V501	0.01213	0	0.10857	0.8793
V502	0.53505	0.28227	0.15792	0.02476
V503	0.21238	0.10993	0.22147	0.45623
V504	0.24036	0.67723	0.02229	0.06012
V505	0.19973	0.23539	0.26822	0.29666
V506	0.08311	0.28201	0.45553	0.17934
V507	0.60257	0.10523	0.12608	0.16612
V508	0.73847	0.16544	0.03838	0.05772
V509	0.22402	0.08591	0.50748	0.18259
V510	0.21976	0.51173	0.26851	0
V511	0.05665	0.43679	0.06514	0.44143
V512	0.27266	0.0465	0.10386	0.57698
V513	0.08001	0.63115	0.23242	0.05642
V514	0.05037	0.08468	0.01301	0.85194
V515	0.76045	0.05937	0.04586	0.13432
V516	0.90616	0.0713	0	0.02253
V517	0.05531	0.03206	0.28655	0.62609
V518	0.93968	0.02602	0	0.0343
V519	0.03436	0.84908	0.02419	0.09237
V520	0.01809	0.01323	0.65126	0.31742
V521	0.55087	0.05604	0.36017	0.03293
V522	0	0.1607	0.5865	0.25279
V523	0.35134	0.14269	0.26627	0.2397
V524	0.00388	0.75513	0.21641	0.02458
V525	0.27776	0.21752	0.03355	0.47117
V526	0.63949	0.08096	0.07728	0.20227
V527	0.2112	0.0344	0.41464	0.33976
V528	0.11011	0.83604	0.00696	0.04689
V529	0.07694	0.0731	0.25342	0.59654
V530	0	0.24048	0.66625	0.09327
V531	0.02182	0.84015	0.13803	0
V532	0.18961	0.34248	0.0358	0.43212
V533	0.2809	0.36173	0.15003	0.20735
V534	0	0.04537	0.72136	0.23327
V535	0.57805	0	0	0.42195
V536	0.20377	0	0.39587	0.40036
V537	0.57599	0.26016	0.15576	0.0081
V538	0.46968	0.05119	0.09784	0.38129
V539	0.26366	0.43345	0.1712	0.13169
V540	0.20589	0.66965	0.09266	0.03181
V541	0.01624	0.52599	0.08684	0.37093
V542	0.20515	0.14716	0.27012	0.37758
V543	0.87955	0	0	0.12045
V544	0.12512	0.1013	0.19895	0.57464
V545	0.37793	0.1491	0.08092	0.39205
V546	0.0578	0.84832	0.09388	0
V547	0.03676	0.63105	0.3283	0.00389
V548	0.16071	0.73502	0.10427	0
V549	0.31413	0.0569	0.61582	0.01315
V550	0.61102	0.00781	0	0.38117
V551	0.18431	0.71086	0.05399	0.05085
V552	0	0.55188	0.0208	0.42732
V553	0.2185	0.1803	0.59022	0.01097
V554	0.09505	0.08955	0.05351	0.76189
V555	0.08985	0.25565	0.34788	0.30662
V556	0	0.07402	0.88465	0.04133
V557	0.82183	0.01848	0	0.15968
V558	0.07529	0.76656	0.04853	0.10963
V559	0.00556	0.78271	0.21173	0
V560	0.68738	0.29836	0	0.01426
V561	0	0.06915	0.90263	0.02822
V562	0.77392	0	0.11591	0.11018
V563	0.23342	0.02635	0.72959	0.01063
V564	0.04807	0.11905	0.81816	0.01472
V565	0.12079	0.2881	0.38318	0.20793
V566	0.70134	0.0895	0	0.20916
V567	0.2285	0.45462	0.03398	0.2829
V568	0.27813	0	0.0732	0.64868
V569	0.69674	0.00655	0	0.2967
V570	0.01339	0.32144	0.60646	0.05871
V571	0.81016	0.11174	0	0.0781
V572	0.4391	0.019	0.44102	0.10089
V573	0.09458	0.18302	0.01903	0.70337
V574	0.04103	0.758	0.19555	0.00542
V575	0.03572	0.09326	0.15966	0.71136
V576	0.16275	0.77009	0.05802	0.00914
V577	0.05752	0.05159	0.24618	0.6447
V578	0.04703	0.10332	0.67934	0.17031
V579	0.00992	0.84498	0.12244	0.02265
V580	0.18575	0	0.14131	0.67294
V581	0.11466	0.09026	0.00715	0.78793
V582	0.58085	0.15171	0.02943	0.23801
V583	0	0.07681	0.61049	0.3127
V584	0.50192	0.1722	0.29105	0.03483
V585	0.00584	0.02557	0.4813	0.48728
V586	0.22874	0.03413	0.64581	0.09132
V587	0.25872	0.03842	0.67275	0.03011
V588	0.64108	0.03785	0.019	0.30207
V589	0.0632	0.78539	0.09048	0.06093
V590	0.04958	0.73829	0.21213	0
V591	0	0.04396	0.24392	0.71212
V592	0.14372	0.07163	0.78465	0
V593	0.58758	0	0.18402	0.2284
V594	0.32548	0.30563	0.33217	0.03672
V595	0.0768	0.02868	0.06732	0.82721
V596	0.03588	0.30841	0.25	0.40572
V597	0	0.58245	0.34987	0.06768
V598	0.00573	0.15971	0.81895	0.01561
V599	0.61618	0.3158	0.03538	0.03263
V600	0.35533	0.4707	0.05945	0.11451
V601	0.17675	0.29074	0.09959	0.43292
V602	0.08171	0.03571	0.04889	0.83369
V603	0.0161	0.39239	0.02999	0.56152
V604	0.5	0.13545	0.33729	0.02727
V605	0.06066	0.35551	0.40578	0.17805
V606	0.7211	0.15468	0	0.12422
V607	0.65362	0	0.11599	0.23038
V608	0.21594	0.18746	0.38664	0.20995
V609	0.02568	0.26477	0.26261	0.44694
V610	0.76032	0.01199	0.09283	0.13486
V611	0.32258	0	0.06749	0.60993
V612	0.00892	0.13545	0.78822	0.06741
V613	0.02859	0.35975	0.58192	0.02974
V614	0.75247	0.05956	0.04576	0.14222
V615	0.17506	0.05992	0.01873	0.74629
V616	0.08575	0.69233	0.06679	0.15513
V617	0.4595	0.17653	0.36397	0
V618	0.73212	0	0	0.26788
V619	0.38665	0.03749	0.32518	0.25067
V620	0.00317	0.64913	0.34715	0.00056
V621	0.42115	0.16641	0.18301	0.22942
V622	0.34614	0.24597	0.38866	0.01922
V623	0.03407	0.08312	0.17948	0.70332
V624	0.78894	0.17974	0	0.03132
V625	0.2647	0.49108	0.11294	0.13128
V626	0.93334	0.01686	0	0.0498
V627	0.00399	0.02342	0.12498	0.84761
V628	0.00143	0.24154	0.03876	0.71826
V629	0.12578	0.31552	0.2924	0.2663
V630	0.02759	0.36005	0.57374	0.03862
V631	0.02729	0.21129	0.13553	0.6259
V632	0.5925	0	0.13373	0.27377
V633	0	0.07535	0.81681	0.10785
V634	0.38593	0.28019	0.33388	0
V635	0.03281	0.75632	0.0207	0.19017
V636	0.11667	0.1412	0.6265	0.11563
V637	0.31661	0.20777	0.10229	0.37332
V638	0.38074	0.26732	0.07699	0.27495
V639	0.2587	0.4303	0.311	0
V640	0.02184	0.19298	0.73684	0.04834
V641	0.86795	0.03136	0.02236	0.07833
V642	0.75705	0.16043	0	0.08252
V643	0	0.2202	0.46678	0.31302
V644	0.89685	0.06709	0	0.03606
V645	0.25742	0.41815	0.31742	0.00702
V646	0.02566	0.92228	0.03286	0.01919
V647	0.13723	0.12448	0.68322	0.05508
V648	0.40423	0.42841	0.14597	0.02138
V649	0.01009	0.10739	0.82108	0.06143
V650	0.04602	0.13211	0.75568	0.06618
V651	0.29995	0.02332	0.66588	0.01085
V652	0.09083	0.11746	0.45375	0.33796
V653	0.12849	0.64682	0.12318	0.10151
V654	0.68093	0.199	0.05795	0.06212
V655	0.04362	0.58105	0.03705	0.33828
V656	0.23019	0.2849	0.01319	0.47172
V657	0.06355	0.07982	0.03678	0.81985
V658	0.58877	0.21392	0.05925	0.13805
V659	0.32307	0.10724	0.3681	0.20159
V660	0.04129	0.9195	0.00859	0.03062
V661	0.06767	0.43636	0.07467	0.4213
V662	0.40505	0.03041	0.46416	0.10039
V663	0.23137	0.10172	0.55886	0.10804
V664	0.19341	0.10065	0.66043	0.04551
V665	0.67618	0.18872	0.03748	0.09762
V666	0.59596	0	0.0949	0.30914
V667	0.76537	0.07163	0.163	0
V668	0.12452	0.77066	0.10482	0
V669	0.22586	0.4184	0.26167	0.09408
V670	0.08959	0.87781	0.00646	0.02613
V671	0.35014	0.29986	0.26219	0.08781
V672	0.00689	0.07181	0.87686	0.04445
V673	0.22832	0.3788	0.2424	0.15047
V674	0.7131	0.14695	0.0071	0.13284
V675	0.13374	0.3483	0.33018	0.18778
V676	0.04723	0.12357	0.13809	0.69111
V677	0.37733	0.40069	0.10685	0.11513
V678	0.51515	0.46141	0.01481	0.00863
V679	0.04016	0.34076	0.6162	0.00288
V680	0.30461	0.53382	0.15195	0.00962
V681	0.88084	0.05886	0.00467	0.05563
V682	0.10658	0.32527	0.5394	0.02875
V683	0.02634	0.92976	0.0439	0
V684	0.68006	0.1613	0.0958	0.06284
V685	0.4821	0.34308	0.13137	0.04344
V686	0.10677	0.19948	0.17776	0.51599
V687	0.08106	0.01237	0.07468	0.83189
V688	0.37783	0.49974	0	0.12243
V689	0.28986	0	0.05473	0.6554
V690	0.45826	0.05914	0.41799	0.06461
V691	0.14579	0.0336	0.81065	0.00996
V692	0.06964	0.17801	0.6888	0.06355
V693	0.23108	0.13133	0.37807	0.25952
V694	0.01213	0.03635	0.33153	0.61999
V695	0.26917	0	0.17978	0.55105
V696	0.11839	0.09053	0.03701	0.75407
V697	0.04933	0.06494	0.0446	0.84113
V698	0.82745	0	0	0.17255
V699	0.55096	0.28559	0.07117	0.09229
V700	0.27368	0.01809	0.0128	0.69543
V701	0.11732	0.52752	0.13132	0.22384
V702	0.56053	0.07825	0.00105	0.36017
V703	0.13445	0.07613	0.50051	0.28892
V704	0.81495	0.03872	0.01898	0.12735
V705	0.93155	0	0.00458	0.06386
V706	0.06953	0.08877	0.75883	0.08287
V707	0.03109	0.44671	0.49413	0.02807
V708	0.04438	0.84182	0.04408	0.06972
V709	0.12812	0.29168	0.5125	0.06769
V710	0.59015	0.21357	0.04897	0.14731
V711	0.09611	0.76074	0.1168	0.02635
V712	0.81584	0.04189	0	0.14227
V713	0.43458	0.30392	0.0344	0.2271
V714	0.00743	0.67218	0.04297	0.27742
V715	0.2922	0.34603	0.30512	0.05665
V716	0.07645	0.04092	0.08593	0.7967
V717	0.09027	0.88462	0.00799	0.01712
V718	0.14785	0.55161	0.19872	0.10183
V719	0.06302	0.69615	0.05805	0.18278
V720	0.69186	0	0.22704	0.0811
V721	0.11925	0.19594	0.47573	0.20908
V722	0.11065	0.35715	0.01985	0.51235
V723	0.15113	0.09051	0.01915	0.7392
V724	0.58634	0.01845	0.09105	0.30416
V725	0	0.13876	0.82729	0.03395
V726	0.03994	0.40023	0.14626	0.41356
V727	0.2677	0.6251	0.1072	0
V728	0.03593	0.84231	0.12177	0
V729	0.42399	0.00255	0.1793	0.39416
V730	0.87869	0.02414	0.04078	0.05638
V731	0.01717	0.22889	0.41703	0.33691
V732	0.34679	0.09489	0.35624	0.20208
V733	0.63298	0.18961	0.02939	0.14802
V734	0.22761	0.32324	0.44915	0
V735	0.0114	0.04872	0.51252	0.42737
V736	0.19226	0	0.02623	0.78151
V737	0.31992	0.30076	0.24598	0.13333
V738	0.07144	0.35483	0.45129	0.12243
V739	0	0.03862	0.62401	0.33737
V740	0.82807	0.08228	0.06632	0.02334
V741	0.48324	0.10749	0.13281	0.27646
V742	0.40592	0.57474	0.01934	0
V743	0.12801	0.17765	0.68047	0.01387
V744	0.50796	0.05015	0.33029	0.1116
V745	0.01208	0.67854	0.20836	0.10102
V746	0.95147	0	0	0.04853
V747	0.04823	0.01691	0.7344	0.20046
V748	0.11738	0.13782	0.58299	0.16181
V749	0.29959	0.18511	0.06378	0.45151
V750	0.41198	0.45365	0.01951	0.11486
V751	0.05429	0.82729	0.06371	0.05471
V752	0.44989	0.23525	0.14203	0.17284
V753	0.0839	0.04951	0.00665	0.85994
V754	0.01807	0.90915	0.01018	0.0626
V755	0.14831	0.22062	0.35327	0.27779
V756	0.06966	0.00582	0.10049	0.82403
V757	0.33742	0.56353	0.07475	0.0243
V758	0.04827	0.73609	0.14745	0.0682
V759	0.12857	0.08138	0.42116	0.36889
V760	0.29922	0.06801	0.29437	0.33839
V761	0.06616	0.56858	0.29161	0.07365
V762	0	0.40523	0.03116	0.56361
V763	0.38894	0.35878	0.02607	0.22621
V764	0.01588	0.89336	0.02828	0.06248
V765	0.6738	0.07331	0	0.25289
V766	0.00283	0.34979	0.45085	0.19653
V767	0.46836	0.13785	0.24723	0.14656
V768	0.06788	0.86243	0.04431	0.02538
V769	0.15239	0.78796	0.04934	0.01032
V770	0.02566	0.92228	0.03286	0.01919
V771	0.15748	0.04866	0.77719	0.01667
V772	0.12698	0.08505	0.78764	0.00034
V773	0.17345	0.79493	0.01891	0.01271
V774	0.00807	0.03489	0.91051	0.04653
V775	0.12924	0.0514	0.3104	0.50896
V776	0.42228	0.41412	0.05729	0.10631
V777	0.19402	0.12852	0.16362	0.51385
V778	0.523	0.27803	0.07151	0.12745
V779	0.16878	0.06438	0.50712	0.25972
V780	0.11237	0.73688	0.15075	0
V781	0.09518	0.03296	0.06869	0.80317
V782	0	0.1647	0.77219	0.0631
V783	0.78406	0.00965	0.04619	0.1601
V784	0.1212	0.84198	0.03379	0.00303
V785	0.04835	0.88719	0.03589	0.02857
V786	0.69914	0.16042	0.0855	0.05494
V787	0	0.81202	0.18759	0.00039
V788	0.4928	0.30383	0.15991	0.04346
V789	0.08428	0.38081	0.04267	0.49225
V790	0.47276	0.01846	0.08944	0.41934
V791	0.13156	0.38887	0.33893	0.14064
V792	0.14657	0.54244	0.01014	0.30085
V793	0.13144	0.64058	0.0531	0.17488
V794	0.03395	0.1229	0.76818	0.07497
V795	0.14612	0.04284	0.08992	0.72113
V796	0.0142	0.12922	0.82685	0.02972
V797	0.75237	0	0.22232	0.02531
V798	0.60653	0.29098	0.0818	0.02068
V799	0.14182	0.74413	0.04561	0.06844
V800	0.06693	0.04703	0.53856	0.34748
V801	0.1417	0.14355	0.34669	0.36807
V802	0.04511	0.09946	0.30603	0.54941
V803	0.21536	0.50923	0.27541	0
V804	0.51409	0.02521	0.38598	0.07473
V805	0.01668	0.03702	0.94629	0
V806	0.05709	0.86739	0.03422	0.0413
V807	0.28079	0.16359	0.045	0.51062
V808	0.64855	0.26688	0.04234	0.04223
V809	0.02911	0.0863	0.88458	0
V810	0.02748	0.9414	0.00974	0.02137
V811	0.42534	0.08248	0.21401	0.27817
V812	0.53657	0.26666	0.0511	0.14567
V813	0.57731	0.2034	0.1922	0.0271
V814	0.43322	0.51341	0.05338	0
V815	0	0.88792	0.10715	0.00493
V816	0.94171	0	0.05829	0
V817	0.01706	0.12103	0.84209	0.01982
V818	0.00922	0.05814	0.08456	0.84808
V819	0.81022	0.07905	0.04671	0.06401
V820	0.16677	0.10601	0.03876	0.68847
V821	0.21068	0.33409	0.38914	0.06608
V822	0.05699	0.06632	0.84456	0.03213
V823	0.00992	0.23109	0.66995	0.08904
V824	0.07802	0.39022	0.53176	0
V825	0.21868	0.30834	0.26442	0.20855
V826	0.42456	0.40797	0.16366	0.0038
V827	0.38117	0.57447	0.01749	0.02687
V828	0.23839	0.17936	0.12915	0.4531
V829	0.05711	0.26051	0.0599	0.62249
V830	0.24301	0.24115	0.03473	0.48111
V831	0.75942	0.08779	0.02674	0.12605
V832	0.26448	0.40408	0.18113	0.15031
V833	0.14864	0.50415	0.19858	0.14863
V834	0.31497	0.07736	0.09798	0.50969
V835	0.35187	0.44257	0.12863	0.07693
V836	0.01206	0.67919	0.02311	0.28563
V837	0.21921	0.38871	0.20426	0.18782
V838	0.91329	0.03602	0.02837	0.02232
V839	0.30004	0.58582	0.11414	0
V840	0.29762	0.6865	0.01588	0
V841	0	0.09036	0.85328	0.05637
V842	0.34813	0.18517	0.26571	0.201
V843	0.00261	0.06822	0.85289	0.07628
V844	0.11729	0.11372	0.40062	0.36838
V845	0.0574	0.15008	0.72713	0.06539
V846	0	0.0504	0.7609	0.1887
V847	0.00908	0	0.09673	0.89419
V848	0.09133	0.51098	0.19273	0.20496
V849	0	0.92542	0.03067	0.04391
V850	0.93639	0	0.0108	0.05281
V851	0.32812	0.51474	0.15714	0
V852	0.13448	0.05544	0.16174	0.64833
V853	0.23422	0.25095	0.40005	0.11478
V854	0.57776	0.17623	0.10753	0.13848
V855	0.00908	0	0.09673	0.89419
V856	0.04007	0.37652	0.36791	0.2155
V857	0.6613	0.1788	0.02836	0.13155
V858	0.54209	0.0227	0.42035	0.01485
V859	0.6474	0.23816	0.01004	0.1044
V860	0.21498	0.12298	0.07454	0.5875
V861	0.08526	0.37576	0.53898	0
V862	0.12588	0.12608	0.70093	0.04711
V863	0.23871	0.06413	0	0.69716
V864	0.10857	0.03598	0.08923	0.76621
V865	0.13392	0.00448	0.30307	0.55853
V866	0.71129	0.01899	0.24558	0.02415
V867	0.71104	0.02978	0.24531	0.01386
V868	0.4956	0.28235	0.14019	0.08186
V869	0.03552	0.918	0.03064	0.01584
V870	0.12162	0.35598	0.0306	0.4918
V871	0	0.92542	0.03067	0.04391
V872	0.01854	0.02349	0.29056	0.66741
V873	0.86505	0.02369	0.04826	0.063
V874	0.20041	0.75379	0.04579	0
V875	0.01823	0.21922	0.23379	0.52877
V876	0.15262	0.3483	0.41372	0.08537
V877	0.04168	0.41651	0.31738	0.22443
V878	0.13643	0.77704	0.08653	0
V879	0.19612	0.66525	0.06193	0.0767
V880	0.31276	0.54042	0.0062	0.14061
V881	0.14093	0.07325	0.60412	0.1817
V882	0.78856	0	0.11793	0.0935
V883	0.26667	0.22231	0.51102	0
V884	0.03686	0.29839	0	0.66475
V885	0.70493	0.20928	0.0858	0
V886	0.00296	0.39039	0.47598	0.13067
V887	0.62114	0.06742	0.16222	0.14922
V888	0.0928	0.08586	0.73082	0.09053
V889	0.89299	0.04163	0.01613	0.04925
V890	0.02176	0.18595	0.62167	0.17062
V891	0.60755	0.05921	0.28222	0.05103
V892	0.30371	0.19401	0.01149	0.4908
V893	0.55791	0.22054	0.15575	0.0658
V894	0.06106	0.33816	0.57109	0.02969
V895	0.57846	0.07069	0.20205	0.1488
V896	0.04929	0.897	0.02439	0.02933
V897	0.6808	0.24933	0	0.06987
V898	0.49338	0	0	0.50662
V899	0.03541	0.21447	0.1729	0.57722
V900	0.07417	0.32246	0.37716	0.22621
V901	0.04392	0.81623	0.02212	0.11773
V902	0.05976	0.8638	0.07644	0
V903	0	0.43913	0.52494	0.03593
V904	0.03685	0.93674	0.00833	0.01808
V905	0.17807	0	0.20137	0.62056
V906	0.41088	0.09735	0.11907	0.3727
V907	0.42789	0.4972	0.02297	0.05194
V908	0.03442	0.05246	0.11267	0.80045
V909	0.14328	0.78615	0.00196	0.06861
V910	0.19527	0	0.14167	0.66306
V911	0.50637	0.38567	0.03616	0.0718
V912	0.38018	0.33241	0.13518	0.15222
V913	0.16493	0	0.02181	0.81326
V914	0.1792	0.49263	0.30242	0.02576
V915	0.26402	0	0.0084	0.72758
V916	0.23858	0.08718	0.62862	0.04562
V917	0.69702	0.02625	0.16836	0.10837
V918	0.04422	0.61804	0.25456	0.08318
V919	0.19536	0.25901	0.30739	0.23823
V920	0.59405	0.20496	0.098	0.10298
V921	0.05456	0.1725	0.05831	0.71463
V922	0.09786	0.4709	0.39549	0.03575
V923	0.12384	0.01208	0.08543	0.77865
V924	0.03688	0.6517	0.29089	0.02053
V925	0.21699	0.03198	0.02993	0.7211
V926	0.2365	0.01553	0.05378	0.69419
V927	0.05804	0.04126	0.0966	0.8041
V928	0.05722	0.85783	0.02238	0.06257
V929	0.05798	0.62921	0.15654	0.15626
V930	0.49882	0.36776	0.03486	0.09856
V931	0.1285	0.30185	0.50258	0.06707
V932	0.02255	0.15268	0.61583	0.20894
V933	0.5902	0.38064	0.0111	0.01806
V934	0.00253	0.17892	0.30827	0.51027
V935	0.53739	0.17537	0.21252	0.07472
V936	0.52039	0.27624	0.01253	0.19084
V937	0.53552	0.13533	0.09055	0.23861
V938	0.37499	0.05813	0.31631	0.25057
V939	0.7471	0.01034	0.07448	0.16808
V940	0.02729	0.7613	0.17709	0.03432
V941	0	0.04138	0.92736	0.03126
V942	0.71752	0.18864	0.06779	0.02605
V943	0.37976	0.15298	0.41493	0.05233
V944	0.02497	0.28723	0.09221	0.59559
V945	0.55148	0.35143	0.00573	0.09136
V946	0.43777	0.27446	0.25721	0.03056
V947	0.09995	0.06152	0.26185	0.57669
V948	0.32641	0.05478	0.597	0.0218
V949	0	0.13152	0.23849	0.62999
V950	0.05455	0.53457	0.23467	0.17622
V951	0.8151	0.01423	0.15119	0.01949
V952	0.0767	0.1531	0.2919	0.4783
V953	0.00353	0.10099	0.85327	0.04222
V954	0.0478	0.20241	0.17286	0.57693
V955	0.13274	0.59356	0.04118	0.23252
V956	0.03275	0.04914	0.54126	0.37686
V957	0.37139	0	0	0.62861
V958	0.09916	0	0	0.90084
V959	0.22083	0.28348	0.42797	0.06773
V960	0.24465	0.28722	0.09427	0.37386
V961	0.1308	0.39889	0.35744	0.11287
V962	0.34749	0.19369	0.38911	0.06971
V963	0.5709	0.18034	0.1643	0.08446
V964	0.81704	0.02665	0.09928	0.05703
V965	0.05631	0.5053	0.21465	0.22374
V966	0.93238	0.01437	0.00101	0.05224
V967	0.05361	0.07076	0.54872	0.3269
V968	0	0.19337	0.74864	0.05798
V969	0.01499	0.30784	0.06199	0.61518
V970	0.02999	0.15263	0.44914	0.36824
V971	0.48294	0.10333	0.33104	0.08268
V972	0.50282	0.20722	0.05227	0.23769
V973	0.27083	0.42173	0.0915	0.21594
V974	0.00303	0.7607	0.15988	0.07638
V975	0.09203	0.31532	0.59265	0
V976	0.42942	0.25592	0.12387	0.19079
V977	0.308	0.36257	0.32942	0
V978	0.09561	0.09747	0.09847	0.70844
V979	0.78745	0.01582	0.17833	0.01839
V980	0.95147	0	0	0.04853
V981	0.3323	0.04748	0.43692	0.18329
V982	0.4314	0.39465	0.08624	0.08771
V983	0.70531	0.04953	0	0.24516
V984	0.01827	0.80406	0.1404	0.03727
V985	0.10311	0.20373	0.0167	0.67646
V986	0.3212	0.51227	0.06217	0.10437
V987	0.2494	0.72848	0.00316	0.01895
V988	0.25124	0.00543	0.03048	0.71284
V989	0.43538	0.46006	0.08829	0.01627
V990	0	0.09201	0.78301	0.12498
V991	0.64005	0.34154	0	0.01841
V992	0.20265	0.02292	0.53388	0.24054
V993	0.07057	0.69415	0.19436	0.04093
V994	0.19447	0.74928	0.04693	0.00932
V995	0.72381	0.1077	0.02667	0.14183
V996	0.29755	0.13085	0.01391	0.55769
V997	0.00227	0.05354	0.8288	0.11539
V998	0.85365	0.00399	0.06492	0.07743
V999	0.1319	0.85634	0.00561	0.00615
V1000	0.35005	0.0104	0	0.63955
