cytotoxic.CD56.dim.NK.cell	memory.CD4.pos.AB.T.cell	memory.B.cell	CD14.pos.CD16.neg.classical.monocyte
V1	0.8063	0	0.13647	0.05723
V2	0.58848	0.0748	0.08121	0.2555
V3	0.26369	0.59596	0.02595	0.1144
V4	0.956	0.03946	0	0.00454
V5	0.35148	0.33209	0.26809	0.04833
V6	0.2764	0.68249	0.03179	0.00932
V7	0.47179	0.2893	0.11166	0.12724
V8	0.29413	0	0.6963	0.00957
V9	0.62295	0.18118	0.05088	0.14499
V10	0.06691	0	0.91609	0.017
V11	0.44834	0.19418	0.35523	0.00225
V12	0.1076	0.46055	0.42546	0.00639
V13	0.53931	0.44519	0.00809	0.00741
V14	0.24933	0.73521	0.01217	0.0033
V15	0.39163	0.42262	0.13756	0.04818
V16	0.9886	0	0.00761	0.00379
V17	0.29967	0.66997	0.02119	0.00916
V18	0.78879	0.16609	0.03591	0.00921
V19	0.42306	0.5621	0.00948	0.00536
V20	0.52083	0.34366	0.02931	0.1062
V21	0.2988	0.01911	0.67238	0.00971
V22	0.12805	0.11783	0.41358	0.34054
V23	0.66369	0	0.3348	0.00151
V24	0.98952	0	0.01048	0
V25	0.63969	0.15557	0.13175	0.07298
V26	0.68541	0.24143	0.02267	0.05049
V27	0.51858	0.05038	0.03922	0.39182
V28	0	0.00976	0.9902	4e-05
V29	0.65778	0	0.33507	0.00716
V30	0.33821	0.17973	0.35164	0.13042
V31	0.51463	0.11936	0.28856	0.07745
V32	0.45182	0.01984	0.06556	0.46278
V33	0.17922	0.38411	0.40219	0.03447
V34	0.29615	0.0066	0.68764	0.00962
V35	0.4206	0.48006	0.08869	0.01065
V36	0.05307	0.02689	0.72973	0.19031
V37	0.80709	0.03546	0.09065	0.0668
V38	0.75143	0	0.15959	0.08898
V39	0.4361	0.38356	0.13983	0.04051
V40	0.31516	0.59831	0.08631	0.00022
V41	0.05439	0.73854	0.08845	0.11862
V42	0.58511	0.01081	0.2466	0.15748
V43	0.32646	0.20912	0.45412	0.01029
V44	0.07353	0.04581	0.82352	0.05714
V45	0.30776	0.42273	0.24016	0.02935
V46	0.90753	0.01643	0.07462	0.00143
V47	0.63484	0.09933	0.25251	0.01332
V48	0.92898	0.06265	0.00374	0.00463
V49	0.90028	0.08236	0	0.01736
V50	0.24411	0.64964	0.10303	0.00322
V51	0.53531	0.2316	0.22382	0.00927
V52	0.09765	0.06381	0.82725	0.01129
V53	0.87864	0.0348	0.08657	0
V54	0.63988	0.08698	0.26732	0.00582
V55	0.56054	0.08064	0.25148	0.10734
V56	0.28492	0.01127	0.20052	0.50329
V57	0.32206	0.64198	0.03011	0.00585
V58	0.90672	0	0.03518	0.0581
V59	0.68191	0.21443	0.09095	0.01272
V60	0.39398	0.11284	0.37606	0.11712
V61	0.92908	0.04321	0.01006	0.01765
V62	0.97082	0	0.02733	0.00185
V63	0.08289	0.73857	0.16793	0.01061
V64	0.05079	0.88476	0.00355	0.0609
V65	0.09024	0.00237	0.25426	0.65313
V66	0.51352	0.44179	0.02462	0.02006
V67	0.3674	0.19033	0.43739	0.00488
V68	0.58751	0.13305	0.03948	0.23995
V69	0.10285	0.22574	0.65328	0.01813
V70	0.75809	0.07432	0.13984	0.02774
V71	0.46093	0.03912	0.39178	0.10817
V72	0.78928	0.08655	0.08563	0.03854
V73	0.41628	0.41077	0.14592	0.02703
V74	0.17937	0.13408	0.68649	5e-05
V75	0.86677	0	0.11624	0.01699
V76	0.00562	0.24918	0.3992	0.346
V77	0.24476	0.38778	0.02192	0.34555
V78	0.62608	0.07509	0.19737	0.10146
V79	0.03613	0.06187	0.87097	0.03103
V80	0.57312	0	0.40566	0.02122
V81	0.17591	0.09262	0.72883	0.00264
V82	5e-05	0.03189	0.96511	0.00294
V83	0.5134	0.16	0.1151	0.2115
V84	0.71751	0.02117	0.1648	0.09652
V85	0.32621	0.21818	0.40647	0.04914
V86	0.15516	0.01723	0.81429	0.01332
V87	0.16205	0.72713	0.0829	0.02791
V88	0.5199	0.0313	0.30755	0.14126
V89	0.1384	0.01132	0.44206	0.40822
V90	0.11708	0.79287	0.08305	0.007
V91	0.15189	0.60277	0.23239	0.01295
V92	0.67641	0	0.2916	0.03199
V93	0.98099	0	0	0.01901
V94	0.12015	0.57703	0.05283	0.24998
V95	0.53559	0.2706	0.15378	0.04003
V96	0.42025	0.12367	0.0584	0.39768
V97	0.85701	0.02596	0.11566	0.00137
V98	0.86693	0.12976	0	0.00331
V99	0.90575	0.00464	0.0882	0.00142
V100	0.22773	0.00179	0.76295	0.00753
V101	0.11127	0.04981	0.01944	0.81948
V102	0.9969	0	0.00124	0.00186
V103	0.09276	0.07225	0.25821	0.57678
V104	0.11875	0.86318	0.01434	0.00373
V105	0.21622	0.75708	0.02329	0.00341
V106	0.33327	0.33597	0.31701	0.01374
V107	0.38408	0.11217	0.48898	0.01477
V108	0.42025	0.48454	0.09505	0.00017
V109	0.07878	0.12929	0.71161	0.08032
V110	0.21805	0.71733	0.05496	0.00966
V111	0.97226	0	0.02686	0.00088
V112	0.38855	0.03456	0.46757	0.10932
V113	0.56274	0.07377	0.21351	0.14998
V114	0.65896	0.03028	0.11525	0.19552
V115	0.04259	0.66032	0.29347	0.00362
V116	0.39621	0.2041	0.35336	0.04633
V117	0.85906	0.10594	0.02662	0.00838
V118	0.48541	0.407	0.04649	0.0611
V119	0.51537	0.0777	0.0931	0.31383
V120	0.22659	0.02769	0.74071	0.00501
V121	0.82157	0.06075	0.08003	0.03765
V122	0.99363	0	0.00453	0.00184
V123	0.06059	0.63048	0.09982	0.20911
V124	0.84177	0.14522	0	0.013
V125	0.64763	0.20901	0.13734	0.00602
V126	0.26138	0.21318	0.12068	0.40476
V127	0.52823	0.02403	0.30143	0.14631
V128	0.22676	0.01263	0.2727	0.48792
V129	0.80292	0.08741	0.1031	0.00657
V130	0.04103	0.55089	0.40461	0.00348
V131	0.12676	0.83727	0.0029	0.03306
V132	0.98631	0	0.01091	0.00278
V133	0.97716	0	0.02098	0.00186
V134	0.38053	0.32901	0.17249	0.11797
V135	0.4	0.01137	0.30829	0.28034
V136	0.59985	0.28894	0.01808	0.09313
V137	0.82391	0.00276	0.16013	0.0132
V138	0.51539	0.2551	0.17767	0.05184
V139	0.62044	0.131	0.18928	0.05929
V140	0.22477	0.14304	0.13924	0.49295
V141	0.23392	0.11289	0.58283	0.07036
V142	0.92715	0	0.07285	0
V143	0.70387	0.16517	0.0738	0.05716
V144	0.53543	0.11455	0.2048	0.14521
V145	0.00272	0.69107	0.30247	0.00374
V146	0.35433	0.01149	0.0742	0.55998
V147	0.9877	0	0.00759	0.00471
V148	0.35002	0.03894	0.55399	0.05705
V149	0.53737	0.27893	0.18146	0.00223
V150	0.25453	0.15645	0.56409	0.02493
V151	0.51856	0.40311	0.04259	0.03574
V152	0.50267	0.26844	0.20201	0.02689
V153	0.36612	0.56616	0.03012	0.0376
V154	0.48713	0.26382	0.23956	0.0095
V155	0.63866	0.08589	0.24876	0.02668
V156	0.14251	0.09669	0.71929	0.04151
V157	0.56397	0.094	0.28772	0.05431
V158	0.10826	0.00452	0.07616	0.81106
V159	0.9718	0.0189	0	0.0093
V160	0.90585	0	0.05187	0.04228
V161	0.68111	0.00019	0.05459	0.26411
V162	0.32695	0.32186	0.14515	0.20605
V163	0.3355	0.38538	0.20705	0.07207
V164	0.63078	0.19866	0.11113	0.05943
V165	0.0828	0.45635	0.01041	0.45044
V166	0.09004	0.17775	0.20137	0.53084
V167	0.824	0	0.00943	0.16657
V168	0.55039	0.35109	0.08123	0.01729
V169	0.63316	0.04541	0.06565	0.25578
V170	0.3233	0.00692	0.57013	0.09965
V171	0.31188	0.14514	0.53006	0.01292
V172	0.84971	0	0.14896	0.00134
V173	0.20944	0.23049	0.10981	0.45026
V174	0.14119	0.25533	0.18862	0.41487
V175	0.20915	0	0.75241	0.03844
V176	0.04384	0.72441	0.22802	0.00372
V177	0.04649	0.94243	0.0035	0.00758
V178	0.05374	0.83376	0.01623	0.09626
V179	0.46543	0	0.41632	0.11824
V180	0.11548	0.77927	0.10495	3e-04
V181	0.39527	0.07709	0.48515	0.04248
V182	0.51505	0.09724	0.37154	0.01618
V183	0.45606	0.53217	0.00909	0.00267
V184	0.9989	0	0.0011	0
V185	0.81901	0.1698	0.00956	0.00162
V186	0.37434	0.32168	0.26587	0.03812
V187	0.98872	0	0.01043	0.00086
V188	0.34012	0.30758	0.00701	0.34528
V189	0.95849	0	0.01438	0.02714
V190	0.82428	0	0.17436	0.00136
V191	0.38322	0.11837	0.48617	0.01224
V192	0.59164	0.30216	0.05967	0.04654
V193	0.79397	0.00874	0.17049	0.0268
V194	0.15838	0.81787	0.01344	0.01031
V195	0.03306	0.00801	0.95608	0.00284
V196	0.10159	0.14575	0.04256	0.7101
V197	0.81149	0.02372	0.03233	0.13246
V198	0.22576	0.36663	0.38621	0.0214
V199	0.55439	0.01301	0.23787	0.19474
V200	0.44764	0.43617	0.03004	0.08615
V201	0.33552	0.4042	0.21424	0.04604
V202	0.074	0.00539	0.86025	0.06036
V203	0.39465	0.25856	0.3394	0.00738
V204	0.06315	0.69343	0.01983	0.2236
V205	0.06637	0.02846	0.89952	0.00565
V206	0.1526	0.05219	0.79255	0.00265
V207	0.51516	0.18166	0.08999	0.21319
V208	0.48997	0.02138	0.48459	0.00406
V209	0.5848	0.29794	0.07591	0.04135
V210	0.30115	0.5693	0.11164	0.0179
V211	0.82388	0	0.04166	0.13446
V212	0.73506	0.00036	0.25982	0.00475
V213	0.85747	0.01003	0.08944	0.04306
V214	0.63948	0.10719	0.16882	0.08451
V215	0.71469	0.0776	0.03115	0.17656
V216	0.26368	0	0.06536	0.67095
V217	0.20097	0.42229	0.29992	0.07682
V218	0.33145	0.36557	0.21432	0.08865
V219	0.37268	0.52762	0.02193	0.07777
V220	0.05125	0.86323	0.01569	0.06983
V221	0.96353	0	0.00365	0.03282
V222	0.55784	0.07912	0.31985	0.04319
V223	0.03684	0.10236	0.83251	0.02828
V224	0.99254	0	0.00746	0
V225	0.21447	0.70636	0.07582	0.00335
V226	0.55897	0.02692	0.41032	0.00379
V227	0.92548	0	0.0727	0.00181
V228	0.90667	0.02294	0.051	0.01938
V229	0.06556	0.00643	0.91959	0.00841
V230	0.10449	0.04552	0.07304	0.77694
V231	0.12125	0.37324	0.23107	0.27445
V232	0.22705	0.65339	0.00326	0.1163
V233	0.78979	0.03664	0.14435	0.02922
V234	0.15637	0.78983	0.047	0.0068
V235	0.57365	0.02346	0.3948	0.00809
V236	0.16064	0.03833	0.776	0.02503
V237	0.63707	0	0.05912	0.30381
V238	0.36768	0.36142	0.25463	0.01627
V239	0.33206	0.42749	0.04231	0.19814
V240	0.69734	0.00588	0.28566	0.01112
V241	0.06849	0	0.90809	0.02342
V242	0.37682	0.51657	0.10115	0.00546
V243	0.45421	0.01542	0.50967	0.0207
V244	0.41275	0	0.56409	0.02316
V245	0.80144	0.14282	0.04263	0.01311
V246	0.17917	0.09351	0.71919	0.00813
V247	0.36015	0	0.63985	0
V248	0.18369	0.05547	0.14065	0.6202
V249	0.00023	0.02378	0.95113	0.02487
V250	0.91885	0	0.0803	0.00085
V251	0.99798	0	0.00115	0.00087
V252	0.04364	0.75261	0.20347	0.00028
V253	0.67742	0.04643	0.17424	0.1019
V254	0.04543	0.8746	0.07609	0.00388
V255	0.19209	0.78881	0.00244	0.01666
V256	0.38804	0.12932	0.45702	0.02561
V257	0.64654	0.06433	0.22891	0.06022
V258	0.41308	0.16501	0.38621	0.03571
V259	0.13287	0.20704	0.64559	0.01449
V260	0.00074	0.21957	0.77655	0.00314
V261	0.81298	0.00887	0.14731	0.03084
V262	0.51495	0.06279	0.03866	0.38361
V263	0.08688	0.89905	0.00317	0.0109
V264	0.44729	0.01656	0.43844	0.09771
V265	0.21855	0	0.32733	0.45412
V266	0.84589	0.14966	0.00442	3e-05
V267	0.00402	0.22977	0.52239	0.24382
V268	0.73179	0.00849	0.1514	0.10831
V269	0.04178	0.47025	0.46774	0.02023
V270	0.82356	0	0.15976	0.01668
V271	0.92614	0.0239	0.02808	0.02188
V272	0.23274	0.70305	0.02353	0.04068
V273	0.35621	0.02649	0.09613	0.52118
V274	0.86827	0	0.11173	0.02
V275	0	0.00927	0.98781	0.00292
V276	0.74559	0.20366	0.01363	0.03712
V277	0.21965	0.24768	0.28909	0.24358
V278	0.20884	0.05833	0.48291	0.24992
V279	0.87649	0.01691	0.0795	0.0271
V280	0.10826	0.00452	0.07616	0.81106
V281	0.8156	0.00676	0.11814	0.05951
V282	0.17905	0.03712	0.76479	0.01904
V283	0.51604	0.37433	0.06895	0.04068
V284	0.11653	0.79669	0.08313	0.00365
V285	0.19782	0	0.80217	1e-05
V286	0.52418	0.33819	0.10979	0.02784
V287	0.32459	0.646	0.02053	0.00888
V288	0.08629	0.25513	0.55567	0.10291
V289	0.51003	0.12328	0.34543	0.02126
V290	0.93264	0.05849	0.00887	0
V291	0.7235	0.0122	0.26111	0.0032
V292	0.99337	0	0	0.00663
V293	0.49079	0	0.49825	0.01096
V294	0.40781	0.38119	0.00404	0.20695
V295	0.11923	0.23051	0.36822	0.28204
V296	0.37913	0.06779	0.52836	0.02472
V297	0.42188	0	0.15014	0.42798
V298	0.54886	0.03672	0.41059	0.00383
V299	0.36365	0.32521	0.03298	0.27816
V300	0.00609	0.04396	0.53581	0.41415
V301	0.31163	0.06708	0.58668	0.03461
V302	0.84831	0.14833	0	0.00336
V303	0.00206	0.51768	0.46649	0.01377
V304	0.18902	0.0091	0.75051	0.05137
V305	0.37599	0.10334	0.44947	0.0712
V306	0.92629	0.0288	0.03562	0.00929
V307	0.08639	0.87957	0.02671	0.00732
V308	0.52159	0.14175	0.27601	0.06064
V309	0.66112	0.21707	0.03471	0.0871
V310	0.33104	0.29476	0.21779	0.15641
V311	0.76861	0.22447	0.0051	0.00183
V312	0.30888	0.5274	0.15508	0.00863
V313	0.01072	0.22766	0.06735	0.69428
V314	0.1047	0.5288	0.19789	0.16862
V315	0.41177	0.47156	0.05061	0.06605
V316	0.5457	0.07828	0.33416	0.04186
V317	0.31556	0.56288	0.06522	0.05634
V318	0.1953	0.60564	0.02997	0.16909
V319	0.17532	0.03018	0.78399	0.01051
V320	0.24928	0.09343	0.61931	0.03798
V321	0.84167	0.15389	0.0044	3e-05
V322	0.56093	0.23419	0.09063	0.11425
V323	0.33125	0.02216	0.20626	0.44033
V324	0.83971	0.10566	0.04968	0.00495
V325	0.61414	0.33462	0.04908	0.00215
V326	0.00461	0.65999	0.17708	0.15832
V327	0.13933	0.22045	0.24443	0.39578
V328	0.17084	0.00948	0.76437	0.0553
V329	0.52934	0.08936	0.21837	0.16292
V330	0.64721	0	0.29083	0.06196
V331	0.74722	0.05766	0.05355	0.14158
V332	0.07923	0.0734	0.43085	0.41651
V333	0.59951	0.04188	0.32776	0.03085
V334	0.63154	0	0.30507	0.06338
V335	0.11355	0.27064	0.57127	0.04453
V336	0.44964	0.48969	0.02738	0.03328
V337	0.50972	0.2313	0.24959	0.00939
V338	0.00422	0.97534	0.01634	0.00409
V339	0.28117	0	0.71647	0.00235
V340	0.20872	0.17269	0.55966	0.05893
V341	0.17445	0.05205	0.18234	0.59116
V342	0.46406	0	0.50133	0.03461
V343	0.99795	0	0.00119	0.00087
V344	0.85074	0.04514	0.10412	0
V345	0.03291	0.00849	0.95857	3e-05
V346	0.54877	0.07092	0.28418	0.09613
V347	0.27032	0.00969	0.28987	0.43012
V348	0.22194	0.54381	0.18274	0.0515
V349	0.55863	0.09488	0.31788	0.0286
V350	0.11444	0.67178	0.21353	0.00025
V351	0.10439	0.02822	0.64073	0.22666
V352	0.15895	0.00297	0.81329	0.02479
V353	0.96132	0	0.02572	0.01296
V354	0.17808	0.54581	0.26006	0.01604
V355	0.51914	0.03881	0.39726	0.04479
V356	0.22836	0.02821	0.25206	0.49137
V357	0.34877	0.2531	0.31302	0.08511
V358	0.81606	0.06107	0.05276	0.07011
V359	0.84876	0.03139	0.03727	0.08258
V360	0.77811	0.2011	0.01714	0.00364
V361	0.00127	0.36251	0.63296	0.00326
V362	0.00413	0.96299	0.02882	0.00407
V363	0.42655	0.07093	0.43988	0.06265
V364	0.36864	0.02932	0.57535	0.02669
V365	0.71898	0.01631	0.02521	0.2395
V366	0.28173	0.55378	0.10973	0.05475
V367	0.83935	0.08591	0.00628	0.06846
V368	0.31124	0.55271	0.10278	0.03326
V369	0.0714	0.30375	0.62181	0.00304
V370	0.50664	0.15262	0.33155	0.00919
V371	0.46878	0.47515	0.03495	0.02112
V372	0.562	0.04087	0.17716	0.21997
V373	0.27257	0.10511	0.52784	0.09448
V374	0.9228	0	0.0772	0
V375	0.25366	0.04811	0.30796	0.39026
V376	0.22641	0.04302	0.24802	0.48255
V377	0.94881	0	0.01026	0.04093
V378	0.05845	0.03013	0.67916	0.23226
V379	0.72862	0.13392	0.01664	0.12082
V380	0.50781	0.05371	0.26025	0.17823
V381	0.89929	0	0.0694	0.03131
V382	0.22611	0.0086	0.76281	0.00248
V383	0.94109	0	0.03614	0.02277
V384	0.81169	0.03293	0.10723	0.04815
V385	0.96214	0	0.03104	0.00682
V386	0.69811	0.00024	0.15822	0.14343
V387	0.7801	0.06574	0.1359	0.01827
V388	0.61435	0.20549	0.14041	0.03975
V389	0.66302	0.30442	0.01422	0.01834
V390	0.55839	0.1145	0.32518	0.00193
V391	0.77537	0.07377	0.02603	0.12483
V392	0.64518	0.14364	0.16061	0.05058
V393	0.52506	0.13458	0.30266	0.0377
V394	0.39016	0.23178	0.17964	0.19843
V395	0.51103	0.2473	0.19354	0.04814
V396	0.04687	0.92667	0.01524	0.01121
V397	0.90225	0.02332	0.06662	0.00781
V398	0.72612	0.08907	0.10225	0.08256
V399	0.45992	0.35793	0.15052	0.03162
V400	0.00478	0.69747	0.12931	0.16845
V401	0.13531	0.10829	0.73026	0.02614
V402	0.91539	0.06067	0.02394	0
V403	0.17347	0.03423	0.20615	0.58615
V404	0.25704	0.12808	0.58551	0.02937
V405	0.59887	0.01915	0.2094	0.17258
V406	0.83236	0.1263	0.01747	0.02387
V407	0.00422	0.97534	0.01634	0.00409
V408	0.2922	0.18766	0.43759	0.08255
V409	0.01284	0.03159	0.0824	0.87317
V410	0.29859	0.65169	0.04068	0.00904
V411	0.85735	0	0.00131	0.14134
V412	0.41246	0.04491	0.47171	0.07092
V413	0.2396	0.42117	0.24411	0.09512
V414	0.15276	0.41139	0.3901	0.04575
V415	0.69497	0.01419	0.21887	0.07197
V416	0.03363	0.04565	0.92068	4e-05
V417	0.6928	0.29944	0.00579	0.00198
V418	0.35346	0.1173	0.25322	0.27602
V419	0.10521	0.00401	0.10104	0.78974
V420	0.00442	0.92248	0.02929	0.04381
V421	0.36746	0.01647	0.5836	0.03247
V422	0.30999	0.09998	0.03458	0.55545
V423	0.22773	0.00179	0.76295	0.00753
V424	0.00157	0.04493	0.82939	0.12411
V425	0.19466	0.16918	0.60067	0.03549
V426	0.24501	0.02071	0.71333	0.02095
V427	0.27312	0.35184	0.25916	0.11588
V428	0.31365	0.58278	0.07297	0.0306
V429	0.10186	0.00367	0.12497	0.7695
V430	0.89589	0.07298	0.01552	0.01561
V431	0.46771	0.0076	0.43678	0.08791
V432	0.49529	0.10025	0.09281	0.31166
V433	0.24777	0.66893	0.00265	0.08065
V434	0.71902	0.05795	0.06774	0.15529
V435	0.80025	0.00015	0.11681	0.0828
V436	0.74504	0.0021	0.12692	0.12593
V437	0.61922	0.19384	0.01139	0.17555
V438	0.82097	0.096	0.03548	0.04756
V439	0.23988	0.17311	0.03432	0.5527
V440	0.83118	0.01865	0.03953	0.11064
V441	0.22581	0.09295	0.62149	0.05975
V442	0.58615	0.22067	0.13922	0.05396
V443	0.8994	0	0.06938	0.03122
V444	0.03291	0.00849	0.95857	3e-05
V445	0.80256	0	0.19151	0.00593
V446	0.16378	0.72111	0.08366	0.03144
V447	0.82741	0.03298	0.11841	0.0212
V448	0.13363	0.0924	0.40918	0.36478
V449	0.78458	0.00475	0.18964	0.02103
V450	0.39913	0.5818	0.01885	0.00021
V451	0.99719	0	0	0.00281
V452	0.238	0.0143	0.19449	0.55321
V453	0.90899	0.02791	0.05106	0.01203
V454	0.00386	0.90964	0.07883	0.00767
V455	0.79112	0.00121	0.19426	0.01341
V456	0.55202	0.07168	0.33441	0.0419
V457	0.01305	0.05466	0.05231	0.87997
V458	0.66003	0.18024	0.01018	0.14955
V459	0.08779	0.73165	0.13973	0.04083
V460	0.98719	0	0.01098	0.00183
V461	0.37292	0.04501	0.03421	0.54785
V462	0.72552	0.16778	0.00095	0.10574
V463	0.52448	0.29043	0.15188	0.03322
V464	0.83429	0.06349	0.00694	0.09528
V465	0.67283	0.25879	0.03007	0.03832
V466	0.80698	0.12778	0.00674	0.05851
V467	0.55798	0.34914	0.08054	0.01234
V468	0.72933	0.21011	0.04623	0.01433
V469	0.10684	0.20557	0.47384	0.21375
V470	0.75334	0.0665	0.14628	0.03387
V471	0.67503	0.08649	0.0539	0.18458
V472	0.69106	0.21663	0.00076	0.09155
V473	0.28243	0.37351	0.33564	0.00842
V474	0.53964	0	0.17097	0.28939
V475	0.52886	0.28301	0.09688	0.09126
V476	0.61534	0.00629	0.09708	0.28129
V477	0.80133	0.01317	0.15344	0.03205
V478	0.4508	0.45308	0.01024	0.08589
V479	0.07007	0.05957	0.84025	0.03011
V480	0.3825	0.32218	0.08425	0.21107
V481	0.30432	0.00138	0.6896	0.0047
V482	0.86827	0.05409	0.07007	0.00756
V483	0.50666	0.11276	0.12822	0.25236
V484	0.17856	0.13021	0.08654	0.60469
V485	0.37959	0.55553	0.02029	0.04459
V486	0.5938	0.1813	0.13779	0.08711
V487	0.39024	0.0545	0.17988	0.37539
V488	0.00032	0.00086	0.96022	0.0386
V489	0.40058	0.0524	0.54247	0.00454
V490	0.63905	0.2114	0.07873	0.07081
V491	0.66982	0.27438	0.03739	0.01841
V492	0.11392	0.70981	0.17272	0.00355
V493	0.11373	0.00668	0.02046	0.85913
V494	0.41298	0.09508	0.45687	0.03507
V495	0.48837	0.37428	0.13008	0.00727
V496	0.55162	0.43305	0.00051	0.01483
V497	0.03291	0.00083	0.96342	0.00284
V498	0.70235	0.08024	0.06739	0.15002
V499	0.81243	0.10589	0.0801	0.00158
V500	0.26779	0.0725	0.64699	0.01271
V501	0.01211	0.00649	0.13813	0.84327
V502	0.78826	0.10872	0.0965	0.00652
V503	0.55392	0.07214	0.23355	0.14039
V504	0.51761	0.44563	0.01643	0.02033
V505	0.51799	0.14221	0.25585	0.08395
V506	0.27557	0.18763	0.47745	0.05935
V507	0.82088	0.04894	0.09562	0.03456
V508	0.90118	0.06001	0.02959	0.00922
V509	0.47947	0.0341	0.43688	0.04954
V510	0.47455	0.29855	0.22455	0.00236
V511	0.24385	0.46427	0.08957	0.20231
V512	0.6513	0.03835	0.11509	0.19525
V513	0.25642	0.48091	0.23837	0.0243
V514	0.10218	0.12818	0.01739	0.75225
V515	0.91035	0.02292	0.03993	0.02679
V516	0.9702	0.02843	0	0.00137
V517	0.22742	0.02804	0.44892	0.29562
V518	0.99913	0	0	0.00087
V519	0.12893	0.81293	0.01405	0.04409
V520	0.11872	0	0.75861	0.12267
V521	0.7657	0.00542	0.22241	0.00647
V522	0.04437	0.11731	0.73266	0.10567
V523	0.61003	0.08258	0.24315	0.06424
V524	0.04419	0.68612	0.25538	0.01431
V525	0.63908	0.16641	0.04117	0.15334
V526	0.85256	0.04013	0.06486	0.04245
V527	0.51573	0.00682	0.38216	0.09529
V528	0.33065	0.6501	0.00164	0.01761
V529	0.29668	0.06861	0.37192	0.26279
V530	0.0393	0.16777	0.75328	0.03965
V531	0.08199	0.76374	0.15398	0.00029
V532	0.54895	0.26209	0.04283	0.14613
V533	0.56754	0.23146	0.14181	0.05919
V534	0.04249	0.00641	0.8594	0.09169
V535	0.88035	0	0.01328	0.10637
V536	0.52164	0	0.36941	0.10895
V537	0.79875	0.10108	0.09696	0.00321
V538	0.79013	0.02903	0.08849	0.09234
V539	0.53559	0.2706	0.15378	0.04003
V540	0.47193	0.43874	0.07643	0.0129
V541	0.10864	0.58734	0.12681	0.17721
V542	0.53872	0.08759	0.26556	0.10813
V543	0.97107	0	0.00868	0.02025
V544	0.41939	0.08924	0.26236	0.22901
V545	0.70012	0.10735	0.08398	0.10855
V546	0.18376	0.72396	0.08884	0.00343
V547	0.14498	0.49529	0.35342	0.00631
V548	0.42144	0.48972	0.08617	0.00267
V549	0.56457	0.00322	0.42851	0.0037
V550	0.89559	0.00909	0.00018	0.09514
V551	0.43773	0.4977	0.04534	0.01923
V552	0.00611	0.72595	0.0216	0.24634
V553	0.43065	0.07894	0.48378	0.00662
V554	0.34113	0.13085	0.0684	0.45962
V555	0.31106	0.18908	0.39325	0.10661
V556	7e-05	0.01608	0.97198	0.01187
V557	0.96275	0	0.00897	0.02828
V558	0.25618	0.65215	0.04559	0.04608
V559	0.04319	0.70788	0.24866	0.00027
V560	0.86428	0.13412	0	0.0016
V561	0	0.00927	0.98781	0.00292
V562	0.90365	0	0.07719	0.01916
V563	0.47178	0	0.5263	0.00192
V564	0.17335	0.04391	0.7775	0.00524
V565	0.38442	0.18038	0.37215	0.06305
V566	0.89676	0.05348	0.00499	0.04477
V567	0.56492	0.31419	0.03674	0.08414
V568	0.69151	0	0.0816	0.22689
V569	0.92044	0.01111	0	0.06846
V570	0.10388	0.21966	0.65182	0.02465
V571	0.92858	0.05738	0	0.01405
V572	0.64489	0	0.33019	0.02492
V573	0.35977	0.23809	0.02367	0.37846
V574	0.14893	0.63405	0.21045	0.00657
V575	0.14526	0.13323	0.29574	0.42576
V576	0.40947	0.54012	0.04501	0.0054
V577	0.23497	0.05399	0.39644	0.3146
V578	0.1951	0.04757	0.6993	0.05804
V579	0.04496	0.80717	0.13688	0.01099
V580	0.57785	0	0.17242	0.24972
V581	0.40842	0.10953	0.01031	0.47174
V582	0.7992	0.10181	0.03872	0.06028
V583	0.04621	0.04282	0.77942	0.13155
V584	0.6911	0.07876	0.22	0.01014
V585	0.05577	0.008	0.71687	0.21936
V586	0.44902	0	0.52592	0.02506
V587	0.45871	0	0.53256	0.00872
V588	0.88431	0.01965	0.02696	0.06908
V589	0.22883	0.65594	0.0889	0.02634
V590	0.1763	0.59619	0.22423	0.00328
V591	0.0066	0.062	0.48672	0.44469
V592	0.34871	0.01042	0.64086	1e-05
V593	0.8052	0	0.14669	0.0481
V594	0.53707	0.16904	0.27969	0.0142
V595	0.18429	0.03906	0.06625	0.7104
V596	0.18731	0.29687	0.33959	0.17623
V597	0.00233	0.52162	0.43946	0.03659
V598	0.06656	0.08076	0.84693	0.00575
V599	0.82955	0.13691	0.02675	0.00679
V600	0.61085	0.29777	0.05724	0.03415
V601	0.51271	0.22923	0.11194	0.14612
V602	0.18698	0.04089	0.04254	0.72958
V603	0.07233	0.54955	0.04281	0.33531
V604	0.71162	0.0493	0.23175	0.00733
V605	0.23805	0.26	0.43843	0.06352
V606	0.89665	0.06879	0.00971	0.02484
V607	0.85968	0	0.09242	0.04789
V608	0.50299	0.09926	0.34101	0.05674
V609	0.15106	0.26876	0.37839	0.20179
V610	0.90391	0.00013	0.06932	0.02665
V611	0.74747	0	0.07146	0.18108
V612	0.1001	0.06444	0.81224	0.02322
V613	0.13418	0.24342	0.60772	0.01468
V614	0.90913	0.02284	0.03991	0.02812
V615	0.59505	0.05336	0.01988	0.3317
V616	0.29025	0.58184	0.06743	0.06049
V617	0.68448	0.06778	0.24774	0
V618	0.94245	0	0	0.05755
V619	0.64737	0.01299	0.27707	0.06258
V620	0.04103	0.55089	0.40461	0.00348
V621	0.6562	0.10687	0.17386	0.06307
V622	0.57281	0.11769	0.30093	0.00857
V623	0.14299	0.11555	0.33424	0.40722
V624	0.92051	0.07488	0	0.00461
V625	0.54283	0.31299	0.10366	0.04051
V626	0.99815	0	0	0.00185
V627	0.01009	0.04229	0.22452	0.72311
V628	0.00893	0.42708	0.05674	0.50725
V629	0.38158	0.22312	0.3075	0.0878
V630	0.13526	0.24508	0.60193	0.01773
V631	0.1323	0.28812	0.23265	0.34693
V632	0.82488	0	0.11565	0.05948
V633	0.00045	0.02359	0.93142	0.04453
V634	0.62442	0.12799	0.24564	0.00195
V635	0.13755	0.75889	0.01484	0.08872
V636	0.31956	0.06639	0.57779	0.03626
V637	0.64243	0.14531	0.10499	0.10727
V638	0.66603	0.17891	0.07896	0.0761
V639	0.56305	0.20771	0.22919	6e-05
V640	0.13003	0.10778	0.74509	0.0171
V641	0.98182	0	0.01123	0.00695
V642	0.90627	0.07806	0	0.01567
V643	0.04899	0.19012	0.62426	0.13662
V644	0.96966	0.02376	0.00361	0.00296
V645	0.49148	0.23677	0.26482	0.00693
V646	0.04605	0.93445	0.01555	0.00395
V647	0.32902	0.05004	0.60334	0.01759
V648	0.63149	0.24064	0.11903	0.00884
V649	0.09875	0.04165	0.83936	0.02024
V650	0.1828	0.05822	0.73723	0.02175
V651	0.54953	0	0.44872	0.00176
V652	0.30484	0.07273	0.50578	0.11665
V653	0.38596	0.46085	0.11674	0.03645
V654	0.83912	0.09912	0.04862	0.01314
V655	0.19229	0.60801	0.04305	0.15666
V656	0.59714	0.22242	0.0213	0.15913
V657	0.18808	0.13736	0.04023	0.63433
V658	0.79775	0.11633	0.05367	0.03225
V659	0.57217	0.05341	0.32157	0.05285
V660	0.12034	0.86595	0.003	0.01071
V661	0.29026	0.43675	0.09876	0.17423
V662	0.60442	0.00252	0.36665	0.0264
V663	0.46026	0.03932	0.46924	0.03117
V664	0.39738	0.03458	0.55393	0.0141
V665	0.86894	0.07929	0.0324	0.01938
V666	0.86146	0	0.07895	0.0596
V667	0.88643	0.01591	0.09767	0
V668	0.37531	0.53477	0.08974	0.00019
V669	0.49388	0.24837	0.22809	0.02965
V670	0.27628	0.71247	0.00198	0.00927
V671	0.57519	0.17168	0.22665	0.02647
V672	0.0676	0.0136	0.90745	0.01135
V673	0.50914	0.22803	0.21833	0.0445
V674	0.89409	0.06403	0.01547	0.02641
V675	0.39367	0.22595	0.32183	0.05855
V676	0.19725	0.17087	0.24031	0.39156
V677	0.61751	0.25047	0.09783	0.03419
V678	0.75562	0.23091	0.01158	0.00188
V679	0.15962	0.21846	0.61621	0.00572
V680	0.5402	0.3239	0.12876	0.00714
V681	0.96619	0.01925	0.00855	0.00601
V682	0.29419	0.19055	0.50198	0.01328
V683	0.04551	0.92621	0.0279	0.00037
V684	0.8563	0.06547	0.06642	0.01181
V685	0.70796	0.17777	0.10202	0.01225
V686	0.37978	0.18777	0.23455	0.19789
V687	0.18575	0.02158	0.06789	0.72478
V688	0.65695	0.30683	0.00012	0.0361
V689	0.70478	0	0.06906	0.22616
V690	0.68206	0.00952	0.29315	0.01527
V691	0.33369	0	0.66409	0.00222
V692	0.23569	0.09064	0.65231	0.02137
V693	0.52244	0.0667	0.33955	0.07131
V694	0.06723	0.03534	0.57501	0.32242
V695	0.62011	0	0.19911	0.18079
V696	0.43783	0.11245	0.04241	0.40731
V697	0.10195	0.10614	0.04389	0.74802
V698	0.95978	0	0.00896	0.03126
V699	0.76878	0.14945	0.05859	0.02319
V700	0.69908	0.01973	0.01617	0.26502
V701	0.36623	0.41152	0.14192	0.08033
V702	0.84795	0.04992	0.01402	0.0881
V703	0.37567	0.0338	0.50286	0.08766
V704	0.93774	0.01474	0.02216	0.02536
V705	0.99182	0	0.00442	0.00375
V706	0.23356	0.02761	0.71241	0.02642
V707	0.13806	0.32308	0.52373	0.01513
V708	0.16416	0.7679	0.03646	0.03148
V709	0.33599	0.16879	0.47092	0.0243
V710	0.80217	0.11716	0.0472	0.03347
V711	0.29725	0.58056	0.11039	0.01179
V712	0.94661	0.01989	0.00429	0.02921
V713	0.70744	0.19157	0.04033	0.06067
V714	0.05703	0.75788	0.04657	0.13852
V715	0.52174	0.1973	0.26166	0.01931
V716	0.24301	0.06617	0.12694	0.56387
V717	0.27511	0.71671	0.00201	0.00616
V718	0.40853	0.37009	0.18578	0.03559
V719	0.24298	0.62226	0.06026	0.0745
V720	0.83475	0	0.1505	0.01476
V721	0.34219	0.11742	0.47448	0.0659
V722	0.41166	0.34995	0.02847	0.20992
V723	0.52348	0.09861	0.02158	0.35633
V724	0.85033	0.0078	0.07604	0.06583
V725	0.00025	0.0707	0.91705	0.01199
V726	0.19909	0.40759	0.20765	0.18566
V727	0.54803	0.36504	0.08462	0.00232
V728	0.11494	0.75302	0.12843	0.00361
V729	0.72757	0.00213	0.1676	0.10269
V730	0.97859	0	0.01759	0.00383
V731	0.13089	0.19375	0.53438	0.14098
V732	0.5916	0.04744	0.30855	0.05241
V733	0.82792	0.10631	0.03239	0.03338
V734	0.52884	0.1424	0.3268	0.00196
V735	0.09237	0.0249	0.7013	0.18143
V736	0.62759	0	0.02119	0.35121
V737	0.56167	0.17966	0.21979	0.03888
V738	0.25153	0.24167	0.46441	0.04239
V739	0.00176	0.0082	0.84177	0.14827
V740	0.92552	0.02503	0.04639	0.00306
V741	0.73707	0.06767	0.12373	0.07153
V742	0.70375	0.28413	0.01203	9e-05
V743	0.30455	0.0843	0.60369	0.00746
V744	0.70685	0.01574	0.24985	0.02756
V745	0.086	0.61895	0.24826	0.04679
V746	0.99918	0	0	0.00082
V747	0.19682	0	0.73552	0.06766
V748	0.32655	0.06796	0.55551	0.04998
V749	0.6484	0.13767	0.07081	0.14312
V750	0.67362	0.27217	0.02175	0.03246
V751	0.19402	0.72483	0.05752	0.02362
V752	0.6872	0.13946	0.12833	0.04501
V753	0.11192	0.02856	0.01977	0.83975
V754	0.04894	0.91707	0.00336	0.03063
V755	0.42167	0.14006	0.35339	0.08488
V756	0.17611	0.01873	0.13562	0.66954
V757	0.57787	0.34957	0.06312	0.00944
V758	0.18766	0.62319	0.15901	0.03014
V759	0.3716	0.04577	0.46212	0.12052
V760	0.59337	0.03583	0.27637	0.09443
V761	0.23361	0.43204	0.30372	0.03063
V762	0.00708	0.59799	0.045	0.34992
V763	0.68661	0.22199	0.03127	0.06012
V764	0.04879	0.9056	0.01517	0.03044
V765	0.89554	0.04843	0	0.05603
V766	0.0809	0.28709	0.55168	0.08033
V767	0.65055	0.08295	0.2269	0.0396
V768	0.21757	0.73898	0.03368	0.00976
V769	0.38836	0.56898	0.03713	0.00552
V770	0.04605	0.93445	0.01555	0.00395
V771	0.33372	0.00138	0.66031	0.00459
V772	0.29319	0.01945	0.68501	0.00235
V773	0.42306	0.5621	0.00948	0.00536
V774	0.06624	0	0.92253	0.01122
V775	0.40711	0.03367	0.37785	0.18137
V776	0.6697	0.24659	0.05327	0.03044
V777	0.54127	0.099	0.18446	0.17528
V778	0.73475	0.16449	0.06621	0.03454
V779	0.43321	0.02283	0.4692	0.07476
V780	0.3339	0.52518	0.14074	0.00019
V781	0.31167	0.0475	0.08064	0.56018
V782	0.03616	0.0934	0.84605	0.02439
V783	0.93597	0	0.03628	0.02775
V784	0.33345	0.64321	0.02031	0.00303
V785	0.15746	0.80755	0.02471	0.01028
V786	0.8634	0.06575	0.06089	0.00996
V787	0.00313	0.7689	0.22412	0.00386
V788	0.71055	0.15559	0.12151	0.01234
V789	0.3451	0.3861	0.05779	0.211
V790	0.80135	0.01084	0.08183	0.10598
V791	0.38308	0.25077	0.32062	0.04553
V792	0.432	0.44916	0.01147	0.10737
V793	0.4085	0.48095	0.05014	0.06041
V794	0.16203	0.05307	0.75967	0.02523
V795	0.50255	0.04603	0.11391	0.33751
V796	0.09608	0.0562	0.83933	0.00839
V797	0.91299	0	0.08523	0.00179
V798	0.81881	0.12163	0.05467	0.00489
V799	0.39637	0.53971	0.03811	0.02581
V800	0.25916	0.01611	0.60249	0.12224
V801	0.39971	0.09726	0.38175	0.12129
V802	0.21047	0.09316	0.44871	0.24767
V803	0.47236	0.29561	0.23194	9e-05
V804	0.71941	0	0.26368	0.01691
V805	0.03266	0.00129	0.96601	3e-05
V806	0.1917	0.76786	0.02382	0.01662
V807	0.64885	0.12587	0.05265	0.17264
V808	0.8438	0.11497	0.03274	0.00849
V809	0.12258	0.01927	0.85812	3e-05
V810	0.04631	0.94613	0.00358	0.00398
V811	0.66497	0.05228	0.2054	0.07734
V812	0.74867	0.1619	0.0523	0.03713
V813	0.79871	0.07433	0.12046	0.0065
V814	0.7059	0.25474	0.03745	0.0019
V815	0.00363	0.87742	0.11499	0.00396
V816	0.97621	0	0.02379	0
V817	0.09543	0.04904	0.84994	0.00559
V818	0.01129	0.11028	0.12948	0.74895
V819	0.93024	0.02466	0.03577	0.00934
V820	0.56009	0.10284	0.04482	0.29225
V821	0.45506	0.18977	0.33301	0.02216
V822	0.20286	0.00884	0.78061	0.00769
V823	0.10625	0.14892	0.71118	0.03366
V824	0.24997	0.24424	0.50571	8e-05
V825	0.50883	0.18766	0.24473	0.05877
V826	0.66735	0.20763	0.12103	0.00399
V827	0.63636	0.34047	0.01429	0.00888
V828	0.59518	0.12956	0.13449	0.14077
V829	0.24042	0.32952	0.08937	0.34069
V830	0.60032	0.1936	0.04353	0.16255
V831	0.91018	0.03693	0.02764	0.02524
V832	0.53933	0.25151	0.16385	0.04531
V833	0.42177	0.33975	0.19028	0.0482
V834	0.67236	0.05846	0.1037	0.16547
V835	0.59014	0.27115	0.11442	0.0243
V836	0.05827	0.78122	0.01758	0.14292
V837	0.5119	0.24463	0.1879	0.05557
V838	0.98876	0	0.01038	0.00086
V839	0.60202	0.3109	0.08496	0.00212
V840	0.61583	0.3772	0.00684	0.00013
V841	0.00022	0.03175	0.94646	0.02158
V842	0.60074	0.10674	0.2393	0.05323
V843	0.06863	0.0129	0.89151	0.02696
V844	0.35795	0.07259	0.44583	0.12362
V845	0.2147	0.07096	0.6926	0.02175
V846	0.00083	0.00759	0.91421	0.07737
V847	0.01372	0.00768	0.05619	0.92241
V848	0.30596	0.4074	0.21266	0.07398
V849	0.00423	0.96061	0.0158	0.01937
V850	0.99361	0	0.00455	0.00184
V851	0.61906	0.26473	0.11613	8e-05
V852	0.46423	0.0516	0.22189	0.26228
V853	0.49203	0.13223	0.3421	0.03364
V854	0.78585	0.09426	0.08797	0.03192
V855	0.01372	0.00768	0.05619	0.92241
V856	0.19623	0.29865	0.42418	0.08094
V857	0.85043	0.0906	0.03008	0.02889
V858	0.74062	0	0.25785	0.00153
V859	0.84002	0.11963	0.01703	0.02332
V860	0.591	0.10751	0.08649	0.215
V861	0.24847	0.23382	0.51234	0.00537
V862	0.30458	0.05085	0.62965	0.01492
V863	0.66575	0.05879	0.00495	0.2705
V864	0.38823	0.04722	0.12025	0.44429
V865	0.42798	0	0.36867	0.20335
V866	0.85043	0	0.14672	0.00285
V867	0.85682	0	0.14183	0.00135
V868	0.70435	0.15849	0.11535	0.02181
V869	0.08549	0.89583	0.01486	0.00382
V870	0.41398	0.34502	0.04081	0.20019
V871	0.00423	0.96061	0.0158	0.01937
V872	0.07253	0.0249	0.53378	0.36879
V873	0.97437	0	0.02082	0.00481
V874	0.47967	0.48724	0.03292	0.00017
V875	0.11721	0.25227	0.37715	0.25337
V876	0.38838	0.20851	0.37511	0.02799
V877	0.19922	0.34122	0.37396	0.08559
V878	0.38835	0.53974	0.07172	0.00019
V879	0.47004	0.45084	0.05294	0.02619
V880	0.59616	0.35459	0.00775	0.04149
V881	0.37942	0.02296	0.54552	0.0521
V882	0.90273	0	0.08175	0.01552
V883	0.54903	0.08752	0.36343	2e-05
V884	0.1413	0.43539	0.00913	0.41418
V885	0.85674	0.08514	0.05811	1e-05
V886	0.07781	0.30981	0.55953	0.05284
V887	0.81967	0.02863	0.12058	0.03113
V888	0.27545	0.02601	0.67008	0.02846
V889	0.98956	0	0.00765	0.00279
V890	0.14769	0.11682	0.6752	0.06029
V891	0.80199	0.01073	0.17758	0.0097
V892	0.67356	0.14753	0.01988	0.15904
V893	0.77756	0.09892	0.109	0.01452
V894	0.21325	0.21082	0.56202	0.01391
V895	0.79647	0.02754	0.14562	0.03036
V896	0.15838	0.81787	0.01344	0.01031
V897	0.84895	0.13135	0.00481	0.01489
V898	0.86843	0	0.00721	0.12435
V899	0.17261	0.25795	0.27883	0.2906
V900	0.27387	0.23682	0.40922	0.08009
V901	0.17237	0.75932	0.01354	0.05476
V902	0.18425	0.745	0.0673	0.00345
V903	0.03978	0.34398	0.59659	0.01965
V904	0.08575	0.9071	0.00331	0.00384
V905	0.53605	0	0.24869	0.21527
V906	0.72678	0.06207	0.11261	0.09855
V907	0.66403	0.29795	0.0217	0.01632
V908	0.09074	0.08894	0.20403	0.61629
V909	0.39873	0.5744	0.00131	0.02557
V910	0.58221	0	0.17975	0.23804
V911	0.71844	0.22633	0.03549	0.01974
V912	0.62261	0.20851	0.12563	0.04325
V913	0.56268	0	0.02491	0.41241
V914	0.4091	0.30411	0.27368	0.01311
V915	0.71148	0	0.01616	0.27236
V916	0.44738	0.0272	0.51173	0.01369
V917	0.86262	0.00376	0.11263	0.02099
V918	0.1826	0.50235	0.27934	0.03572
V919	0.49608	0.15142	0.28356	0.06895
V920	0.80437	0.09719	0.07464	0.0238
V921	0.20843	0.26058	0.0883	0.44269
V922	0.28352	0.31643	0.38342	0.01663
V923	0.43737	0.01836	0.09952	0.44475
V924	0.14922	0.52236	0.31563	0.01279
V925	0.64516	0.02808	0.03061	0.29615
V926	0.65918	0.01789	0.05507	0.26786
V927	0.17548	0.07134	0.15899	0.5942
V928	0.19569	0.76456	0.01281	0.02694
V929	0.22677	0.53421	0.17606	0.06297
V930	0.71516	0.22023	0.03649	0.02812
V931	0.35537	0.17063	0.45032	0.02368
V932	0.14859	0.09438	0.68363	0.0734
V933	0.82116	0.16574	0.0098	0.0033
V934	0.06141	0.19842	0.49791	0.24226
V935	0.76318	0.07446	0.14596	0.0164
V936	0.7609	0.16999	0.0214	0.04771
V937	0.7644	0.08666	0.08769	0.06125
V938	0.61699	0.02972	0.28669	0.0666
V939	0.89316	0.0068	0.06471	0.03532
V940	0.11554	0.66909	0.1982	0.01717
V941	0	0.00173	0.99537	0.0029
V942	0.88371	0.06687	0.04495	0.00447
V943	0.56323	0.07593	0.34467	0.01616
V944	0.12719	0.3798	0.15127	0.34174
V945	0.75522	0.20724	0.01293	0.02462
V946	0.63983	0.1434	0.20588	0.0109
V947	0.36545	0.04939	0.35393	0.23123
V948	0.53942	0.00725	0.44744	0.00589
V949	0.00574	0.1766	0.44953	0.36813
V950	0.22477	0.43769	0.2691	0.06844
V951	0.94099	0	0.05815	0.00087
V952	0.30531	0.12971	0.38195	0.18303
V953	0.06743	0.03601	0.88511	0.01145
V954	0.22758	0.23009	0.26532	0.27701
V955	0.42134	0.45882	0.04107	0.07877
V956	0.16899	0.02064	0.66467	0.1457
V957	0.82193	0	0.00205	0.17602
V958	0.11373	0.00668	0.02046	0.85913
V959	0.47298	0.14772	0.35795	0.02134
V960	0.58864	0.20151	0.09861	0.11124
V961	0.37391	0.25436	0.33461	0.03711
V962	0.56314	0.09954	0.31662	0.0207
V963	0.78397	0.0811	0.11651	0.01842
V964	0.92432	0	0.06781	0.00788
V965	0.23082	0.42895	0.25312	0.0871
V966	0.99686	0	0.0013	0.00185
V967	0.22983	0.03357	0.62049	0.11611
V968	0.00055	0.12251	0.85171	0.02523
V969	0.07469	0.44281	0.10319	0.37931
V970	0.17148	0.11629	0.56494	0.14728
V971	0.66561	0.04849	0.26367	0.02223
V972	0.75372	0.13037	0.05469	0.06122
V973	0.57068	0.2778	0.08904	0.06247
V974	0.04652	0.72338	0.19258	0.03752
V975	0.26311	0.18284	0.55148	0.00257
V976	0.6822	0.15406	0.11329	0.05045
V977	0.58302	0.17327	0.24172	0.00199
V978	0.3453	0.12507	0.14824	0.38138
V979	0.88954	0	0.10907	0.00138
V980	0.99918	0	0	0.00082
V981	0.56483	0.01585	0.37267	0.04665
V982	0.66476	0.23331	0.07597	0.02596
V983	0.90638	0.03237	0.00536	0.0559
V984	0.08408	0.73961	0.15852	0.01779
V985	0.37961	0.25183	0.02143	0.34713
V986	0.58846	0.32164	0.05735	0.03256
V987	0.51324	0.47857	0.00069	0.0075
V988	0.67876	0.00915	0.02988	0.28222
V989	0.71024	0.22118	0.06291	0.00566
V990	6e-04	0.0407	0.90695	0.05175
V991	0.83964	0.15702	0	0.00334
V992	0.46177	0	0.47192	0.06631
V993	0.2334	0.54929	0.1987	0.01861
V994	0.43793	0.52121	0.03555	0.00532
V995	0.89915	0.04591	0.02734	0.0276
V996	0.6856	0.10497	0.02198	0.18745
V997	0.07165	0.00541	0.88093	0.042
V998	0.96542	0	0.02774	0.00684
V999	0.35163	0.64375	0.00162	0.003
V1000	0.80738	0.00328	0.00227	0.18707
