B_cells	NK_cells	T_cells_CD4.	Monocytes
V1	0.58309	0	0.14814	0.26877
V2	0.16657	0.08536	0.03386	0.71422
V3	0.04457	0.6621	0	0.29333
V4	0.89205	0.08037	0	0.02758
V5	0.09592	0.51261	0.2459	0.14557
V6	0.07087	0.90743	0.00251	0.01919
V7	0.14387	0.39465	0.06446	0.39702
V8	0.10558	0.02825	0.83184	0.03432
V9	0.25303	0.25606	0.00857	0.48233
V10	0	0.03283	0.91758	0.04959
V11	0.19351	0.38697	0.41952	0
V12	0.00203	0.62898	0.36674	0.00225
V13	0.27219	0.7165	0	0.01131
V14	0.05998	0.93906	0	0.00096
V15	0.11287	0.63348	0.10968	0.14396
V16	0.93432	0.02032	0	0.04536
V17	0.08111	0.90068	0	0.01822
V18	0.59014	0.36168	0.01405	0.03413
V19	0.1585	0.83532	0	0.00617
V20	0.16724	0.49459	0	0.33817
V21	0.10673	0.0807	0.78124	0.03134
V22	0.00166	0.10135	0.2089	0.68808
V23	0.3838	0.05056	0.56565	0
V24	0.98673	0.01327	0	0
V25	0.35322	0.25679	0.1099	0.28009
V26	0.40612	0.40189	0	0.19199
V27	0.11748	0.04624	0.00213	0.83416
V28	0	0.06802	0.93198	0
V29	0.4477	0.03299	0.49177	0.02754
V30	0.08727	0.24574	0.2749	0.39209
V31	0.19758	0.21784	0.28923	0.29535
V32	0.09765	0.01273	0.02514	0.86448
V33	0.02278	0.54009	0.35152	0.08561
V34	0.10612	0.05861	0.80244	0.03283
V35	0.1611	0.74935	0.06895	0.02059
V36	0	0.04752	0.4941	0.45838
V37	0.57388	0.06354	0.07365	0.28892
V38	0.45989	0	0.14668	0.39342
V39	0.16087	0.59725	0.11776	0.12412
V40	0.08557	0.8556	0.05884	0
V41	0	0.72392	0.02909	0.247
V42	0.23987	0.01996	0.2071	0.53307
V43	0.11399	0.37696	0.49097	0.01808
V44	0	0.10064	0.74516	0.1542
V45	0.0863	0.62396	0.21317	0.07658
V46	0.83562	0.06702	0.09557	0.00179
V47	0.45409	0.20647	0.29858	0.04087
V48	0.83021	0.1467	0	0.02309
V49	0.75562	0.16312	0	0.08127
V50	0.05669	0.87065	0.07267	0
V51	0.31076	0.42923	0.24393	0.01608
V52	0	0.14177	0.82697	0.03125
V53	0.75819	0.1187	0.12311	0
V54	0.42802	0.21117	0.35108	0.00972
V55	0.2176	0.14187	0.23712	0.40341
V56	0.05703	0	0.08209	0.86089
V57	0.09418	0.89445	0.00321	0.00816
V58	0.68838	0	0	0.31162
V59	0.44254	0.43162	0.0865	0.03933
V60	0.12317	0.17572	0.32921	0.37191
V61	0.83228	0.08096	0	0.08676
V62	0.91602	0.02279	0.0377	0.02349
V63	0.00178	0.8681	0.11443	0.0157
V64	0	0.88579	0	0.11421
V65	0.01328	0	0.08874	0.89798
V66	0.22033	0.72152	0	0.05815
V67	0.13675	0.36462	0.49863	0
V68	0.17616	0.15106	0	0.67278
V69	0	0.35188	0.60857	0.03955
V70	0.55573	0.16002	0.16376	0.12049
V71	0.16035	0.08168	0.38423	0.37373
V72	0.59624	0.16325	0.07195	0.16856
V73	0.14767	0.64725	0.12908	0.076
V74	0.01959	0.25476	0.72565	0
V75	0.74134	0	0.16404	0.09462
V76	0	0.19458	0.17748	0.62794
V77	0.03095	0.30918	0	0.65987
V78	0.32126	0.12277	0.17747	0.3785
V79	0	0.12805	0.79528	0.07667
V80	0.35634	0.02345	0.53725	0.08297
V81	0.02392	0.19474	0.78134	0
V82	0	0.09527	0.89895	0.00577
V83	0.14431	0.19251	0.05992	0.60326
V84	0.42292	0.03648	0.15342	0.38718
V85	0.09168	0.35408	0.39651	0.15774
V86	0.00814	0.07791	0.86808	0.04586
V87	0.02324	0.87167	0.04446	0.06063
V88	0.17021	0.06222	0.27517	0.4924
V89	0.01055	0.00661	0.21133	0.77152
V90	0.01693	0.928	0.04492	0.01015
V91	0.0192	0.77629	0.183	0.02151
V92	0.47289	0.02013	0.37523	0.13175
V93	0.90449	0	0	0.09551
V94	0	0.49966	0	0.50034
V95	0.25687	0.46389	0.14369	0.13555
V96	0.08847	0.09963	0.00931	0.80258
V97	0.70913	0.10535	0.18552	0
V98	0.71301	0.27845	0	0.00855
V99	0.8345	0.03876	0.12292	0.00382
V100	0.04415	0.05266	0.87431	0.02887
V101	0.03786	0.03121	0	0.93093
V102	0.95153	0.0209	0	0.02756
V103	0.00754	0.04062	0.08875	0.86309
V104	0.0205	0.97325	0	0.00625
V105	0.05049	0.94837	0	0.00114
V106	0.10701	0.55228	0.31384	0.02687
V107	0.17182	0.2332	0.55398	0.041
V108	0.14134	0.78351	0.07515	0
V109	0	0.19296	0.59284	0.2142
V110	0.04814	0.90897	0.02413	0.01876
V111	0.95754	0	0.02766	0.01479
V112	0.12015	0.07481	0.44149	0.36355
V113	0.19983	0.11494	0.1747	0.51053
V114	0.27395	0.03583	0.06991	0.62031
V115	0	0.78376	0.21624	0
V116	0.12864	0.35052	0.36287	0.15797
V117	0.70067	0.25921	0.00252	0.0376
V118	0.16526	0.61798	0.01284	0.20392
V119	0.13194	0.0755	0.0378	0.75477
V120	0.04602	0.09904	0.84081	0.01413
V121	0.62064	0.12963	0.07122	0.17851
V122	0.96751	0	0	0.03249
V123	0	0.56665	0.02609	0.40726
V124	0.67762	0.2716	0	0.05078
V125	0.3938	0.43971	0.1587	0.0078
V126	0.04243	0.15957	0.03882	0.75918
V127	0.17171	0.04952	0.2645	0.51427
V128	0.03972	0.00239	0.10838	0.84951
V129	0.59176	0.24402	0.14156	0.02266
V130	0	0.68459	0.31541	0
V131	0.01228	0.92129	0	0.06643
V132	0.96066	0	0	0.03934
V133	0.94752	0.00285	0.02178	0.02785
V134	0.103	0.43461	0.11866	0.34373
V135	0.08574	0.01266	0.18547	0.71613
V136	0.25269	0.42209	0	0.32522
V137	0.67259	0.03197	0.22846	0.06698
V138	0.20901	0.43746	0.1674	0.18613
V139	0.36129	0.22666	0.18284	0.22921
V140	0.03701	0.09178	0.04493	0.82627
V141	0.03906	0.19078	0.54752	0.22264
V142	0.8304	0	0.1696	0
V143	0.44886	0.28061	0.04393	0.2266
V144	0.17289	0.17506	0.16373	0.48833
V145	0	0.78865	0.21135	0
V146	0.07805	0	0.03442	0.88753
V147	0.9428	0.00263	0	0.05457
V148	0.11283	0.09728	0.58651	0.20338
V149	0.25658	0.54086	0.20256	0
V150	0.06361	0.28254	0.58228	0.07157
V151	0.21117	0.66122	0.01337	0.11424
V152	0.22903	0.47714	0.20771	0.08612
V153	0.1057	0.79077	0	0.10353
V154	0.23817	0.48866	0.25756	0.01561
V155	0.48159	0.15899	0.26826	0.09116
V156	0	0.17868	0.69908	0.12224
V157	0.30802	0.17887	0.30247	0.21064
V158	0.03748	0	0.03234	0.93019
V159	0.91163	0.03166	0	0.05671
V160	0.73869	0	0.02698	0.23432
V161	0.24413	0	0.00786	0.748
V162	0.06112	0.34081	0.0698	0.52828
V163	0.08703	0.53458	0.16268	0.21571
V164	0.35002	0.33477	0.0883	0.22691
V165	0	0.28121	0	0.71879
V166	0.00384	0.1058	0.06518	0.82518
V167	0.38073	0	0	0.61927
V168	0.29009	0.59938	0.06247	0.04806
V169	0.21701	0.04905	0.02267	0.71126
V170	0.0917	0.03461	0.54248	0.33121
V171	0.11196	0.28093	0.57629	0.03083
V172	0.74693	0	0.24463	0.00844
V173	0.0308	0.15959	0.03008	0.77953
V174	0.00964	0.18712	0.06878	0.73446
V175	0.03409	0.03056	0.81043	0.12492
V176	0	0.84159	0.15841	0
V177	0	0.98265	0	0.01735
V178	0	0.80803	0	0.19197
V179	0.16288	0.0105	0.39673	0.42989
V180	0.01172	0.92655	0.06173	0
V181	0.1496	0.16342	0.53583	0.15114
V182	0.29509	0.21055	0.44385	0.05051
V183	0.17923	0.82077	0	0
V184	1	0	0	0
V185	0.58692	0.41308	0	0
V186	0.10802	0.52163	0.2548	0.11555
V187	0.97886	0	0	0.02114
V188	0.05868	0.24278	0	0.69855
V189	0.85279	0	0	0.14721
V190	0.68202	0.00931	0.30065	0.00802
V191	0.1721	0.24435	0.55332	0.03024
V192	0.30977	0.4988	0.02697	0.16446
V193	0.6248	0.03019	0.22215	0.12285
V194	0.02651	0.95152	0	0.02197
V195	0	0.06352	0.9195	0.01698
V196	0.01763	0.07396	0.00147	0.90695
V197	0.45637	0.03752	0	0.50611
V198	0.0476	0.54679	0.35888	0.04673
V199	0.18134	0.02043	0.1796	0.61862
V200	0.12937	0.60646	0	0.26417
V201	0.08635	0.59573	0.18304	0.13489
V202	0	0.04707	0.78855	0.16438
V203	0.1533	0.46724	0.3743	0.00516
V204	0	0.57812	0	0.42188
V205	0	0.09262	0.88748	0.0199
V206	0.01271	0.13511	0.85218	0
V207	0.14477	0.2152	0.03727	0.60276
V208	0.24015	0.09083	0.66264	0.00638
V209	0.30832	0.49885	0.04796	0.14487
V210	0.07938	0.79871	0.08047	0.04144
V211	0.46995	0	0.00319	0.52686
V212	0.51747	0.04926	0.41438	0.01889
V213	0.67082	0.01945	0.09107	0.21866
V214	0.34342	0.17895	0.15382	0.32382
V215	0.32207	0.09533	0	0.5826
V216	0.05961	0	0.02284	0.91754
V217	0.02462	0.54103	0.22894	0.20541
V218	0.0874	0.49194	0.1629	0.25777
V219	0.10412	0.67517	0	0.22072
V220	0	0.86573	0	0.13427
V221	0.83193	0	0	0.16807
V222	0.31657	0.15878	0.35407	0.17058
V223	0	0.18002	0.75383	0.06615
V224	1	0	0	0
V225	0.0481	0.90822	0.04368	0
V226	0.30241	0.10744	0.58666	0.0035
V227	0.82167	0	0.16127	0.01706
V228	0.80411	0.0603	0.03784	0.09775
V229	0	0.059	0.91036	0.03064
V230	0.02961	0.02372	0.02777	0.9189
V231	0	0.32267	0.10426	0.57307
V232	0.03104	0.6905	0	0.27846
V233	0.58145	0.09457	0.18321	0.14077
V234	0.02796	0.94381	0.0155	0.01274
V235	0.37637	0.07929	0.51926	0.02508
V236	0.00993	0.10628	0.80561	0.07817
V237	0.1848	0	0.01698	0.79822
V238	0.12054	0.59041	0.25243	0.03662
V239	0.06133	0.44845	0	0.49022
V240	0.49827	0.04763	0.40861	0.04549
V241	0	0.03638	0.89829	0.06533
V242	0.12664	0.79338	0.07936	0.00062
V243	0.23106	0.06447	0.6301	0.07436
V244	0.19425	0.0157	0.70464	0.08541
V245	0.61544	0.30855	0.02258	0.05342
V246	0.02446	0.19344	0.76355	0.01856
V247	0.13691	0.04895	0.81414	0
V248	0.03566	0.02881	0.04677	0.88876
V249	0	0.07868	0.86393	0.05739
V250	0.79967	0	0.19142	0.00891
V251	0.96854	0.01436	0	0.0171
V252	0	0.86499	0.13501	0
V253	0.38591	0.07235	0.1543	0.38744
V254	9e-05	0.9611	0.03679	0.00202
V255	0.03452	0.93036	0	0.03512
V256	0.16121	0.25255	0.50576	0.08047
V257	0.43536	0.11152	0.22246	0.23065
V258	0.16361	0.30487	0.4129	0.11862
V259	0.00499	0.34202	0.62085	0.03214
V260	0	0.3233	0.6767	0
V261	0.63953	0.02639	0.18242	0.15166
V262	0.11672	0.05646	0.00078	0.82604
V263	0.00704	0.97055	0	0.02241
V264	0.15782	0.04935	0.43978	0.35304
V265	0.03555	0	0.13115	0.8333
V266	0.6653	0.3347	0	0
V267	0	0.21037	0.2827	0.50693
V268	0.41425	0.01098	0.13506	0.43971
V269	0	0.5956	0.37237	0.03203
V270	0.66429	0.02062	0.22941	0.08568
V271	0.83553	0.05727	0.00024	0.10696
V272	0.04667	0.85921	0	0.09411
V273	0.0748	0.01399	0.03797	0.87324
V274	0.73326	0	0.15395	0.11279
V275	0	0.0647	0.91915	0.01615
V276	0.51631	0.34104	0	0.14265
V277	0.02212	0.24156	0.15987	0.57645
V278	0.02156	0.06931	0.30679	0.60233
V279	0.71611	0.05282	0.08893	0.14214
V280	0.03748	0	0.03234	0.93019
V281	0.57274	0.02154	0.12559	0.28013
V282	0.02233	0.1069	0.81034	0.06042
V283	0.21107	0.61186	0.04291	0.13415
V284	0.01818	0.93636	0.04546	0
V285	0.02994	0.04077	0.92929	0
V286	0.24397	0.57658	0.09355	0.08591
V287	0.09276	0.88952	0	0.01773
V288	0	0.32437	0.42142	0.25421
V289	0.27227	0.25417	0.40397	0.0696
V290	0.85992	0.14008	0	0
V291	0.49457	0.0825	0.41611	0.00682
V292	0.9422	0	0	0.0578
V293	0.2892	0.03221	0.64209	0.0365
V294	0.08374	0.39006	0	0.5262
V295	0	0.20823	0.19365	0.59812
V296	0.15944	0.15604	0.60151	0.083
V297	0.09253	0	0.061	0.84647
V298	0.29127	0.12966	0.57729	0.00177
V299	0.06837	0.30192	0	0.62971
V300	0	0.03317	0.23719	0.72964
V301	0.09848	0.14894	0.64006	0.11251
V302	0.67001	0.32204	0	0.00795
V303	0	0.63163	0.35704	0.01133
V304	0.02302	0.05438	0.75922	0.16338
V305	0.10326	0.19608	0.45754	0.24312
V306	0.83614	0.08925	0.01998	0.05463
V307	0.01011	0.97271	0	0.01718
V308	0.22044	0.26291	0.28607	0.23058
V309	0.34362	0.33807	0	0.31831
V310	0.06716	0.35797	0.14327	0.4316
V311	0.5277	0.4723	0	0
V312	0.09062	0.76778	0.13132	0.01027
V313	0	0.11608	0.00564	0.87828
V314	0	0.5307	0.09857	0.37073
V315	0.11723	0.66387	0.01593	0.20297
V316	0.30329	0.16059	0.37587	0.16026
V317	0.08089	0.73765	0.02923	0.15222
V318	0.02161	0.6006	0	0.3778
V319	0.02107	0.09896	0.84411	0.03587
V320	0.04969	0.18486	0.64363	0.12182
V321	0.65434	0.34566	0	0
V322	0.19569	0.35608	0.05119	0.39704
V323	0.0659	0.01282	0.08733	0.83394
V324	0.67757	0.26344	0.04176	0.01723
V325	0.30653	0.66135	0.03212	0
V326	0	0.60842	0.07547	0.31611
V327	0.00846	0.16625	0.10015	0.72514
V328	0.01055	0.05499	0.7609	0.17356
V329	0.1755	0.1269	0.16526	0.53235
V330	0.39921	0.00455	0.332	0.26424
V331	0.37018	0.08828	0.0198	0.52174
V332	0	0.05359	0.18755	0.75886
V333	0.42263	0.08905	0.37734	0.11098
V334	0.36183	0.00671	0.35599	0.27547
V335	0	0.38292	0.50093	0.11615
V336	0.17458	0.7301	0	0.09532
V337	0.27413	0.43289	0.27727	0.01572
V338	0	0.98958	0	0.01042
V339	0.09266	0.03141	0.86917	0.00675
V340	0.0269	0.27119	0.5217	0.18022
V341	0.03127	0.0283	0.0624	0.87802
V342	0.23466	0.01245	0.61958	0.13331
V343	0.97596	0	0	0.02404
V344	0.69214	0.15334	0.15451	0
V345	0	0.06665	0.93335	0
V346	0.22705	0.133	0.2795	0.36045
V347	0.04897	0.001	0.12785	0.82218
V348	0.04066	0.69013	0.13487	0.13434
V349	0.33636	0.19298	0.3705	0.10016
V350	0.0049	0.83618	0.15892	0
V351	0	0.04202	0.4138	0.54418
V352	0.00839	0.05128	0.86067	0.07965
V353	0.91241	0.00731	0.00308	0.0772
V354	0.02952	0.72526	0.21539	0.02983
V355	0.26494	0.09669	0.45623	0.18213
V356	0.04013	0.0151	0.09738	0.84738
V357	0.096	0.373	0.27053	0.26047
V358	0.56409	0.10512	0.02251	0.30828
V359	0.60313	0.04823	0.00063	0.348
V360	0.55887	0.43441	0	0.00672
V361	0	0.48352	0.51648	0
V362	0	0.99117	0	0.00883
V363	0.15296	0.14695	0.46645	0.23363
V364	0.13397	0.09315	0.67898	0.0939
V365	0.29067	0.00429	0	0.70503
V366	0.06742	0.71737	0.07238	0.14283
V367	0.58726	0.12293	0	0.28981
V368	0.0798	0.76297	0.07101	0.08622
V369	0	0.4394	0.5606	0
V370	0.28361	0.30852	0.39088	0.01698
V371	0.18579	0.74785	0.00733	0.05904
V372	0.17306	0.05412	0.11554	0.65729
V373	0.05454	0.1743	0.47465	0.29651
V374	0.81099	0.00205	0.18697	0
V375	0.04203	0.03894	0.14442	0.77461
V376	0.03853	0.0277	0.09583	0.83795
V377	0.80702	0	0	0.19298
V378	0	0.04261	0.4201	0.53729
V379	0.34852	0.19899	0	0.45249
V380	0.15098	0.08265	0.19973	0.56663
V381	0.76374	0	0.06688	0.16938
V382	0.04552	0.06827	0.88031	0.0059
V383	0.86725	0	0.00935	0.12341
V384	0.56882	0.07793	0.11412	0.23913
V385	0.88506	0	0.04749	0.06745
V386	0.31857	0.00087	0.14182	0.53874
V387	0.58595	0.15995	0.17161	0.08249
V388	0.36793	0.35693	0.12865	0.14649
V389	0.41555	0.52814	0	0.05631
V390	0.27667	0.28633	0.437	0
V391	0.43917	0.09819	0	0.46264
V392	0.41971	0.24372	0.14858	0.188
V393	0.26529	0.26186	0.33453	0.13832
V394	0.08741	0.25737	0.10333	0.55189
V395	0.20827	0.42686	0.18884	0.17603
V396	0	0.97633	0	0.02367
V397	0.7956	0.08371	0.07729	0.0434
V398	0.45616	0.146	0.0767	0.32115
V399	0.18299	0.58405	0.13755	0.09541
V400	0	0.62906	0.04454	0.32639
V401	0	0.20164	0.72305	0.07531
V402	0.83057	0.16818	0.00125	0
V403	0.03119	0.01632	0.07304	0.87945
V404	0.06232	0.23934	0.60674	0.0916
V405	0.23053	0.02961	0.16542	0.57443
V406	0.64936	0.25165	0	0.09899
V407	0	0.98958	0	0.01042
V408	0.06768	0.28687	0.39346	0.25199
V409	0	0.01394	0.03665	0.94942
V410	0.08179	0.887	0.01341	0.0178
V411	0.45694	0	0	0.54306
V412	0.14053	0.10201	0.502	0.25546
V413	0.03856	0.52913	0.17529	0.25703
V414	0.01065	0.55227	0.32182	0.11526
V415	0.45292	0.03057	0.22355	0.29297
V416	0	0.11259	0.88741	0
V417	0.38106	0.61894	0	0
V418	0.07031	0.11825	0.14018	0.67126
V419	0.03281	0	0.03983	0.92736
V420	0	0.92095	0	0.07905
V421	0.13442	0.06894	0.68289	0.11375
V422	0.0632	0.05997	0	0.87683
V423	0.04415	0.05266	0.87431	0.02887
V424	0	0.07941	0.6213	0.29929
V425	0.02668	0.28508	0.58728	0.10096
V426	0.05899	0.0812	0.79112	0.0687
V427	0.05116	0.44096	0.18571	0.32216
V428	0.0809	0.80192	0.04005	0.07713
V429	0.02867	0	0.04711	0.92422
V430	0.76359	0.16052	0	0.07589
V431	0.16938	0.0389	0.46006	0.33167
V432	0.11863	0.09874	0.03728	0.74535
V433	0.04294	0.76102	0	0.19604
V434	0.3579	0.07765	0.03143	0.53301
V435	0.53215	0	0.10529	0.36257
V436	0.40462	0	0.10388	0.4915
V437	0.23779	0.23466	0	0.52755
V438	0.62443	0.16874	0	0.20683
V439	0.04311	0.09932	0	0.85757
V440	0.51538	0.0271	0.00406	0.45346
V441	0.03798	0.17061	0.59935	0.19205
V442	0.31028	0.37296	0.1205	0.19626
V443	0.77345	0	0.05847	0.16808
V444	0	0.06665	0.93335	0
V445	0.62288	0.0195	0.32835	0.02927
V446	0.02316	0.86368	0.0438	0.06936
V447	0.63325	0.10293	0.16072	0.1031
V448	0.00501	0.07712	0.19823	0.71963
V449	0.56465	0.04719	0.28566	0.10251
V450	0.13211	0.86789	0	0
V451	0.94805	0.01499	0	0.03697
V452	0.04625	0.00079	0.07561	0.87735
V453	0.82755	0.07052	0.03836	0.06357
V454	0	0.9563	0.03348	0.01023
V455	0.60583	0.03703	0.29172	0.06542
V456	0.31568	0.14831	0.37548	0.16053
V457	0	0.03132	0.01834	0.95033
V458	0.27366	0.23218	0	0.49416
V459	0	0.82998	0.08417	0.08585
V460	0.96776	0	0	0.03224
V461	0.07955	0.03246	0	0.88799
V462	0.35314	0.24191	0	0.40495
V463	0.24333	0.50681	0.14459	0.10528
V464	0.52568	0.08152	0	0.39281
V465	0.40449	0.45127	0	0.14424
V466	0.59275	0.1774	0	0.22985
V467	0.31245	0.59583	0.06224	0.02949
V468	0.50179	0.42291	0.02476	0.05055
V469	0	0.21266	0.29024	0.4971
V470	0.5471	0.13815	0.16471	0.15004
V471	0.28555	0.11428	0.01247	0.58769
V472	0.32426	0.33445	0	0.34129
V473	0.08478	0.5838	0.32461	0.00682
V474	0.13196	0	0.09056	0.77748
V475	0.17926	0.43733	0.0623	0.32112
V476	0.18235	0.00289	0.05218	0.76259
V477	0.60682	0.03867	0.19338	0.16112
V478	0.12677	0.61252	0	0.26071
V479	0	0.12786	0.79245	0.07969
V480	0.07648	0.34868	0.02632	0.54852
V481	0.11746	0.04847	0.81941	0.01466
V482	0.70173	0.17085	0.08977	0.03765
V483	0.13709	0.12241	0.06377	0.67674
V484	0.03175	0.0698	0.02244	0.87602
V485	0.11627	0.76234	0	0.12139
V486	0.26717	0.29621	0.11369	0.32293
V487	0.08454	0.04555	0.08242	0.78749
V488	0	0.03603	0.87287	0.0911
V489	0.19361	0.13797	0.66548	0.00294
V490	0.34127	0.34488	0.04625	0.26761
V491	0.44454	0.49051	0.00637	0.05859
V492	0.01192	0.86526	0.12282	0
V493	0.04534	0	0	0.95466
V494	0.17365	0.19591	0.50987	0.12057
V495	0.21729	0.64844	0.12654	0.00773
V496	0.27198	0.6911	0	0.03692
V497	0	0.03587	0.94454	0.01959
V498	0.33197	0.11306	0.03152	0.52345
V499	0.61937	0.28019	0.10044	0
V500	0.07276	0.16627	0.7236	0.03736
V501	0	0	0.05222	0.94778
V502	0.54626	0.29974	0.13308	0.02092
V503	0.19797	0.11652	0.19609	0.48942
V504	0.23024	0.71251	0	0.05726
V505	0.18681	0.25118	0.24669	0.31532
V506	0.06584	0.30073	0.44389	0.18955
V507	0.61938	0.10956	0.10187	0.16918
V508	0.76602	0.17298	0.01047	0.05053
V509	0.21373	0.08886	0.50458	0.19283
V510	0.20885	0.54687	0.24428	0
V511	0.03524	0.46815	0.02595	0.47067
V512	0.26105	0.04814	0.07	0.62081
V513	0.06354	0.67478	0.2045	0.05719
V514	0.02042	0.06128	0	0.9183
V515	0.78956	0.05866	0.01894	0.13285
V516	0.93708	0.05286	0	0.01006
V517	0.02872	0.03214	0.26252	0.67662
V518	0.97755	0.00222	0	0.02024
V519	0.01226	0.89485	0	0.09289
V520	0	0.01378	0.64767	0.33855
V521	0.5656	0.05445	0.35217	0.02778
V522	0	0.16743	0.57085	0.26172
V523	0.34958	0.15069	0.24783	0.2519
V524	0	0.80108	0.18034	0.01858
V525	0.26695	0.23036	0	0.5027
V526	0.65828	0.08313	0.05085	0.20774
V527	0.19816	0.03426	0.40411	0.36347
V528	0.09006	0.86938	0	0.04056
V529	0.05266	0.0765	0.22737	0.64347
V530	0	0.25175	0.6567	0.09155
V531	0	0.90035	0.09965	0
V532	0.17447	0.36551	0	0.46002
V533	0.27461	0.38682	0.122	0.21657
V534	0	0.04243	0.71559	0.24197
V535	0.57029	0	0	0.42971
V536	0.18909	0	0.38159	0.42932
V537	0.59035	0.27543	0.13163	0.00258
V538	0.47446	0.05298	0.06835	0.40421
V539	0.25687	0.46389	0.14369	0.13555
V540	0.19623	0.71572	0.05853	0.02952
V541	0	0.56055	0.04771	0.39174
V542	0.1914	0.15586	0.249	0.40374
V543	0.89492	0	0	0.10508
V544	0.1036	0.10702	0.16985	0.61954
V545	0.37605	0.15818	0.04923	0.41655
V546	0.03664	0.90969	0.05367	0
V547	0.01648	0.6766	0.3055	0.00143
V548	0.14648	0.78604	0.06748	0
V549	0.31171	0.05456	0.62521	0.00852
V550	0.60943	0	0	0.39057
V551	0.17375	0.75966	0.01739	0.0492
V552	0	0.56331	0	0.43669
V553	0.2078	0.18927	0.5925	0.01043
V554	0.06763	0.08969	0.01408	0.8286
V555	0.07145	0.27246	0.32925	0.32684
V556	0	0.07155	0.89714	0.03131
V557	0.84365	0	0	0.15635
V558	0.05834	0.81905	0.00942	0.11319
V559	0	0.82764	0.17236	0
V560	0.69999	0.29861	0	0.0014
V561	0	0.0647	0.91915	0.01615
V562	0.805	0	0.08909	0.10591
V563	0.22444	0.02551	0.74498	0.00507
V564	0.02279	0.12172	0.84232	0.01317
V565	0.10506	0.30734	0.3676	0.22
V566	0.71342	0.07628	0	0.2103
V567	0.21789	0.48463	0	0.29748
V568	0.26587	0	0.03513	0.69901
V569	0.70074	0	0	0.29926
V570	0	0.34096	0.60021	0.05883
V571	0.8325	0.09987	0	0.06763
V572	0.44502	0.01523	0.43755	0.1022
V573	0.06726	0.18095	0	0.75179
V574	0.02167	0.81212	0.16321	0.003
V575	0.01135	0.09715	0.12368	0.76782
V576	0.15031	0.82519	0.01935	0.00516
V577	0.03161	0.05339	0.21868	0.69632
V578	0.024	0.10699	0.68628	0.18273
V579	0	0.90161	0.08228	0.01611
V580	0.16561	0	0.10589	0.72849
V581	0.08134	0.0704	0	0.84827
V582	0.59439	0.15913	0	0.24648
V583	0	0.07715	0.59676	0.32609
V584	0.51167	0.18051	0.27607	0.03175
V585	0	0.02266	0.46241	0.51493
V586	0.21932	0.03171	0.65446	0.09451
V587	0.25177	0.03554	0.68463	0.02805
V588	0.65515	0.03066	0	0.31419
V589	0.04565	0.84164	0.05267	0.06004
V590	0.02952	0.7899	0.18058	0
V591	0	0.04307	0.20578	0.75115
V592	0.12512	0.0703	0.80458	0
V593	0.60309	0	0.15996	0.23695
V594	0.32224	0.32506	0.31601	0.03669
V595	0.045	0.02223	0.02485	0.90792
V596	0.01441	0.32986	0.22231	0.43342
V597	0	0.61494	0.3197	0.06536
V598	0	0.16393	0.82657	0.0095
V599	0.63352	0.33588	0.00439	0.02622
V600	0.35462	0.50314	0.02663	0.1156
V601	0.16052	0.31137	0.06539	0.46271
V602	0.04843	0.02665	0.0099	0.91502
V603	0	0.40909	0	0.59091
V604	0.50999	0.1404	0.3262	0.02341
V605	0.04292	0.37974	0.38939	0.18795
V606	0.73589	0.14524	0	0.11887
V607	0.67292	0	0.08915	0.23793
V608	0.20522	0.19897	0.37407	0.22173
V609	0.00282	0.28242	0.23616	0.4786
V610	0.78976	0.00841	0.0683	0.13354
V611	0.31417	0	0.03017	0.65566
V612	0	0.13952	0.79594	0.06454
V613	0.00675	0.38436	0.57818	0.0307
V614	0.78074	0.05873	0.01889	0.14165
V615	0.14839	0.04745	0	0.80416
V616	0.06917	0.73885	0.02988	0.1621
V617	0.46389	0.18387	0.35224	0
V618	0.73515	0	0	0.26485
V619	0.38711	0.0372	0.3116	0.26409
V620	0	0.68459	0.31541	0
V621	0.42443	0.17622	0.15978	0.23957
V622	0.34429	0.26057	0.377	0.01814
V623	0.00957	0.08633	0.14499	0.7591
V624	0.80786	0.17176	0	0.02038
V625	0.25831	0.52513	0.08166	0.1349
V626	0.96849	0	0	0.03151
V627	0	0.01893	0.07538	0.90569
V628	0	0.24787	0	0.75213
V629	0.10951	0.33713	0.27071	0.28264
V630	0.00611	0.38462	0.569	0.04027
V631	0.00382	0.22557	0.09858	0.67203
V632	0.60786	0	0.10611	0.28603
V633	0	0.07405	0.81763	0.10832
V634	0.38535	0.29614	0.31851	0
V635	0.00965	0.79309	0	0.19726
V636	0.0989	0.14831	0.63071	0.12208
V637	0.31067	0.22155	0.071	0.39678
V638	0.38029	0.28513	0.04607	0.28851
V639	0.2497	0.45953	0.29077	0
V640	0	0.20338	0.74864	0.04799
V641	0.90812	0.02383	0	0.06805
V642	0.77438	0.15212	0	0.0735
V643	0	0.23083	0.44407	0.32509
V644	0.92886	0.04813	0	0.02301
V645	0.24932	0.44623	0.29848	0.00597
V646	0.00272	0.98602	0	0.01125
V647	0.12081	0.12937	0.69407	0.05575
V648	0.40631	0.45707	0.11813	0.01849
V649	0	0.10916	0.83348	0.05736
V650	0.02292	0.13761	0.77165	0.06782
V651	0.29645	0.02025	0.67843	0.00487
V652	0.06995	0.12354	0.44373	0.36278
V653	0.11427	0.69119	0.08998	0.10457
V654	0.70358	0.20922	0.03063	0.05657
V655	0.02224	0.61911	0	0.35866
V656	0.21221	0.28966	0	0.49812
V657	0.03543	0.0724	0	0.89216
V658	0.60414	0.22622	0.03105	0.1386
V659	0.31969	0.1122	0.35645	0.21165
V660	0.01642	0.96185	0	0.02173
V661	0.04692	0.46771	0.03649	0.44889
V662	0.40833	0.02801	0.46141	0.10224
V663	0.22204	0.10532	0.5603	0.11234
V664	0.18122	0.10329	0.67007	0.04542
V665	0.69824	0.19819	0.00962	0.09395
V666	0.61118	0	0.06425	0.32457
V667	0.79006	0.06876	0.14118	0
V668	0.10762	0.82507	0.06731	0
V669	0.21678	0.44759	0.2393	0.09633
V670	0.06764	0.9143	0	0.01806
V671	0.34953	0.31977	0.24234	0.08836
V672	0	0.07008	0.89416	0.03576
V673	0.21917	0.4052	0.21921	0.15642
V674	0.72992	0.14104	0	0.12904
V675	0.11885	0.37241	0.31083	0.19791
V676	0.02386	0.13008	0.10127	0.74479
V677	0.37823	0.42815	0.07732	0.1163
V678	0.51953	0.48047	0	0
V679	0.01818	0.36391	0.61612	0.00179
V680	0.29994	0.57016	0.12274	0.00716
V681	0.91514	0.04292	0	0.04195
V682	0.08941	0.34695	0.53412	0.02952
V683	0.00198	0.99802	0	0
V684	0.70346	0.16895	0.07028	0.05731
V685	0.48968	0.3655	0.10442	0.04039
V686	0.0861	0.21305	0.14667	0.55418
V687	0.04763	0.0081	0.03025	0.91403
V688	0.3697	0.51044	0	0.11985
V689	0.27874	0	0.01468	0.70658
V690	0.46548	0.05856	0.4125	0.06346
V691	0.12866	0.03269	0.83301	0.00564
V692	0.04889	0.18778	0.69805	0.06527
V693	0.22052	0.13851	0.36544	0.27553
V694	0	0.03556	0.30446	0.65998
V695	0.25741	0	0.14958	0.59302
V696	0.09127	0.08945	0	0.81928
V697	0.02263	0.05538	0.00547	0.91652
V698	0.83764	0	0	0.16236
V699	0.5638	0.30387	0.04217	0.09016
V700	0.25472	0.00295	0	0.74233
V701	0.10192	0.56387	0.09849	0.23572
V702	0.56203	0.06429	0	0.37368
V703	0.11711	0.0786	0.49495	0.30934
V704	0.84526	0.03108	0	0.12366
V705	0.95917	0	0	0.04083
V706	0.04731	0.09066	0.77542	0.08661
V707	0.00981	0.4781	0.48296	0.02914
V708	0.02539	0.90205	0.00333	0.06923
V709	0.11303	0.31082	0.50638	0.06977
V710	0.60541	0.22572	0.02051	0.14836
V711	0.07981	0.81591	0.08103	0.02325
V712	0.8378	0.02453	0	0.13768
V713	0.43811	0.32369	0.0025	0.2357
V714	0	0.71197	8e-05	0.28796
V715	0.28709	0.36914	0.28684	0.05692
V716	0.04744	0.03787	0.04352	0.87116
V717	0.06792	0.9227	0	0.00937
V718	0.13458	0.59003	0.17039	0.10501
V719	0.04517	0.74313	0.02003	0.19167
V720	0.71664	0	0.20701	0.07635
V721	0.10261	0.20791	0.46749	0.22199
V722	0.08758	0.3697	0	0.54272
V723	0.12354	0.08033	0	0.79613
V724	0.60021	0.01712	0.0637	0.31897
V725	0	0.14186	0.83304	0.0251
V726	0.01872	0.42871	0.11166	0.4409
V727	0.2596	0.66721	0.07318	0
V728	0.01472	0.90214	0.08314	0
V729	0.4253	0.00057	0.15486	0.41927
V730	0.92345	0.01904	0.01269	0.04482
V731	0	0.24287	0.3991	0.35803
V732	0.34503	0.09879	0.34431	0.21187
V733	0.65114	0.19984	0.00031	0.1487
V734	0.21692	0.34396	0.43912	0
V735	0	0.04779	0.49861	0.4536
V736	0.16314	0	0	0.83686
V737	0.31703	0.32098	0.22483	0.13716
V738	0.05421	0.37893	0.43869	0.12816
V739	0	0.03513	0.61156	0.35331
V740	0.8635	0.08166	0.03938	0.01546
V741	0.49029	0.11267	0.10694	0.29009
V742	0.40019	0.59981	0	0
V743	0.11008	0.18632	0.68991	0.01369
V744	0.51872	0.04984	0.31922	0.11223
V745	0	0.72159	0.17572	0.1027
V746	0.97719	0	0	0.02281
V747	0.02333	0.01886	0.7421	0.21572
V748	0.09988	0.14479	0.58342	0.17191
V749	0.29136	0.19657	0.03009	0.48198
V750	0.41116	0.47511	0	0.11372
V751	0.03604	0.88748	0.02406	0.05242
V752	0.45564	0.25051	0.11627	0.17758
V753	0.04433	0.02173	0	0.93394
V754	0	0.94392	0	0.05608
V755	0.1326	0.2351	0.33665	0.29565
V756	0.03921	0.00343	0.0548	0.90255
V757	0.33568	0.60266	0.04112	0.02054
V758	0.03088	0.78773	0.1129	0.0685
V759	0.10947	0.08482	0.40963	0.39608
V760	0.29243	0.07086	0.27657	0.36015
V761	0.04915	0.60815	0.26669	0.076
V762	0	0.41711	0	0.58289
V763	0.38763	0.37832	0	0.23405
V764	0	0.9425	0	0.0575
V765	0.68284	0.0597	0	0.25746
V766	0	0.36924	0.42886	0.2019
V767	0.47597	0.14491	0.22943	0.1497
V768	0.04914	0.92704	0.00385	0.01997
V769	0.13917	0.84441	0.01017	0.00625
V770	0.00272	0.98602	0	0.01125
V771	0.14168	0.04656	0.798	0.01377
V772	0.1072	0.08471	0.80809	0
V773	0.1585	0.83532	0	0.00617
V774	0	0.03697	0.92558	0.03745
V775	0.10828	0.05314	0.29028	0.54829
V776	0.42601	0.44199	0.0256	0.10639
V777	0.17747	0.13648	0.13347	0.55257
V778	0.53362	0.29589	0.04269	0.1278
V779	0.15366	0.06593	0.50298	0.27743
V780	0.09481	0.78917	0.11602	0
V781	0.06429	0.02838	0.02725	0.88007
V782	0	0.17019	0.77197	0.05784
V783	0.81456	0.00559	0.01902	0.16083
V784	0.10371	0.89629	0	0
V785	0.02726	0.95046	0	0.02227
V786	0.72382	0.16757	0.05987	0.04874
V787	0	0.85399	0.14601	0
V788	0.50127	0.32334	0.13484	0.04055
V789	0.0634	0.4077	0.00348	0.52543
V790	0.47729	0.01774	0.05932	0.44565
V791	0.11735	0.41594	0.31987	0.14684
V792	0.12713	0.56012	0	0.31275
V793	0.11724	0.68361	0.01665	0.1825
V794	0.0101	0.12759	0.78467	0.07764
V795	0.12203	0.04293	0.05117	0.78387
V796	0	0.13217	0.84353	0.0243
V797	0.78217	0	0.20245	0.01538
V798	0.62321	0.30919	0.053	0.0146
V799	0.12839	0.79597	0.00752	0.06812
V800	0.04318	0.0472	0.53505	0.37457
V801	0.124	0.15157	0.33015	0.39428
V802	0.02064	0.1042	0.28354	0.59161
V803	0.20392	0.5446	0.25148	0
V804	0.52528	0.02203	0.37893	0.07376
V805	0	0.03773	0.96227	0
V806	0.03716	0.92658	0	0.03626
V807	0.26994	0.1728	0.01048	0.54679
V808	0.66822	0.28305	0.01238	0.03636
V809	6e-05	0.0848	0.91514	0
V810	0.00129	0.98713	0	0.01158
V811	0.42824	0.08603	0.19293	0.2928
V812	0.54788	0.28359	0.02145	0.14708
V813	0.59201	0.21393	0.17111	0.02295
V814	0.43454	0.54718	0.01827	0
V815	0	0.93926	0.06074	0
V816	0.98035	0	0.01965	0
V817	0	0.12293	0.86168	0.01539
V818	0	0.05209	0.03678	0.91113
V819	0.84575	0.07914	0.01976	0.05536
V820	0.14513	0.10907	0.00155	0.74426
V821	0.20045	0.35653	0.37545	0.06757
V822	0.03237	0.06595	0.87288	0.0288
V823	0	0.24304	0.66728	0.08968
V824	0.05853	0.41714	0.52433	0
V825	0.20829	0.3296	0.24289	0.21922
V826	0.42779	0.43516	0.13704	0
V827	0.3778	0.60157	0	0.02063
V828	0.22578	0.19152	0.0976	0.4851
V829	0.0334	0.27799	0.02074	0.66787
V830	0.22981	0.25613	0	0.51406
V831	0.7878	0.08864	0	0.12357
V832	0.25767	0.4322	0.15458	0.15555
V833	0.13513	0.53917	0.17078	0.15492
V834	0.30716	0.08101	0.06537	0.54647
V835	0.35095	0.47306	0.09936	0.07663
V836	0	0.70589	0	0.29411
V837	0.20923	0.41596	0.1783	0.19651
V838	0.95841	0.02875	0	0.01285
V839	0.2938	0.62522	0.08098	0
V840	0.28533	0.71467	0	0
V841	0	0.08972	0.86077	0.04951
V842	0.34652	0.19667	0.24692	0.20989
V843	0	0.06642	0.86138	0.07219
V844	0.09754	0.11957	0.38755	0.39534
V845	0.03554	0.15718	0.74034	0.06694
V846	0	0.04721	0.75718	0.19561
V847	0	0	0.03711	0.96289
V848	0.07503	0.54608	0.16328	0.21561
V849	0	0.96795	0	0.03205
V850	0.96935	0	0	0.03065
V851	0.32325	0.54937	0.12738	0
V852	0.11189	0.05785	0.129	0.70127
V853	0.2255	0.26703	0.38849	0.11898
V854	0.59273	0.18599	0.08187	0.13941
V855	0	0	0.03711	0.96289
V856	0.0205	0.40246	0.34872	0.22833
V857	0.6818	0.18772	0	0.13048
V858	0.5578	0.01788	0.41779	0.00653
V859	0.66036	0.24021	0	0.09943
V860	0.19874	0.12985	0.03904	0.63237
V861	0.06653	0.40089	0.53258	0
V862	0.10835	0.13115	0.71348	0.04702
V863	0.21497	0.04397	0	0.74105
V864	0.08048	0.03513	0.04814	0.83626
V865	0.11248	0.00313	0.28175	0.60264
V866	0.73916	0.0141	0.23136	0.01538
V867	0.7386	0.02514	0.23118	0.00508
V868	0.5048	0.30083	0.11423	0.08014
V869	0.01156	0.97975	0	0.00869
V870	0.1008	0.37591	0	0.52329
V871	0	0.96795	0	0.03205
V872	0	0.022	0.2625	0.7155
V873	0.90785	0.019	0.02088	0.05227
V874	0.18879	0.80537	0.00585	0
V875	0	0.23279	0.20311	0.56409
V876	0.1393	0.37204	0.40041	0.08825
V877	0.02233	0.4453	0.29462	0.23775
V878	0.12024	0.83194	0.04782	0
V879	0.18583	0.71058	0.02662	0.07697
V880	0.30288	0.55697	0	0.14015
V881	0.12475	0.07519	0.60658	0.19349
V882	0.82169	0	0.09077	0.08755
V883	0.25842	0.23424	0.50734	0
V884	0.0066	0.293	0	0.7004
V885	0.72413	0.21825	0.05762	0
V886	0	0.41288	0.45536	0.13177
V887	0.63956	0.06863	0.14087	0.15094
V888	0.07244	0.08771	0.74474	0.0951
V889	0.93372	0.02992	0	0.03636
V890	0	0.19673	0.62143	0.18184
V891	0.62592	0.0582	0.26908	0.04681
V892	0.28975	0.19182	0	0.51843
V893	0.57176	0.23339	0.13225	0.0626
V894	0.04145	0.36072	0.56722	0.03061
V895	0.59395	0.07221	0.18291	0.15094
V896	0.02651	0.95152	0	0.02197
V897	0.69236	0.24602	0	0.06162
V898	0.48013	0	0	0.51987
V899	0.01248	0.22856	0.1395	0.61946
V900	0.05621	0.34449	0.35953	0.23977
V901	0.02219	0.85763	0	0.12018
V902	0.03831	0.92659	0.0351	0
V903	0	0.46348	0.50467	0.03185
V904	0.01008	0.98087	0	0.00904
V905	0.15852	0	0.1706	0.67087
V906	0.41171	0.10217	0.09046	0.39566
V907	0.42851	0.52343	0	0.04806
V908	0.00954	0.05062	0.07023	0.86961
V909	0.12397	0.8115	0	0.06453
V910	0.17638	0	0.1059	0.71771
V911	0.5153	0.4112	0.00413	0.06937
V912	0.38109	0.35483	0.10802	0.15606
V913	0.12971	0	0	0.87029
V914	0.16703	0.52656	0.28055	0.02587
V915	0.23648	0	0	0.76352
V916	0.23004	0.08848	0.63632	0.04516
V917	0.72176	0.02449	0.14797	0.10578
V918	0.02661	0.66004	0.22751	0.08584
V919	0.18306	0.27648	0.28857	0.25189
V920	0.61048	0.21688	0.07152	0.10112
V921	0.02972	0.18219	0.01781	0.77028
V922	0.08176	0.50311	0.37833	0.0368
V923	0.09499	0.01056	0.04344	0.85101
V924	0.01729	0.69739	0.26564	0.01968
V925	0.19615	0.02605	0	0.7778
V926	0.2197	0.01439	0.01594	0.74997
V927	0.03103	0.03854	0.05344	0.87699
V928	0.03599	0.90454	0	0.05947
V929	0.04071	0.67181	0.12398	0.1635
V930	0.50731	0.39207	0.0032	0.09742
V931	0.11344	0.32196	0.49533	0.06927
V932	0	0.16076	0.61566	0.22358
V933	0.59951	0.39295	0	0.00754
V934	0	0.18742	0.27686	0.53573
V935	0.54997	0.18444	0.19318	0.07241
V936	0.52445	0.28236	0	0.19319
V937	0.54652	0.14226	0.06317	0.24805
V938	0.37457	0.05996	0.30152	0.26394
V939	0.77452	0.00681	0.04874	0.16994
V940	0.00868	0.81542	0.14383	0.03208
V941	0	0.04142	0.94033	0.01825
V942	0.74276	0.19763	0.04058	0.01903
V943	0.38116	0.15993	0.40744	0.05147
V944	0.00239	0.30696	0.05319	0.63747
V945	0.55582	0.35781	0	0.08637
V946	0.44216	0.29129	0.23781	0.02874
V947	0.07681	0.0641	0.23702	0.62207
V948	0.32492	0.05258	0.60452	0.01797
V949	0	0.13649	0.20152	0.66199
V950	0.03729	0.57112	0.20661	0.18499
V951	0.85116	0.00828	0.13093	0.00962
V952	0.05493	0.16241	0.26901	0.51365
V953	0	0.10093	0.86576	0.03331
V954	0.02558	0.21579	0.1394	0.61923
V955	0.11809	0.63367	0.00386	0.24438
V956	0.00617	0.04902	0.53767	0.40714
V957	0.34971	0	0	0.65029
V958	0.04534	0	0	0.95466
V959	0.21123	0.30189	0.41779	0.0691
V960	0.23379	0.30699	0.06162	0.3976
V961	0.11682	0.4263	0.33959	0.11729
V962	0.34655	0.20443	0.37894	0.07008
V963	0.58596	0.19012	0.1418	0.08212
V964	0.85392	0.02286	0.07522	0.048
V965	0.03811	0.53991	0.18582	0.23616
V966	0.96736	0	0	0.03264
V967	0.02953	0.07243	0.54572	0.35232
V968	0	0.20146	0.74552	0.05303
V969	0	0.3272	0.01981	0.653
V970	0.00676	0.16145	0.43648	0.39531
V971	0.49185	0.10667	0.31951	0.08197
V972	0.51094	0.21973	0.02239	0.24693
V973	0.26386	0.45098	0.05947	0.22569
V974	0	0.80579	0.12119	0.07302
V975	0.07298	0.33541	0.59162	0
V976	0.43348	0.27298	0.0964	0.19714
V977	0.30235	0.38568	0.31197	0
V978	0.07011	0.10181	0.06017	0.76791
V979	0.82129	0.01024	0.15997	0.00849
V980	0.97719	0	0	0.02281
V981	0.32967	0.04751	0.43071	0.1921
V982	0.43575	0.42147	0.05584	0.08694
V983	0.7173	0.03367	0	0.24903
V984	0	0.8619	0.10417	0.03393
V985	0.07636	0.20238	0	0.72126
V986	0.3183	0.5472	0.029	0.10551
V987	0.23588	0.75263	0	0.0115
V988	0.23316	0	0	0.76684
V989	0.43989	0.4917	0.05717	0.01124
V990	0	0.09246	0.78068	0.12686
V991	0.64864	0.34424	0	0.00713
V992	0.19046	0.02059	0.53263	0.25633
V993	0.05375	0.74251	0.16387	0.03987
V994	0.18446	0.80223	0.00847	0.00484
V995	0.7485	0.11042	0	0.14109
V996	0.28273	0.12493	0	0.59233
V997	0	0.05111	0.83268	0.11621
V998	0.8942	0	0.03779	0.06801
V999	0.11128	0.88872	0	0
V1000	0.33075	0	0	0.66925
