CD19B	CD56NK	CD4MemoryT	CD14
V1	0.45293	0.0687	0.18412	0.29425
V2	0.17543	0.15316	0.08651	0.5849
V3	0.0929	0.56974	0.03404	0.30332
V4	0.70798	0.15295	0.03398	0.10509
V5	0.13083	0.45045	0.2192	0.19953
V6	0.09909	0.77189	0.03274	0.09628
V7	0.16248	0.36636	0.09859	0.37258
V8	0.1531	0.07034	0.66418	0.11238
V9	0.22809	0.27135	0.06856	0.43199
V10	0.06538	0.07647	0.73013	0.12802
V11	0.20138	0.3543	0.36069	0.08363
V12	0.06491	0.53775	0.30744	0.0899
V13	0.2404	0.64034	0.02283	0.09643
V14	0.09282	0.80617	0.02009	0.08093
V15	0.13708	0.5448	0.12045	0.19767
V16	0.74137	0.08397	0.05988	0.11478
V17	0.10687	0.77055	0.02657	0.09601
V18	0.46108	0.35716	0.06717	0.11459
V19	0.16195	0.72882	0.02162	0.08761
V20	0.17426	0.44574	0.04506	0.33494
V21	0.15251	0.10419	0.63204	0.11126
V22	0.08326	0.15798	0.19948	0.55928
V23	0.33427	0.08608	0.49014	0.0895
V24	0.78094	0.06509	0.0686	0.08537
V25	0.29407	0.26928	0.13861	0.29804
V26	0.32746	0.39089	0.04521	0.23644
V27	0.14415	0.12359	0.0653	0.66695
V28	0.05426	0.08476	0.77859	0.08239
V29	0.37532	0.07419	0.43726	0.11323
V30	0.13248	0.25315	0.24473	0.36964
V31	0.20207	0.23328	0.25951	0.30513
V32	0.13052	0.10288	0.07463	0.69197
V33	0.0819	0.46631	0.29504	0.15675
V34	0.15237	0.08673	0.64879	0.11211
V35	0.16452	0.64552	0.08704	0.10291
V36	0.06818	0.10635	0.40244	0.42303
V37	0.44241	0.12765	0.12212	0.30782
V38	0.3656	0.06606	0.18604	0.3823
V39	0.16858	0.51982	0.12788	0.18373
V40	0.11524	0.73196	0.07879	0.074
V41	0.05452	0.6105	0.06075	0.27423
V42	0.22559	0.10025	0.20752	0.46664
V43	0.14697	0.33935	0.40721	0.10646
V44	0.06671	0.12851	0.59197	0.21281
V45	0.11989	0.53775	0.19402	0.14833
V46	0.65142	0.11359	0.14543	0.08956
V47	0.37098	0.22145	0.2834	0.12417
V48	0.65348	0.20495	0.03825	0.10331
V49	0.59091	0.22445	0.03043	0.1542
V50	0.09207	0.74114	0.08554	0.08125
V51	0.27109	0.39286	0.22976	0.10628
V52	0.07317	0.15031	0.66512	0.1114
V53	0.59524	0.15917	0.16434	0.08124
V54	0.3543	0.22162	0.32263	0.10145
V55	0.2137	0.18245	0.22471	0.37914
V56	0.10787	0.09675	0.11421	0.68116
V57	0.11471	0.7637	0.03311	0.08848
V58	0.52242	0.06578	0.08236	0.32945
V59	0.35619	0.4058	0.11686	0.12115
V60	0.15769	0.20208	0.28417	0.35606
V61	0.64839	0.14863	0.0468	0.15618
V62	0.72048	0.07625	0.10497	0.0983
V63	0.05429	0.7362	0.113	0.09652
V64	0.04924	0.75564	0.01474	0.18038
V65	0.08735	0.09095	0.12254	0.69916
V66	0.2031	0.62768	0.03655	0.13267
V67	0.16297	0.33012	0.41606	0.09085
V68	0.1814	0.1989	0.06309	0.55661
V69	0.07017	0.31801	0.4897	0.12213
V70	0.43843	0.19268	0.18633	0.18257
V71	0.1828	0.13374	0.32558	0.35788
V72	0.46273	0.1998	0.1181	0.21937
V73	0.15967	0.55838	0.13395	0.148
V74	0.09504	0.24166	0.58451	0.07879
V75	0.57708	0.05052	0.20719	0.16521
V76	0.06574	0.2238	0.18054	0.52993
V77	0.09417	0.31614	0.04403	0.54565
V78	0.27498	0.17072	0.18878	0.36551
V79	0.05538	0.14396	0.64467	0.15598
V80	0.31271	0.07125	0.4598	0.15624
V81	0.09651	0.1916	0.62538	0.08651
V82	0.05256	0.10894	0.74896	0.08954
V83	0.16324	0.22597	0.10121	0.50958
V84	0.34021	0.10804	0.17705	0.3747
V85	0.13339	0.32692	0.33138	0.2083
V86	0.09065	0.09954	0.69027	0.11954
V87	0.06923	0.73412	0.0637	0.13295
V88	0.1863	0.12679	0.24977	0.43714
V89	0.08829	0.09545	0.202	0.61426
V90	0.06165	0.78573	0.06285	0.08977
V91	0.07011	0.65897	0.16646	0.10447
V92	0.38639	0.07756	0.34446	0.19159
V93	0.72681	0.06048	0.04029	0.17242
V94	0.07102	0.4413	0.04797	0.43971
V95	0.23262	0.42077	0.15351	0.1931
V96	0.12549	0.16305	0.06957	0.64189
V97	0.55765	0.14446	0.20994	0.08795
V98	0.56328	0.31636	0.02705	0.0933
V99	0.65301	0.08845	0.16809	0.09045
V100	0.11411	0.08185	0.69885	0.10519
V101	0.09189	0.10669	0.05693	0.74448
V102	0.76395	0.09116	0.04537	0.09952
V103	0.0852	0.11927	0.12038	0.67514
V104	0.06269	0.83674	0.01902	0.08156
V105	0.08303	0.80929	0.02608	0.08159
V106	0.13561	0.47992	0.27229	0.11219
V107	0.18973	0.22871	0.4582	0.12337
V108	0.155	0.67622	0.0946	0.07418
V109	0.06725	0.20436	0.474	0.25439
V110	0.08432	0.77107	0.0482	0.09641
V111	0.75908	0.04129	0.10701	0.09262
V112	0.15898	0.12666	0.36369	0.35066
V113	0.2005	0.16683	0.1824	0.45027
V114	0.24307	0.11578	0.11315	0.52801
V115	0.04708	0.67383	0.19669	0.08241
V116	0.15816	0.32559	0.30814	0.20812
V117	0.5434	0.27783	0.06158	0.11719
V118	0.17013	0.53638	0.0532	0.24029
V119	0.15547	0.14614	0.08784	0.61056
V120	0.1121	0.11524	0.67625	0.09641
V121	0.47915	0.17514	0.11878	0.22693
V122	0.79876	0.04727	0.05347	0.1005
V123	0.06023	0.49064	0.06642	0.38271
V124	0.53318	0.31036	0.02631	0.13014
V125	0.32487	0.40678	0.17016	0.09819
V126	0.1002	0.20523	0.08512	0.60945
V127	0.18662	0.11803	0.24347	0.45189
V128	0.09837	0.09598	0.13559	0.67006
V129	0.465	0.25766	0.16802	0.10931
V130	0.04803	0.59486	0.2747	0.08241
V131	0.06096	0.7854	0.01373	0.13991
V132	0.7742	0.04784	0.0697	0.10827
V133	0.75087	0.0581	0.0915	0.09954
V134	0.13715	0.39188	0.13445	0.33651
V135	0.13097	0.09971	0.18743	0.58189
V136	0.229	0.40252	0.03932	0.32916
V137	0.52816	0.08684	0.24295	0.14205
V138	0.20344	0.3984	0.16945	0.22871
V139	0.30185	0.24401	0.19205	0.26209
V140	0.0972	0.15883	0.08933	0.65463
V141	0.1055	0.20302	0.43664	0.25484
V142	0.65486	0.04545	0.21606	0.08362
V143	0.35541	0.29059	0.09305	0.26094
V144	0.18427	0.20889	0.17254	0.4343
V145	0.04025	0.68214	0.19552	0.08208
V146	0.11687	0.0967	0.07647	0.70996
V147	0.74944	0.06685	0.06108	0.12262
V148	0.15517	0.13237	0.47119	0.24127
V149	0.23792	0.48391	0.19571	0.08246
V150	0.11716	0.26645	0.47125	0.14513
V151	0.19779	0.57553	0.05075	0.17593
V152	0.21619	0.42999	0.19649	0.15733
V153	0.12485	0.67125	0.03537	0.16854
V154	0.22322	0.43583	0.23557	0.10537
V155	0.38969	0.18633	0.26249	0.16149
V156	0.08121	0.18569	0.55064	0.18245
V157	0.27176	0.20395	0.27682	0.24747
V158	0.09201	0.09216	0.07001	0.74582
V159	0.72599	0.10833	0.037	0.12868
V160	0.56153	0.06358	0.10301	0.27187
V161	0.22262	0.08833	0.07668	0.61237
V162	0.11149	0.32662	0.10299	0.4589
V163	0.12422	0.46708	0.16026	0.24843
V164	0.29192	0.32811	0.12043	0.25955
V165	0.07602	0.30106	0.03841	0.58451
V166	0.08278	0.16668	0.10266	0.64789
V167	0.31887	0.07258	0.05439	0.55416
V168	0.25212	0.53216	0.09038	0.12534
V169	0.20542	0.12742	0.0813	0.58587
V170	0.14356	0.09166	0.43499	0.32979
V171	0.14886	0.2642	0.47177	0.11517
V172	0.59144	0.04917	0.26833	0.09107
V173	0.09442	0.20513	0.07961	0.62084
V174	0.08387	0.22245	0.10415	0.58953
V175	0.10752	0.07403	0.63346	0.18498
V176	0.04623	0.72054	0.15086	0.08238
V177	0.046	0.85144	0.0129	0.08966
V178	0.05084	0.68716	0.02425	0.23775
V179	0.18567	0.08248	0.33604	0.39582
V180	0.06245	0.78544	0.07755	0.07455
V181	0.17665	0.18026	0.43887	0.20421
V182	0.26889	0.21726	0.38351	0.13034
V183	0.17772	0.72024	0.02103	0.08101
V184	0.82558	0.0391	0.04862	0.0867
V185	0.46547	0.41285	0.03705	0.08464
V186	0.13853	0.45693	0.22652	0.17803
V187	0.79056	0.0471	0.06916	0.09318
V188	0.11246	0.27483	0.0394	0.5733
V189	0.65996	0.07402	0.05791	0.20811
V190	0.54415	0.05986	0.30549	0.0905
V191	0.18927	0.23673	0.45806	0.11593
V192	0.26428	0.45313	0.0691	0.21349
V193	0.49022	0.08919	0.23589	0.1847
V194	0.06951	0.81426	0.01972	0.09651
V195	0.05999	0.08408	0.76611	0.08981
V196	0.088	0.14379	0.06023	0.70798
V197	0.35668	0.11611	0.07002	0.45718
V198	0.09651	0.47354	0.30239	0.12755
V199	0.1895	0.10299	0.18618	0.52133
V200	0.14728	0.5283	0.04132	0.28311
V201	0.12177	0.51542	0.17114	0.19166
V202	0.06886	0.08523	0.62487	0.22104
V203	0.16934	0.41314	0.31928	0.09824
V204	0.06012	0.5119	0.03295	0.39503
V205	0.0668	0.10798	0.72733	0.09789
V206	0.0903	0.14138	0.68087	0.08745
V207	0.16267	0.24194	0.08657	0.50882
V208	0.23949	0.11682	0.5479	0.09578
V209	0.26349	0.45087	0.08629	0.19935
V210	0.10747	0.68026	0.09445	0.11782
V211	0.36534	0.08467	0.07773	0.47226
V212	0.42449	0.0906	0.38118	0.10373
V213	0.51409	0.08844	0.13963	0.25784
V214	0.28872	0.2116	0.17153	0.32814
V215	0.27099	0.16355	0.0607	0.50475
V216	0.10523	0.0913	0.06911	0.73436
V217	0.08446	0.46972	0.20337	0.24244
V218	0.12558	0.43424	0.16159	0.27858
V219	0.1292	0.58495	0.03265	0.2532
V220	0.04982	0.73411	0.02142	0.19465
V221	0.66021	0.0567	0.0471	0.23599
V222	0.2797	0.18504	0.31606	0.2192
V223	0.0551	0.18602	0.6113	0.14758
V224	0.81444	0.03924	0.06033	0.08599
V225	0.08442	0.77064	0.06403	0.08091
V226	0.27847	0.13212	0.4942	0.09521
V227	0.64679	0.04656	0.20753	0.09912
V228	0.61955	0.11556	0.10079	0.1641
V229	0.06726	0.08386	0.74325	0.10564
V230	0.09097	0.10646	0.06947	0.7331
V231	0.07727	0.31098	0.12649	0.48526
V232	0.08424	0.60068	0.01885	0.29623
V233	0.45679	0.14224	0.20297	0.198
V234	0.06881	0.80037	0.04076	0.09005
V235	0.32556	0.11231	0.45011	0.11202
V236	0.08982	0.12519	0.63667	0.14833
V237	0.18666	0.0901	0.07987	0.64337
V238	0.14439	0.51272	0.22383	0.11906
V239	0.10944	0.40768	0.04857	0.43431
V240	0.40846	0.09064	0.3745	0.12641
V241	0.06622	0.07673	0.71493	0.14212
V242	0.13999	0.67794	0.0948	0.08727
V243	0.23276	0.10051	0.51899	0.14774
V244	0.2106	0.06762	0.5659	0.15587
V245	0.4792	0.31511	0.07632	0.12937
V246	0.09504	0.19157	0.61076	0.10263
V247	0.17788	0.07706	0.66407	0.081
V248	0.0947	0.11281	0.08775	0.70475
V249	0.05113	0.10206	0.7047	0.1421
V250	0.63085	0.04712	0.23012	0.0919
V251	0.78026	0.08193	0.04577	0.09204
V252	0.04645	0.74405	0.13532	0.07418
V253	0.31549	0.13562	0.17476	0.37412
V254	0.04595	0.81572	0.0564	0.08193
V255	0.07655	0.8	0.01293	0.11053
V256	0.18196	0.24586	0.41925	0.15294
V257	0.35234	0.15763	0.22597	0.26405
V258	0.18154	0.28978	0.34818	0.1805
V259	0.07768	0.30854	0.49793	0.11586
V260	0.04865	0.30149	0.56497	0.0849
V261	0.49843	0.08858	0.20587	0.20712
V262	0.14374	0.13125	0.06482	0.66018
V263	0.05469	0.83607	0.01301	0.09623
V264	0.18281	0.1074	0.36543	0.34435
V265	0.0992	0.08792	0.15604	0.65684
V266	0.52993	0.35954	0.03205	0.07848
V267	0.06082	0.23242	0.2524	0.45436
V268	0.33321	0.0926	0.16361	0.41057
V269	0.04822	0.51542	0.31549	0.12086
V270	0.52086	0.0796	0.24315	0.15639
V271	0.64419	0.11418	0.0702	0.17143
V272	0.08565	0.72604	0.02731	0.16099
V273	0.11622	0.10359	0.08215	0.69804
V274	0.56984	0.05171	0.19962	0.17882
V275	0.05361	0.08474	0.77198	0.08967
V276	0.40765	0.3527	0.03855	0.2011
V277	0.09116	0.25487	0.16504	0.48893
V278	0.09488	0.13246	0.26599	0.50667
V279	0.5518	0.11109	0.13765	0.19946
V280	0.09201	0.09216	0.07001	0.74582
V281	0.44349	0.09213	0.1627	0.30168
V282	0.09725	0.12515	0.64427	0.13333
V283	0.19877	0.53476	0.07567	0.19081
V284	0.06235	0.79279	0.06283	0.08204
V285	0.10716	0.07338	0.73796	0.08151
V286	0.22136	0.50926	0.11343	0.15595
V287	0.11427	0.76319	0.0272	0.09534
V288	0.06513	0.3058	0.3475	0.28158
V289	0.25235	0.25171	0.35042	0.14553
V290	0.6763	0.19448	0.04663	0.0826
V291	0.40716	0.11757	0.37984	0.09543
V292	0.77327	0.04853	0.04156	0.13664
V293	0.27262	0.07206	0.53606	0.11927
V294	0.12597	0.38033	0.03126	0.46244
V295	0.07831	0.23133	0.18747	0.50289
V296	0.18402	0.17046	0.49125	0.15426
V297	0.12992	0.08773	0.10717	0.67518
V298	0.27003	0.14909	0.48601	0.09487
V299	0.11575	0.30793	0.04993	0.52639
V300	0.07135	0.11034	0.22386	0.59445
V301	0.14535	0.1649	0.51434	0.17541
V302	0.53029	0.3504	0.02677	0.09253
V303	0.04203	0.54628	0.30579	0.10589
V304	0.10003	0.09182	0.59434	0.21381
V305	0.14693	0.20921	0.375	0.26886
V306	0.64883	0.13992	0.08432	0.12693
V307	0.05442	0.8289	0.027	0.08968
V308	0.21613	0.26505	0.25829	0.26053
V309	0.28452	0.33538	0.05513	0.32497
V310	0.11517	0.33706	0.15181	0.39596
V311	0.42384	0.46348	0.02813	0.08455
V312	0.11526	0.65843	0.13036	0.09595
V313	0.0791	0.17534	0.06386	0.6817
V314	0.06573	0.46039	0.11714	0.35674
V315	0.1369	0.57092	0.05202	0.24017
V316	0.27156	0.18508	0.33145	0.21192
V317	0.11126	0.62669	0.05784	0.20421
V318	0.0807	0.52136	0.03649	0.36146
V319	0.09693	0.11588	0.67546	0.11173
V320	0.11319	0.19222	0.51247	0.18211
V321	0.52186	0.36822	0.03143	0.07849
V322	0.19349	0.33977	0.0927	0.37404
V323	0.11379	0.1029	0.12038	0.66293
V324	0.52805	0.27918	0.09181	0.10096
V325	0.26515	0.58498	0.06764	0.08223
V326	0.04959	0.5238	0.10109	0.32553
V327	0.08357	0.20482	0.1273	0.5843
V328	0.09227	0.09199	0.59475	0.22099
V329	0.18582	0.17577	0.174	0.46441
V330	0.33208	0.07344	0.3069	0.28759
V331	0.30088	0.15254	0.082	0.46459
V332	0.07954	0.12707	0.1871	0.60629
V333	0.35089	0.12961	0.34256	0.17694
V334	0.3078	0.07514	0.32159	0.29547
V335	0.06987	0.34505	0.40573	0.17935
V336	0.1736	0.62856	0.0368	0.16103
V337	0.2478	0.39408	0.25217	0.10595
V338	0.03883	0.85952	0.01979	0.08186
V339	0.14668	0.07137	0.6928	0.08915
V340	0.09614	0.26116	0.41822	0.22448
V341	0.09354	0.11254	0.10066	0.69326
V342	0.23501	0.06763	0.50547	0.19189
V343	0.80536	0.05506	0.047	0.09258
V344	0.54779	0.18633	0.18529	0.08059
V345	0.06	0.08357	0.77401	0.08242
V346	0.22038	0.17384	0.25487	0.3509
V347	0.10555	0.09467	0.14905	0.65074
V348	0.08741	0.58848	0.13307	0.19104
V349	0.29313	0.20942	0.32995	0.16751
V350	0.06206	0.7127	0.1505	0.07474
V351	0.07879	0.10762	0.34129	0.4723
V352	0.09068	0.08348	0.67606	0.14979
V353	0.71203	0.06958	0.07418	0.14421
V354	0.07985	0.61754	0.19116	0.11146
V355	0.24994	0.13571	0.38776	0.22659
V356	0.09858	0.10365	0.12711	0.67067
V357	0.13656	0.34415	0.239	0.2803
V358	0.43202	0.1613	0.08551	0.32118
V359	0.45859	0.11826	0.07247	0.35069
V360	0.44207	0.42301	0.04382	0.0911
V361	0.0437	0.43353	0.43959	0.08318
V362	0.03901	0.85321	0.02603	0.08175
V363	0.17896	0.17341	0.38556	0.26208
V364	0.16969	0.1212	0.54683	0.16228
V365	0.25165	0.10224	0.06044	0.58567
V366	0.10265	0.61048	0.08914	0.19773
V367	0.45493	0.19201	0.04049	0.31257
V368	0.10895	0.64816	0.08814	0.15476
V369	0.05976	0.3915	0.46492	0.08382
V370	0.25774	0.29321	0.34055	0.1085
V371	0.18023	0.6454	0.04196	0.13242
V372	0.18282	0.12921	0.1411	0.54687
V373	0.11611	0.19509	0.38321	0.30558
V374	0.6385	0.0553	0.22243	0.08378
V375	0.10344	0.11729	0.16061	0.61866
V376	0.09793	0.11127	0.12689	0.6639
V377	0.63755	0.05021	0.05454	0.25771
V378	0.07138	0.10755	0.34888	0.47218
V379	0.28887	0.24342	0.04831	0.41941
V380	0.17176	0.14466	0.19746	0.48612
V381	0.58408	0.06832	0.12579	0.22182
V382	0.11325	0.08942	0.70822	0.08911
V383	0.6684	0.05461	0.09001	0.18698
V384	0.44168	0.13568	0.15145	0.2712
V385	0.69087	0.06071	0.11285	0.13557
V386	0.27307	0.08873	0.1646	0.47361
V387	0.46145	0.19065	0.19354	0.15436
V388	0.30468	0.34317	0.15017	0.20197
V389	0.33727	0.49471	0.03326	0.13476
V390	0.25934	0.27569	0.38098	0.084
V391	0.34594	0.16679	0.05855	0.42872
V392	0.34004	0.25756	0.16969	0.23272
V393	0.24554	0.26222	0.29612	0.19612
V394	0.12985	0.26888	0.12676	0.47452
V395	0.20342	0.39036	0.18432	0.22189
V396	0.0467	0.83788	0.01912	0.0963
V397	0.61873	0.13282	0.12866	0.11978
V398	0.35993	0.19	0.12051	0.32957
V399	0.18347	0.51109	0.14247	0.16297
V400	0.04993	0.5396	0.0781	0.33237
V401	0.07939	0.20152	0.57241	0.14667
V402	0.64633	0.20587	0.06629	0.0815
V403	0.0935	0.10539	0.10709	0.69402
V404	0.11899	0.23251	0.48781	0.16069
V405	0.21836	0.10878	0.17843	0.49444
V406	0.50463	0.27996	0.04833	0.16709
V407	0.03883	0.85952	0.01979	0.08186
V408	0.12111	0.27739	0.3269	0.2746
V409	0.08543	0.10015	0.06986	0.74457
V410	0.10731	0.7562	0.04039	0.09609
V411	0.37236	0.07554	0.0462	0.5059
V412	0.17235	0.1406	0.40973	0.27732
V413	0.09296	0.46149	0.16706	0.27849
V414	0.07471	0.47505	0.27246	0.17779
V415	0.36313	0.09678	0.23017	0.30993
V416	0.05964	0.12617	0.73271	0.08147
V417	0.31827	0.57505	0.02406	0.08262
V418	0.1208	0.17109	0.15636	0.55174
V419	0.09171	0.09131	0.07711	0.73986
V420	0.04076	0.77884	0.02735	0.15305
V421	0.17088	0.10413	0.54866	0.17633
V422	0.10859	0.13459	0.05955	0.69727
V423	0.11411	0.08185	0.69885	0.10519
V424	0.05682	0.1211	0.50132	0.32076
V425	0.0932	0.26826	0.47145	0.16709
V426	0.12171	0.10632	0.63062	0.14135
V427	0.10336	0.39651	0.17648	0.32365
V428	0.10837	0.67859	0.06585	0.14719
V429	0.0907	0.09158	0.08326	0.73446
V430	0.59201	0.20811	0.0523	0.14758
V431	0.19029	0.09717	0.38252	0.33002
V432	0.14706	0.16231	0.08722	0.60341
V433	0.08948	0.65491	0.01765	0.23796
V434	0.29386	0.14548	0.08884	0.47182
V435	0.41263	0.07919	0.14843	0.35975
V436	0.32706	0.08494	0.1426	0.4454
V437	0.2215	0.27041	0.04185	0.46624
V438	0.47898	0.20851	0.0658	0.2467
V439	0.09895	0.16533	0.05788	0.67784
V440	0.39557	0.10601	0.07571	0.42271
V441	0.10552	0.18587	0.47535	0.23327
V442	0.2671	0.35417	0.14156	0.23717
V443	0.59191	0.05872	0.12688	0.2225
V444	0.06	0.08357	0.77401	0.08242
V445	0.49681	0.07069	0.32008	0.11242
V446	0.06922	0.72659	0.06429	0.1399
V447	0.49518	0.14819	0.18694	0.1697
V448	0.08478	0.14275	0.19208	0.58039
V449	0.44925	0.09734	0.28272	0.17069
V450	0.14543	0.75243	0.0275	0.07463
V451	0.76396	0.09163	0.03697	0.10744
V452	0.10062	0.09831	0.10662	0.69446
V453	0.6428	0.12378	0.09972	0.13371
V454	0.03859	0.81509	0.0566	0.08972
V455	0.48084	0.08794	0.28959	0.14163
V456	0.2796	0.17631	0.33188	0.21221
V457	0.08532	0.10717	0.06317	0.74434
V458	0.24327	0.27004	0.04095	0.44575
V459	0.05504	0.69595	0.09467	0.15434
V460	0.78215	0.0476	0.06952	0.10072
V461	0.11693	0.11174	0.06153	0.7098
V462	0.29445	0.28377	0.03187	0.3899
V463	0.2235	0.45324	0.15224	0.17102
V464	0.40902	0.16259	0.04352	0.38487
V465	0.32587	0.42426	0.04968	0.20019
V466	0.46098	0.23302	0.03804	0.26796
V467	0.26714	0.53078	0.09059	0.11149
V468	0.39636	0.4023	0.07297	0.12837
V469	0.0752	0.23191	0.25255	0.44034
V470	0.43103	0.1774	0.18671	0.20486
V471	0.24808	0.17275	0.07413	0.50504
V472	0.27646	0.35038	0.02766	0.3455
V473	0.1192	0.50416	0.27881	0.09783
V474	0.15597	0.0841	0.13312	0.62681
V475	0.1825	0.39834	0.09659	0.32257
V476	0.18546	0.09827	0.09686	0.6194
V477	0.47471	0.09715	0.21448	0.21366
V478	0.14625	0.54313	0.02768	0.28294
V479	0.06521	0.14343	0.63608	0.15527
V480	0.12018	0.33441	0.07302	0.47239
V481	0.16131	0.07841	0.66353	0.09675
V482	0.54717	0.20337	0.13192	0.11754
V483	0.15964	0.17711	0.10514	0.55811
V484	0.09316	0.14333	0.07302	0.6905
V485	0.13414	0.6549	0.02896	0.182
V486	0.24032	0.29717	0.13673	0.32577
V487	0.12645	0.12381	0.1181	0.63165
V488	0.051	0.07766	0.70062	0.17072
V489	0.20679	0.15203	0.54649	0.09469
V490	0.28422	0.33534	0.09162	0.28882
V491	0.35594	0.4543	0.05492	0.13484
V492	0.06185	0.73527	0.12109	0.08179
V493	0.09284	0.09246	0.05859	0.75611
V494	0.19172	0.20521	0.42144	0.18163
V495	0.20481	0.56528	0.13318	0.09673
V496	0.24131	0.6249	0.01623	0.11755
V497	0.06014	0.07647	0.77365	0.08974
V498	0.27782	0.17105	0.08755	0.46358
V499	0.48789	0.29024	0.13616	0.08571
V500	0.12676	0.17413	0.58146	0.11766
V501	0.08469	0.09182	0.08343	0.74006
V502	0.43169	0.30129	0.15849	0.10853
V503	0.20044	0.16714	0.19592	0.43651
V504	0.21058	0.62684	0.02964	0.13294
V505	0.19406	0.25902	0.22782	0.31911
V506	0.11938	0.28541	0.36416	0.23105
V507	0.48021	0.15822	0.14235	0.21921
V508	0.59324	0.20866	0.0729	0.12519
V509	0.2182	0.12868	0.41875	0.23437
V510	0.20652	0.48559	0.22533	0.08255
V511	0.09309	0.41784	0.06862	0.42045
V512	0.2343	0.1248	0.11289	0.52801
V513	0.10176	0.57916	0.18441	0.13466
V514	0.08954	0.13505	0.05557	0.71984
V515	0.60494	0.11694	0.08608	0.19204
V516	0.74771	0.12587	0.03538	0.09104
V517	0.09844	0.10829	0.23809	0.55518
V518	0.7964	0.07208	0.03914	0.09238
V519	0.06324	0.75565	0.02083	0.16028
V520	0.08139	0.07812	0.5038	0.33669
V521	0.45531	0.09595	0.33574	0.11299
V522	0.06006	0.18942	0.45924	0.29128
V523	0.29687	0.18596	0.23971	0.27747
V524	0.04573	0.68265	0.16696	0.10466
V525	0.23594	0.25526	0.06158	0.44722
V526	0.50411	0.14064	0.1066	0.24865
V527	0.20697	0.09763	0.34317	0.35222
V528	0.11473	0.75414	0.01349	0.11764
V529	0.11306	0.14032	0.21351	0.5331
V530	0.05411	0.24455	0.53367	0.16767
V531	0.05397	0.76645	0.10544	0.07414
V532	0.17988	0.34764	0.05737	0.41511
V533	0.24447	0.36338	0.14095	0.25121
V534	0.0626	0.08643	0.57242	0.27854
V535	0.45137	0.06309	0.05607	0.42948
V536	0.20133	0.07437	0.3282	0.3961
V537	0.46565	0.28371	0.1592	0.09145
V538	0.372	0.12392	0.11683	0.38725
V539	0.23262	0.42077	0.15351	0.1931
V540	0.18803	0.62002	0.08145	0.11051
V541	0.06665	0.48279	0.08085	0.36971
V542	0.19769	0.19152	0.23179	0.379
V543	0.71386	0.05294	0.05314	0.18006
V544	0.1427	0.16237	0.17582	0.5191
V545	0.30624	0.20204	0.09851	0.39321
V546	0.07639	0.7715	0.07049	0.08162
V547	0.07178	0.57793	0.26074	0.08955
V548	0.15496	0.67637	0.08741	0.08125
V549	0.28772	0.08825	0.52797	0.09607
V550	0.47351	0.09333	0.04038	0.39278
V551	0.17287	0.65363	0.048	0.12549
V552	0.0538	0.50416	0.03333	0.40871
V553	0.2132	0.19409	0.49085	0.10186
V554	0.11246	0.15693	0.07098	0.65963
V555	0.12259	0.27015	0.28116	0.32611
V556	0.05187	0.0923	0.74254	0.1133
V557	0.6523	0.08211	0.05093	0.21466
V558	0.09418	0.68898	0.04166	0.17518
V559	0.04593	0.71328	0.16551	0.07528
V560	0.55405	0.33228	0.02733	0.08634
V561	0.05361	0.08474	0.77198	0.08967
V562	0.62226	0.05552	0.14961	0.17261
V563	0.23325	0.06643	0.6118	0.08853
V564	0.09693	0.13311	0.67314	0.09681
V565	0.14443	0.29276	0.31006	0.25276
V566	0.54929	0.15371	0.04139	0.25561
V567	0.2043	0.43762	0.05111	0.30698
V568	0.23646	0.08714	0.09523	0.58116
V569	0.54362	0.08835	0.03925	0.32878
V570	0.06997	0.3093	0.48305	0.13768
V571	0.65402	0.17177	0.03259	0.14162
V572	0.36882	0.06855	0.39141	0.17123
V573	0.11492	0.22767	0.04982	0.60759
V574	0.0706	0.68962	0.15068	0.0891
V575	0.08681	0.15826	0.14388	0.61105
V576	0.15535	0.70996	0.04764	0.08706
V577	0.09881	0.12534	0.20796	0.56788
V578	0.09884	0.13433	0.53968	0.22715
V579	0.04687	0.76481	0.09197	0.09635
V580	0.1778	0.08948	0.13869	0.59403
V581	0.12043	0.14839	0.05244	0.67874
V582	0.45508	0.20098	0.06713	0.27681
V583	0.06423	0.12155	0.47846	0.33577
V584	0.41168	0.20145	0.26934	0.11753
V585	0.07128	0.09067	0.37965	0.4584
V586	0.22505	0.07507	0.53612	0.16376
V587	0.24897	0.07425	0.56488	0.1119
V588	0.49788	0.10613	0.06689	0.3291
V589	0.08405	0.71018	0.07235	0.13342
V590	0.07841	0.67296	0.16661	0.08202
V591	0.07315	0.11955	0.20114	0.60616
V592	0.16993	0.09454	0.65492	0.08062
V593	0.4694	0.0588	0.19918	0.27263
V594	0.28105	0.30999	0.28579	0.12317
V595	0.09745	0.10629	0.06873	0.72753
V596	0.08605	0.31357	0.20399	0.3964
V597	0.0408	0.53222	0.27769	0.14929
V598	0.06518	0.16767	0.67056	0.0966
V599	0.49356	0.33932	0.05925	0.10787
V600	0.2942	0.45815	0.07032	0.17733
V601	0.17286	0.3077	0.1025	0.41694
V602	0.09793	0.10577	0.06318	0.73311
V603	0.0692	0.38235	0.04612	0.50234
V604	0.41248	0.16821	0.30795	0.11136
V605	0.10276	0.34475	0.32308	0.22941
V606	0.5702	0.20081	0.0463	0.18268
V607	0.51547	0.07371	0.13908	0.27174
V608	0.2093	0.21456	0.32172	0.25442
V609	0.08109	0.28042	0.21337	0.42512
V610	0.60694	0.07496	0.12566	0.19245
V611	0.26678	0.08355	0.09469	0.55498
V612	0.07392	0.1508	0.63494	0.14034
V613	0.07653	0.34181	0.46622	0.11545
V614	0.59727	0.11716	0.08597	0.19959
V615	0.16466	0.12928	0.05751	0.64855
V616	0.10355	0.62681	0.05842	0.21122
V617	0.38814	0.20298	0.32996	0.07892
V618	0.58176	0.06315	0.04045	0.31464
V619	0.32307	0.09829	0.29168	0.28695
V620	0.04803	0.59486	0.2747	0.08241
V621	0.34323	0.20844	0.17854	0.26979
V622	0.29797	0.25788	0.3347	0.10945
V623	0.08622	0.1505	0.15815	0.60513
V624	0.63661	0.23082	0.03009	0.10247
V625	0.2317	0.46912	0.10731	0.19188
V626	0.79664	0.06362	0.03952	0.10022
V627	0.0811	0.10615	0.10799	0.70476
V628	0.07053	0.26809	0.05656	0.60482
V629	0.14527	0.31884	0.24056	0.29532
V630	0.07692	0.34239	0.45881	0.12188
V631	0.08132	0.24588	0.12345	0.54936
V632	0.46854	0.05949	0.16309	0.30887
V633	0.05069	0.10203	0.66226	0.18502
V634	0.32862	0.29008	0.29576	0.08555
V635	0.06661	0.67161	0.02428	0.23751
V636	0.14536	0.16509	0.50683	0.18272
V637	0.2654	0.24604	0.11118	0.37738
V638	0.30835	0.29247	0.09455	0.30463
V639	0.23891	0.41758	0.26766	0.07585
V640	0.07965	0.20114	0.59407	0.12514
V641	0.71297	0.08592	0.06553	0.13558
V642	0.60645	0.2152	0.03085	0.1475
V643	0.06148	0.23996	0.36528	0.33328
V644	0.74031	0.11703	0.04365	0.09901
V645	0.23184	0.40207	0.26761	0.09848
V646	0.04639	0.85296	0.01904	0.0816
V647	0.16028	0.14688	0.56102	0.13182
V648	0.332	0.42316	0.13878	0.10606
V649	0.07359	0.12651	0.66664	0.13326
V650	0.09617	0.15008	0.61325	0.1405
V651	0.28048	0.06353	0.56655	0.08943
V652	0.12604	0.16168	0.36229	0.34999
V653	0.1353	0.59239	0.10317	0.16915
V654	0.54562	0.23727	0.08586	0.13126
V655	0.07987	0.52991	0.04249	0.34773
V656	0.20409	0.30487	0.04623	0.4448
V657	0.09478	0.14393	0.05935	0.70195
V658	0.46776	0.24991	0.08628	0.19605
V659	0.28132	0.15311	0.31675	0.24882
V660	0.06126	0.82954	0.01266	0.09654
V661	0.09932	0.4174	0.07653	0.40675
V662	0.34402	0.07795	0.40709	0.17094
V663	0.22418	0.13604	0.46351	0.17627
V664	0.20041	0.1275	0.54671	0.12538
V665	0.53849	0.22957	0.07111	0.16083
V666	0.46822	0.06031	0.13379	0.33768
V667	0.62022	0.11559	0.18163	0.08255
V668	0.12993	0.70962	0.08632	0.07413
V669	0.20917	0.40485	0.2216	0.16438
V670	0.09905	0.79097	0.01382	0.09615
V671	0.29716	0.30936	0.23395	0.15953
V672	0.06607	0.0916	0.72911	0.11322
V673	0.2115	0.37324	0.20785	0.2074
V674	0.56326	0.19378	0.05327	0.18968
V675	0.15104	0.34306	0.26914	0.23676
V676	0.0919	0.18178	0.12834	0.59797
V677	0.31031	0.40023	0.11007	0.17939
V678	0.41612	0.4651	0.03405	0.08473
V679	0.08499	0.32541	0.49795	0.09165
V680	0.26068	0.50834	0.13519	0.09579
V681	0.72656	0.1084	0.05059	0.11445
V682	0.13154	0.31476	0.43902	0.11468
V683	0.04623	0.85259	0.02612	0.07506
V684	0.54768	0.20415	0.11667	0.1315
V685	0.39072	0.35503	0.13261	0.12164
V686	0.13113	0.23656	0.157	0.4753
V687	0.09794	0.0992	0.06898	0.73388
V688	0.30749	0.4874	0.02099	0.18412
V689	0.24538	0.07703	0.09059	0.587
V690	0.38428	0.10201	0.37332	0.14039
V691	0.17011	0.06937	0.67174	0.08878
V692	0.11092	0.19152	0.55803	0.13953
V693	0.21885	0.17305	0.31562	0.29248
V694	0.07639	0.10912	0.26716	0.54733
V695	0.2354	0.08334	0.17265	0.5086
V696	0.12704	0.15602	0.06274	0.65421
V697	0.08964	0.12769	0.0618	0.72087
V698	0.6605	0.05663	0.05367	0.22921
V699	0.44026	0.31014	0.09052	0.15908
V700	0.22987	0.10315	0.05528	0.6117
V701	0.13173	0.49062	0.1147	0.26295
V702	0.4326	0.14362	0.05207	0.37171
V703	0.15774	0.12524	0.40248	0.31454
V704	0.65181	0.09763	0.06494	0.18562
V705	0.79091	0.04109	0.05309	0.1149
V706	0.11297	0.11555	0.61551	0.15597
V707	0.07561	0.41565	0.39428	0.11446
V708	0.06947	0.75749	0.03342	0.13962
V709	0.14943	0.29002	0.41632	0.14423
V710	0.46803	0.25027	0.07851	0.20318
V711	0.10742	0.69516	0.09395	0.10347
V712	0.65153	0.10561	0.04287	0.19998
V713	0.34653	0.32494	0.06153	0.26699
V714	0.05502	0.60229	0.03967	0.30302
V715	0.25735	0.3447	0.2616	0.13635
V716	0.10091	0.11888	0.08764	0.69257
V717	0.09892	0.79798	0.01329	0.08981
V718	0.15319	0.51312	0.16352	0.17018
V719	0.09015	0.62658	0.05121	0.23206
V720	0.56144	0.05112	0.23712	0.15031
V721	0.14593	0.21714	0.38291	0.25402
V722	0.12707	0.35682	0.04491	0.47119
V723	0.149	0.15422	0.05574	0.64104
V724	0.45976	0.09214	0.11795	0.33015
V725	0.05017	0.15133	0.68614	0.11237
V726	0.08479	0.38558	0.12915	0.40048
V727	0.23469	0.58681	0.09671	0.0818
V728	0.06219	0.76428	0.09136	0.08217
V729	0.34122	0.08334	0.17887	0.39658
V730	0.72695	0.07674	0.08183	0.11448
V731	0.07767	0.24748	0.32734	0.34751
V732	0.29705	0.14384	0.31001	0.24911
V733	0.50034	0.232	0.06404	0.20363
V734	0.2179	0.31996	0.37842	0.08372
V735	0.07624	0.10589	0.40224	0.41562
V736	0.17449	0.09263	0.05952	0.67335
V737	0.27507	0.3114	0.21809	0.19543
V738	0.10996	0.34272	0.36052	0.1868
V739	0.05859	0.08791	0.49528	0.35822
V740	0.67175	0.12968	0.10075	0.09782
V741	0.3857	0.16452	0.14207	0.30772
V742	0.3339	0.55848	0.03148	0.07615
V743	0.15031	0.18893	0.55823	0.10253
V744	0.41789	0.0989	0.30592	0.17729
V745	0.05569	0.61333	0.16106	0.16991
V746	0.8254	0.03925	0.04203	0.09332
V747	0.1015	0.07533	0.57292	0.25025
V748	0.14647	0.16577	0.46896	0.2188
V749	0.25182	0.22992	0.08404	0.43423
V750	0.33207	0.44801	0.04201	0.17791
V751	0.07639	0.7499	0.04824	0.12547
V752	0.36401	0.26575	0.14498	0.22526
V753	0.09222	0.09978	0.05721	0.75079
V754	0.04797	0.8067	0.0133	0.13204
V755	0.16264	0.24336	0.28904	0.30496
V756	0.09588	0.09912	0.08804	0.71696
V757	0.28213	0.53734	0.07622	0.10432
V758	0.07725	0.66497	0.1167	0.14109
V759	0.15249	0.13547	0.33978	0.37225
V760	0.26054	0.12946	0.25755	0.35245
V761	0.09563	0.52377	0.23175	0.14885
V762	0.06204	0.39024	0.04602	0.5017
V763	0.31327	0.36729	0.05362	0.26582
V764	0.04784	0.80015	0.01971	0.1323
V765	0.52702	0.14657	0.03488	0.29152
V766	0.06427	0.33832	0.35394	0.24347
V767	0.38303	0.17967	0.23192	0.20538
V768	0.08288	0.78687	0.03327	0.09697
V769	0.14673	0.72557	0.04033	0.08737
V770	0.04639	0.85296	0.01904	0.0816
V771	0.17702	0.07754	0.64898	0.09647
V772	0.15337	0.10416	0.65402	0.08845
V773	0.16195	0.72882	0.02162	0.08761
V774	0.06685	0.07616	0.74362	0.11337
V775	0.14931	0.12081	0.25771	0.47217
V776	0.34121	0.41493	0.07228	0.17157
V777	0.18599	0.18372	0.1522	0.47809
V778	0.41792	0.30317	0.09148	0.18743
V779	0.18138	0.1149	0.41084	0.29288
V780	0.12395	0.67929	0.1223	0.07446
V781	0.10939	0.1119	0.07463	0.70408
V782	0.05545	0.17733	0.62667	0.14055
V783	0.62205	0.07553	0.08794	0.21448
V784	0.1216	0.77089	0.02661	0.0809
V785	0.06963	0.80744	0.02648	0.09646
V786	0.56271	0.20288	0.10973	0.12468
V787	0.03994	0.73682	0.14156	0.08167
V788	0.39946	0.32002	0.15817	0.12235
V789	0.11149	0.37527	0.05705	0.45619
V790	0.37327	0.09858	0.11168	0.41647
V791	0.14901	0.37603	0.27468	0.20028
V792	0.14868	0.50276	0.0292	0.31936
V793	0.13621	0.58701	0.05118	0.2256
V794	0.08904	0.14231	0.6206	0.14805
V795	0.14933	0.12295	0.09665	0.63107
V796	0.07356	0.14182	0.68054	0.10408
V797	0.61511	0.04892	0.23713	0.09883
V798	0.48728	0.31551	0.09773	0.09948
V799	0.14094	0.67754	0.04137	0.14015
V800	0.112	0.10352	0.42556	0.35892
V801	0.15892	0.18524	0.28489	0.37095
V802	0.09388	0.15783	0.24865	0.49963
V803	0.20612	0.48532	0.2334	0.07516
V804	0.42547	0.07444	0.35158	0.14851
V805	0.06037	0.07649	0.78077	0.08237
V806	0.07665	0.78571	0.02722	0.11041
V807	0.23829	0.21272	0.07251	0.47648
V808	0.51866	0.29582	0.06903	0.1165
V809	0.08319	0.09934	0.73604	0.08143
V810	0.04641	0.8594	0.01273	0.08146
V811	0.34549	0.14187	0.20407	0.30858
V812	0.42632	0.29355	0.07774	0.20239
V813	0.46659	0.23328	0.19033	0.1098
V814	0.35308	0.50175	0.06221	0.08295
V815	0.03889	0.80149	0.07771	0.08191
V816	0.77554	0.04034	0.09882	0.0853
V817	0.07405	0.13391	0.69476	0.09727
V818	0.08096	0.12849	0.08108	0.70947
V819	0.65658	0.13148	0.08496	0.12698
V820	0.16172	0.16821	0.06777	0.6023
V821	0.20302	0.33008	0.32352	0.14338
V822	0.10589	0.08976	0.6996	0.10475
V823	0.07244	0.23525	0.53185	0.16047
V824	0.11499	0.37352	0.43538	0.07611
V825	0.20681	0.31597	0.22479	0.25243
V826	0.34856	0.40614	0.15534	0.08996
V827	0.31225	0.55183	0.03124	0.10469
V828	0.21375	0.22442	0.12707	0.43476
V829	0.09466	0.28522	0.07179	0.54833
V830	0.21307	0.27204	0.06189	0.45301
V831	0.60428	0.1431	0.0686	0.18402
V832	0.23401	0.39691	0.1616	0.20749
V833	0.15467	0.47397	0.16559	0.20578
V834	0.26356	0.1477	0.11031	0.47843
V835	0.2937	0.43363	0.12298	0.14969
V836	0.05528	0.60872	0.02678	0.30922
V837	0.20399	0.38244	0.17658	0.23698
V838	0.75771	0.08262	0.06777	0.09191
V839	0.25859	0.55464	0.10494	0.08183
V840	0.25487	0.64758	0.02256	0.07498
V841	0.0506	0.10986	0.70544	0.1341
V842	0.295	0.21953	0.23808	0.24738
V843	0.06477	0.09173	0.69325	0.15025
V844	0.14306	0.16091	0.32441	0.37162
V845	0.10308	0.16698	0.58962	0.14032
V846	0.0542	0.08737	0.60887	0.24956
V847	0.0865	0.09273	0.06442	0.75635
V848	0.11568	0.47602	0.15975	0.24856
V849	0.03846	0.83105	0.01978	0.11071
V850	0.80561	0.04023	0.05367	0.10049
V851	0.28348	0.49889	0.14297	0.07465
V852	0.14672	0.13019	0.15091	0.57218
V853	0.22151	0.2628	0.33472	0.18097
V854	0.46145	0.21794	0.1239	0.19671
V855	0.0865	0.09273	0.06442	0.75635
V856	0.08675	0.36238	0.2926	0.25827
V857	0.52471	0.22244	0.06366	0.18919
V858	0.45644	0.06293	0.3913	0.08933
V859	0.51275	0.27133	0.04887	0.16705
V860	0.19563	0.18302	0.08962	0.53173
V861	0.11561	0.35749	0.43599	0.0909
V862	0.15137	0.1472	0.57628	0.12514
V863	0.20719	0.13434	0.04856	0.6099
V864	0.12093	0.11782	0.09263	0.66862
V865	0.15164	0.08873	0.25184	0.50779
V866	0.58322	0.06767	0.25099	0.09813
V867	0.58334	0.07573	0.25061	0.09032
V868	0.40077	0.30451	0.14215	0.15257
V869	0.0542	0.84558	0.01874	0.08148
V870	0.1353	0.35712	0.0507	0.45688
V871	0.03846	0.83105	0.01978	0.11071
V872	0.07843	0.10275	0.2375	0.58132
V873	0.71223	0.07681	0.08912	0.12184
V874	0.18602	0.69876	0.04104	0.07418
V875	0.07687	0.2476	0.19361	0.48192
V876	0.16435	0.34013	0.33769	0.15783
V877	0.08626	0.39664	0.25203	0.26506
V878	0.13882	0.71564	0.07136	0.07418
V879	0.18125	0.61454	0.05709	0.14711
V880	0.26145	0.51417	0.02642	0.19796
V881	0.16409	0.11445	0.48711	0.23435
V882	0.63816	0.04671	0.15693	0.1582
V883	0.25147	0.23319	0.43628	0.07906
V884	0.08161	0.30882	0.03783	0.57175
V885	0.56771	0.24374	0.10786	0.08069
V886	0.06032	0.37014	0.37573	0.19382
V887	0.49684	0.12387	0.17306	0.20624
V888	0.12974	0.11438	0.59307	0.16281
V889	0.7421	0.09221	0.0591	0.10659
V890	0.08241	0.20287	0.48936	0.22537
V891	0.49633	0.10436	0.27346	0.12585
V892	0.25205	0.23676	0.04987	0.46131
V893	0.45087	0.25099	0.16042	0.13772
V894	0.09951	0.32537	0.46012	0.115
V895	0.46525	0.1252	0.20385	0.2057
V896	0.06951	0.81426	0.01972	0.09651
V897	0.54192	0.28444	0.03555	0.13808
V898	0.3885	0.06728	0.05201	0.49221
V899	0.08578	0.2465	0.15109	0.51664
V900	0.11199	0.32015	0.30132	0.26653
V901	0.07138	0.72603	0.02155	0.18104
V902	0.0763	0.78581	0.05641	0.08148
V903	0.04939	0.40989	0.41918	0.12154
V904	0.05435	0.85177	0.01251	0.08138
V905	0.17695	0.07959	0.18734	0.55611
V906	0.3306	0.16021	0.12871	0.38047
V907	0.34547	0.48672	0.04112	0.12669
V908	0.08573	0.12807	0.10525	0.68095
V909	0.14008	0.7061	0.01411	0.13971
V910	0.18487	0.08084	0.14621	0.58808
V911	0.40462	0.39439	0.05743	0.14356
V912	0.31284	0.34364	0.13453	0.20899
V913	0.15404	0.08677	0.0616	0.69759
V914	0.17652	0.46224	0.24933	0.11192
V915	0.22436	0.08034	0.05754	0.63777
V916	0.2316	0.11781	0.52518	0.1254
V917	0.55951	0.08537	0.18347	0.17165
V918	0.08021	0.56428	0.20015	0.15536
V919	0.19287	0.27474	0.25792	0.27446
V920	0.47523	0.24126	0.11585	0.16765
V921	0.09367	0.22111	0.07094	0.61429
V922	0.11964	0.4405	0.31953	0.12033
V923	0.12983	0.10262	0.08728	0.68026
V924	0.07093	0.59422	0.22986	0.105
V925	0.19293	0.11294	0.06327	0.63086
V926	0.20833	0.10429	0.0758	0.61158
V927	0.09353	0.11941	0.0939	0.69315
V928	0.07601	0.77181	0.02004	0.13214
V929	0.08904	0.57225	0.12604	0.21268
V930	0.39796	0.3787	0.05818	0.16516
V931	0.14932	0.29844	0.40802	0.14421
V932	0.084	0.17784	0.48304	0.25512
V933	0.47438	0.39662	0.03776	0.09124
V934	0.06927	0.21507	0.24658	0.46908
V935	0.43673	0.20996	0.20697	0.14634
V936	0.41067	0.30359	0.04804	0.2377
V937	0.42441	0.18597	0.11243	0.27718
V938	0.31432	0.11644	0.28272	0.28652
V939	0.59202	0.0765	0.10928	0.2222
V940	0.06211	0.68911	0.13747	0.11131
V941	0.05383	0.07674	0.77958	0.08985
V942	0.57685	0.22672	0.09427	0.10217
V943	0.3249	0.18075	0.36282	0.13153
V944	0.07876	0.30255	0.09128	0.5274
V945	0.43702	0.36709	0.03775	0.15814
V946	0.36002	0.28869	0.23497	0.11632
V947	0.12802	0.13159	0.22061	0.51978
V948	0.29542	0.08833	0.51283	0.10343
V949	0.06772	0.18343	0.19805	0.55079
V950	0.09071	0.49381	0.18777	0.22772
V951	0.66818	0.06221	0.178	0.0916
V952	0.11468	0.19676	0.2394	0.44917
V953	0.06537	0.11793	0.7038	0.1129
V954	0.09307	0.23829	0.15143	0.51721
V955	0.13787	0.54564	0.04774	0.26875
V956	0.0892	0.10438	0.42604	0.38038
V957	0.29623	0.0901	0.04726	0.56641
V958	0.09284	0.09246	0.05859	0.75611
V959	0.21183	0.28688	0.35675	0.14454
V960	0.21647	0.30566	0.10241	0.37546
V961	0.1478	0.38273	0.29054	0.17893
V962	0.29969	0.21692	0.33727	0.14612
V963	0.46021	0.21678	0.16942	0.15359
V964	0.6671	0.07997	0.13194	0.121
V965	0.09238	0.4703	0.17335	0.26397
V966	0.7978	0.05556	0.04612	0.10051
V967	0.10295	0.12009	0.43296	0.344
V968	0.04742	0.20226	0.60982	0.1405
V969	0.07252	0.31845	0.06954	0.53949
V970	0.08773	0.18893	0.35287	0.37047
V971	0.39829	0.14434	0.30231	0.15506
V972	0.39803	0.24691	0.07928	0.27578
V973	0.23479	0.41264	0.09517	0.2574
V974	0.04738	0.68183	0.12333	0.14745
V975	0.12478	0.30717	0.48358	0.08448
V976	0.34725	0.28365	0.13008	0.23902
V977	0.27217	0.35994	0.28468	0.08321
V978	0.11716	0.16457	0.10167	0.61659
V979	0.64548	0.06523	0.19767	0.09161
V980	0.8254	0.03925	0.04203	0.09332
V981	0.29015	0.09965	0.37497	0.23523
V982	0.3488	0.39787	0.09555	0.15778
V983	0.551	0.12072	0.04344	0.28483
V984	0.0548	0.72764	0.10645	0.11111
V985	0.12061	0.24352	0.04771	0.58816
V986	0.27033	0.49112	0.06882	0.16974
V987	0.21681	0.6723	0.01484	0.09605
V988	0.21588	0.09695	0.0627	0.62447
V989	0.3552	0.45423	0.09334	0.09723
V990	0.05021	0.1189	0.63164	0.19925
V991	0.51399	0.36838	0.02565	0.09198
V992	0.20508	0.07816	0.4373	0.27946
V993	0.09274	0.63596	0.15283	0.11847
V994	0.17914	0.69167	0.0415	0.08768
V995	0.57206	0.16175	0.06821	0.19798
V996	0.24739	0.18818	0.05349	0.51094
V997	0.0674	0.08534	0.6619	0.18536
V998	0.69873	0.06065	0.10503	0.1356
V999	0.12938	0.77677	0.01296	0.08088
V1000	0.28188	0.09879	0.04697	0.57236
