CD19B	CD56NK	CD4MemoryT	CD14
V1	0.44476	0.076	0.18089	0.29836
V2	0.17518	0.15808	0.08856	0.57818
V3	0.09271	0.55884	0.04429	0.30416
V4	0.69238	0.15093	0.04038	0.11631
V5	0.12983	0.44714	0.21883	0.2042
V6	0.09809	0.75069	0.04701	0.10422
V7	0.16141	0.36414	0.10245	0.372
V8	0.15061	0.08788	0.64029	0.12122
V9	0.22557	0.27126	0.07286	0.43031
V10	0.06645	0.09575	0.70189	0.13591
V11	0.19742	0.35529	0.35427	0.09302
V12	0.06576	0.53095	0.30531	0.09799
V13	0.2353	0.62361	0.03629	0.1048
V14	0.0922	0.78256	0.03606	0.08918
V15	0.13585	0.53546	0.12647	0.20222
V16	0.72537	0.0839	0.0646	0.12613
V17	0.10584	0.74895	0.04127	0.10393
V18	0.45078	0.35097	0.07448	0.12377
V19	0.15909	0.7085	0.03659	0.09582
V20	0.17253	0.43909	0.05278	0.3356
V21	0.15012	0.11945	0.6104	0.12004
V22	0.08557	0.16626	0.19564	0.55253
V23	0.32552	0.09809	0.47603	0.10036
V24	0.76389	0.06562	0.0728	0.09769
V25	0.28875	0.27024	0.13978	0.30123
V26	0.3206	0.38509	0.05313	0.24118
V27	0.14579	0.12887	0.06825	0.65708
V28	0.056	0.10445	0.74748	0.09208
V29	0.36618	0.08525	0.42512	0.12344
V30	0.13199	0.25814	0.2406	0.36927
V31	0.19968	0.23852	0.2547	0.30711
V32	0.13251	0.10969	0.07685	0.68095
V33	0.08188	0.46301	0.29233	0.16278
V34	0.14995	0.10329	0.62583	0.12092
V35	0.16199	0.63027	0.09704	0.1107
V36	0.0702	0.11981	0.38981	0.42018
V37	0.43449	0.13155	0.12241	0.31155
V38	0.35957	0.07444	0.18241	0.38358
V39	0.16616	0.51156	0.13332	0.18895
V40	0.11377	0.71247	0.09086	0.0829
V41	0.05628	0.59836	0.06977	0.27559
V42	0.22347	0.1093	0.20307	0.46416
V43	0.14482	0.34172	0.39867	0.11479
V44	0.06785	0.14364	0.57146	0.21706
V45	0.11873	0.52985	0.19678	0.15464
V46	0.63689	0.11532	0.14664	0.10115
V47	0.36254	0.22503	0.27902	0.1334
V48	0.6389	0.20182	0.04517	0.11411
V49	0.57804	0.22092	0.03796	0.16308
V50	0.0913	0.72165	0.09732	0.08973
V51	0.26517	0.39011	0.2296	0.11512
V52	0.07389	0.16492	0.64147	0.11972
V53	0.58184	0.16043	0.16502	0.09271
V54	0.34556	0.22602	0.31681	0.11161
V55	0.21139	0.1891	0.22031	0.3792
V56	0.11083	0.10516	0.11361	0.67039
V57	0.11332	0.74298	0.04719	0.0965
V58	0.51323	0.07023	0.08357	0.33298
V59	0.34761	0.40027	0.12207	0.13005
V60	0.15673	0.20931	0.27779	0.35616
V61	0.6347	0.14779	0.05185	0.16565
V62	0.7045	0.07732	0.10822	0.10996
V63	0.05536	0.71748	0.123	0.10415
V64	0.05081	0.73515	0.02957	0.18447
V65	0.09084	0.09986	0.12183	0.68747
V66	0.19922	0.6123	0.04869	0.13979
V67	0.16041	0.3324	0.4075	0.09969
V68	0.1807	0.20139	0.06726	0.55066
V69	0.07081	0.32273	0.4768	0.12965
V70	0.42937	0.19535	0.18537	0.18991
V71	0.18133	0.144	0.31649	0.35819
V72	0.45375	0.20057	0.1199	0.22578
V73	0.15745	0.54836	0.1398	0.15439
V74	0.09462	0.25088	0.56621	0.0883
V75	0.56524	0.05684	0.20342	0.1745
V76	0.06828	0.22931	0.17843	0.52399
V77	0.09569	0.31499	0.0501	0.53922
V78	0.27075	0.17623	0.18649	0.36653
V79	0.05656	0.15878	0.62208	0.16258
V80	0.30542	0.0839	0.44617	0.16451
V81	0.09591	0.20355	0.60442	0.09612
V82	0.05433	0.12647	0.72013	0.09907
V83	0.16309	0.2286	0.10319	0.50513
V84	0.3343	0.11487	0.1746	0.37623
V85	0.13231	0.33002	0.32491	0.21275
V86	0.09052	0.11665	0.66494	0.12789
V87	0.06939	0.71475	0.07628	0.13958
V88	0.18524	0.13618	0.24352	0.43505
V89	0.09086	0.1058	0.19744	0.6059
V90	0.06227	0.76358	0.07629	0.09786
V91	0.07007	0.64576	0.1719	0.11228
V92	0.37843	0.08781	0.33537	0.19839
V93	0.71179	0.06154	0.04495	0.18172
V94	0.0728	0.4359	0.0552	0.4361
V95	0.22822	0.41653	0.15645	0.1988
V96	0.12762	0.16741	0.07249	0.63248
V97	0.54518	0.14768	0.208	0.09913
V98	0.55028	0.30946	0.03643	0.10383
V99	0.63852	0.09124	0.1679	0.10234
V100	0.11307	0.09987	0.67289	0.11416
V101	0.09545	0.11343	0.05988	0.73124
V102	0.74757	0.09031	0.05078	0.11134
V103	0.08864	0.12668	0.12011	0.66457
V104	0.06351	0.81121	0.03547	0.0898
V105	0.08247	0.78585	0.04174	0.08993
V106	0.13391	0.47493	0.27132	0.11984
V107	0.1864	0.2361	0.44587	0.13164
V108	0.15243	0.65919	0.10517	0.08321
V109	0.06852	0.21473	0.45977	0.25699
V110	0.08381	0.75005	0.06184	0.1043
V111	0.74227	0.04351	0.10959	0.10463
V112	0.15819	0.13818	0.35255	0.35109
V113	0.1988	0.17317	0.18007	0.44796
V114	0.24081	0.12209	0.11288	0.52422
V115	0.04831	0.65942	0.20153	0.09075
V116	0.15624	0.32804	0.30293	0.2128
V117	0.53152	0.27345	0.0678	0.12723
V118	0.1682	0.52661	0.0619	0.24329
V119	0.15619	0.1513	0.08961	0.6029
V120	0.1109	0.13099	0.65245	0.10566
V121	0.46982	0.1769	0.12017	0.23311
V122	0.78162	0.0479	0.05805	0.11243
V123	0.06199	0.48388	0.07342	0.3807
V124	0.52148	0.3041	0.03508	0.13935
V125	0.3172	0.40205	0.17321	0.10754
V126	0.10196	0.20889	0.08765	0.6015
V127	0.18549	0.12739	0.23755	0.44956
V128	0.10084	0.10453	0.13487	0.65975
V129	0.45449	0.25675	0.16939	0.11937
V130	0.04927	0.58473	0.27512	0.09088
V131	0.06162	0.76317	0.02918	0.14603
V132	0.75782	0.04908	0.07328	0.11983
V133	0.73424	0.05899	0.09555	0.11122
V134	0.13652	0.3894	0.13715	0.33692
V135	0.13242	0.10921	0.1835	0.57487
V136	0.22558	0.39677	0.04732	0.33033
V137	0.51703	0.09325	0.23826	0.15146
V138	0.20039	0.39609	0.17064	0.23289
V139	0.29607	0.24688	0.19058	0.26646
V140	0.09992	0.16431	0.09099	0.64478
V141	0.10502	0.21285	0.4243	0.25783
V142	0.64039	0.05132	0.2128	0.09549
V143	0.34801	0.28877	0.09771	0.26551
V144	0.18322	0.21361	0.17107	0.4321
V145	0.04171	0.66724	0.20061	0.09044
V146	0.11913	0.10401	0.07876	0.69809
V147	0.73364	0.06748	0.06517	0.13371
V148	0.1534	0.14463	0.45693	0.24503
V149	0.23305	0.47689	0.19832	0.09174
V150	0.11623	0.27298	0.45862	0.15217
V151	0.19441	0.56385	0.06016	0.18158
V152	0.21229	0.42633	0.19707	0.1643
V153	0.12336	0.655	0.04752	0.17411
V154	0.21879	0.43184	0.23551	0.11386
V155	0.38124	0.19078	0.25838	0.16961
V156	0.0817	0.19763	0.53278	0.18788
V157	0.26686	0.20992	0.27142	0.2518
V158	0.09556	0.10018	0.0718	0.73247
V159	0.71073	0.10717	0.04259	0.13952
V160	0.55086	0.06821	0.1037	0.27723
V161	0.22189	0.09505	0.07811	0.60494
V162	0.11187	0.32637	0.10626	0.45549
V163	0.12349	0.46251	0.16281	0.25119
V164	0.2865	0.32649	0.12351	0.2635
V165	0.07892	0.30062	0.04412	0.57635
V166	0.08584	0.17261	0.10354	0.63801
V167	0.31476	0.07835	0.05709	0.54981
V168	0.24693	0.52161	0.09861	0.13285
V169	0.20442	0.13252	0.08355	0.57951
V170	0.14268	0.10525	0.42137	0.3307
V171	0.14654	0.27042	0.45965	0.12339
V172	0.57781	0.0562	0.26311	0.10288
V173	0.09655	0.20859	0.08268	0.61218
V174	0.08648	0.22621	0.10574	0.58158
V175	0.10684	0.09175	0.61074	0.19066
V176	0.04733	0.70351	0.15832	0.09083
V177	0.04705	0.82532	0.03022	0.0974
V178	0.05259	0.6706	0.03711	0.23971
V179	0.18428	0.09494	0.32572	0.39506
V180	0.06308	0.76333	0.09031	0.08329
V181	0.17418	0.18978	0.42671	0.20933
V182	0.26308	0.22349	0.3747	0.13873
V183	0.17459	0.69963	0.0361	0.08968
V184	0.80722	0.04009	0.0535	0.09919
V185	0.45473	0.40343	0.04693	0.09492
V186	0.13711	0.45301	0.2264	0.18348
V187	0.77368	0.04806	0.07287	0.10539
V188	0.11417	0.27514	0.04483	0.56586
V189	0.64716	0.07612	0.06073	0.21599
V190	0.53149	0.068	0.29853	0.10198
V191	0.18585	0.24354	0.44613	0.12448
V192	0.25944	0.44651	0.07576	0.21829
V193	0.48051	0.09601	0.23102	0.19245
V194	0.06978	0.79027	0.03576	0.10418
V195	0.06115	0.10337	0.73613	0.09935
V196	0.0916	0.14906	0.06358	0.69576
V197	0.35176	0.1195	0.07292	0.45582
V198	0.09589	0.4697	0.29962	0.13479
V199	0.1886	0.11175	0.18263	0.51701
V200	0.14579	0.51903	0.05035	0.28484
V201	0.12098	0.50889	0.17347	0.19666
V202	0.0702	0.10292	0.60188	0.22499
V203	0.1667	0.41141	0.31515	0.10674
V204	0.0619	0.50305	0.04256	0.39249
V205	0.0679	0.12521	0.69991	0.10698
V206	0.09006	0.15631	0.65663	0.097
V207	0.16235	0.24374	0.08949	0.50442
V208	0.23399	0.12927	0.53112	0.10562
V209	0.25848	0.44408	0.09275	0.20469
V210	0.10603	0.66431	0.10445	0.12521
V211	0.36025	0.08997	0.07918	0.4706
V212	0.41492	0.10035	0.37069	0.11404
V213	0.50448	0.09266	0.13932	0.26355
V214	0.28388	0.21514	0.17065	0.33033
V215	0.2676	0.16672	0.06402	0.50166
V216	0.10841	0.09883	0.07121	0.72155
V217	0.08452	0.46617	0.20381	0.24549
V218	0.12482	0.43097	0.16354	0.28067
V219	0.12784	0.57318	0.04341	0.25556
V220	0.0514	0.71494	0.03541	0.19824
V221	0.64749	0.05922	0.0505	0.24278
V222	0.27431	0.19197	0.30908	0.22464
V223	0.05639	0.19876	0.59032	0.15454
V224	0.79667	0.04018	0.06464	0.09851
V225	0.0838	0.74926	0.07762	0.08932
V226	0.27182	0.14284	0.48018	0.10515
V227	0.63279	0.05224	0.20412	0.11086
V228	0.60657	0.11683	0.10342	0.17318
V229	0.06841	0.10288	0.71445	0.11425
V230	0.09444	0.11367	0.07168	0.72021
V231	0.07931	0.31186	0.12849	0.48035
V232	0.08443	0.58774	0.03103	0.29679
V233	0.44761	0.14695	0.20032	0.20512
V234	0.06913	0.77763	0.05513	0.0981
V235	0.31739	0.12262	0.43791	0.12208
V236	0.08973	0.14049	0.6142	0.15558
V237	0.18679	0.09699	0.08178	0.63444
V238	0.14285	0.50601	0.22466	0.12647
V239	0.11007	0.40328	0.05544	0.43121
V240	0.39929	0.10026	0.36453	0.13591
V241	0.06722	0.09585	0.68766	0.14926
V242	0.13784	0.66155	0.10509	0.09552
V243	0.22791	0.11351	0.50296	0.15562
V244	0.20668	0.0833	0.54665	0.16337
V245	0.46863	0.3104	0.08261	0.13837
V246	0.09449	0.20353	0.59064	0.11133
V247	0.17449	0.09402	0.64034	0.09115
V248	0.09813	0.11965	0.08914	0.69308
V249	0.05275	0.1196	0.67832	0.14933
V250	0.61676	0.05347	0.22587	0.10391
V251	0.7634	0.08127	0.05129	0.10404
V252	0.04754	0.72548	0.14427	0.08271
V253	0.31021	0.14174	0.1726	0.37545
V254	0.04684	0.79207	0.07107	0.09001
V255	0.0765	0.77684	0.02884	0.11782
V256	0.17902	0.25196	0.40892	0.1601
V257	0.34541	0.1636	0.22219	0.2688
V258	0.17902	0.29385	0.34074	0.18639
V259	0.07778	0.31361	0.48476	0.12384
V260	0.05037	0.3081	0.54781	0.09372
V261	0.48867	0.09456	0.20246	0.21432
V262	0.14529	0.13616	0.06797	0.65059
V263	0.05584	0.81048	0.02998	0.1037
V264	0.18118	0.11953	0.35413	0.34515
V265	0.10189	0.09751	0.15379	0.64681
V266	0.5175	0.35138	0.04169	0.08943
V267	0.06355	0.23901	0.24713	0.45031
V268	0.32776	0.09972	0.16174	0.41078
V269	0.04962	0.50986	0.31249	0.12803
V270	0.50996	0.08652	0.23817	0.16535
V271	0.63116	0.11487	0.07351	0.18046
V272	0.08518	0.70739	0.04073	0.1667
V273	0.11853	0.11068	0.084	0.68679
V274	0.55838	0.05793	0.19637	0.18733
V275	0.05528	0.10423	0.74132	0.09917
V276	0.39909	0.34707	0.04659	0.20724
V277	0.09263	0.25915	0.16372	0.4845
V278	0.09641	0.14249	0.25927	0.50183
V279	0.54084	0.11428	0.13783	0.20705
V280	0.09556	0.10018	0.0718	0.73247
V281	0.43528	0.09752	0.16143	0.30578
V282	0.09671	0.14048	0.6217	0.14111
V283	0.19533	0.52495	0.0838	0.19592
V284	0.06294	0.7703	0.07639	0.09036
V285	0.1063	0.09228	0.70999	0.09144
V286	0.21709	0.50035	0.11985	0.16271
V287	0.1128	0.74239	0.04165	0.10316
V288	0.06645	0.31064	0.33961	0.2833
V289	0.24728	0.25647	0.34284	0.1534
V290	0.66116	0.19143	0.05315	0.09427
V291	0.39769	0.12623	0.36996	0.10612
V292	0.7564	0.04954	0.04672	0.14734
V293	0.26636	0.08618	0.51901	0.12845
V294	0.12599	0.376	0.0393	0.45871
V295	0.0803	0.23674	0.18502	0.49794
V296	0.18086	0.18071	0.47692	0.1615
V297	0.13185	0.09637	0.10675	0.66503
V298	0.26367	0.1591	0.47243	0.1048
V299	0.11685	0.30696	0.05546	0.52073
V300	0.07471	0.12039	0.21862	0.58628
V301	0.14353	0.17631	0.49872	0.18144
V302	0.51804	0.34241	0.0368	0.10275
V303	0.04365	0.53903	0.30373	0.1136
V304	0.09989	0.10846	0.57328	0.21837
V305	0.14578	0.21777	0.36479	0.27166
V306	0.63456	0.13992	0.08822	0.1373
V307	0.05561	0.80388	0.0429	0.0976
V308	0.21306	0.26871	0.25427	0.26396
V309	0.27953	0.33231	0.06091	0.32726
V310	0.11527	0.33749	0.15259	0.39465
V311	0.41381	0.45269	0.03893	0.09457
V312	0.11351	0.6441	0.13833	0.10406
V313	0.08309	0.17944	0.06753	0.66995
V314	0.06684	0.45583	0.12136	0.35597
V315	0.13542	0.5604	0.06095	0.24323
V316	0.26623	0.19233	0.32383	0.21761
V317	0.10996	0.61401	0.06752	0.20851
V318	0.08136	0.51243	0.04583	0.36039
V319	0.09635	0.13187	0.65145	0.12034
V320	0.1126	0.20271	0.4971	0.18759
V321	0.50956	0.35976	0.04128	0.0894
V322	0.19156	0.33804	0.09669	0.37372
V323	0.11627	0.11086	0.11996	0.65291
V324	0.51638	0.2754	0.09715	0.11108
V325	0.2593	0.57122	0.07808	0.09139
V326	0.05165	0.51632	0.10688	0.32515
V327	0.08601	0.20935	0.12795	0.57669
V328	0.09251	0.10863	0.57363	0.22523
V329	0.18492	0.18163	0.17181	0.46164
V330	0.32573	0.08401	0.29888	0.29138
V331	0.29634	0.15589	0.08472	0.46304
V332	0.08229	0.13601	0.18353	0.59817
V333	0.34303	0.13811	0.33437	0.1845
V334	0.3021	0.08628	0.31262	0.299
V335	0.07053	0.34833	0.39667	0.18446
V336	0.17106	0.61348	0.04869	0.16677
V337	0.24277	0.39174	0.25085	0.11465
V338	0.04062	0.83273	0.03687	0.08978
V339	0.14443	0.08927	0.66729	0.099
V340	0.09599	0.26826	0.40739	0.22836
V341	0.09681	0.12016	0.10093	0.6821
V342	0.23043	0.08202	0.48955	0.198
V343	0.78795	0.05506	0.05226	0.10473
V344	0.53545	0.18753	0.1852	0.09182
V345	0.06124	0.10311	0.74346	0.09218
V346	0.2176	0.18117	0.24939	0.35184
V347	0.10796	0.10352	0.1476	0.64092
V348	0.08677	0.57829	0.13927	0.19567
V349	0.2869	0.21548	0.32292	0.1747
V350	0.06253	0.69597	0.15793	0.08357
V351	0.08073	0.12037	0.33084	0.46806
V352	0.09064	0.10152	0.65087	0.15697
V353	0.69704	0.07111	0.07739	0.15445
V354	0.07968	0.6061	0.19524	0.11898
V355	0.24542	0.1456	0.37749	0.23149
V356	0.10123	0.1119	0.1263	0.66057
V357	0.13565	0.34582	0.23604	0.28249
V358	0.42399	0.16317	0.08856	0.32428
V359	0.45073	0.12101	0.07512	0.35314
V360	0.43178	0.41374	0.05344	0.10104
V361	0.04556	0.43242	0.43034	0.09168
V362	0.04076	0.82697	0.04257	0.0897
V363	0.17703	0.18277	0.37499	0.26521
V364	0.16712	0.13463	0.52911	0.16914
V365	0.24974	0.10758	0.06308	0.57961
V366	0.1017	0.59825	0.09792	0.20213
V367	0.44662	0.19146	0.04597	0.31595
V368	0.10745	0.63368	0.09801	0.16086
V369	0.06074	0.39239	0.45423	0.09264
V370	0.25201	0.29604	0.33422	0.11772
V371	0.17733	0.62969	0.05355	0.13943
V372	0.18204	0.13655	0.13987	0.54154
V373	0.11589	0.20446	0.3726	0.30705
V374	0.62433	0.06131	0.21877	0.09558
V375	0.1053	0.12565	0.15872	0.61033
V376	0.10048	0.11915	0.12612	0.65425
V377	0.62537	0.05341	0.0574	0.26382
V378	0.07369	0.12042	0.33809	0.4678
V379	0.28442	0.24335	0.05375	0.41848
V380	0.17141	0.1523	0.19365	0.48264
V381	0.57247	0.07241	0.12638	0.22873
V382	0.11191	0.10709	0.6822	0.0988
V383	0.65494	0.0575	0.09205	0.19551
V384	0.43319	0.13975	0.15114	0.27592
V385	0.67607	0.06287	0.11521	0.14586
V386	0.26944	0.09682	0.1623	0.47144
V387	0.45167	0.19315	0.19224	0.16294
V388	0.29827	0.34119	0.15248	0.20806
V389	0.32917	0.48411	0.04389	0.14283
V390	0.25344	0.27925	0.37335	0.09395
V391	0.3402	0.16889	0.06275	0.42816
V392	0.33291	0.25854	0.1704	0.23815
V393	0.2411	0.2659	0.29084	0.20216
V394	0.13016	0.27115	0.12774	0.47095
V395	0.20038	0.38847	0.18487	0.22628
V396	0.04805	0.81261	0.03551	0.10383
V397	0.60534	0.13432	0.13008	0.13027
V398	0.35296	0.19249	0.12186	0.33269
V399	0.18049	0.50297	0.14738	0.16916
V400	0.05211	0.53107	0.08505	0.33178
V401	0.07958	0.21293	0.55386	0.15363
V402	0.63181	0.20329	0.07176	0.09313
V403	0.0968	0.11343	0.10694	0.68284
V404	0.11795	0.24061	0.47415	0.1673
V405	0.21624	0.11698	0.17548	0.4913
V406	0.49412	0.27551	0.05542	0.17495
V407	0.04062	0.83273	0.03687	0.08978
V408	0.12067	0.2826	0.31982	0.27691
V409	0.08914	0.10781	0.07186	0.73119
V410	0.10641	0.73567	0.05396	0.10396
V411	0.36709	0.08001	0.04994	0.50296
V412	0.17059	0.15152	0.39796	0.27993
V413	0.09257	0.45796	0.16883	0.28064
V414	0.07512	0.47097	0.27101	0.18289
V415	0.3563	0.10464	0.22551	0.31355
V416	0.06093	0.14279	0.705	0.09129
V417	0.31056	0.56056	0.03672	0.09217
V418	0.12235	0.17718	0.15505	0.54543
V419	0.09505	0.09916	0.07917	0.72662
V420	0.04258	0.7573	0.04162	0.15851
V421	0.16847	0.11826	0.53069	0.18258
V422	0.1113	0.13995	0.06279	0.68596
V423	0.11307	0.09987	0.67289	0.11416
V424	0.05894	0.13538	0.48478	0.3209
V425	0.09267	0.2752	0.45898	0.17315
V426	0.12053	0.1219	0.60864	0.14893
V427	0.10319	0.39562	0.1766	0.32458
V428	0.10699	0.66211	0.07743	0.15347
V429	0.09434	0.09973	0.08457	0.72136
V430	0.57918	0.20563	0.05834	0.15685
V431	0.18826	0.10913	0.37122	0.33139
V432	0.14793	0.16715	0.08904	0.59588
V433	0.08916	0.63962	0.03064	0.24058
V434	0.28963	0.14955	0.09084	0.46998
V435	0.4055	0.08526	0.14738	0.36186
V436	0.32192	0.09183	0.14171	0.44454
V437	0.21937	0.26965	0.04754	0.46343
V438	0.46992	0.20797	0.07032	0.25179
V439	0.10198	0.16952	0.06171	0.66679
V440	0.38932	0.10991	0.07804	0.42272
V441	0.10494	0.19678	0.46132	0.23696
V442	0.26236	0.35233	0.1437	0.2416
V443	0.58029	0.06286	0.12737	0.22948
V444	0.06124	0.10311	0.74346	0.09218
V445	0.48557	0.07907	0.31256	0.12281
V446	0.06935	0.7078	0.07667	0.14618
V447	0.48493	0.15192	0.18511	0.17804
V448	0.08752	0.15136	0.18818	0.57294
V449	0.43969	0.10465	0.27686	0.17881
V450	0.14314	0.73118	0.04211	0.08357
V451	0.74769	0.09091	0.04251	0.1189
V452	0.10354	0.10673	0.10636	0.68337
V453	0.62888	0.1248	0.10254	0.14378
V454	0.04022	0.7912	0.07115	0.09743
V455	0.47051	0.09546	0.28328	0.15076
V456	0.27406	0.18385	0.32412	0.21797
V457	0.08909	0.11412	0.06583	0.73096
V458	0.24027	0.26923	0.04675	0.44376
V459	0.05609	0.67917	0.10471	0.16003
V460	0.7655	0.04876	0.07312	0.11262
V461	0.11921	0.11811	0.06436	0.69832
V462	0.28929	0.28159	0.03907	0.39006
V463	0.2194	0.44774	0.15566	0.1772
V464	0.40224	0.16389	0.04806	0.38581
V465	0.31879	0.41745	0.0576	0.20616
V466	0.45207	0.23119	0.04442	0.27232
V467	0.26127	0.51998	0.09904	0.11971
V468	0.38733	0.39528	0.08041	0.13698
V469	0.07727	0.23845	0.24732	0.43696
V470	0.42209	0.18077	0.18567	0.21147
V471	0.24496	0.17629	0.07694	0.5018
V472	0.27165	0.34582	0.03585	0.34667
V473	0.1179	0.49802	0.27804	0.10604
V474	0.1568	0.09298	0.1315	0.61872
V475	0.18051	0.3947	0.10103	0.32375
V476	0.1854	0.10542	0.09742	0.61176
V477	0.46558	0.10305	0.2111	0.22027
V478	0.1444	0.53295	0.03789	0.28477
V479	0.06609	0.15823	0.6138	0.16188
V480	0.12063	0.33343	0.07731	0.46864
V481	0.1587	0.09554	0.63958	0.10618
V482	0.53519	0.20325	0.13404	0.12751
V483	0.15965	0.1821	0.10614	0.55211
V484	0.09643	0.14894	0.07554	0.67909
V485	0.13256	0.63941	0.04104	0.187
V486	0.2369	0.29757	0.13802	0.32751
V487	0.12847	0.13087	0.11751	0.62315
V488	0.05267	0.09666	0.67418	0.17649
V489	0.20246	0.16333	0.52985	0.10435
V490	0.27891	0.33297	0.09617	0.29195
V491	0.34806	0.44561	0.06339	0.14293
V492	0.06232	0.71653	0.13086	0.09029
V493	0.09638	0.09989	0.06145	0.74228
V494	0.18869	0.21343	0.41039	0.18748
V495	0.20072	0.55439	0.13973	0.10516
V496	0.23628	0.60869	0.02982	0.12522
V497	0.06128	0.09621	0.74325	0.09926
V498	0.27384	0.17459	0.08995	0.46162
V499	0.4767	0.2876	0.13938	0.09632
V500	0.12518	0.18641	0.56239	0.12602
V501	0.08854	0.09997	0.08474	0.72675
V502	0.42181	0.29929	0.1607	0.11821
V503	0.19871	0.17383	0.19279	0.43467
V504	0.20639	0.61142	0.0421	0.14009
V505	0.19218	0.2632	0.22402	0.3206
V506	0.11867	0.29087	0.35564	0.23482
V507	0.471	0.16083	0.14262	0.22555
V508	0.58043	0.20662	0.07775	0.1352
V509	0.2146	0.13966	0.40681	0.23893
V510	0.20244	0.47956	0.22617	0.09183
V511	0.09382	0.41379	0.07452	0.41786
V512	0.23189	0.13097	0.11292	0.52421
V513	0.10078	0.56934	0.18811	0.14177
V514	0.09313	0.14029	0.05926	0.70732
V515	0.59269	0.11801	0.08926	0.20004
V516	0.73159	0.12441	0.04128	0.10272
V517	0.10041	0.11873	0.23217	0.54869
V518	0.77932	0.07112	0.04518	0.10437
V519	0.0639	0.73519	0.0353	0.16561
V520	0.08263	0.09389	0.48674	0.33673
V521	0.44493	0.1038	0.32799	0.12328
V522	0.06168	0.20048	0.44521	0.29263
V523	0.29156	0.19192	0.23534	0.28118
V524	0.04691	0.668	0.17283	0.11227
V525	0.23323	0.25577	0.06563	0.44537
V526	0.49445	0.1429	0.10845	0.25419
V527	0.20459	0.10929	0.33299	0.35313
V528	0.11316	0.73315	0.0288	0.12488
V529	0.11452	0.14928	0.20876	0.52743
V530	0.05525	0.25354	0.51763	0.17357
V531	0.05491	0.74638	0.1161	0.0826
V532	0.17863	0.34519	0.06295	0.41323
V533	0.24061	0.36113	0.1433	0.25496
V534	0.06428	0.10338	0.55215	0.28019
V535	0.44453	0.06804	0.05819	0.42924
V536	0.19941	0.08714	0.31786	0.39559
V537	0.45507	0.28161	0.16162	0.1017
V538	0.36612	0.12853	0.1172	0.38816
V539	0.22822	0.41653	0.15645	0.1988
V540	0.18462	0.60584	0.0913	0.11824
V541	0.06796	0.47664	0.08706	0.36833
V542	0.19586	0.19815	0.22704	0.37895
V543	0.69955	0.05478	0.05654	0.18913
V544	0.14336	0.16928	0.17303	0.51433
V545	0.30111	0.20431	0.10083	0.39375
V546	0.07627	0.75015	0.08362	0.08995
V547	0.07187	0.56822	0.26212	0.09779
V548	0.15244	0.65938	0.0984	0.08978
V549	0.28073	0.10129	0.51183	0.10615
V550	0.46577	0.09595	0.04448	0.39381
V551	0.17025	0.63771	0.05925	0.13279
V552	0.05624	0.4956	0.04268	0.40549
V553	0.20861	0.20293	0.47739	0.11108
V554	0.11483	0.16166	0.07386	0.64964
V555	0.12222	0.27502	0.27577	0.32698
V556	0.05364	0.11095	0.71361	0.1218
V557	0.63979	0.08356	0.05449	0.22217
V558	0.09353	0.67271	0.05338	0.18038
V559	0.04695	0.6969	0.17221	0.08394
V560	0.54113	0.32481	0.037	0.09706
V561	0.05528	0.10423	0.74132	0.09917
V562	0.60951	0.05968	0.14933	0.18148
V563	0.22797	0.08238	0.59085	0.0988
V564	0.0964	0.14836	0.64933	0.10591
V565	0.14308	0.29677	0.30419	0.25596
V566	0.53862	0.15336	0.04679	0.26123
V567	0.20176	0.43126	0.0584	0.30859
V568	0.2349	0.09438	0.09551	0.57522
V569	0.53377	0.09016	0.04372	0.33235
V570	0.07057	0.31429	0.47045	0.1447
V571	0.63996	0.16934	0.03923	0.15147
V572	0.36024	0.07965	0.38089	0.17922
V573	0.11643	0.22962	0.05458	0.59938
V574	0.07079	0.67406	0.1579	0.09726
V575	0.08913	0.16523	0.14276	0.60288
V576	0.15324	0.69145	0.06003	0.09528
V577	0.10087	0.13464	0.20328	0.56121
V578	0.09868	0.14787	0.52236	0.23108
V579	0.04835	0.74394	0.1037	0.10401
V580	0.17774	0.09767	0.13767	0.58692
V581	0.12267	0.15305	0.05633	0.66796
V582	0.44663	0.2008	0.07139	0.28119
V583	0.06608	0.13546	0.46286	0.3356
V584	0.40216	0.20489	0.26567	0.12728
V585	0.07332	0.1044	0.36786	0.45442
V586	0.22054	0.08976	0.51859	0.17112
V587	0.24357	0.08915	0.54604	0.12124
V588	0.48915	0.10853	0.06978	0.33253
V589	0.08342	0.69221	0.0842	0.14018
V590	0.07805	0.65883	0.17251	0.0906
V591	0.07637	0.12916	0.19647	0.598
V592	0.16691	0.11034	0.63202	0.09073
V593	0.4609	0.06652	0.19502	0.27755
V594	0.27462	0.31133	0.282	0.13205
V595	0.10039	0.11338	0.07118	0.71505
V596	0.08711	0.3161	0.20196	0.39483
V597	0.04199	0.52577	0.27691	0.15532
V598	0.06639	0.18164	0.64655	0.10543
V599	0.48259	0.33351	0.06628	0.11762
V600	0.28809	0.45026	0.07816	0.1835
V601	0.17174	0.30749	0.1056	0.41516
V602	0.10088	0.11277	0.06592	0.72043
V603	0.07165	0.37893	0.05278	0.49665
V604	0.40298	0.17353	0.30198	0.12152
V605	0.10251	0.34749	0.31719	0.23281
V606	0.55833	0.19857	0.05266	0.19045
V607	0.50593	0.07897	0.13826	0.27685
V608	0.20628	0.2213	0.31427	0.25814
V609	0.08274	0.28467	0.21016	0.42243
V610	0.59469	0.07835	0.1267	0.20026
V611	0.26427	0.09068	0.09501	0.55004
V612	0.07474	0.16514	0.61271	0.14741
V613	0.07673	0.34511	0.45478	0.12338
V614	0.58518	0.11824	0.08919	0.20739
V615	0.16575	0.13396	0.06089	0.6394
V616	0.10274	0.61421	0.06794	0.21511
V617	0.37912	0.20786	0.32343	0.08958
V618	0.5709	0.06615	0.04423	0.31872
V619	0.31689	0.10743	0.28491	0.29076
V620	0.04927	0.58473	0.27512	0.09088
V621	0.33653	0.21185	0.17745	0.27418
V622	0.29099	0.2616	0.32837	0.11904
V623	0.08863	0.15796	0.1564	0.59702
V624	0.62234	0.22685	0.03781	0.11301
V625	0.22753	0.46188	0.11319	0.1974
V626	0.77931	0.06305	0.04562	0.11202
V627	0.08506	0.11434	0.10768	0.69292
V628	0.07374	0.26863	0.06181	0.59582
V629	0.14431	0.32103	0.23744	0.29723
V630	0.0771	0.34573	0.44771	0.12946
V631	0.08343	0.24904	0.12443	0.5431
V632	0.46003	0.06621	0.16105	0.31271
V633	0.05237	0.1191	0.63824	0.1903
V634	0.32048	0.29164	0.29199	0.09589
V635	0.06768	0.65562	0.03695	0.23975
V636	0.14361	0.17638	0.49157	0.18843
V637	0.26132	0.24745	0.11322	0.37802
V638	0.30253	0.29103	0.09884	0.30761
V639	0.23375	0.41392	0.26663	0.0857
V640	0.0798	0.21279	0.57431	0.1331
V641	0.69826	0.08648	0.06925	0.14601
V642	0.59333	0.21185	0.03814	0.15669
V643	0.06325	0.24802	0.35554	0.3332
V644	0.72419	0.11615	0.04898	0.11068
V645	0.22697	0.39955	0.26621	0.10727
V646	0.04745	0.82698	0.03594	0.08963
V647	0.15767	0.15956	0.54301	0.13977
V648	0.32401	0.41747	0.14325	0.11527
V649	0.07411	0.14233	0.64277	0.14079
V650	0.0957	0.16404	0.59243	0.14783
V651	0.2737	0.07838	0.54787	0.10005
V652	0.12581	0.17228	0.35169	0.35022
V653	0.13378	0.58077	0.11078	0.17468
V654	0.53377	0.23501	0.09055	0.14067
V655	0.08044	0.52115	0.05137	0.34704
V656	0.20196	0.30337	0.0521	0.44258
V657	0.09804	0.14913	0.0627	0.69013
V658	0.45818	0.24805	0.09073	0.20305
V659	0.27616	0.16152	0.30889	0.25343
V660	0.06191	0.80468	0.02926	0.10414
V661	0.0997	0.41339	0.08215	0.40475
V662	0.33604	0.08941	0.39579	0.17875
V663	0.21991	0.14724	0.4499	0.18295
V664	0.19652	0.14009	0.52958	0.1338
V665	0.52712	0.22742	0.07616	0.16929
V666	0.45998	0.0667	0.13275	0.34058
V667	0.60634	0.11832	0.18127	0.09408
V668	0.128	0.69097	0.09791	0.08311
V669	0.20538	0.40252	0.22127	0.17083
V670	0.09827	0.76789	0.02995	0.10389
V671	0.29067	0.31003	0.23227	0.16703
V672	0.06717	0.10993	0.70121	0.12169
V673	0.20823	0.37208	0.20734	0.21235
V674	0.55164	0.19228	0.05891	0.19717
V675	0.14971	0.34447	0.26555	0.24027
V676	0.0939	0.18742	0.12837	0.59032
V677	0.30345	0.39531	0.11522	0.18602
V678	0.40625	0.45458	0.04436	0.09481
V679	0.08478	0.32974	0.48521	0.10028
V680	0.25505	0.4995	0.14096	0.1045
V681	0.71118	0.10759	0.05554	0.1257
V682	0.13001	0.31865	0.42868	0.12266
V683	0.04735	0.82625	0.04286	0.08354
V684	0.53593	0.20412	0.11899	0.14096
V685	0.38182	0.35136	0.13614	0.13068
V686	0.13142	0.24076	0.15609	0.47174
V687	0.10087	0.10685	0.07098	0.7213
V688	0.30071	0.47687	0.03237	0.19005
V689	0.24367	0.0843	0.09127	0.58077
V690	0.37583	0.11141	0.36349	0.14927
V691	0.16711	0.08673	0.64751	0.09864
V692	0.11021	0.20288	0.54006	0.14685
V693	0.21577	0.18141	0.30739	0.29543
V694	0.07885	0.12014	0.26024	0.54077
V695	0.23302	0.09224	0.16963	0.50511
V696	0.12914	0.16044	0.06592	0.6445
V697	0.09321	0.1333	0.06499	0.7085
V698	0.64788	0.05923	0.05659	0.2363
V699	0.43055	0.30657	0.09582	0.16706
V700	0.22865	0.10865	0.05822	0.60448
V701	0.13098	0.48431	0.1196	0.26511
V702	0.42509	0.14492	0.05664	0.37335
V703	0.15654	0.13724	0.39028	0.31594
V704	0.63893	0.09839	0.0686	0.19408
V705	0.77396	0.04217	0.0577	0.12617
V706	0.1122	0.13071	0.5941	0.16299
V707	0.07587	0.41499	0.38682	0.12232
V708	0.06981	0.73718	0.04715	0.14587
V709	0.14735	0.29476	0.40654	0.15135
V710	0.45865	0.24837	0.08319	0.20979
V711	0.10608	0.67789	0.10471	0.11131
V712	0.63883	0.10565	0.0475	0.20803
V713	0.33957	0.32188	0.06737	0.27118
V714	0.05666	0.59013	0.05004	0.30318
V715	0.25207	0.34477	0.25887	0.14429
V716	0.10384	0.12562	0.08901	0.68153
V717	0.09815	0.77433	0.02957	0.09795
V718	0.15143	0.50596	0.16672	0.17589
V719	0.09	0.61384	0.06105	0.23511
V720	0.54969	0.05837	0.23213	0.15981
V721	0.14454	0.22519	0.37303	0.25725
V722	0.12709	0.35403	0.05133	0.46755
V723	0.15015	0.15861	0.05923	0.63201
V724	0.45193	0.09647	0.11813	0.33347
V725	0.05201	0.16626	0.66107	0.12067
V726	0.08573	0.38383	0.13187	0.39858
V727	0.22987	0.5734	0.10596	0.09077
V728	0.06269	0.74335	0.10325	0.09071
V729	0.33568	0.09089	0.17607	0.39737
V730	0.71096	0.07755	0.08578	0.12572
V731	0.07884	0.25459	0.31935	0.34721
V732	0.29134	0.15212	0.30283	0.2537
V733	0.49028	0.23049	0.06888	0.21035
V734	0.21312	0.32223	0.37136	0.09329
V735	0.07796	0.11932	0.3896	0.41312
V736	0.17493	0.09908	0.06242	0.66357
V737	0.2697	0.31229	0.21643	0.20158
V738	0.10966	0.3455	0.3528	0.19203
V739	0.06088	0.10331	0.4785	0.3573
V740	0.65654	0.12975	0.10442	0.10929
V741	0.37859	0.16819	0.14193	0.31129
V742	0.32553	0.54467	0.04355	0.08625
V743	0.14796	0.19985	0.5407	0.11148
V744	0.40922	0.10704	0.29887	0.18488
V745	0.05641	0.60256	0.16558	0.17544
V746	0.80677	0.03982	0.04777	0.10563
V747	0.10149	0.09237	0.55284	0.2533
V748	0.14487	0.17674	0.4551	0.22329
V749	0.24854	0.23127	0.08743	0.43276
V750	0.32466	0.43963	0.05126	0.18446
V751	0.0763	0.7303	0.06126	0.13214
V752	0.35633	0.26622	0.14627	0.23118
V753	0.09584	0.10684	0.06007	0.73724
V754	0.04953	0.78307	0.02924	0.13817
V755	0.16122	0.24897	0.28303	0.30677
V756	0.09914	0.107	0.08907	0.7048
V757	0.27583	0.52552	0.08581	0.11285
V758	0.07692	0.65055	0.12494	0.14759
V759	0.15213	0.14622	0.32983	0.37182
V760	0.25681	0.13803	0.25138	0.35379
V761	0.095	0.51763	0.23211	0.15526
V762	0.06492	0.38665	0.05257	0.49586
V763	0.3071	0.36284	0.06043	0.26962
V764	0.04945	0.77715	0.03503	0.13837
V765	0.51717	0.14642	0.04045	0.29595
V766	0.06566	0.34197	0.34642	0.24595
V767	0.37526	0.1845	0.22822	0.21202
V768	0.08247	0.7649	0.04779	0.10484
V769	0.14451	0.70633	0.05357	0.09558
V770	0.04745	0.82698	0.03594	0.08963
V771	0.17371	0.09436	0.62606	0.10586
V772	0.1508	0.11963	0.63121	0.09836
V773	0.15909	0.7085	0.03659	0.09582
V774	0.06794	0.09566	0.71454	0.12187
V775	0.1497	0.13083	0.25089	0.46857
V776	0.33347	0.40845	0.07965	0.17842
V777	0.18495	0.18894	0.15098	0.47513
V778	0.40922	0.30017	0.09638	0.19422
V779	0.17934	0.12681	0.39853	0.29532
V780	0.12243	0.66337	0.13072	0.08347
V781	0.11213	0.11841	0.07689	0.69257
V782	0.05685	0.19066	0.60491	0.14758
V783	0.60972	0.07824	0.09022	0.22183
V784	0.11986	0.74935	0.04135	0.08944
V785	0.0699	0.78405	0.04186	0.10419
V786	0.55056	0.20216	0.11257	0.13471
V787	0.04162	0.71844	0.14991	0.09004
V788	0.39031	0.31758	0.16067	0.13144
V789	0.11234	0.37241	0.06276	0.45249
V790	0.36745	0.10382	0.11191	0.41682
V791	0.14751	0.37607	0.27129	0.20513
V792	0.14737	0.49365	0.03881	0.32017
V793	0.13471	0.57566	0.06067	0.22897
V794	0.08902	0.15659	0.59919	0.1552
V795	0.15036	0.12938	0.09739	0.62288
V796	0.07424	0.15688	0.65618	0.1127
V797	0.60154	0.0558	0.23233	0.11034
V798	0.47634	0.31154	0.10283	0.10929
V799	0.1391	0.66066	0.05348	0.14677
V800	0.11203	0.11723	0.41202	0.35871
V801	0.15826	0.19311	0.27805	0.37059
V802	0.09563	0.16707	0.24236	0.49493
V803	0.20196	0.4791	0.23417	0.08476
V804	0.41614	0.08423	0.34233	0.15729
V805	0.06156	0.09661	0.74969	0.09214
V806	0.07664	0.7635	0.04211	0.11775
V807	0.2354	0.21451	0.07618	0.47391
V808	0.50707	0.29129	0.07538	0.12626
V809	0.0833	0.11712	0.70822	0.09136
V810	0.04744	0.83287	0.03018	0.08952
V811	0.33898	0.14811	0.20091	0.312
V812	0.41756	0.29029	0.08343	0.20872
V813	0.45615	0.23427	0.18968	0.11991
V814	0.34481	0.49065	0.0719	0.09264
V815	0.0406	0.77908	0.09033	0.08999
V816	0.75848	0.04198	0.10196	0.09758
V817	0.07467	0.14959	0.66949	0.10626
V818	0.08496	0.13454	0.08324	0.69726
V819	0.64221	0.13172	0.0887	0.13738
V820	0.16217	0.17198	0.07115	0.5947
V821	0.19926	0.33178	0.31823	0.15074
V822	0.10506	0.10749	0.67384	0.11361
V823	0.07303	0.24446	0.51576	0.16674
V824	0.11367	0.37475	0.42619	0.08538
V825	0.20416	0.31762	0.22216	0.25606
V826	0.34	0.4007	0.15951	0.09979
V827	0.30495	0.5389	0.04275	0.1134
V828	0.21142	0.22761	0.12765	0.43332
V829	0.09641	0.28581	0.07555	0.54224
V830	0.21105	0.27209	0.0662	0.45066
V831	0.59206	0.14343	0.07248	0.19203
V832	0.22977	0.39409	0.16349	0.21265
V833	0.15292	0.46886	0.16791	0.21032
V834	0.26004	0.15272	0.11097	0.47626
V835	0.28754	0.42771	0.12767	0.15709
V836	0.05692	0.59589	0.0381	0.30909
V837	0.20099	0.38097	0.17698	0.24106
V838	0.74139	0.08253	0.07223	0.10385
V839	0.25295	0.54283	0.11315	0.09106
V840	0.24913	0.62991	0.03644	0.08453
V841	0.05227	0.12685	0.67931	0.14157
V842	0.28949	0.22426	0.23429	0.25196
V843	0.06576	0.10961	0.66739	0.15725
V844	0.1426	0.1706	0.3156	0.3712
V845	0.10238	0.18004	0.56993	0.14766
V846	0.05644	0.10497	0.58653	0.25206
V847	0.09024	0.10046	0.06659	0.74271
V848	0.11501	0.47121	0.16253	0.25124
V849	0.04051	0.80611	0.0358	0.11758
V850	0.78819	0.04123	0.05821	0.11237
V851	0.27699	0.49028	0.14817	0.08456
V852	0.14726	0.13748	0.14975	0.56551
V853	0.21755	0.26736	0.32785	0.18724
V854	0.45211	0.2186	0.12558	0.20371
V855	0.09024	0.10046	0.06659	0.74271
V856	0.08708	0.36394	0.28833	0.26065
V857	0.51415	0.22085	0.06855	0.19645
V858	0.44562	0.07298	0.38096	0.10045
V859	0.50206	0.26717	0.05579	0.17497
V860	0.19427	0.18685	0.09185	0.52703
V861	0.11444	0.3596	0.42644	0.09951
V862	0.14903	0.16018	0.55743	0.13336
V863	0.20678	0.13842	0.05242	0.60237
V864	0.12349	0.12443	0.0937	0.65838
V865	0.15201	0.09989	0.2448	0.5033
V866	0.57019	0.07457	0.24565	0.1096
V867	0.57025	0.08244	0.24543	0.10188
V868	0.39199	0.30286	0.14424	0.16091
V869	0.05536	0.81962	0.0353	0.08973
V870	0.13538	0.3544	0.05672	0.4535
V871	0.04051	0.80611	0.0358	0.11758
V872	0.08151	0.1137	0.23126	0.57353
V873	0.69656	0.07776	0.09292	0.13276
V874	0.18278	0.67983	0.05397	0.08342
V875	0.07886	0.25255	0.19093	0.47767
V876	0.16213	0.34206	0.33147	0.16434
V877	0.08672	0.39669	0.24935	0.26725
V878	0.13664	0.69646	0.08373	0.08318
V879	0.17847	0.60069	0.06724	0.15359
V880	0.25615	0.50335	0.03739	0.20311
V881	0.16228	0.12752	0.47177	0.23843
V882	0.6248	0.05146	0.15608	0.16766
V883	0.24575	0.23908	0.42584	0.08933
V884	0.08415	0.30808	0.04367	0.5641
V885	0.55468	0.24164	0.11174	0.09194
V886	0.06127	0.37213	0.36826	0.19835
V887	0.48684	0.12802	0.17173	0.21341
V888	0.12829	0.12927	0.57285	0.16959
V889	0.72644	0.09178	0.06389	0.11788
V890	0.08293	0.21309	0.47491	0.22907
V891	0.4854	0.11075	0.26837	0.13548
V892	0.24874	0.23731	0.05505	0.4589
V893	0.44106	0.2507	0.16173	0.14652
V894	0.0986	0.32934	0.4491	0.12296
V895	0.45612	0.13056	0.20078	0.21253
V896	0.06978	0.79027	0.03576	0.10418
V897	0.53013	0.27888	0.04384	0.14716
V898	0.38305	0.07244	0.05468	0.48984
V899	0.08729	0.25049	0.15075	0.51147
V900	0.11182	0.32327	0.29595	0.26896
V901	0.07198	0.70719	0.03534	0.1855
V902	0.07608	0.76361	0.07048	0.08983
V903	0.05054	0.40989	0.4107	0.12886
V904	0.05545	0.82509	0.02985	0.0896
V905	0.17666	0.08956	0.18329	0.55048
V906	0.32481	0.16448	0.12888	0.38182
V907	0.33727	0.47661	0.05129	0.13482
V908	0.08936	0.13501	0.10547	0.67016
V909	0.13807	0.68714	0.02851	0.14628
V910	0.18457	0.08967	0.14452	0.58124
V911	0.39576	0.3875	0.06494	0.15179
V912	0.30644	0.34152	0.13715	0.21489
V913	0.15545	0.09379	0.06421	0.68655
V914	0.17371	0.45733	0.24908	0.11989
V915	0.22372	0.0868	0.06	0.62948
V916	0.22664	0.1302	0.50918	0.13399
V917	0.54792	0.09009	0.18149	0.1805
V918	0.08004	0.55595	0.20266	0.16135
V919	0.19072	0.27824	0.25388	0.27716
V920	0.46525	0.24058	0.11856	0.17562
V921	0.09586	0.22391	0.07447	0.60576
V922	0.11829	0.43801	0.31581	0.12789
V923	0.13184	0.1098	0.08853	0.66983
V924	0.07102	0.58385	0.23232	0.1128
V925	0.19283	0.11842	0.06591	0.62284
V926	0.20792	0.1104	0.07754	0.60413
V927	0.0969	0.12633	0.09473	0.68204
V928	0.07589	0.75067	0.03489	0.13855
V929	0.08862	0.56293	0.13188	0.21657
V930	0.3892	0.37274	0.0655	0.17256
V931	0.1473	0.30283	0.3986	0.15127
V932	0.08443	0.18919	0.46853	0.25785
V933	0.46341	0.38783	0.04752	0.10124
V934	0.07161	0.222	0.24158	0.4648
V935	0.42731	0.21252	0.20505	0.15512
V936	0.40261	0.29991	0.05467	0.2428
V937	0.4164	0.18764	0.11445	0.28152
V938	0.30831	0.12489	0.27658	0.29022
V939	0.58053	0.07995	0.11023	0.2293
V940	0.0625	0.67329	0.14537	0.11884
V941	0.05553	0.0966	0.74854	0.09932
V942	0.56407	0.22463	0.09859	0.11271
V943	0.31737	0.18758	0.3546	0.14045
V944	0.08077	0.30289	0.09453	0.52181
V945	0.42745	0.36042	0.04622	0.1659
V946	0.35157	0.28921	0.23341	0.1258
V947	0.12912	0.14085	0.21533	0.5147
V948	0.28826	0.10125	0.49712	0.11336
V949	0.07027	0.1909	0.19461	0.54421
V950	0.09047	0.48905	0.18937	0.23111
V951	0.65335	0.06587	0.17716	0.10363
V952	0.11542	0.20403	0.23436	0.44619
V953	0.06642	0.13464	0.67755	0.12139
V954	0.09431	0.24263	0.15085	0.51222
V955	0.13652	0.5361	0.05654	0.27085
V956	0.09023	0.11806	0.41255	0.37916
V957	0.29282	0.09519	0.05052	0.56147
V958	0.09638	0.09989	0.06145	0.74228
V959	0.20793	0.29074	0.34923	0.1521
V960	0.21365	0.30496	0.10583	0.37556
V961	0.14588	0.38248	0.28711	0.18453
V962	0.29297	0.22258	0.33008	0.15437
V963	0.45029	0.21806	0.16965	0.16199
V964	0.65259	0.08269	0.13289	0.13183
V965	0.0921	0.46671	0.17479	0.2664
V966	0.78066	0.05551	0.05146	0.11237
V967	0.10332	0.13303	0.4195	0.34415
V968	0.0491	0.21433	0.58895	0.14762
V969	0.07503	0.31809	0.07371	0.53317
V970	0.08886	0.19871	0.34287	0.36957
V971	0.38956	0.15081	0.29612	0.16351
V972	0.39054	0.24621	0.08337	0.27988
V973	0.23101	0.40797	0.10025	0.26076
V974	0.0489	0.66633	0.13146	0.15331
V975	0.12325	0.31172	0.4714	0.09363
V976	0.34015	0.28339	0.1323	0.24415
V977	0.26586	0.359	0.28217	0.09297
V978	0.1191	0.17027	0.10243	0.6082
V979	0.6311	0.07023	0.19501	0.10366
V980	0.80677	0.03982	0.04777	0.10563
V981	0.28456	0.11057	0.36449	0.24037
V982	0.3405	0.39219	0.10187	0.16544
V983	0.54087	0.12163	0.04794	0.28956
V984	0.05583	0.70954	0.1163	0.11832
V985	0.12201	0.24519	0.05233	0.58048
V986	0.26509	0.48227	0.07677	0.17588
V987	0.21247	0.65362	0.02958	0.10433
V988	0.21531	0.10306	0.06498	0.61666
V989	0.34703	0.4459	0.10058	0.10649
V990	0.05197	0.13489	0.60905	0.20409
V991	0.50209	0.35994	0.03586	0.10211
V992	0.20219	0.09167	0.42386	0.28228
V993	0.09163	0.62372	0.15875	0.1259
V994	0.17614	0.67367	0.05413	0.09606
V995	0.56044	0.16174	0.07227	0.20554
V996	0.24447	0.19056	0.05765	0.50732
V997	0.06864	0.10335	0.63725	0.19077
V998	0.68382	0.06271	0.10758	0.14588
V999	0.12729	0.75426	0.02899	0.08945
V1000	0.27898	0.10358	0.05032	0.56712
