CD14.pos.CD16.neg.classical.monocyte	mature.neutrophil	memory.B.cell	cytotoxic.CD56.dim.NK.cell	memory.CD4.pos.AB.T.cell	macrophage
V1	0.1598	0.01352	0.69211	0.07419	0	0.06038
V2	0.39746	0.12236	0.03629	0.15052	0.16265	0.13072
V3	0.21993	0.07026	0.20791	0.05562	0.02839	0.41788
V4	0.19608	0.37751	0.01416	0.13661	0.15	0.12564
V5	0.06995	0.05237	0	0.59145	0.26448	0.02175
V6	0.24217	0.02975	0.15006	0.10075	0.16789	0.30938
V7	0.08921	0.33803	0	0.10046	0.41235	0.05994
V8	0.47003	0.06152	0.072	0.15445	0.07274	0.16925
V9	0.2389	0.15224	0.01599	0.27544	0.10295	0.21448
V10	0.33103	0.04447	0.05434	0.35034	0.10288	0.11694
V11	0.09764	0.63875	0.02874	0.08036	0.07901	0.07551
V12	0.23126	0.04764	0.1056	0.05479	0.04589	0.51483
V13	0.10872	0.4553	0.23989	0.09533	0.03164	0.06912
V14	0.10299	0.02943	0	0.75432	0.08019	0.03306
V15	0.35357	0.08352	0.0029	0.17262	0.24514	0.14225
V16	0.1137	0.02071	0	0.41856	0.33331	0.11372
V17	0.22127	0.05393	0.17304	0.05234	0.02784	0.47158
V18	0.47785	0.14648	0.08342	0.07267	0.06585	0.15373
V19	0.41647	0.06609	0.18445	0.0737	0.12067	0.13863
V20	0.42412	0.07417	0.11965	0.15762	0.06209	0.16236
V21	0.23334	0.05769	0.06986	0.05505	0.08359	0.50048
V22	0.18439	0.06169	0	0.14754	0.52206	0.08432
V23	0.13832	0.01302	0.19421	0.1176	0.49413	0.04271
V24	0.16292	0.02499	0	0.19082	0.53959	0.08168
V25	0.31725	0.25313	0.02714	0.17559	0.11061	0.11628
V26	0.24407	0.03037	0	0.09083	0.55823	0.07649
V27	0.20896	0.03524	0.19091	0.06142	0.03068	0.47278
V28	0.14539	0.22708	0.12177	0.26063	0.07596	0.16917
V29	0.10398	0.49651	0.09095	0.1275	0.05106	0.13001
V30	0.21984	0.19198	0.08126	0.07266	0.23173	0.20254
V31	0.4524	0.04203	0.21049	0.08446	0.03587	0.17476
V32	0.09354	0.02302	0.2427	0.5546	0.02834	0.05781
V33	0.20716	0.35649	0.20415	0.08962	0.03201	0.11056
V34	0.09925	0.00071	0.36247	0.13394	0.35944	0.04418
V35	0.09042	0.05847	0.08805	0.54401	0.16549	0.05356
V36	0.12335	0.421	0.06845	0.08903	0.21996	0.07821
V37	0.13429	0.01208	0.6312	0.07836	0	0.14407
V38	0.22116	0.03067	0.16879	0.05036	0.02632	0.50268
V39	0.38942	0.05412	0.04121	0.29541	0.08347	0.13637
V40	0.1107	0.41919	0	0.19676	0.16774	0.1056
V41	0.46271	0.04724	0.09691	0.05914	0.06439	0.26961
V42	0.24955	0.02859	0.46756	0.08671	0.01221	0.15538
V43	0.18888	0.34622	0	0.09854	0.25188	0.11448
V44	0.10328	0.6444	0.02842	0.07379	0.06765	0.08246
V45	0.29618	0.28151	0.08208	0.07881	0.07196	0.18945
V46	0.13506	0.02192	0	0.30684	0.32963	0.20655
V47	0.11129	0.34817	0	0.19356	0.25423	0.09275
V48	0.09216	0.51423	0.14253	0.08099	0.1098	0.06029
V49	0.09665	0.61554	0.01285	0.07503	0.12372	0.0762
V50	0.11247	0.00228	0.12331	0.11629	0.56391	0.08174
V51	0.06482	0.01051	0	0.1181	0.7767	0.02987
V52	0.09671	0.46521	0.19734	0.10995	0.06129	0.06949
V53	0.17874	0.01197	0	0.1275	0.62836	0.05343
V54	0.13584	0.11643	0.45691	0.13429	0.04993	0.1066
V55	0.08778	0.04164	0	0.1355	0.69996	0.03513
V56	0.09438	0.03686	0.62514	0.20883	0	0.03479
V57	0.17307	0.29578	0.04391	0.06103	0.15987	0.26634
V58	0.10956	0.00961	0.71457	0.09143	0	0.07484
V59	0.08786	0.02182	0	0.77181	0.09408	0.02442
V60	0.34366	0.02886	0.01913	0.41139	0.08994	0.10703
V61	0.26743	0.12494	0.03483	0.19716	0.11804	0.2576
V62	0.36338	0.05041	0.08885	0.16942	0.14095	0.18698
V63	0.12947	0.40077	0.03434	0.12075	0.07128	0.24339
V64	0.06767	0.10422	0	0.10311	0.69008	0.03493
V65	0.3662	0.13731	0.07976	0.07712	0.0958	0.2438
V66	0.36013	0.045	0.09256	0.09793	0.29412	0.11027
V67	0.13258	0.13868	0.23918	0.28136	0.02807	0.18013
V68	0.53393	0.05149	0.08943	0.09723	0.06285	0.16507
V69	0.40072	0.0588	0.07739	0.05678	0.08252	0.32379
V70	0.10389	0.01545	0.1236	0.605	0.11883	0.03322
V71	0.11884	0.22375	0	0.16557	0.3416	0.15025
V72	0.38579	0.1291	0.10499	0.08207	0.10757	0.19048
V73	0.10976	0.00995	0.01614	0.71763	0.11317	0.03334
V74	0.0729	0.13441	0	0.68497	0.08295	0.02477
V75	0.08651	0.64241	0.0115	0.0933	0.09377	0.07251
V76	0.10861	0.00035	0.59129	0.14155	0.11549	0.0427
V77	0.1354	0.12974	0.05205	0.51878	0.07219	0.09183
V78	0.34536	0.12464	0.08662	0.16741	0.07433	0.20164
V79	0.14537	0.41944	0.05035	0.05625	0.05455	0.27405
V80	0.13765	0.43755	0.03828	0.06481	0.06947	0.25224
V81	0.45167	0.1205	0.12568	0.0752	0.06826	0.15869
V82	0.09266	0.57958	0.0016	0.10896	0.14045	0.07675
V83	0.156	0.13876	0	0.40645	0.19057	0.10821
V84	0.26579	0.03137	0.06648	0.43489	0.09917	0.10231
V85	0.51863	0.04928	0.1454	0.07429	0.05132	0.16108
V86	0.23309	0.04691	0.11513	0.31566	0.06743	0.22178
V87	0.0732	0.02741	0	0.79084	0.07951	0.02904
V88	0.14927	0.03999	0	0.48474	0.12137	0.20462
V89	0.15923	0.15652	0.36832	0.07619	0	0.23975
V90	0.11081	0.51948	0.09921	0.08447	0.10401	0.08201
V91	0.09783	0.01892	0	0.19664	0.6392	0.0474
V92	0.07226	0.07106	0	0.11133	0.70154	0.04381
V93	0.22288	0.07405	0	0.15273	0.28272	0.26761
V94	0.08141	0.01383	0.16338	0.66403	0.05446	0.02289
V95	0.09379	0.0099	0.15928	0.21935	0.48815	0.02954
V96	0.13019	0.30718	0	0.11401	0.30385	0.14477
V97	0.06504	0.0181	0	0.16611	0.72626	0.02449
V98	0.08374	0.07565	0	0.66999	0.14096	0.02966
V99	0.06641	0.02767	0	0.80786	0.07971	0.01835
V100	0.10176	0.01168	0.34758	0.34446	0.13255	0.06196
V101	0.09452	0.30922	0.34346	0.17563	0.01113	0.06604
V102	0.50545	0.05629	0.15697	0.0748	0.04827	0.15821
V103	0.41645	0.05592	0.05241	0.2064	0.11856	0.15026
V104	0.09908	0.00707	0.12797	0.65317	0.07634	0.03638
V105	0.22951	0.03247	0.13076	0.04757	0.0329	0.52679
V106	0.15363	0.01071	0.51012	0.06827	0	0.25728
V107	0.11885	0.51022	0.18897	0.07864	0.03501	0.06831
V108	0.19427	0.04973	0.04216	0.06537	0.22555	0.42292
V109	0.20405	0.03467	0.03392	0.05479	0.21196	0.46061
V110	0.12462	0.15021	0.57213	0.07778	0	0.07527
V111	0.09687	0.0172	0.73812	0.10457	0	0.04325
V112	0.09076	0.26018	0	0.52355	0.08386	0.04166
V113	0.10914	0.08828	0.51371	0.14094	0.09736	0.05058
V114	0.17882	0.00658	0.53637	0.21805	0	0.06018
V115	0.33175	0.08385	0.04856	0.0881	0.17595	0.2718
V116	0.52504	0.05013	0.08564	0.11378	0.06335	0.16205
V117	0.37405	0.03869	0	0.16117	0.31315	0.11295
V118	0.09557	0.52696	0.07954	0.10591	0.11488	0.07714
V119	0.09353	0.61458	0.02718	0.10431	0.07255	0.08786
V120	0.1344	0.17853	0.04149	0.42943	0.14852	0.06764
V121	0.28028	0.03409	0.04226	0.28646	0.06671	0.29021
V122	0.22709	0.03773	0	0.5507	0.11829	0.06618
V123	0.30897	0.03691	0.03538	0.10304	0.18456	0.33115
V124	0.10299	0.00113	0.13373	0.12423	0.60015	0.03777
V125	0.11261	0.13871	0.51517	0.13666	0	0.09684
V126	0.18699	0.22437	0.09162	0.05948	0.05129	0.38627
V127	0.12251	2e-04	0.65358	0.17682	0	0.0469
V128	0.2482	0.23104	0.08933	0.20888	0.11973	0.10283
V129	0.09896	0.0173	0.68029	0.15645	0	0.047
V130	0.33565	0.13191	0.02744	0.27685	0.10643	0.12171
V131	0.11399	0.01177	0	0.11262	0.64147	0.12015
V132	0.10314	0.38766	0.30313	0.08394	0.05525	0.06687
V133	0.12645	0.17572	0.44159	0.17032	0.03282	0.0531
V134	0.16261	0.50169	0.01777	0.08073	0.14117	0.09602
V135	0.14809	0.0143	0.616	0.09567	0	0.12594
V136	0.12252	0.54359	0.06652	0.0885	0.09148	0.08737
V137	0.11446	0.15286	0.42136	0.11788	0.14937	0.04408
V138	0.17884	0.01663	0.00498	0.39591	0.14505	0.25859
V139	0.14879	0.05619	0.06799	0.0913	0.40598	0.22974
V140	0.36705	0.21361	0.08232	0.12944	0.07096	0.13662
V141	0.20404	0.23203	0.09314	0.28776	0.0889	0.09413
V142	0.13669	0.53653	0.03355	0.11698	0.06591	0.11033
V143	0.13764	0.06236	0.50048	0.17318	0.05879	0.06756
V144	0.19316	0.15747	0.05687	0.15136	0.05873	0.38241
V145	0.07333	0.01158	0	0.81079	0.0718	0.03251
V146	0.15943	0.0213	0	0.10538	0.61646	0.09742
V147	0.34331	0.09329	0.14995	0.10243	0.041	0.27002
V148	0.1048	0.16484	0.59967	0.07577	0	0.05492
V149	0.15172	0.37916	0.03863	0.07498	0.05712	0.29839
V150	0.06927	0.01251	0	0.80827	0.09163	0.01832
V151	0.16964	0.32005	0.04239	0.06114	0.07575	0.33104
V152	0.13002	0.21523	0.32029	0.12318	0.117	0.09428
V153	0.09281	0.03827	0.4965	0.33545	0	0.03697
V154	0.29632	0.19916	0.06915	0.05226	0.05558	0.32753
V155	0.12034	0.30822	0.00819	0.08553	0.3889	0.08883
V156	0.08289	0.38713	0	0.08478	0.39092	0.05429
V157	0.16092	0.10631	0.04985	0.27173	0.07208	0.3391
V158	0.10899	0.05717	0.70659	0.07343	0	0.05381
V159	0.16425	0.21357	0.24901	0.23272	0.05979	0.08066
V160	0.11526	0.00104	0.71214	0.07969	0	0.09187
V161	0.08356	0.38709	0	0.32994	0.14677	0.05264
V162	0.09312	0.42736	0	0.17776	0.23021	0.07156
V163	0.10788	0	0.76476	0.07501	0	0.05236
V164	0.09654	0.30213	0.2624	0.18534	0.09274	0.06085
V165	0.10693	0.02874	0	0.11472	0.64796	0.10165
V166	0.14018	0.02284	0	0.20232	0.40756	0.2271
V167	0.09241	0.00389	0.29593	0.53578	0.04052	0.03147
V168	0.41773	0.0483	0.04888	0.27023	0.07542	0.13944
V169	0.10874	0.00996	0.55079	0.27901	0	0.05149
V170	0.31108	0.05024	0.0842	0.32543	0.12732	0.10173
V171	0.17126	0.36197	0.05122	0.0553	0.06803	0.29221
V172	0.14686	0.07123	0.42603	0.24308	0	0.11281
V173	0.1235	0.02158	0.64735	0.07817	0	0.1294
V174	0.39802	0.12465	0.0248	0.08114	0.2399	0.1315
V175	0.11614	0.52204	0.09946	0.09227	0.09888	0.07121
V176	0.09609	0	0.76698	0.09404	0	0.04289
V177	0.18502	0.0845	0.24723	0.10317	0.1672	0.21288
V178	0.086	0.04577	0	0.10467	0.71671	0.04685
V179	0.10721	0.01302	0	0.59343	0.15497	0.13138
V180	0.22848	0.02756	0.14799	0.40463	0.04471	0.14663
V181	0.34328	0.12673	0.08724	0.1221	0.11716	0.20349
V182	0.1058	0.08482	0.60594	0.14026	0	0.06318
V183	0.0755	0.01231	0	0.82512	0.0675	0.01957
V184	0.26625	0.33744	0.02081	0.09452	0.17183	0.10914
V185	0.14468	0.42165	0.02264	0.07799	0.17293	0.16011
V186	0.08894	0.00084	0.4755	0.40607	0	0.02866
V187	0.22021	0.40008	0.00286	0.08821	0.1939	0.09475
V188	0.15934	0.45802	0.04153	0.08518	0.06056	0.19538
V189	0.11922	0.06974	0.05615	0.11974	0.50832	0.12684
V190	0.1057	0.16346	0	0.10018	0.479	0.15167
V191	0.134	0.44328	0.03242	0.06476	0.07089	0.25465
V192	0.33693	0.2129	0.10524	0.09285	0.10636	0.14572
V193	0.21772	0.12323	0.07614	0.05552	0.05385	0.47356
V194	0.07912	0.02743	0	0.20465	0.64639	0.04241
V195	0.10198	0	0.58805	0.20353	0.06634	0.0401
V196	0.07063	0.01093	0	0.79038	0.10518	0.02287
V197	0.19469	0.01705	0	0.10454	0.61429	0.06943
V198	0.14009	0.32685	0	0.19878	0.25638	0.0779
V199	0.10492	0.20102	0	0.18231	0.46036	0.05139
V200	0.14038	0.01381	0.44716	0.29313	0	0.10552
V201	0.07676	0.01309	0	0.80745	0.06431	0.0384
V202	0.15748	0.06585	0.32884	0.11639	0.12668	0.20475
V203	0.36093	0.05748	0.03171	0.35071	0.08137	0.1178
V204	0.20958	0.06472	0.07926	0.1871	0.05731	0.40202
V205	0.1014	0.01742	0.74015	0.09626	0	0.04477
V206	0.08532	0.04941	0.02649	0.70415	0.11061	0.02402
V207	0.26713	0.17236	0.04975	0.26403	0.09052	0.15621
V208	0.29391	0.09334	0.33128	0.12451	0.05858	0.09839
V209	0.20781	0.37468	0.03478	0.08596	0.06956	0.22721
V210	0.15857	0.0239	0.68227	0.07431	0	0.06094
V211	0.35393	0.06091	0.10812	0.07715	0.18669	0.21321
V212	0.0943	0.2315	0.12299	0.39376	0.10653	0.05091
V213	0.12081	0.06977	0.12793	0.13165	0.50407	0.04577
V214	0.48435	0.06435	0.08512	0.11595	0.09317	0.15705
V215	0.13766	0.49008	0.03178	0.09221	0.06249	0.18578
V216	0.15092	0.40797	0.23632	0.08619	0.03989	0.07872
V217	0.23388	0.02098	0.02528	0.14661	0.29372	0.27953
V218	0.10416	0.26269	0	0.49799	0.0935	0.04165
V219	0.48789	0.05006	0.09816	0.06101	0.06544	0.23745
V220	0.12378	0.02216	0	0.73408	0.07693	0.04305
V221	0.12236	0.55234	0.03643	0.1333	0.07294	0.08265
V222	0.1227	0.2415	0	0.21015	0.35075	0.0749
V223	0.14192	0.2547	0.21514	0.07033	0.0421	0.27582
V224	0.10246	0	0.25569	0.11558	0.49363	0.03263
V225	0.25811	0.0427	0.09058	0.05338	0.04291	0.51232
V226	0.22871	0.06145	0.14838	0.3186	0.14487	0.09799
V227	0.3958	0.03631	0.04987	0.25299	0.08084	0.18419
V228	0.1614	0.21489	0.36263	0.135	0.02752	0.09856
V229	0.1858	0.02021	0.26807	0.31328	0.13205	0.08058
V230	0.12269	0.14891	0.57524	0.08318	0	0.06998
V231	0.09462	0.02951	0	0.75941	0.09015	0.02631
V232	0.29784	0.0367	0.03192	0.29541	0.08204	0.25608
V233	0.49139	0.05502	0.09015	0.12322	0.07526	0.16495
V234	0.3288	0.02898	0	0.10021	0.43384	0.10818
V235	0.11603	0.01344	0	0.74015	0.09016	0.04022
V236	0.1504	0.00695	0.08224	0.10875	0.483	0.16867
V237	0.10082	0	0.66616	0.19185	0	0.04117
V238	0.39742	0.03735	0.09373	0.13553	0.08568	0.2503
V239	0.34846	0.05629	0.10329	0.19201	0.15964	0.14031
V240	0.07524	0.20988	0	0.18994	0.48393	0.04101
V241	0.34541	0.1634	0.03362	0.21731	0.11237	0.12788
V242	0.25966	0.06771	0.05803	0.21137	0.13073	0.27251
V243	0.10268	0.3321	0.34289	0.12803	0.03326	0.06105
V244	0.17843	0.03529	0	0.08142	0.48816	0.2167
V245	0.459	0.04539	0.08829	0.05886	0.07281	0.27565
V246	0.09501	0.04817	0.10787	0.42132	0.28797	0.03965
V247	0.26283	0.09133	0.0496	0.21023	0.08165	0.30435
V248	0.20939	0.04462	0	0.27014	0.38223	0.09362
V249	0.21346	0.15764	0.31079	0.1502	0.00563	0.16228
V250	0.0731	0.0278	0	0.80594	0.0686	0.02456
V251	0.09499	0.45575	0.10308	0.22033	0.06074	0.06511
V252	0.07506	0.01854	0	0.76536	0.11164	0.0294
V253	0.14594	0.06488	0	0.39094	0.1691	0.22914
V254	0.11426	0.22752	0	0.24448	0.32832	0.08542
V255	0.25992	0.26377	0.07863	0.12229	0.10863	0.16676
V256	0.09118	0.64278	0.01646	0.07983	0.08737	0.08237
V257	0.11534	0.34156	0	0.10356	0.34427	0.09527
V258	0.09636	0.20249	0.07163	0.51653	0.06339	0.04961
V259	0.09362	0.46033	0.25346	0.09542	0.02199	0.07518
V260	0.148	0.04946	0	0.10556	0.56677	0.1302
V261	0.34217	0.04982	0.04099	0.10407	0.24536	0.21759
V262	0.14438	0.01288	0.67911	0.11442	0	0.04921
V263	0.10699	0.05799	0.49587	0.28663	0	0.05252
V264	0.38143	0.05474	0.12971	0.09794	0.10314	0.23303
V265	0.08569	0.01112	0	0.13067	0.73728	0.03524
V266	0.25291	0.06523	0.08653	0.05504	0.05124	0.48905
V267	0.15314	0.52984	0.018	0.13216	0.07795	0.08892
V268	0.53119	0.05176	0.08811	0.07099	0.06482	0.19312
V269	0.09559	0.05045	0.03979	0.68495	0.09764	0.03158
V270	0.21904	0.39937	0.02797	0.08763	0.16807	0.09793
V271	0.17392	0.12812	0.22631	0.07473	0.03022	0.36671
V272	0.08764	0.01222	0	0.17349	0.64525	0.0814
V273	0.11341	0.01021	0	0.17806	0.62705	0.07127
V274	0.20136	0.03322	0.17652	0.10302	0.0333	0.45258
V275	0.40372	0.19366	0.07148	0.07794	0.07176	0.18143
V276	0.17437	0.22434	0.08473	0.12598	0.08208	0.3085
V277	0.34859	0.05052	0.04985	0.06939	0.17607	0.30559
V278	0.16123	0.11385	0.01727	0.29115	0.34445	0.07205
V279	0.21332	0.06638	0.19487	0.10658	0.03692	0.38193
V280	0.12838	0.01526	0	0.72851	0.07916	0.0487
V281	0.09248	0.62848	0.03944	0.09947	0.06456	0.07556
V282	0.07936	0.04602	0	0.162	0.67336	0.03927
V283	0.08231	0.36214	0	0.09263	0.40216	0.06075
V284	0.12206	0.09691	0.22126	0.37207	0.06239	0.12531
V285	0.07165	0.02824	0	0.80231	0.07339	0.02441
V286	0.40337	0.06255	0.10705	0.23357	0.06292	0.13054
V287	0.08864	0.01874	0	0.17866	0.64873	0.06524
V288	0.17784	0.23856	0.03469	0.06484	0.15436	0.32972
V289	0.09758	0.08489	0.57789	0.192	0	0.04764
V290	0.08583	0.00615	0.1255	0.67512	0.06975	0.03765
V291	0.0836	0.03686	0	0.77083	0.07596	0.03275
V292	0.14799	0.08937	0	0.54845	0.16491	0.04927
V293	0.07433	0.05396	0	0.11505	0.71856	0.0381
V294	0.34707	0.05949	0	0.08998	0.31155	0.1919
V295	0.26339	0.03518	0.09112	0.04568	0.05105	0.51359
V296	0.11344	0.31053	0.0477	0.29327	0.11597	0.11909
V297	0.22832	0.0855	0.07395	0.05409	0.05362	0.50452
V298	0.09327	0.5815	0.1212	0.08361	0.04811	0.07231
V299	0.17769	0.08381	0.58233	0.08862	0	0.06754
V300	0.42705	0.13368	0.10175	0.06911	0.05696	0.21146
V301	0.30185	0.34806	0.08297	0.08384	0.0692	0.11407
V302	0.09302	0.23992	0.00849	0.48695	0.12256	0.04906
V303	0.09255	0.5387	0.03861	0.09106	0.16132	0.07777
V304	0.08521	0.01018	0	0.1091	0.76063	0.03488
V305	0.12927	0.01925	0.10649	0.43609	0.12852	0.18038
V306	0.30527	0.11687	0.07061	0.05759	0.0539	0.39576
V307	0.17504	0.02499	0	0.10792	0.58665	0.10539
V308	0.06495	0.02001	0	0.82488	0.07257	0.01759
V309	0.08428	0.42259	0	0.35888	0.07496	0.05928
V310	0.15217	0.31726	0.21835	0.07705	0.04004	0.19513
V311	0.35082	0.04287	0.083	0.05652	0.05396	0.41283
V312	0.14102	0.02315	0	0.39099	0.38168	0.06316
V313	0.281	0.04275	0.0712	0.0875	0.0512	0.46635
V314	0.20106	0.02759	0	0.62829	0.0859	0.05716
V315	0.1493	0.5348	0.02287	0.0721	0.11277	0.10816
V316	0.25292	0.03996	0.07373	0.11257	0.06585	0.45497
V317	0.12013	0.01547	0	0.63339	0.09889	0.13212
V318	0.07569	0.01937	0	0.79679	0.07452	0.03363
V319	0.25903	0.1786	0.20942	0.19903	0.03684	0.11708
V320	0.20964	0.18182	0.26504	0.17414	0.02258	0.14679
V321	0.08432	0.4967	0	0.28404	0.07916	0.05579
V322	0.12463	0.00884	0	0.11379	0.62023	0.13252
V323	0.08955	0.24522	0	0.38259	0.24137	0.04128
V324	0.14318	0.04819	0	0.26388	0.36721	0.17753
V325	0.11804	0.62172	0.04154	0.07285	0.0643	0.08155
V326	0.1508	0.56383	0.03485	0.07253	0.08552	0.09247
V327	0.14968	0.00213	0.71533	0.07572	0	0.05714
V328	0.18031	0.18825	0.10792	0.20992	0.24632	0.06729
V329	0.1073	0.00143	0.42413	0.11413	0.30085	0.05215
V330	0.10306	0	0.75289	0.0937	0	0.05035
V331	0.41456	0.09758	0.10284	0.13871	0.06426	0.18205
V332	0.16514	0.07272	0.08248	0.08714	0.35391	0.2386
V333	0.10264	0.02148	0.33136	0.40909	0.07906	0.05637
V334	0.0919	0.3484	0.29856	0.18622	0.01601	0.05891
V335	0.17388	0.02545	0.59879	0.08045	0	0.12143
V336	0.22754	0.47201	0.05646	0.07111	0.07034	0.10254
V337	0.12123	0.17214	0	0.10216	0.55614	0.04833
V338	0.4463	0.0409	0.07237	0.07837	0.19816	0.16389
V339	0.15222	0.09072	0.29433	0.30661	0.03137	0.12475
V340	0.3627	0.241	0.05003	0.10332	0.08862	0.15432
V341	0.20903	0.05245	0.0054	0.54134	0.11995	0.07182
V342	0.1218	0.02315	0	0.60219	0.11017	0.14269
V343	0.2049	0.15425	0.13844	0.07921	0.05031	0.3729
V344	0.10127	0.49005	0	0.09412	0.18954	0.12501
V345	0.0696	0.01028	0	0.11881	0.77526	0.02604
V346	0.15546	0.02493	0	0.44338	0.30431	0.07192
V347	0.31768	0.13865	0.01335	0.15038	0.26439	0.11556
V348	0.15981	0.12847	0.51676	0.1116	0.01614	0.06722
V349	0.43106	0.10078	0.08511	0.14938	0.09335	0.14032
V350	0.2942	0.06224	0.12895	0.26625	0.05079	0.19756
V351	0.24591	0.08897	0.09547	0.07381	0.05959	0.43626
V352	0.13123	0.2684	0	0.06409	0.2813	0.25497
V353	0.10335	0.16518	0.6063	0.07587	0	0.0493
V354	0.19509	0.0587	0.16189	0.07846	0.28169	0.22416
V355	0.09989	0.02718	0.74683	0.08651	0	0.03959
V356	0.3252	0.12983	0.05132	0.26098	0.09454	0.13813
V357	0.26181	0.02531	0.31913	0.1089	0.19057	0.09429
V358	0.21935	0.0324	0.11419	0.07984	0.04612	0.50811
V359	0.14586	0.08855	0	0.57165	0.12904	0.06491
V360	0.33413	0.02857	0	0.25293	0.25199	0.13239
V361	0.08881	0.65536	0.01788	0.08651	0.07553	0.07591
V362	0.09191	0.42714	0.00661	0.33494	0.08484	0.05456
V363	0.44286	0.09469	0.09395	0.06834	0.13605	0.16411
V364	0.18323	0.17437	0.04129	0.08719	0.1418	0.37212
V365	0.26414	0.33461	0.03388	0.185	0.07383	0.10854
V366	0.14252	0.22759	0.35076	0.14697	0.06432	0.06784
V367	0.08563	0.01158	0	0.58147	0.27397	0.04734
V368	0.17389	0.13473	0.07901	0.09021	0.15649	0.36568
V369	0.09335	0.03839	0	0.15538	0.62909	0.08378
V370	0.11861	0.07671	0.4996	0.22241	0	0.08267
V371	0.11914	0.2146	0	0.45155	0.07546	0.13925
V372	0.10348	0.52084	0	0.09479	0.17627	0.10462
V373	0.47884	0.05926	0.08702	0.05975	0.06194	0.25319
V374	0.1864	0.02176	0.1666	0.50436	0.06885	0.05203
V375	0.30835	0.0315	0.14916	0.13575	0.26443	0.1108
V376	0.18954	0.06564	0.05475	0.15658	0.11123	0.42226
V377	0.13222	0.0128	0.26756	0.10688	0.42141	0.05912
V378	0.20642	0.08446	0.19286	0.05643	0.05213	0.40771
V379	0.34948	0.04414	0.1784	0.0591	0.03315	0.33573
V380	0.07407	0.04461	0	0.12279	0.72059	0.03793
V381	0.26735	0.04776	0.25061	0.32465	0.03032	0.07932
V382	0.07266	0.03533	0	0.28063	0.58084	0.03053
V383	0.1969	0.04922	0.30716	0.34932	0.02752	0.06987
V384	0.12393	0.02069	0.68971	0.11564	0	0.05003
V385	0.24536	0.04148	0.09849	0.04568	0.04032	0.52867
V386	0.38977	0.06264	0.24893	0.08297	0.07461	0.14108
V387	0.19974	0.02541	0.0111	0.62231	0.08559	0.05583
V388	0.46754	0.07992	0.18628	0.0689	0.04783	0.14953
V389	0.28822	0.09902	0.07706	0.04964	0.05615	0.4299
V390	0.106	0.0455	0	0.65871	0.09544	0.09434
V391	0.09399	0.02079	0	0.57015	0.25431	0.06076
V392	0.15293	0.04823	0.37676	0.1756	0	0.24648
V393	0.13851	0.14121	0.28364	0.13887	0.12031	0.17745
V394	0.07649	0.01075	0	0.77399	0.11413	0.02464
V395	0.09629	0.05516	0.72606	0.08401	0	0.03848
V396	0.3233	0.07866	0.01379	0.36124	0.12021	0.10281
V397	0.20049	0.16871	0.07729	0.06008	0.08123	0.4122
V398	0.1065	0.5205	0	0.09912	0.2006	0.07328
V399	0.10641	0	0.70126	0.13151	0	0.06083
V400	0.17756	0.04201	0.01226	0.39093	0.0798	0.29745
V401	0.18205	0.0274	0.5322	0.10602	0.05466	0.09768
V402	0.10423	0.02228	0	0.76031	0.0706	0.04257
V403	0.19012	0.01642	0	0.10277	0.35497	0.33572
V404	0.09952	0.00808	0.77589	0.07705	0	0.03946
V405	0.25058	0.30174	0.07625	0.1207	0.15067	0.10006
V406	0.19386	0.07049	0.14105	0.15579	0.17988	0.25893
V407	0.14633	0.02393	0.58986	0.07257	0	0.16731
V408	0.10126	0.10126	0	0.63438	0.07132	0.09179
V409	0.5235	0.07799	0.08686	0.06393	0.06667	0.18105
V410	0.53971	0.06022	0.08402	0.06467	0.08002	0.17136
V411	0.1894	0.03074	0.04311	0.26271	0.05875	0.41529
V412	0.35526	0.18397	0.07566	0.11182	0.15304	0.12026
V413	0.0796	0.10519	0	0.69236	0.09313	0.02972
V414	0.1241	0.07215	0	0.56802	0.18737	0.04836
V415	0.11883	0.01515	0.22467	0.43205	0.11536	0.09395
V416	0.10099	0.13257	0	0.29244	0.36623	0.10777
V417	0.23184	0.02592	0.11068	0.1567	0.04276	0.4321
V418	0.10267	0.078	0.27548	0.22551	0.25185	0.06649
V419	0.23559	0.05523	0.07777	0.04515	0.05235	0.53391
V420	0.24354	0.03302	0.0785	0.05297	0.05153	0.54043
V421	0.10503	0.05378	0	0.16923	0.61754	0.05442
V422	0.18008	0.26082	0	0.09048	0.39256	0.07606
V423	0.09389	0.1456	0	0.65564	0.0695	0.03537
V424	0.4594	0.1212	0.08237	0.12174	0.06441	0.15088
V425	0.07279	0.10485	0	0.10306	0.67892	0.04039
V426	0.20018	0.06026	0.19376	0.06255	0.03001	0.45323
V427	0.32058	0.1315	0.13947	0.18635	0.07162	0.15048
V428	0.21359	0.02858	0	0.61504	0.08061	0.06218
V429	0.08816	0.02386	0.00054	0.59338	0.25531	0.03874
V430	0.1204	0.07808	0.44157	0.27721	0	0.08274
V431	0.0945	0.00729	0.75513	0.10617	0	0.03691
V432	0.08483	0.35242	0	0.42006	0.0921	0.05058
V433	0.07675	0.01056	0	0.81613	0.07713	0.01943
V434	0.08694	0.2487	0.0932	0.47035	0.06297	0.03783
V435	0.11323	0.01271	0	0.09133	0.62186	0.16088
V436	0.48464	0.13133	0.08361	0.0807	0.06596	0.15375
V437	0.20135	0.24674	0.22126	0.09526	0.11456	0.12083
V438	0.09891	0.32509	0	0.13663	0.37808	0.06129
V439	0.09026	0.01452	0	0.11251	0.74744	0.03527
V440	0.17997	0.05656	0.31127	0.14144	0.17687	0.13389
V441	0.13959	0.07345	0.36597	0.2192	0.00434	0.19746
V442	0.30243	0.13128	0.1623	0.12753	0.08577	0.19069
V443	0.08711	0.00948	0	0.75187	0.11069	0.04086
V444	0.44252	0.06757	0.07947	0.09235	0.13863	0.17946
V445	0.54303	0.06047	0.10165	0.0647	0.06196	0.16819
V446	0.10067	0.45115	0.20996	0.10155	0.05138	0.08528
V447	0.17322	0.1968	0.01331	0.21227	0.10979	0.29461
V448	0.1117	0.01971	0.71954	0.10744	0	0.04161
V449	0.359	0.059	0.04545	0.31013	0.07634	0.15007
V450	0.15257	0.01434	0.56203	0.10706	0.10919	0.05481
V451	0.15283	0.04425	0.0365	0.2373	0.47769	0.05143
V452	0.16173	0.03212	0.01636	0.43313	0.11463	0.24202
V453	0.27724	0.01835	0.42593	0.19324	0	0.08524
V454	0.18099	0.06619	0.05724	0.55197	0.07922	0.06438
V455	0.12006	0.59173	0.04361	0.0928	0.06449	0.08731
V456	0.49691	0.04653	0.10023	0.07362	0.09487	0.18783
V457	0.21163	0.03378	0.02656	0.06472	0.22957	0.43374
V458	0.13734	0.00717	0.28655	0.1096	0.3363	0.12305
V459	0.10001	0.01897	0.45072	0.39879	0	0.03151
V460	0.27761	0.07793	0.20952	0.18981	0.06071	0.18442
V461	0.22503	0.05409	0	0.44656	0.1798	0.09452
V462	0.10231	0	0.73382	0.09731	0	0.06656
V463	0.0673	0.03506	0	0.14821	0.7236	0.02582
V464	0.10954	0.602	0.0165	0.09389	0.10049	0.07758
V465	0.29042	0.10482	0.3606	0.08065	0.03986	0.12366
V466	0.11252	0.02986	0	0.68125	0.12595	0.05042
V467	0.5492	0.05324	0.09615	0.06434	0.06346	0.17362
V468	0.26445	0.10722	0.05536	0.29241	0.19479	0.08576
V469	0.11	0.12129	0.51152	0.16932	0	0.08787
V470	0.39525	0.04273	0.04583	0.14347	0.24146	0.13127
V471	0.12163	0.19572	0.40674	0.14787	0.023	0.10504
V472	0.10782	0.41204	0	0.10903	0.28303	0.08808
V473	0.09451	0.66415	0.02607	0.07408	0.06778	0.07342
V474	0.12186	0.00643	0.26401	0.53922	0.02964	0.03885
V475	0.12569	0.13776	0.16254	0.24902	0.2609	0.06408
V476	0.32656	0.04902	0.04024	0.23289	0.10962	0.24167
V477	0.12307	0.45662	0.05536	0.14795	0.08008	0.13693
V478	0.10972	0.01035	0.69554	0.09438	0	0.09
V479	0.12516	0.12501	0.58573	0.1063	0	0.0578
V480	0.08014	0.21178	0	0.34945	0.32117	0.03745
V481	0.29757	0.10344	0.07593	0.14644	0.25332	0.12331
V482	0.39013	0.03927	0.09716	0.06351	0.05518	0.35474
V483	0.08787	0.63476	0.06313	0.08138	0.05928	0.07358
V484	0.49748	0.04697	0.123	0.06696	0.10176	0.16383
V485	0.22895	0.12465	0.38776	0.15172	0	0.10693
V486	0.21709	0.01071	0.54108	0.11001	0	0.12111
V487	0.08523	0.29674	0	0.09745	0.46457	0.05602
V488	0.19732	0.49635	0.04162	0.106	0.06715	0.09157
V489	0.4739	0.06318	0.12644	0.07595	0.10176	0.15876
V490	0.23283	0.06384	0.06047	0.09498	0.07242	0.47546
V491	0.13656	0.24527	0.2344	0.08894	0.21928	0.07555
V492	0.20159	0.04508	0.19097	0.14475	0.09871	0.3189
V493	0.46368	0.15311	0.07306	0.08804	0.06771	0.15439
V494	0.17738	0.04802	0.29529	0.08406	0.00162	0.39364
V495	0.18792	0.42685	0.16056	0.09048	0.05164	0.08255
V496	0.20824	0.12145	0.21021	0.07708	0.1998	0.18322
V497	0.10519	0.17965	0.03661	0.12967	0.50112	0.04776
V498	0.13521	0.09713	0.24005	0.37951	0.08108	0.06702
V499	0.10268	0.50336	0.11996	0.13386	0.06125	0.07888
V500	0.31039	0.17984	0.0622	0.11969	0.18273	0.14514
V501	0.10813	0.61525	0.02096	0.09142	0.07423	0.09001
V502	0.0739	0.01906	0	0.32929	0.5435	0.03425
V503	0.13697	0.26895	0.00011	0.45064	0.09188	0.05145
V504	0.10392	0.61899	0.0519	0.07461	0.07413	0.07646
V505	0.10031	0.00367	0.35439	0.44367	0.03169	0.06628
V506	0.28886	0.03544	0.06401	0.19368	0.11298	0.30502
V507	0.23964	0.0319	0.07846	0.04496	0.05857	0.54648
V508	0.10513	0.44862	0.0114	0.15171	0.215	0.06813
V509	0.08463	0.02078	0	0.72075	0.15047	0.02337
V510	0.54282	0.05196	0.08274	0.0649	0.08617	0.17141
V511	0.20817	0.03344	0.03723	0.24741	0.06799	0.40576
V512	0.13462	0.19693	0.45468	0.11259	0	0.10119
V513	0.10678	0.02037	0.07257	0.16337	0.59814	0.03878
V514	0.11272	0.57776	0.06882	0.07135	0.05781	0.11154
V515	0.11707	0.30533	0	0.42366	0.07701	0.07694
V516	0.10003	0.04871	0.64204	0.11758	0.04223	0.04941
V517	0.09281	0.00096	0.25096	0.32162	0.30017	0.03348
V518	0.2447	0.31379	0.04682	0.16036	0.10384	0.1305
V519	0.15815	0.42076	0.03223	0.13556	0.07041	0.1829
V520	0.40718	0.11283	0.0784	0.16057	0.06453	0.17649
V521	0.12459	0.01421	0	0.11764	0.68311	0.06046
V522	0.27684	0.17821	0.02122	0.09362	0.23262	0.19749
V523	0.28207	0.16584	0.08358	0.19011	0.06744	0.21096
V524	0.12835	0.00924	0	0.24412	0.49548	0.12281
V525	0.32475	0.03645	0.10775	0.06702	0.04909	0.41495
V526	0.09007	0.55553	0.06883	0.08494	0.1281	0.07253
V527	0.28842	0.02924	0.46825	0.09746	0.02151	0.09512
V528	0.50315	0.04727	0.16212	0.07533	0.05543	0.15672
V529	0.11689	0.07664	0	0.66759	0.09581	0.04306
V530	0.13847	0.20052	0.24242	0.18566	0.0756	0.15733
V531	0.54242	0.06056	0.08719	0.07217	0.06599	0.17168
V532	0.14459	0.0127	0	0.61736	0.17726	0.04808
V533	0.17654	0.01162	0.19338	0.10675	0.27122	0.2405
V534	0.12184	0.01496	0	0.56449	0.13596	0.16275
V535	0.35067	0.0667	0.19837	0.19912	0.04712	0.13802
V536	0.10578	0.00023	0.56884	0.25401	0	0.07113
V537	0.09407	0.46886	0	0.27908	0.08301	0.07497
V538	0.18332	0.01807	0.02457	0.38259	0.06853	0.32292
V539	0.08193	0.01199	0	0.68943	0.18012	0.03653
V540	0.27419	0.02834	0.26185	0.10436	0.20771	0.12354
V541	0.08719	0.21019	0	0.56098	0.0866	0.05504
V542	0.08706	0.43656	0	0.28807	0.12777	0.06054
V543	0.09931	0.00062	0.4939	0.14323	0.21764	0.0453
V544	0.22232	0.05585	0.06973	0.07837	0.06723	0.5065
V545	0.09056	0.49217	0.03057	0.10281	0.21903	0.06486
V546	0.36173	0.08469	0.03222	0.29637	0.09941	0.12557
V547	0.10841	0.08852	0	0.42864	0.28426	0.09017
V548	0.23759	0.04726	0.07914	0.04489	0.05216	0.53896
V549	0.17341	0.00734	0.50705	0.17912	0	0.13308
V550	0.10899	0.01009	0.19906	0.11312	0.52868	0.04006
V551	0.18987	0.07188	0.06492	0.15997	0.12489	0.38848
V552	0.11626	0.04155	0.04552	0.35813	0.36221	0.07634
V553	0.50209	0.04713	0.0968	0.09897	0.09119	0.16382
V554	0.10131	0.61846	0.03979	0.07172	0.06897	0.09974
V555	0.29197	0.02768	0.05564	0.28995	0.06885	0.2659
V556	0.12848	0.01491	0.34345	0.44092	0.01979	0.05245
V557	0.12009	0.56002	0.08455	0.08064	0.06098	0.09372
V558	0.29389	0.18181	0.05277	0.16784	0.06668	0.237
V559	0.06499	0.0099	0	0.24511	0.6516	0.02841
V560	0.44996	0.0683	0.06938	0.08282	0.14134	0.1882
V561	0.09442	0.01722	0.77276	0.07725	0	0.03835
V562	0.32601	0.2172	0.08419	0.13451	0.06849	0.1696
V563	0.22798	0.03132	0.06769	0.108	0.04855	0.51646
V564	0.18584	0.08768	0.00289	0.06771	0.26599	0.38989
V565	0.23935	0.03224	0.08626	0.04498	0.0501	0.54707
V566	0.2085	0.10793	0.07185	0.09783	0.07663	0.43726
V567	0.25115	0.2555	0.01814	0.26648	0.09877	0.10997
V568	0.10193	0.01135	0	0.13967	0.71283	0.03422
V569	0.45456	0.08008	0.07489	0.09309	0.07026	0.22712
V570	0.41921	0.15674	0.08594	0.12252	0.07047	0.14511
V571	0.09823	0.20875	0.5304	0.11124	0	0.05138
V572	0.10935	0.00892	0.68532	0.13048	0.02142	0.04451
V573	0.14664	0.57293	0.02846	0.07218	0.08648	0.09331
V574	0.18534	0.01708	0.33815	0.11458	0.02457	0.32027
V575	0.1024	0.4943	0.06049	0.1793	0.07337	0.09014
V576	0.26367	0.11513	0	0.08219	0.45131	0.0877
V577	0.2741	0.06835	0	0.13928	0.39035	0.12792
V578	0.11323	0.01271	0	0.09133	0.62186	0.16088
V579	0.11555	0.03206	0.05584	0.34363	0.41357	0.03936
V580	0.15894	0.03039	0.01204	0.43486	0.26943	0.09433
V581	0.42119	0.07401	0.10501	0.14578	0.12248	0.13153
V582	0.40917	0.04748	0.05782	0.24506	0.07939	0.16107
V583	0.16289	0.05652	0.24016	0.07724	0.20144	0.26175
V584	0.14268	0.03227	0	0.37694	0.25808	0.19003
V585	0.12209	0.36289	0.18958	0.15189	0.04965	0.12391
V586	0.14482	0.55885	0.05866	0.07985	0.06807	0.08976
V587	0.22057	0.02355	0.22556	0.41141	0.03998	0.07892
V588	0.08652	0.01903	0	0.78574	0.08605	0.02267
V589	0.14508	0.2368	0.23418	0.14241	0.02796	0.21357
V590	0.18079	0.05405	0.3252	0.13961	0.00396	0.29639
V591	0.45879	0.04222	0.08322	0.19737	0.07625	0.14214
V592	0.1088	0.27643	0.03835	0.41319	0.10896	0.05426
V593	0.07082	0.01985	0	0.8225	0.06789	0.01893
V594	0.14809	0.01572	0	0.5903	0.07972	0.16617
V595	0.13392	0.23124	0.01264	0.1827	0.25383	0.18567
V596	0.08005	0.20525	0	0.16226	0.51393	0.03852
V597	0.31324	0.02455	0	0.09237	0.474	0.09584
V598	0.5158	0.08466	0.08379	0.06427	0.07311	0.17837
V599	0.19449	0.03165	0.02499	0.18884	0.14116	0.41886
V600	0.31527	0.1237	0.0476	0.10831	0.12149	0.28363
V601	0.15684	0.13714	0.04276	0.37236	0.06607	0.22483
V602	0.12974	0.02527	0	0.10205	0.58387	0.15908
V603	0.15684	0.30804	0.05863	0.10839	0.08066	0.28744
V604	0.08666	0.37426	0	0.09189	0.38921	0.05798
V605	0.10769	0.03849	0	0.10196	0.69532	0.05655
V606	0.3442	0.05914	0.24273	0.12783	0.02739	0.19871
V607	0.19973	0.05981	0.02466	0.07146	0.20631	0.43802
V608	0.13165	0.48123	0.02375	0.13032	0.08519	0.14785
V609	0.10917	0.00998	0.54469	0.29525	0	0.04091
V610	0.11873	0.1211	0.36678	0.24932	0.0398	0.10427
V611	0.08662	0.63779	0.02441	0.09943	0.07961	0.07213
V612	0.07246	0.17213	0	0.66505	0.06459	0.02577
V613	0.37547	0.16078	0.07935	0.05804	0.05956	0.2668
V614	0.13745	0.1166	0.42411	0.09076	0.0437	0.18738
V615	0.08495	0.06194	0	0.11446	0.6978	0.04085
V616	0.26503	0.33258	0.03885	0.10079	0.08903	0.17371
V617	0.0705	0.01904	0	0.1172	0.76165	0.0316
V618	0.21437	0.02988	0.53425	0.09501	0	0.12649
V619	0.09094	0.5003	0.12318	0.10803	0.10668	0.07087
V620	0.19843	0.03151	0.26008	0.07264	0.00845	0.42889
V621	0.08844	0.00883	0	0.7511	0.11505	0.03658
V622	0.33765	0.16742	0.0136	0.07636	0.28165	0.12333
V623	0.15108	0.54217	0.03494	0.06916	0.07729	0.12535
V624	0.08835	0.46658	0	0.3064	0.07389	0.06478
V625	0.11778	0.11891	0.13052	0.48491	0.07625	0.07164
V626	0.11394	0.04715	0	0.25462	0.41078	0.17352
V627	0.3729	0.03295	0.02563	0.3607	0.08368	0.12414
V628	0.1767	0.06697	0.25664	0.16192	0.09928	0.23849
V629	0.08004	0.35602	0	0.43536	0.07804	0.05054
V630	0.38801	0.04591	0.08491	0.10903	0.08725	0.28488
V631	0.20091	0.02367	0.08825	0.17409	0.08189	0.4312
V632	0.10886	0.03192	0.02751	0.39707	0.38248	0.05217
V633	0.09594	0.16539	0.61047	0.08516	0	0.04304
V634	0.43908	0.04976	0.06277	0.23715	0.07376	0.13748
V635	0.0884	0.04917	0.16138	0.61991	0.04996	0.03118
V636	0.09702	0.48517	0	0.13623	0.17691	0.10466
V637	0.21438	0.07519	0.0561	0.05125	0.13025	0.47283
V638	0.0995	0.10146	0	0.55814	0.20003	0.04087
V639	0.24392	0.07407	0.02425	0.11474	0.38306	0.15996
V640	0.13195	0.13345	0.37526	0.10206	0.09986	0.15743
V641	0.09722	0.07834	0.38013	0.13594	0.26743	0.04094
V642	0.22748	0.05532	0.26328	0.22525	0.0168	0.21187
V643	0.48764	0.054	0.06512	0.14611	0.082	0.16513
V644	0.45819	0.05088	0.06707	0.15289	0.07334	0.19762
V645	0.42022	0.05744	0.08146	0.14151	0.06023	0.23915
V646	0.10879	0.01127	0.31272	0.11555	0.41109	0.04059
V647	0.2144	0.02847	0.04518	0.33361	0.08856	0.28979
V648	0.16136	0.27333	0.1279	0.11386	0.06	0.26356
V649	0.15117	0.02332	0	0.68142	0.09355	0.05053
V650	0.21442	0.17996	0.14046	0.09164	0.29623	0.0773
V651	0.17343	0.28792	0.06126	0.10138	0.18076	0.19525
V652	0.10702	0.00955	0.04056	0.70621	0.09934	0.03732
V653	0.138	0.34895	0.03331	0.09009	0.13892	0.25073
V654	0.4915	0.05412	0.13257	0.07509	0.08449	0.16224
V655	0.24815	0.0226	0.01339	0.12868	0.30428	0.2829
V656	0.15611	0.08114	0.49443	0.14355	0.06185	0.06292
V657	0.30208	0.03629	0	0.17334	0.28371	0.20459
V658	0.08544	0.07353	0.08709	0.66073	0.06737	0.02584
V659	0.09488	0.63762	0.02555	0.07905	0.07323	0.08966
V660	0.48221	0.05835	0.08451	0.07663	0.06222	0.23609
V661	0.19421	0.01689	0.13831	0.18728	0.15267	0.31064
V662	0.45183	0.05016	0.07574	0.17135	0.07201	0.17892
V663	0.10383	0.15447	0	0.13315	0.56101	0.04754
V664	0.17292	0.06548	0.59252	0.08643	0	0.08265
V665	0.07011	0.01069	0	0.11764	0.77031	0.03125
V666	0.27304	0.27664	0.03395	0.1636	0.09899	0.15377
V667	0.22028	0.03059	0.0911	0.08698	0.05813	0.51292
V668	0.46616	0.16117	0.08148	0.07252	0.0669	0.15177
V669	0.2104	0.11014	0.02557	0.28822	0.07664	0.28904
V670	0.13263	0.30027	0.0113	0.32999	0.09068	0.13513
V671	0.24201	0.02184	0	0.58033	0.08636	0.06946
V672	0.09771	0.4454	0	0.32178	0.07518	0.05993
V673	0.18267	0.13666	0.20474	0.0641	0.02148	0.39036
V674	0.477	0.04361	0.0432	0.07075	0.21986	0.14557
V675	0.22065	0.13171	0.07655	0.0494	0.06697	0.45473
V676	0.09273	0.0086	0.01364	0.76858	0.09279	0.02366
V677	0.1832	0.31078	0.15374	0.05985	0.0365	0.25594
V678	0.20035	0.08501	0.00125	0.08592	0.40707	0.22039
V679	0.21155	0.10698	0.09756	0.07316	0.04872	0.46203
V680	0.11633	0.00204	0.23611	0.10764	0.45939	0.07849
V681	0.12128	0.55286	0.05039	0.07549	0.06054	0.13944
V682	0.13157	0.44527	0.01246	0.08193	0.14533	0.18344
V683	0.09604	0.01226	0	0.09833	0.69468	0.09869
V684	0.12656	0.55686	0.01404	0.13744	0.07778	0.08732
V685	0.08777	0.48666	0.19985	0.08171	0.08021	0.0638
V686	0.25472	0.0306	0.37732	0.08203	0.00609	0.24925
V687	0.15176	0.21537	0.2297	0.15699	0.02224	0.22393
V688	0.33313	0.03029	0.00384	0.08105	0.32115	0.23055
V689	0.14442	0.02335	0.54084	0.20078	0	0.09061
V690	0.13827	0.02081	0	0.11408	0.56406	0.16278
V691	0.13448	0.38077	0.15109	0.14358	0.07758	0.1125
V692	0.35721	0.02986	0.00962	0.34232	0.14257	0.11842
V693	0.45559	0.14536	0.08752	0.08013	0.06356	0.16784
V694	0.45059	0.14405	0.07673	0.10449	0.06619	0.15795
V695	0.48454	0.04634	0.05802	0.08326	0.14206	0.18577
V696	0.1307	0.39831	0.00658	0.1327	0.25431	0.0774
V697	0.1357	0.02324	0.62199	0.13876	0	0.08031
V698	0.09039	0.65882	0.01857	0.0804	0.07548	0.07633
V699	0.21954	0.03176	0.45753	0.12477	0.04877	0.11764
V700	0.15844	0.02517	0	0.10554	0.64608	0.06476
V701	0.51218	0.05157	0.09552	0.06205	0.062	0.21667
V702	0.20248	0.04154	0.09379	0.18686	0.0521	0.42323
V703	0.18538	0.40968	0.00132	0.07831	0.23497	0.09034
V704	0.27942	0.25706	0.19252	0.06999	0.05079	0.15023
V705	0.11533	0.10269	0.15791	0.24958	0.31962	0.05488
V706	0.18124	0.09724	0.26954	0.07172	0.10338	0.27689
V707	0.38721	0.05825	0.08155	0.05444	0.06668	0.35188
V708	0.09495	0.34014	0.40077	0.10418	0	0.05997
V709	0.0689	0.01246	0	0.76306	0.13677	0.01882
V710	0.31324	0.08056	0.0966	0.12712	0.22741	0.15508
V711	0.11273	0.20147	0.3153	0.24967	0.01253	0.1083
V712	0.08142	0.2494	0	0.10173	0.52114	0.0463
V713	0.22008	0.42156	0.05536	0.09952	0.08308	0.12039
V714	0.09782	0.40514	0.3271	0.09105	0.01643	0.06247
V715	0.1135	0.01933	0.7387	0.07405	0	0.05443
V716	0.17593	0.04298	0	0.3246	0.21396	0.24252
V717	0.09543	0.0199	0	0.10382	0.71712	0.06373
V718	0.07829	0.33668	0	0.08865	0.44735	0.04903
V719	0.09619	0.61009	0.03684	0.07983	0.08837	0.08868
V720	0.23295	0.01805	0.18632	0.35423	0.06311	0.14534
V721	0.15993	0.23988	0.18752	0.06865	0.10531	0.23873
V722	0.07145	0.00954	0	0.11046	0.78206	0.02649
V723	0.09585	0.52276	0.02532	0.09055	0.17564	0.08988
V724	0.12866	0.27204	0.28121	0.17783	0.08708	0.05319
V725	0.12295	0.06199	0	0.20893	0.49794	0.10818
V726	0.11461	0.02268	0.40669	0.13388	0.24033	0.08182
V727	0.20282	0.02413	0.1241	0.17409	0.04448	0.43038
V728	0.07929	0.02139	0	0.78251	0.06666	0.05015
V729	0.1916	0.39883	0.01601	0.10406	0.19116	0.09833
V730	0.1785	0.01704	0.0754	0.40637	0.06276	0.25994
V731	0.19973	0.0598	0.35136	0.08663	0.14904	0.15344
V732	0.14243	0.3461	0	0.11288	0.26636	0.13223
V733	0.21475	0.01782	0.22275	0.24552	0.06872	0.23045
V734	0.21301	0.02564	0.24051	0.05666	0.02555	0.43864
V735	0.09009	0.08291	0	0.68159	0.07656	0.06885
V736	0.12696	0.40898	0.06672	0.09433	0.06443	0.23859
V737	0.06466	0.00977	0	0.11889	0.78182	0.02486
V738	0.26424	0.06649	0.06743	0.38222	0.08148	0.13815
V739	0.17648	0.27372	0.11501	0.11026	0.21617	0.10836
V740	0.11	0.23538	0.26811	0.13441	0.18801	0.06408
V741	0.302	0.15463	0.12959	0.15194	0.15623	0.1056
V742	0.24594	0.02884	0.00372	0.43589	0.18083	0.10478
V743	0.10207	0.10013	0.15607	0.37745	0.21476	0.04952
V744	0.29595	0.11234	0.06304	0.18609	0.06285	0.27972
V745	0.09909	0.42964	0	0.11832	0.28954	0.06341
V746	0.49587	0.06536	0.08291	0.08862	0.07838	0.18886
V747	0.21406	0.02235	0.01517	0.12957	0.53636	0.08249
V748	0.19736	0.06499	0.20663	0.09441	0.11652	0.3201
V749	0.32643	0.04048	0.03416	0.19578	0.1556	0.24754
V750	0.07167	0.0819	0	0.74749	0.07591	0.02304
V751	0.07988	0.01908	0	0.77641	0.1032	0.02143
V752	0.20182	0.02561	0	0.15914	0.53391	0.07952
V753	0.19921	0.01766	0.004	0.15729	0.33408	0.28776
V754	0.12071	0.34968	0.09734	0.12253	0.08754	0.2222
V755	0.27233	0.05912	0	0.10345	0.39946	0.16564
V756	0.22542	0.0391	0.06975	0.05525	0.08972	0.52076
V757	0.15025	0.35238	0.02932	0.07868	0.10582	0.28355
V758	0.21689	0.504	0.03719	0.07731	0.06771	0.0969
V759	0.16786	0.03017	0	0.21591	0.4771	0.10896
V760	0.23492	0.03142	0.08306	0.06815	0.04464	0.53781
V761	0.09636	0.00911	0.22324	0.1337	0.50614	0.03144
V762	0.142	0.00388	0.63456	0.12149	0	0.09808
V763	0.08556	0.13576	0	0.63329	0.09924	0.04615
V764	0.20691	0.02589	0.04648	0.25296	0.25562	0.21214
V765	0.2393	0.04017	0.07771	0.05291	0.05196	0.53795
V766	0.25444	0.30296	0.02349	0.08686	0.1926	0.13965
V767	0.21909	0.02928	0.26056	0.1639	0.03672	0.29045
V768	0.09876	0.53155	0.13694	0.08946	0.04983	0.09346
V769	0.09366	0	0.70355	0.16846	0	0.03433
V770	0.10862	0.3279	0	0.41514	0.08886	0.05948
V771	0.16693	0.08629	0.38696	0.12151	0	0.23831
V772	0.1246	0.0114	0.65545	0.08867	0	0.11988
V773	0.32861	0.03161	0.05731	0.21701	0.10467	0.2608
V774	0.23319	0.01182	0.59547	0.07802	0	0.0815
V775	0.09766	0.54279	0.11257	0.12005	0.06293	0.06399
V776	0.49577	0.0674	0.08578	0.07014	0.06461	0.2163
V777	0.14493	0.18035	0	0.09881	0.36252	0.2134
V778	0.11181	0.02782	0.67154	0.14281	0	0.04602
V779	0.55167	0.05358	0.0874	0.06443	0.07243	0.17048
V780	0.10101	0.01971	0	0.77005	0.08226	0.02697
V781	0.39287	0.15496	0.09985	0.06004	0.05723	0.23506
V782	0.23636	0.03978	0.10453	0.04543	0.04013	0.53378
V783	0.12506	0.57344	0.02882	0.07703	0.07804	0.1176
V784	0.09715	0.04939	0.18661	0.16166	0.46172	0.04348
V785	0.09127	0.51444	0.06828	0.09341	0.1657	0.0669
V786	0.21582	0.07816	0.09978	0.07214	0.048	0.4861
V787	0.41255	0.12215	0.05777	0.1143	0.11962	0.17361
V788	0.07378	0.00983	0	0.74103	0.15168	0.02368
V789	0.17848	0.35143	0.03423	0.08413	0.07284	0.27888
V790	0.08439	0.53766	0.01114	0.21014	0.09907	0.05761
V791	0.24427	0.03214	0.08905	0.04475	0.04245	0.54734
V792	0.30175	0.0953	0.04087	0.324	0.08279	0.15529
V793	0.10532	0.36714	0.10038	0.28588	0.0791	0.06218
V794	0.1588	0.36464	0.13626	0.08848	0.17812	0.0737
V795	0.16683	0.18254	0	0.10312	0.38198	0.16554
