CD19B	CD56NK	CD4MemoryT	CD14
V1	0.45719	0.06431	0.18687	0.29162
V2	0.1767	0.1495	0.08702	0.58678
V3	0.09426	0.57428	0.0295	0.30196
V4	0.71503	0.15313	0.03229	0.09955
V5	0.13253	0.45148	0.21937	0.19661
V6	0.10075	0.78171	0.02563	0.09191
V7	0.16413	0.36655	0.09745	0.37187
V8	0.15532	0.06148	0.67531	0.10789
V9	0.23031	0.27037	0.06759	0.43173
V10	0.06623	0.06674	0.74312	0.1239
V11	0.20419	0.35336	0.36358	0.07887
V12	0.06586	0.54059	0.30796	0.08559
V13	0.24365	0.64789	0.01651	0.09195
V14	0.09428	0.81713	0.01211	0.07647
V15	0.13884	0.54873	0.11765	0.19479
V16	0.7485	0.0832	0.05912	0.10918
V17	0.10855	0.78057	0.01924	0.09164
V18	0.46627	0.35946	0.06442	0.10985
V19	0.16432	0.73816	0.01431	0.0832
V20	0.17616	0.44815	0.04201	0.33369
V21	0.15471	0.09642	0.6421	0.10678
V22	0.08354	0.15289	0.20244	0.56113
V23	0.33888	0.07984	0.4971	0.08418
V24	0.78841	0.0641	0.06807	0.07942
V25	0.29737	0.26804	0.13881	0.29578
V26	0.3314	0.39292	0.04218	0.2335
V27	0.14457	0.11968	0.06555	0.6702
V28	0.05472	0.07495	0.79276	0.07758
V29	0.38002	0.06839	0.44345	0.10814
V30	0.13395	0.2499	0.2473	0.36885
V31	0.20425	0.22997	0.2624	0.30338
V32	0.13087	0.09819	0.07526	0.69568
V33	0.08323	0.46736	0.29613	0.15327
V34	0.15457	0.07835	0.65947	0.10762
V35	0.16676	0.6524	0.08213	0.09871
V36	0.06862	0.09898	0.40909	0.42331
V37	0.44656	0.1249	0.1232	0.30535
V38	0.36904	0.06108	0.18903	0.38085
V39	0.1708	0.52323	0.12537	0.18059
V40	0.1171	0.74095	0.07266	0.06929
V41	0.05507	0.61571	0.05658	0.27264
V42	0.2276	0.09487	0.21081	0.46673
V43	0.1491	0.33771	0.41108	0.10211
V44	0.06758	0.12064	0.60162	0.21016
V45	0.12165	0.54105	0.19257	0.14473
V46	0.658	0.11207	0.14599	0.08394
V47	0.37547	0.21912	0.28596	0.11945
V48	0.66017	0.20574	0.03617	0.09793
V49	0.597	0.22538	0.02805	0.14957
V50	0.09364	0.75018	0.07947	0.07672
V51	0.27466	0.39369	0.22994	0.10171
V52	0.07411	0.1428	0.67597	0.10712
V53	0.60144	0.15789	0.165	0.07567
V54	0.35893	0.21899	0.3257	0.09638
V55	0.21582	0.17836	0.22763	0.37819
V56	0.10777	0.09135	0.1161	0.68479
V57	0.11653	0.77325	0.02612	0.0841
V58	0.52696	0.06264	0.08334	0.32706
V59	0.36079	0.40787	0.1148	0.11653
V60	0.15931	0.19778	0.28783	0.35508
V61	0.6547	0.1482	0.04578	0.15133
V62	0.72759	0.07499	0.10482	0.0926
V63	0.05509	0.7449	0.10768	0.09233
V64	0.04985	0.76502	0.0075	0.17762
V65	0.087	0.08526	0.12454	0.70321
V66	0.20588	0.63453	0.0309	0.12869
V67	0.16524	0.32848	0.41996	0.08632
V68	0.18293	0.19645	0.0625	0.55812
V69	0.07117	0.31518	0.49554	0.11811
V70	0.44308	0.19069	0.1876	0.17862
V71	0.18459	0.12799	0.33059	0.35683
V72	0.46733	0.19865	0.11824	0.21579
V73	0.16183	0.56267	0.13113	0.14437
V74	0.09642	0.23676	0.59279	0.07403
V75	0.58265	0.04673	0.21015	0.16046
V76	0.06595	0.22006	0.18253	0.53146
V77	0.09476	0.31561	0.04224	0.54739
V78	0.27782	0.16718	0.19084	0.36416
V79	0.05625	0.13628	0.6551	0.15237
V80	0.31676	0.06463	0.46667	0.15194
V81	0.09798	0.18536	0.63494	0.08172
V82	0.05303	0.10006	0.76211	0.0848
V83	0.16448	0.22355	0.10148	0.51049
V84	0.34368	0.10385	0.17934	0.37313
V85	0.13512	0.32482	0.33453	0.20553
V86	0.09194	0.09087	0.70197	0.11523
V87	0.07043	0.74306	0.0574	0.12911
V88	0.18791	0.12131	0.25374	0.43705
V89	0.08845	0.08925	0.2055	0.6168
V90	0.06263	0.79602	0.05601	0.08534
V91	0.07139	0.66495	0.16343	0.10022
V92	0.39062	0.07205	0.34944	0.1879
V93	0.73355	0.05913	0.03968	0.16764
V94	0.07152	0.44301	0.0452	0.44027
V95	0.23561	0.42221	0.15239	0.18979
V96	0.12573	0.15963	0.06971	0.64494
V97	0.56351	0.14226	0.21174	0.08249
V98	0.56948	0.31896	0.02353	0.08803
V99	0.65956	0.08639	0.16935	0.0847
V100	0.11574	0.07278	0.71084	0.10064
V101	0.09156	0.10199	0.05729	0.74916
V102	0.7712	0.09077	0.04428	0.09375
V103	0.08493	0.11439	0.12203	0.67865
V104	0.06354	0.84867	0.01072	0.07707
V105	0.08452	0.82012	0.01827	0.07709
V106	0.13756	0.48184	0.27254	0.10806
V107	0.19227	0.22462	0.46405	0.11905
V108	0.15728	0.68394	0.08933	0.06945
V109	0.06805	0.1987	0.48084	0.2524
V110	0.08577	0.78083	0.04134	0.09207
V111	0.76646	0.03945	0.10728	0.08681
V112	0.16051	0.12035	0.36957	0.34957
V113	0.2024	0.16279	0.18455	0.45026
V114	0.24517	0.1116	0.11465	0.52858
V115	0.04784	0.68039	0.19381	0.07797
V116	0.16019	0.32378	0.31078	0.20525
V117	0.54914	0.27918	0.05959	0.11208
V118	0.17214	0.54039	0.04939	0.23807
V119	0.15633	0.14234	0.08852	0.61282
V120	0.11384	0.10722	0.6872	0.09175
V121	0.48389	0.17349	0.11918	0.22344
V122	0.80623	0.04619	0.0529	0.09469
V123	0.06082	0.49309	0.06352	0.38257
V124	0.53886	0.31263	0.02311	0.1254
V125	0.32909	0.40853	0.16896	0.09342
V126	0.1007	0.20218	0.08532	0.6118
V127	0.18827	0.1125	0.24734	0.45189
V128	0.09852	0.0905	0.13753	0.67345
V129	0.47026	0.25745	0.16805	0.10424
V130	0.04878	0.59929	0.27398	0.07795
V131	0.06195	0.79565	0.00612	0.13628
V132	0.78139	0.04646	0.06953	0.10261
V133	0.75821	0.05684	0.09111	0.09384
V134	0.13868	0.39228	0.13367	0.33537
V135	0.13158	0.09395	0.1906	0.58387
V136	0.23162	0.40442	0.03626	0.32769
V137	0.53352	0.08314	0.24608	0.13726
V138	0.2059	0.3989	0.16917	0.22603
V139	0.30533	0.24188	0.19345	0.25934
V140	0.09723	0.15485	0.09008	0.65785
V141	0.10698	0.19763	0.4427	0.25269
V142	0.66138	0.04204	0.21867	0.07791
V143	0.35952	0.29065	0.09172	0.25811
V144	0.18591	0.20565	0.17417	0.43426
V145	0.04089	0.68902	0.19248	0.07761
V146	0.1171	0.09174	0.07712	0.71404
V147	0.75647	0.06574	0.06068	0.11712
V148	0.15711	0.12581	0.47825	0.23883
V149	0.24109	0.48679	0.19442	0.0777
V150	0.11883	0.26274	0.47713	0.1413
V151	0.20039	0.58052	0.0465	0.17258
V152	0.21899	0.43118	0.19635	0.15348
V153	0.12674	0.6785	0.02959	0.16517
V154	0.22623	0.43728	0.23556	0.10093
V155	0.39415	0.18356	0.26507	0.15722
V156	0.08231	0.17934	0.55904	0.17932
V157	0.27488	0.20035	0.28	0.24477
V158	0.09169	0.08682	0.07093	0.75056
V159	0.73283	0.10812	0.03577	0.12327
V160	0.56668	0.06039	0.1042	0.26873
V161	0.22393	0.08377	0.07769	0.6146
V162	0.11261	0.32575	0.1023	0.45935
V163	0.1258	0.46865	0.15922	0.24633
V164	0.29525	0.32814	0.11963	0.25698
V165	0.07597	0.30013	0.03689	0.58701
V166	0.08269	0.16255	0.10366	0.6511
V167	0.32154	0.06854	0.05486	0.55506
V168	0.2554	0.53667	0.08666	0.12127
V169	0.20692	0.12367	0.0818	0.58761
V170	0.14516	0.08436	0.44199	0.32849
V171	0.15104	0.26066	0.47741	0.11089
V172	0.59771	0.04516	0.27177	0.08535
V173	0.09476	0.20218	0.07956	0.6235
V174	0.08396	0.21944	0.10466	0.59194
V175	0.10904	0.065	0.64418	0.18178
V176	0.04702	0.72839	0.14674	0.07784
V177	0.04679	0.86372	0.00417	0.08532
V178	0.05139	0.69456	0.01813	0.23592
V179	0.18742	0.07567	0.34172	0.39519
V180	0.06342	0.79576	0.07095	0.06988
V181	0.17887	0.17506	0.44487	0.2012
V182	0.2724	0.2137	0.38791	0.12598
V183	0.1802	0.72976	0.01365	0.07638
V184	0.83355	0.03785	0.0479	0.0807
V185	0.47081	0.41675	0.03298	0.07946
V186	0.14037	0.45827	0.22654	0.17481
V187	0.7979	0.04586	0.06895	0.08728
V188	0.11298	0.27351	0.03806	0.57545
V189	0.66585	0.07211	0.05811	0.20392
V190	0.55009	0.0554	0.3096	0.08492
V191	0.19187	0.23291	0.46371	0.11151
V192	0.26742	0.45563	0.06643	0.21053
V193	0.49503	0.08527	0.23912	0.18059
V194	0.07063	0.82541	0.01173	0.09223
V195	0.06074	0.07439	0.7798	0.08506
V196	0.08764	0.13988	0.06027	0.71221
V197	0.35969	0.11333	0.07018	0.4568
V198	0.09808	0.47488	0.30346	0.12358
V199	0.19105	0.09767	0.18912	0.52216
V200	0.14919	0.53203	0.03741	0.28137
V201	0.12336	0.51801	0.17002	0.1886
V202	0.06962	0.07616	0.6357	0.21852
V203	0.17163	0.41351	0.32106	0.09379
V204	0.06066	0.51537	0.02886	0.39511
V205	0.0676	0.09926	0.73987	0.09328
V206	0.0916	0.13373	0.69196	0.08271
V207	0.16397	0.23992	0.08641	0.5097
V208	0.24286	0.11036	0.55588	0.09089
V209	0.26672	0.45349	0.08362	0.19618
V210	0.10934	0.68747	0.08946	0.11373
V211	0.36839	0.08097	0.07864	0.472
V212	0.42933	0.08547	0.38658	0.09862
V213	0.51884	0.08558	0.14104	0.25454
V214	0.2918	0.20903	0.17285	0.32632
V215	0.27352	0.16085	0.06057	0.50507
V216	0.10506	0.0862	0.06989	0.73885
V217	0.08574	0.47084	0.20323	0.24019
V218	0.12718	0.43514	0.16093	0.27675
V219	0.13105	0.58992	0.02782	0.25121
V220	0.05042	0.74286	0.01461	0.19211
V221	0.66605	0.05458	0.04711	0.23227
V222	0.28302	0.18106	0.31987	0.21605
V223	0.05591	0.17935	0.62095	0.1438
V224	0.82213	0.038	0.05987	0.07999
V225	0.0859	0.78058	0.05712	0.0764
V226	0.28228	0.12645	0.50098	0.09029
V227	0.65315	0.04318	0.21026	0.09341
V228	0.62557	0.11419	0.10084	0.15941
V229	0.06802	0.0743	0.75645	0.10123
V230	0.0907	0.10154	0.07014	0.73761
V231	0.07767	0.30957	0.12638	0.48638
V232	0.08545	0.60625	0.01328	0.29502
V233	0.46147	0.13926	0.20513	0.19415
V234	0.06992	0.81094	0.03351	0.08563
V235	0.32998	0.10681	0.45622	0.10699
V236	0.09113	0.11729	0.64713	0.14445
V237	0.18766	0.08543	0.08065	0.64625
V238	0.14626	0.51546	0.22325	0.11503
V239	0.11044	0.40885	0.04607	0.43464
V240	0.41315	0.08555	0.37969	0.1216
V241	0.0671	0.06706	0.72755	0.13829
V242	0.14209	0.68532	0.08972	0.08288
V243	0.23588	0.09373	0.52677	0.14362
V244	0.21335	0.0596	0.57514	0.15191
V245	0.48446	0.31668	0.07414	0.12472
V246	0.09652	0.18533	0.61997	0.09817
V247	0.18042	0.06849	0.67507	0.07601
V248	0.09437	0.10812	0.08874	0.70877
V249	0.05174	0.09314	0.71688	0.13824
V250	0.63727	0.04348	0.23317	0.08609
V251	0.78767	0.08146	0.04464	0.08623
V252	0.04724	0.75265	0.13049	0.06962
V253	0.31874	0.13173	0.17688	0.37265
V254	0.04682	0.82675	0.04892	0.07751
V255	0.07781	0.81074	0.00504	0.10641
V256	0.18437	0.24234	0.42423	0.14906
V257	0.35623	0.15402	0.2286	0.26116
V258	0.1838	0.28723	0.35183	0.17714
V259	0.07891	0.30555	0.5039	0.11164
V260	0.04916	0.29781	0.57263	0.08039
V261	0.50328	0.08498	0.20852	0.20322
V262	0.14422	0.12755	0.06493	0.6633
V263	0.05542	0.84806	0.00449	0.09203
V264	0.18467	0.10084	0.37139	0.3431
V265	0.09926	0.08195	0.15867	0.66013
V266	0.5359	0.36279	0.02828	0.07303
V267	0.06099	0.22826	0.25565	0.4551
V268	0.33649	0.08822	0.16574	0.40955
V269	0.04899	0.51765	0.31646	0.11691
V270	0.52615	0.07563	0.24646	0.15176
V271	0.6502	0.11305	0.06999	0.16676
V272	0.08712	0.73457	0.02077	0.15754
V273	0.11644	0.09875	0.08297	0.70184
V274	0.57527	0.04794	0.20237	0.17442
V275	0.05411	0.07496	0.78598	0.08495
V276	0.41221	0.35463	0.03555	0.19761
V277	0.09182	0.2518	0.16656	0.48982
V278	0.09549	0.12657	0.27021	0.50774
V279	0.55708	0.1088	0.13872	0.19539
V280	0.09169	0.08682	0.07093	0.75056
V281	0.44778	0.08867	0.1645	0.29905
V282	0.09874	0.11724	0.65476	0.12925
V283	0.2014	0.53886	0.07203	0.18771
V284	0.06332	0.80325	0.05589	0.07754
V285	0.1087	0.06383	0.75083	0.07664
V286	0.22429	0.51299	0.11055	0.15217
V287	0.11614	0.77276	0.02006	0.09104
V288	0.06593	0.30278	0.35137	0.27992
V289	0.25558	0.24888	0.35417	0.14137
V290	0.68315	0.19525	0.0447	0.07689
V291	0.412	0.11293	0.3849	0.09017
V292	0.78071	0.04726	0.04071	0.13132
V293	0.27626	0.06481	0.54429	0.11463
V294	0.12724	0.38137	0.02836	0.46302
V295	0.07874	0.22769	0.18958	0.50399
V296	0.18651	0.16496	0.49814	0.15038
V297	0.13028	0.08223	0.10898	0.67851
V298	0.27373	0.14376	0.49258	0.08994
V299	0.11654	0.30731	0.04836	0.52779
V300	0.07117	0.10426	0.22763	0.59694
V301	0.14734	0.15883	0.52179	0.17204
V302	0.53621	0.35359	0.02283	0.08738
V303	0.04264	0.54936	0.30628	0.10171
V304	0.10135	0.08329	0.60432	0.21104
V305	0.14866	0.20445	0.38011	0.26677
V306	0.65536	0.13912	0.08378	0.12174
V307	0.05514	0.84055	0.01902	0.08529
V308	0.21858	0.26254	0.2607	0.25818
V309	0.28772	0.33599	0.05323	0.32306
V310	0.11639	0.33601	0.15206	0.39553
V311	0.42899	0.46807	0.02347	0.07947
V312	0.11726	0.66486	0.12627	0.09161
V313	0.07856	0.17201	0.06367	0.68577
V314	0.06659	0.46184	0.11548	0.35608
V315	0.13879	0.57529	0.04805	0.23788
V316	0.27489	0.18097	0.33549	0.20865
V317	0.11308	0.63222	0.0533	0.20141
V318	0.08173	0.52486	0.0325	0.36092
V319	0.09842	0.10773	0.68654	0.10731
V320	0.1147	0.18657	0.51978	0.17895
V321	0.5278	0.37161	0.02753	0.07305
V322	0.19549	0.33972	0.09158	0.37322
V323	0.11391	0.09774	0.12212	0.66622
V324	0.53368	0.28031	0.09013	0.09588
V325	0.26867	0.59112	0.06272	0.07749
V326	0.05004	0.52669	0.09856	0.32471
V327	0.08374	0.20143	0.12825	0.58658
V328	0.09345	0.08343	0.60476	0.21836
V329	0.18738	0.17191	0.17609	0.46462
V330	0.3357	0.06762	0.31157	0.2851
V331	0.30386	0.1498	0.08209	0.46426
V332	0.07963	0.12159	0.19005	0.60873
V333	0.35515	0.12495	0.34698	0.17292
V334	0.31121	0.06905	0.32665	0.29309
V335	0.07092	0.34289	0.40989	0.1763
V336	0.17585	0.63524	0.03127	0.15764
V337	0.25102	0.39468	0.25288	0.10142
V338	0.03927	0.87213	0.01111	0.07749
V339	0.14876	0.06235	0.7046	0.08429
V340	0.09751	0.25711	0.42343	0.22195
V341	0.0933	0.10749	0.10216	0.69705
V342	0.23801	0.06014	0.51334	0.18851
V343	0.81293	0.05429	0.04607	0.08672
V344	0.55361	0.18511	0.18615	0.07513
V345	0.0607	0.07384	0.7879	0.07757
V346	0.22271	0.16946	0.25825	0.34958
V347	0.10571	0.08905	0.15129	0.65395
V348	0.08899	0.59289	0.13	0.18811
V349	0.29678	0.20592	0.33366	0.16363
V350	0.06311	0.72038	0.14642	0.07009
V351	0.07926	0.10056	0.34705	0.47313
V352	0.09197	0.07432	0.68777	0.14594
V353	0.71878	0.06805	0.07412	0.13906
V354	0.08119	0.62262	0.18885	0.10734
V355	0.25295	0.13031	0.39309	0.22366
V356	0.09865	0.09833	0.12906	0.67397
V357	0.13821	0.34267	0.24069	0.27843
V358	0.43627	0.15939	0.08539	0.31895
V359	0.46272	0.11591	0.07265	0.34872
V360	0.44727	0.42681	0.03987	0.08605
V361	0.04419	0.43356	0.44349	0.07876
V362	0.03948	0.8655	0.01765	0.07737
V363	0.18095	0.1682	0.39097	0.25988
V364	0.17194	0.1142	0.55528	0.15858
V365	0.25347	0.09836	0.06088	0.58729
V366	0.10435	0.61579	0.08496	0.1949
V367	0.45928	0.19133	0.03917	0.31023
V368	0.11084	0.65467	0.0833	0.15119
V369	0.06064	0.39055	0.46954	0.07927
V370	0.26124	0.29135	0.34363	0.10377
V371	0.18263	0.65239	0.03651	0.12847
V372	0.18437	0.1245	0.143	0.54813
V373	0.11748	0.18983	0.38863	0.30406
V374	0.64492	0.0518	0.22519	0.07808
V375	0.10396	0.11203	0.16285	0.62116
V376	0.09805	0.10617	0.12878	0.667
V377	0.6432	0.04771	0.05485	0.25425
V378	0.0717	0.10044	0.35479	0.47307
V379	0.29177	0.24243	0.04692	0.41887
V380	0.1731	0.13994	0.20035	0.48661
V381	0.58958	0.0655	0.12688	0.21804
V382	0.11501	0.08052	0.72017	0.0843
V383	0.67454	0.05235	0.09057	0.18254
V384	0.44613	0.13286	0.15271	0.2683
V385	0.69753	0.05887	0.11317	0.13044
V386	0.27571	0.08378	0.16698	0.47353
V387	0.46639	0.18879	0.19494	0.14988
V388	0.30841	0.34345	0.14962	0.19851
V389	0.34172	0.49917	0.02867	0.13044
V390	0.26287	0.27345	0.38464	0.07904
V391	0.34934	0.16466	0.05798	0.42802
V392	0.34406	0.25634	0.17007	0.22953
V393	0.24852	0.2598	0.29898	0.1927
V394	0.13099	0.26673	0.12725	0.47502
V395	0.20587	0.39063	0.18437	0.21913
V396	0.04736	0.8497	0.01085	0.09208
V397	0.62491	0.13138	0.12918	0.11454
V398	0.36384	0.1879	0.12093	0.32733
V399	0.18592	0.51445	0.14021	0.15942
V400	0.05032	0.54294	0.07511	0.33163
V401	0.08062	0.1955	0.58099	0.14289
V402	0.65296	0.2064	0.06482	0.07582
V403	0.09323	0.10012	0.10881	0.69784
V404	0.12067	0.22802	0.49426	0.15704
V405	0.22039	0.10378	0.18106	0.49478
V406	0.50984	0.28129	0.04599	0.16288
V407	0.03927	0.87213	0.01111	0.07749
V408	0.12256	0.27421	0.33052	0.27271
V409	0.08504	0.09499	0.07066	0.74931
V410	0.10894	0.76565	0.03364	0.09177
V411	0.37546	0.07217	0.04616	0.50621
V412	0.17428	0.13461	0.41576	0.27534
V413	0.09442	0.46256	0.1664	0.27662
V414	0.07585	0.47646	0.27299	0.1747
V415	0.3669	0.09219	0.2334	0.30751
V416	0.06033	0.11767	0.74538	0.07662
V417	0.32253	0.58149	0.01827	0.0777
V418	0.12135	0.16702	0.1582	0.55343
V419	0.09151	0.08602	0.07793	0.74454
V420	0.04125	0.78873	0.02033	0.14969
V421	0.17304	0.0968	0.55727	0.17288
V422	0.10864	0.13064	0.05965	0.70108
V423	0.11574	0.07278	0.71084	0.10064
V424	0.05724	0.11351	0.50945	0.31981
V425	0.09473	0.26433	0.47726	0.16367
V426	0.12341	0.09835	0.64089	0.13735
V427	0.10474	0.39622	0.17674	0.32229
V428	0.1102	0.68608	0.06016	0.14356
V429	0.09032	0.08618	0.08441	0.73909
V430	0.59806	0.20852	0.05062	0.1428
V431	0.19228	0.09064	0.38856	0.32852
V432	0.14786	0.1587	0.08782	0.60562
V433	0.09087	0.6617	0.0116	0.23582
V434	0.29672	0.14239	0.08927	0.47161
V435	0.4165	0.0753	0.15026	0.35795
V436	0.33029	0.08057	0.14438	0.44477
V437	0.22355	0.26971	0.04031	0.46642
V438	0.48361	0.20789	0.06484	0.24366
V439	0.0988	0.16199	0.05763	0.68158
V440	0.39909	0.10302	0.07613	0.42176
V441	0.10703	0.17996	0.48216	0.23084
V442	0.27018	0.35438	0.14105	0.23438
V443	0.59739	0.05586	0.12805	0.2187
V444	0.0607	0.07384	0.7879	0.07757
V445	0.50225	0.06613	0.32438	0.10724
V446	0.07044	0.73524	0.0581	0.13623
V447	0.50025	0.14569	0.18874	0.16532
V448	0.08486	0.13742	0.19516	0.58256
V449	0.45409	0.09325	0.28625	0.16641
V450	0.1476	0.76227	0.02026	0.06987
V451	0.77118	0.09118	0.03583	0.10181
V452	0.10053	0.09284	0.1084	0.69824
V453	0.64914	0.12253	0.09968	0.12865
V454	0.03915	0.82626	0.04918	0.08542
V455	0.48593	0.08376	0.29335	0.13695
V456	0.283	0.17206	0.33601	0.20892
V457	0.0849	0.10237	0.06365	0.74907
V458	0.24566	0.26936	0.03938	0.44559
V459	0.05589	0.70362	0.08958	0.15091
V460	0.78945	0.04628	0.06934	0.09493
V461	0.11716	0.10728	0.06187	0.71369
V462	0.29771	0.28384	0.02958	0.38887
V463	0.22636	0.45534	0.1508	0.1675
V464	0.4128	0.1609	0.04277	0.38353
V465	0.32988	0.42682	0.04655	0.19675
V466	0.4656	0.23303	0.03617	0.2652
V467	0.27069	0.53545	0.08674	0.10712
V468	0.40111	0.40501	0.07003	0.12385
V469	0.07563	0.22779	0.25576	0.44082
V470	0.43567	0.17504	0.18807	0.20122
V471	0.25058	0.16986	0.07417	0.50539
V472	0.27961	0.35164	0.02469	0.34406
V473	0.12099	0.50666	0.27887	0.09348
V474	0.15676	0.07855	0.13542	0.62928
V475	0.18452	0.39932	0.09506	0.3211
V476	0.18659	0.09349	0.09824	0.62168
V477	0.47933	0.09361	0.21705	0.21
V478	0.1483	0.54728	0.02324	0.28117
V479	0.06619	0.13577	0.64639	0.15165
V480	0.12129	0.33389	0.07187	0.47295
V481	0.16357	0.06976	0.67464	0.09203
V482	0.55289	0.20273	0.13186	0.11252
V483	0.16088	0.17355	0.10593	0.55964
V484	0.09291	0.13925	0.07343	0.69441
V485	0.13605	0.66181	0.02325	0.17889
V486	0.24293	0.29614	0.13684	0.32409
V487	0.12676	0.11916	0.11982	0.63426
V488	0.05163	0.06801	0.71289	0.16747
V489	0.20971	0.14611	0.55432	0.08986
V490	0.28757	0.3357	0.09019	0.28655
V491	0.36027	0.45783	0.05139	0.13051
V492	0.06289	0.74395	0.11592	0.07724
V493	0.09248	0.08739	0.05907	0.76106
V494	0.19416	0.20065	0.42688	0.17832
V495	0.20768	0.57	0.13003	0.09229
V496	0.24457	0.63214	0.00993	0.11336
V497	0.0609	0.06654	0.78754	0.08502
V498	0.28061	0.16824	0.08772	0.46343
V499	0.49338	0.2909	0.13529	0.08043
V500	0.12866	0.16772	0.59028	0.11333
V501	0.08422	0.0864	0.08459	0.74478
V502	0.43671	0.30164	0.15804	0.10361
V503	0.20235	0.16295	0.19838	0.43632
V504	0.21351	0.63374	0.02381	0.12894
V505	0.19603	0.25622	0.2302	0.31755
V506	0.12096	0.28218	0.3683	0.22856
V507	0.48488	0.15618	0.14327	0.21567
V508	0.59926	0.20887	0.07173	0.12014
V509	0.22082	0.12275	0.42484	0.23159
V510	0.20938	0.48801	0.22481	0.0778
V511	0.09407	0.41885	0.06652	0.42055
V512	0.2365	0.12067	0.11424	0.5286
V513	0.10348	0.58344	0.18239	0.13069
V514	0.08917	0.13114	0.05548	0.72421
V515	0.61068	0.11557	0.08594	0.18781
V516	0.75489	0.12581	0.03395	0.08535
V517	0.09886	0.10213	0.24207	0.55694
V518	0.80385	0.07174	0.03784	0.08657
V519	0.06424	0.76503	0.01374	0.15699
V520	0.08214	0.06979	0.51231	0.33576
V521	0.46047	0.09167	0.34003	0.10784
V522	0.06076	0.18338	0.46606	0.2898
V523	0.30016	0.18235	0.2425	0.275
V524	0.04653	0.68933	0.16365	0.10049
V525	0.23824	0.25398	0.06078	0.44701
V526	0.50892	0.1387	0.10696	0.24543
V527	0.20912	0.09128	0.34868	0.35091
V528	0.11665	0.76383	0.00596	0.11356
V529	0.11368	0.13493	0.21687	0.53452
V530	0.05499	0.23961	0.54109	0.16431
V531	0.05483	0.77576	0.09981	0.0696
V532	0.18162	0.34786	0.0556	0.41492
V533	0.24722	0.36376	0.14032	0.24871
V534	0.06324	0.07764	0.58214	0.27697
V535	0.45498	0.05956	0.05679	0.42867
V536	0.20326	0.06739	0.33398	0.39537
V537	0.47089	0.28406	0.15871	0.08634
V538	0.37541	0.12072	0.11792	0.38595
V539	0.23561	0.42221	0.15239	0.18979
V540	0.19064	0.62633	0.07671	0.10632
V541	0.06742	0.48495	0.07833	0.3693
V542	0.19967	0.18745	0.23481	0.37807
V543	0.72028	0.05119	0.05315	0.17538
V544	0.14363	0.15796	0.17827	0.52013
V545	0.30944	0.1999	0.09863	0.39204
V546	0.07768	0.78142	0.06378	0.07713
V547	0.07299	0.58217	0.25967	0.08518
V548	0.15722	0.68405	0.08198	0.07674
V549	0.29164	0.08153	0.53573	0.09109
V550	0.4775	0.09096	0.04008	0.39146
V551	0.17516	0.66078	0.04262	0.12144
V552	0.05404	0.50748	0.0294	0.40908
V553	0.21625	0.18932	0.49724	0.09719
V554	0.11262	0.15331	0.07116	0.66291
V555	0.12402	0.26703	0.28415	0.3248
V556	0.05237	0.08291	0.75579	0.10893
V557	0.65807	0.0805	0.05079	0.21064
V558	0.09572	0.69629	0.03603	0.17197
V559	0.04675	0.72085	0.16172	0.07068
V560	0.56021	0.3352	0.0236	0.08099
V561	0.05411	0.07496	0.78598	0.08495
V562	0.62816	0.05276	0.15105	0.16803
V563	0.2365	0.05833	0.62169	0.08348
V564	0.09839	0.1253	0.6841	0.09221
V565	0.14624	0.29016	0.3131	0.2505
V566	0.55451	0.15291	0.04023	0.25235
V567	0.20651	0.43991	0.04824	0.30534
V568	0.23817	0.08239	0.09674	0.58271
V569	0.54844	0.08643	0.03877	0.32636
V570	0.07102	0.30633	0.48881	0.13384
V571	0.66051	0.17212	0.03075	0.13661
V572	0.37332	0.06264	0.39699	0.16705
V573	0.11552	0.22547	0.04897	0.61005
V574	0.07174	0.69681	0.14672	0.08472
V575	0.0871	0.15368	0.14572	0.6135
V576	0.15743	0.71846	0.04149	0.08263
V577	0.09917	0.11973	0.21137	0.56973
V578	0.1002	0.1272	0.54798	0.22462
V579	0.04749	0.77448	0.0859	0.09212
V580	0.17898	0.08424	0.1407	0.59607
V581	0.12064	0.14482	0.0522	0.68235
V582	0.45949	0.20017	0.06632	0.27403
V583	0.06476	0.11412	0.4862	0.33493
V584	0.41656	0.19916	0.27169	0.1126
V585	0.07171	0.08312	0.38605	0.45913
V586	0.22804	0.06751	0.54462	0.15984
V587	0.25229	0.06663	0.57388	0.1072
V588	0.50231	0.104	0.06696	0.32673
V589	0.08559	0.71843	0.06643	0.12956
V590	0.0798	0.6794	0.16332	0.07748
V591	0.073	0.11374	0.20462	0.60863
V592	0.17232	0.08652	0.66551	0.07566
V593	0.47377	0.05425	0.2023	0.26967
V594	0.28482	0.30879	0.28782	0.11857
V595	0.09742	0.10145	0.06928	0.73185
V596	0.08691	0.31149	0.20551	0.39608
V597	0.04165	0.53482	0.27774	0.1458
V598	0.06593	0.16046	0.68153	0.09208
V599	0.49896	0.34144	0.0567	0.1029
V600	0.29784	0.46125	0.0671	0.17381
V601	0.17453	0.3068	0.10194	0.41673
V602	0.09789	0.10097	0.06362	0.73753
V603	0.06943	0.38295	0.04386	0.50376
V604	0.41734	0.16506	0.31134	0.10626
V605	0.10417	0.34283	0.32593	0.22707
V606	0.57587	0.20108	0.04451	0.17854
V607	0.52021	0.0703	0.14079	0.2687
V608	0.21173	0.21064	0.32567	0.25196
V609	0.08167	0.27746	0.21555	0.42531
V610	0.61266	0.07252	0.1265	0.18832
V611	0.26882	0.07891	0.09615	0.55612
V612	0.07484	0.14339	0.64522	0.13654
V613	0.07773	0.33969	0.47135	0.11123
V614	0.60297	0.11579	0.0858	0.19544
V615	0.16528	0.1257	0.05754	0.65148
V616	0.10519	0.63229	0.05395	0.20857
V617	0.3928	0.20011	0.33339	0.0737
V618	0.58693	0.06065	0.04038	0.31203
V619	0.32666	0.09317	0.29572	0.28445
V620	0.04878	0.59929	0.27398	0.07795
V621	0.34704	0.20599	0.17992	0.26704
V622	0.30195	0.25559	0.33789	0.10457
V623	0.08645	0.14571	0.16026	0.60758
V624	0.64322	0.23199	0.02759	0.09721
V625	0.2346	0.47195	0.10484	0.18862
V626	0.80423	0.06309	0.0382	0.09447
V627	0.08056	0.10081	0.10978	0.70886
V628	0.07039	0.26658	0.05534	0.60769
V629	0.14694	0.31704	0.24245	0.29357
V630	0.07814	0.34025	0.46378	0.11782
V631	0.08169	0.24319	0.1241	0.55102
V632	0.47292	0.05535	0.16538	0.30635
V633	0.05132	0.09328	0.67343	0.18197
V634	0.33303	0.2888	0.29777	0.08039
V635	0.06742	0.67877	0.01827	0.23554
V636	0.1473	0.15908	0.51414	0.17948
V637	0.26823	0.24438	0.11122	0.37618
V638	0.31185	0.29231	0.0934	0.30244
V639	0.24218	0.41885	0.2681	0.07087
V640	0.08087	0.19502	0.60316	0.12094
V641	0.71959	0.08483	0.06521	0.13037
V642	0.61261	0.21604	0.02859	0.14275
V643	0.06209	0.23533	0.37019	0.33239
V644	0.7475	0.11672	0.0425	0.09328
V645	0.235	0.40274	0.26833	0.09392
V646	0.04718	0.86517	0.01047	0.07718
V647	0.16254	0.14028	0.56951	0.12768
V648	0.33635	0.42537	0.13695	0.10133
V649	0.07466	0.11839	0.67767	0.12929
V650	0.09765	0.14287	0.62289	0.1366
V651	0.28433	0.05597	0.57548	0.08422
V652	0.12739	0.15583	0.36781	0.34897
V653	0.13718	0.59754	0.09944	0.16585
V654	0.55129	0.23759	0.08466	0.12646
V655	0.08094	0.53333	0.03869	0.34704
V656	0.20619	0.30455	0.04452	0.44475
V657	0.09456	0.14006	0.05938	0.706
V658	0.47262	0.24997	0.08519	0.19221
V659	0.28453	0.14838	0.32108	0.24601
V660	0.06222	0.84117	0.00433	0.09228
V661	0.10045	0.41843	0.07452	0.4066
V662	0.34832	0.0719	0.41294	0.16684
V663	0.22709	0.13005	0.47022	0.17263
V664	0.20317	0.12094	0.55486	0.12103
V665	0.54399	0.22978	0.06983	0.1564
V666	0.47249	0.05628	0.13568	0.33555
V667	0.62659	0.11362	0.18282	0.07697
V668	0.13197	0.7182	0.08045	0.06939
V669	0.21194	0.40541	0.22189	0.16076
V670	0.10062	0.80167	0.00585	0.09186
V671	0.30093	0.30846	0.23512	0.15549
V672	0.06687	0.08238	0.74188	0.10887
V673	0.21403	0.37317	0.20837	0.20442
V674	0.56883	0.19367	0.05183	0.18566
V675	0.15284	0.34173	0.27107	0.23436
V676	0.09227	0.17786	0.12964	0.60023
V677	0.31425	0.40195	0.10811	0.17568
V678	0.42119	0.46957	0.02962	0.07961
V679	0.08633	0.32281	0.50365	0.08721
V680	0.26413	0.51207	0.13253	0.09126
V681	0.73345	0.10805	0.04962	0.10888
V682	0.13344	0.31233	0.44376	0.11047
V683	0.04699	0.86493	0.01763	0.07045
V684	0.5533	0.20347	0.11652	0.1267
V685	0.39541	0.3562	0.13142	0.11698
V686	0.1323	0.23352	0.15837	0.47581
V687	0.09792	0.09407	0.06978	0.73823
V688	0.31139	0.49179	0.01612	0.1807
V689	0.24714	0.07225	0.09195	0.58866
V690	0.38872	0.09699	0.37847	0.13583
V691	0.17249	0.06062	0.68297	0.08392
V692	0.11248	0.1855	0.56641	0.13561
V693	0.22128	0.1683	0.3201	0.29032
V694	0.07665	0.1027	0.27156	0.5491
V695	0.23757	0.07799	0.17537	0.50908
V696	0.12731	0.15256	0.06278	0.65735
V697	0.08927	0.12361	0.06195	0.72517
V698	0.66628	0.05445	0.05391	0.22536
V699	0.44523	0.31115	0.08879	0.15483
V700	0.23144	0.09918	0.05558	0.61381
V701	0.13332	0.49302	0.11258	0.26108
V702	0.43662	0.14191	0.05136	0.37011
V703	0.15946	0.1187	0.40879	0.31305
V704	0.65775	0.0964	0.06465	0.18121
V705	0.79833	0.03973	0.05255	0.10939
V706	0.11453	0.10775	0.62552	0.15219
V707	0.07679	0.41545	0.39751	0.11026
V708	0.07061	0.76681	0.02666	0.13593
V709	0.1515	0.28719	0.42093	0.14038
V710	0.47282	0.25033	0.07733	0.19952
V711	0.10922	0.70304	0.08855	0.09919
V712	0.6574	0.1047	0.04217	0.19573
V713	0.35047	0.32563	0.0596	0.2643
V714	0.0556	0.60752	0.0349	0.30197
V715	0.26066	0.34409	0.26311	0.13214
V716	0.10082	0.11426	0.08862	0.6963
V717	0.10047	0.80896	0.00523	0.08534
V718	0.15515	0.51602	0.162	0.16683
V719	0.09149	0.63208	0.04667	0.22976
V720	0.567	0.04698	0.24052	0.1455
V721	0.14775	0.21259	0.38789	0.25177
V722	0.12837	0.35713	0.04279	0.47171
V723	0.14963	0.1508	0.05565	0.64392
V724	0.46386	0.08911	0.11919	0.32784
V725	0.05065	0.14366	0.69761	0.10807
V726	0.08569	0.38557	0.12845	0.40029
V727	0.2378	0.59276	0.09229	0.07714
V728	0.06321	0.774	0.08519	0.0776
V729	0.34452	0.07876	0.1814	0.39532
V730	0.73406	0.07557	0.08141	0.10896
V731	0.07852	0.24326	0.33153	0.34669
V732	0.30049	0.13913	0.31409	0.2463
V733	0.50537	0.23189	0.06284	0.1999
V734	0.22103	0.31834	0.38173	0.0789
V735	0.07679	0.09855	0.40889	0.41577
V736	0.17548	0.08811	0.0599	0.67651
V737	0.27843	0.31033	0.21929	0.19195
V738	0.11136	0.34083	0.36411	0.1837
V739	0.05893	0.07973	0.50363	0.35771
V740	0.67862	0.12892	0.10027	0.09219
V741	0.38966	0.16187	0.14317	0.3053
V742	0.33842	0.56458	0.02599	0.071
V743	0.15249	0.18319	0.56636	0.09796
V744	0.42238	0.09443	0.30994	0.17325
V745	0.05671	0.61804	0.15867	0.16659
V746	0.83351	0.03815	0.04096	0.08738
V747	0.10276	0.06657	0.58254	0.24812
V748	0.14836	0.15989	0.47571	0.21605
V749	0.25431	0.22819	0.08361	0.43389
V750	0.3362	0.45136	0.03821	0.17423
V751	0.07771	0.75892	0.04174	0.12163
V752	0.36822	0.26479	0.14511	0.22188
V753	0.09184	0.09484	0.05769	0.75563
V754	0.04856	0.81764	0.0054	0.12839
V755	0.16446	0.2399	0.29236	0.30328
V756	0.09566	0.09388	0.08927	0.72119
V757	0.28585	0.54244	0.07187	0.09984
V758	0.07869	0.67144	0.11252	0.13735
V759	0.15386	0.12949	0.34514	0.37151
V760	0.26316	0.12449	0.26138	0.35096
V761	0.09721	0.52621	0.23139	0.1452
V762	0.06209	0.39094	0.04378	0.50319
V763	0.31693	0.36866	0.05113	0.26328
V764	0.04841	0.81081	0.01209	0.12868
V765	0.5319	0.14564	0.03371	0.28874
V766	0.06505	0.33595	0.35748	0.24152
V767	0.38725	0.17666	0.23439	0.2017
V768	0.08431	0.79703	0.02604	0.09262
V769	0.14885	0.73441	0.03379	0.08294
V770	0.04718	0.86517	0.01047	0.07718
V771	0.17955	0.06902	0.65966	0.09177
V772	0.15562	0.09629	0.66455	0.08354
V773	0.16432	0.73816	0.01431	0.0832
V774	0.06765	0.06635	0.757	0.109
V775	0.15034	0.11496	0.26196	0.47273
V776	0.34546	0.41735	0.0694	0.16779
V777	0.1876	0.18018	0.15386	0.47836
V778	0.42249	0.30388	0.08996	0.18367
V779	0.18342	0.10845	0.41718	0.29096
V780	0.12584	0.6865	0.11793	0.06973
V781	0.10943	0.10735	0.07523	0.70799
V782	0.05618	0.17038	0.63669	0.13675
V783	0.62781	0.07333	0.08834	0.21053
V784	0.12358	0.78085	0.01927	0.07631
V785	0.07076	0.81827	0.01882	0.09215
V786	0.56848	0.2025	0.10938	0.11963
V787	0.04047	0.74537	0.13699	0.07718
V788	0.40423	0.32059	0.1575	0.11767
V789	0.11241	0.37563	0.0552	0.45676
V790	0.37669	0.09499	0.11295	0.41537
V791	0.15088	0.37539	0.27641	0.19732
V792	0.1505	0.50636	0.02512	0.31802
V793	0.1381	0.59184	0.04688	0.22318
V794	0.09033	0.13491	0.63054	0.14422
V795	0.15003	0.11854	0.09787	0.63356
V796	0.07452	0.13411	0.69171	0.09966
V797	0.62135	0.045	0.24042	0.09323
V798	0.49267	0.31678	0.09601	0.09454
V799	0.14292	0.68517	0.03554	0.13637
V800	0.11324	0.09614	0.43253	0.35809
V801	0.1604	0.18061	0.28881	0.37018
V802	0.0944	0.15234	0.25262	0.50064
V803	0.209	0.48782	0.2329	0.07029
V804	0.43022	0.0692	0.35659	0.14398
V805	0.06109	0.06647	0.79491	0.07753
V806	0.0779	0.79594	0.01988	0.10628
V807	0.24068	0.21073	0.07203	0.47656
V808	0.52431	0.29728	0.0669	0.11151
V809	0.08435	0.09034	0.74877	0.07654
V810	0.0472	0.87187	0.00391	0.07702
V811	0.34918	0.13802	0.20656	0.30624
V812	0.43092	0.29433	0.07593	0.19882
V813	0.47179	0.23218	0.19132	0.10471
V814	0.35755	0.50648	0.05797	0.078
V815	0.03939	0.81195	0.07115	0.07751
V816	0.78296	0.03873	0.09891	0.0794
V817	0.07502	0.12591	0.70635	0.09271
V818	0.08039	0.12419	0.08168	0.71374
V819	0.66312	0.1306	0.08451	0.12177
V820	0.1627	0.16512	0.06764	0.60455
V821	0.20578	0.32871	0.32611	0.13941
V822	0.10744	0.08084	0.71147	0.10025
V823	0.07347	0.23023	0.53934	0.15696
V824	0.11678	0.37241	0.43941	0.0714
V825	0.20911	0.31449	0.22641	0.25
V826	0.35313	0.4082	0.15367	0.085
V827	0.31636	0.5575	0.02604	0.10011
V828	0.21589	0.22188	0.12783	0.4344
V829	0.09516	0.28381	0.07111	0.54992
V830	0.21508	0.27095	0.06095	0.45302
V831	0.61002	0.1421	0.0681	0.17978
V832	0.23694	0.39765	0.16101	0.20441
V833	0.15664	0.47581	0.16462	0.20293
V834	0.26618	0.14415	0.11131	0.47836
V835	0.29735	0.43591	0.12105	0.14569
V836	0.05587	0.61424	0.0216	0.30829
V837	0.20641	0.38253	0.17671	0.23435
V838	0.76491	0.08189	0.06708	0.08612
V839	0.26201	0.55982	0.10107	0.07709
V840	0.25837	0.65561	0.016	0.07003
V841	0.05119	0.10121	0.71744	0.13016
V842	0.29838	0.21654	0.24051	0.24456
V843	0.06569	0.08268	0.70518	0.14646
V844	0.14448	0.15541	0.32923	0.37088
V845	0.10463	0.16019	0.59876	0.13642
V846	0.05456	0.0783	0.61947	0.24767
V847	0.08607	0.0875	0.06524	0.7612
V848	0.11725	0.47769	0.15859	0.24648
V849	0.03883	0.84264	0.01176	0.10677
V850	0.81321	0.03894	0.05314	0.09472
V851	0.28725	0.50252	0.14056	0.06966
V852	0.14773	0.12547	0.1528	0.574
V853	0.22433	0.26001	0.33821	0.17746
V854	0.4662	0.21688	0.12403	0.19289
V855	0.08607	0.0875	0.06524	0.7612
V856	0.08794	0.36098	0.29474	0.25634
V857	0.52988	0.22238	0.06247	0.18527
V858	0.46173	0.05764	0.39672	0.08391
V859	0.51802	0.27251	0.04663	0.16283
V860	0.19741	0.17999	0.08989	0.5327
V861	0.11734	0.35596	0.44024	0.08646
V862	0.15355	0.14048	0.58509	0.12088
V863	0.20843	0.13112	0.04831	0.61214
V864	0.12098	0.11327	0.09374	0.67201
V865	0.15269	0.08228	0.25633	0.5087
V866	0.58926	0.06378	0.25443	0.09252
V867	0.5894	0.07196	0.25394	0.0847
V868	0.40539	0.30469	0.14174	0.14817
V869	0.05493	0.85772	0.01036	0.07699
V870	0.13653	0.35742	0.04874	0.45731
V871	0.03883	0.84264	0.01176	0.10677
V872	0.07834	0.09633	0.24168	0.58365
V873	0.71926	0.07551	0.08883	0.1164
V874	0.18854	0.70746	0.03468	0.06932
V875	0.07731	0.24423	0.19572	0.48274
V876	0.16649	0.33866	0.34063	0.15422
V877	0.08739	0.39596	0.25346	0.26319
V878	0.14092	0.72452	0.06512	0.06944
V879	0.1836	0.62068	0.0523	0.14342
V880	0.26481	0.5187	0.02164	0.19486
V881	0.16604	0.10754	0.49465	0.23177
V882	0.64429	0.04369	0.15864	0.15337
V883	0.25494	0.22986	0.44124	0.07396
V884	0.08172	0.30804	0.03623	0.574
V885	0.57385	0.24411	0.10686	0.07518
V886	0.06128	0.36859	0.37914	0.19099
V887	0.50181	0.12106	0.17478	0.20235
V888	0.13156	0.10674	0.60257	0.15914
V889	0.74907	0.0916	0.05828	0.10104
V890	0.08348	0.19731	0.49628	0.22293
V891	0.50164	0.10069	0.27667	0.121
V892	0.25458	0.23543	0.04865	0.46134
V893	0.45585	0.25042	0.16056	0.13317
V894	0.10117	0.32294	0.46509	0.1108
V895	0.46988	0.1219	0.20626	0.20196
V896	0.07063	0.82541	0.01173	0.09223
V897	0.54762	0.28636	0.03264	0.13338
V898	0.39164	0.06359	0.05249	0.49228
V899	0.08644	0.24352	0.15221	0.51783
V900	0.11336	0.31798	0.30408	0.26458
V901	0.07238	0.73462	0.01486	0.17813
V902	0.07762	0.79613	0.04928	0.07698
V903	0.05026	0.40935	0.42282	0.11757
V904	0.0551	0.86426	0.00375	0.07689
V905	0.17828	0.07366	0.19059	0.55748
V906	0.33405	0.15718	0.1298	0.37897
V907	0.34992	0.49097	0.03675	0.12236
V908	0.08535	0.12337	0.10671	0.68456
V909	0.14213	0.7148	0.00714	0.13592
V910	0.18616	0.07534	0.14853	0.58998
V911	0.40928	0.39704	0.05451	0.13917
V912	0.31656	0.34398	0.13386	0.2056
V913	0.15458	0.08195	0.06213	0.70133
V914	0.17888	0.46408	0.24937	0.10766
V915	0.22567	0.07586	0.05812	0.64034
V916	0.23477	0.11134	0.53289	0.12099
V917	0.56504	0.08238	0.18552	0.16707
V918	0.08158	0.56782	0.19873	0.15187
V919	0.19496	0.27233	0.26029	0.27242
V920	0.48026	0.24088	0.11544	0.16342
V921	0.09401	0.21849	0.07063	0.61687
V922	0.12149	0.4412	0.32106	0.11625
V923	0.13013	0.09777	0.08837	0.68373
V924	0.07215	0.5988	0.22828	0.10077
V925	0.19404	0.10897	0.06368	0.63331
V926	0.20958	0.10002	0.07661	0.61379
V927	0.09323	0.1147	0.09514	0.69693
V928	0.07735	0.78154	0.01273	0.12839
V929	0.0905	0.57623	0.12319	0.21008
V930	0.40261	0.38084	0.05542	0.16113
V931	0.15136	0.2958	0.41245	0.14039
V932	0.08513	0.1717	0.49007	0.2531
V933	0.47982	0.40019	0.03381	0.08618
V934	0.06959	0.21072	0.24977	0.46992
V935	0.44155	0.20807	0.2086	0.14178
V936	0.415	0.30455	0.04583	0.23463
V937	0.42871	0.18429	0.11255	0.27444
V938	0.31784	0.11162	0.28647	0.28407
V939	0.59745	0.07399	0.11021	0.21834
V940	0.06324	0.69637	0.13327	0.10713
V941	0.05431	0.06676	0.79378	0.08515
V942	0.58288	0.22701	0.0932	0.09691
V943	0.32906	0.17693	0.36704	0.12697
V944	0.07916	0.30127	0.09078	0.52879
V945	0.44196	0.3696	0.03448	0.15396
V946	0.36454	0.28789	0.2361	0.11147
V947	0.12881	0.12608	0.22419	0.52092
V948	0.29941	0.08166	0.52044	0.09849
V949	0.06794	0.17874	0.20076	0.55256
V950	0.09211	0.49553	0.18702	0.22534
V951	0.67486	0.05975	0.1796	0.08579
V952	0.11563	0.19225	0.24266	0.44946
V953	0.06621	0.10942	0.71584	0.10853
V954	0.09384	0.23513	0.15271	0.51832
V955	0.13971	0.54951	0.04392	0.26686
V956	0.09003	0.09696	0.43303	0.37999
V957	0.29864	0.08637	0.04745	0.56754
V958	0.09248	0.08739	0.05907	0.76106
V959	0.21462	0.28451	0.36038	0.14049
V960	0.2188	0.30507	0.10164	0.37448
V961	0.14984	0.38228	0.2922	0.17567
V962	0.30356	0.21366	0.34098	0.14179
V963	0.46523	0.21546	0.17012	0.1492
V964	0.67368	0.07792	0.13279	0.11561
V965	0.09382	0.47138	0.17281	0.26198
V966	0.8053	0.0548	0.04517	0.09472
V967	0.10408	0.11307	0.43983	0.34302
V968	0.04803	0.19592	0.61939	0.13666
V969	0.07274	0.3175	0.0686	0.54116
V970	0.08855	0.18342	0.35809	0.36994
V971	0.40286	0.14061	0.30588	0.15065
V972	0.40213	0.24632	0.07842	0.27313
V973	0.23751	0.41419	0.09326	0.25504
V974	0.04805	0.68883	0.11913	0.14398
V975	0.12665	0.30445	0.48908	0.07983
V976	0.35124	0.28306	0.12975	0.23596
V977	0.27589	0.35988	0.28594	0.07829
V978	0.11759	0.16059	0.1027	0.61912
V979	0.65202	0.06214	0.20005	0.08579
V980	0.83351	0.03815	0.04096	0.08738
V981	0.29353	0.09379	0.38048	0.2322
V982	0.35328	0.39997	0.09309	0.15365
V983	0.55596	0.11932	0.04279	0.28193
V984	0.05563	0.73596	0.10134	0.10708
V985	0.12126	0.24152	0.04681	0.59041
V986	0.27363	0.49472	0.06542	0.16623
V987	0.21976	0.68086	0.00779	0.09158
V988	0.21717	0.09266	0.06333	0.62684
V989	0.35962	0.45767	0.09023	0.09247
V990	0.05081	0.11065	0.64218	0.19636
V991	0.51978	0.37176	0.0216	0.08686
V992	0.20743	0.071	0.44417	0.2774
V993	0.09449	0.6414	0.14972	0.11438
V994	0.18156	0.69987	0.03537	0.0832
V995	0.57761	0.16091	0.06757	0.19392
V996	0.24977	0.18584	0.05293	0.51146
V997	0.06819	0.07615	0.67341	0.18225
V998	0.70543	0.05885	0.10527	0.13045
V999	0.13148	0.7872	0.00504	0.07629
V1000	0.28411	0.09518	0.04711	0.5736
